-88
-111
-152
-172
-173
-82
-45
-45
9
58
17
-12
47
40
76
-10
-73
-47
38
88
54
33
-63
30
-19
-46
-15
0
16
-26
-29
-157
-178
-120
-66
-108
-135
-122
-124
-78
-89
-167
-169
-117
-154
-169
-159
-107
-23
-40
-63
-81
-71
-55
-122
-177
-88
-92
-112
-31
-72
-91
-172
-105
-61
-119
-73
-22
-129
-43
-41
-105
-129
-56
-13
-87
-84
-57
-2
-102
-113
-49
-27
-69
-100
-108
-83
-131
-91
-138
-153
-149
-169
-77
-142
-43
-37
-92
-26
22
-38
-135
-126
-99
-91
-14
-24
-68
-90
-80
-123
-109
45
-52
-90
-38
1
-37
46
13
64
72
85
4
-10
40
-79
19
104
213
208
178
3
-59
-20
-25
-5
-122
-113
-96
-134
-96
-68
-139
-85
-121
-114
-51
89
-13
42
36
-97
-30
-111
-105
-79
-112
-12
-22
-93
-87
-144
-82
-98
-113
-148
-170
-132
-61
-177
-193
-155
-133
-85
-84
56
102
88
136
68
35
74
25
-15
-21
111
42
34
103
13
94
46
25
119
8
-15
67
124
206
122
60
99
166
65
76
99
117
80
-32
-3
6
-47
-62
12
-64
-87
-12
16
-7
23
-15
-45
16
18
-51
51
-1
-95
-61
-10
21
53
7
65
57
67
40
-29
-106
-18
-83
-214
-206
-138
-146
-85
-45
-36
-68
-147
-103
-120
-126
-220
-148
-119
-98
-67
-247
-206
-142
-147
-45
-95
-158
-256
-297
-285
-213
-297
-342
-289
-384
-281
-243
-316
-272
-243
-214
-337
-350
-423
-293
-173
-237
-209
-191
-172
-344
-240
-135
-261
-256
-364
-367
-202
-208
-162
-180
-263
-221
-202
-274
-170
-85
-13
-97
-141
-94
-50
-49
-78
-138
-265
-79
-107
-142
-138
-184
-86
-93
-58
-81
-78
-65
99
67
8
53
-30
95
129
90
-3
50
146
31
14
37
34
32
-35
-45
81
75
87
105
96
106
75
58
-84
38
-24
10
113
23
-17
-133
-7
-104
-210
-78
-49
-129
-140
-136
-168
-108
-239
-239
-103
-168
-106
-162
-92
-126
-211
-182
-102
-145
-239
-130
-176
-187
-39
-12
37
-16
-77
-136
-188
-79
-45
-149
-189
-221
-185
-201
-186
-200
-191
-218
-238
-194
-215
-138
-212
-288
-319
-211
-239
-244
-96
45
-109
-64
-6
-78
10
-8
-38
-120
13
9
-115
-114
-61
-204
-138
-129
-111
-77
-195
-101
-149
-161
-229
-186
-192
-220
-287
-319
-242
-232
-259
-213
-215
-238
-240
-262
-297
-192
-183
-260
-169
-182
-194
-222
-237
-202
-283
-301
-331
-291
-260
-273
-267
-315
-255
-187
-159
-223
-231
-93
-105
-125
-77
-42
-119
-110
-95
-109
-118
-73
-69
-92
-72
-58
-13
-5
-12
-64
-62
-34
0
15
-13
-7
-30
-98
-65
-76
-140
-128
-98
-107
-110
-89
-75
-31
-96
66
-38
-114
-31
-26
21
-58
-127
-123
-47
-156
-193
-105
-145
-19
-41
-153
-111
-91
-71
-77
-87
9
-48
-15
-9
-99
-44
-48
-9
20
2
-36
-33
-65
-47
-96
-101
-125
-136
-77
-36
58
-6
-85
24
-9
-27
-39
-46
-59
-154
-107
-165
-112
-111
-7
-26
-30
23
-125
1
-72
-75
-15
52
44
-102
-166
-6
-73
-135
-47
-153
-169
-244
-188
-188
-119
-63
-142
28
49
34
88
-13
75
59
-35
-38
-119
-150
-55
-194
-220
-172
-209
-135
-163
-108
-43
-157
-84
-152
-71
-68
-169
-126
-124
-141
-44
-65
-55
-9
-106
-119
-82
-29
-50
-21
-69
-108
-120
-234
-232
-234
-232
-186
-191
-124
-84
-241
-245
-192
-135
-201
-181
-108
-189
-86
-218
-218
-272
-220
-113
-217
-164
-196
-156
-124
-93
-47
-80
-26
-37
-89
-122
-103
-191
-222
-127
-63
-37
1
-12
-11
46
-4
3
12
0
47
77
-104
-11
-67
-64
-92
-116
-114
-222
-79
-69
-77
-144
-159
-179
-106
-133
-96
-74
-163
-6
-217
-189
-98
-121
-54
-22
-116
-116
-101
-17
19
2
-22
-88
-99
61
79
-27
-8
-73
-48
-59
-48
-117
-73
-10
-54
-119
-164
-69
-65
-95
-121
-114
-153
-230
-182
-211
-215
-261
-244
-260
-211
-198
-91
-148
-109
-186
-302
-169
-226
-153
-280
-256
-194
-198
-139
-97
-66
-56
-132
-33
43
-13
-107
-100
-10
-37
33
45
-63
-55
-42
-79
-63
14
28
10
-61
-108
-4
19
55
10
58
-57
-24
14
10
97
-75
-68
-36
48
101
95
-56
10
91
5
82
203
130
168
164
50
-2
-7
25
-61
-96
-86
5
31
-11
-64
-128
-137
-115
-27
-107
-12
-47
-116
-79
-73
-68
-128
-139
-48
51
-37
-46
-51
-54
-28
-68
-13
-20
-103
-119
-122
50
59
-39
97
40
-33
57
-25
-20
-127
11
11
-22
-91
-105
-96
-90
44
41
159
34
46
199
48
5
35
122
263
178
147
102
98
119
131
96
17
87
86
-49
68
148
158
134
115
47
24
24
122
64
58
92
52
-37
16
74
122
166
108
83
89
-26
-21
14
0
-28
35
67
50
27
6
65
-45
-22
-50
-80
-33
-65
-148
-3
54
-49
15
93
57
-7
-47
76
1
-29
-30
-51
-81
-8
79
54
44
-91
-9
-46
11
94
-126
87
60
21
102
12
36
86
-31
-13
152
66
37
106
46
102
38
71
149
36
41
130
112
62
87
80
0
-26
-4
30
-20
94
89
-23
10
68
9
1
75
79
107
63
176
169
139
176
135
208
134
140
154
140
102
92
62
32
19
60
56
24
64
39
47
45
10
85
111
93
92
140
126
127
191
118
165
221
237
344
196
107
157
133
74
28
105
124
99
81
147
31
73
69
70
153
63
81
67
44
33
39
-12
-109
23
130
59
87
131
48
163
164
120
143
40
147
65
38
112
63
26
-22
20
37
139
106
36
59
22
51
-11
40
55
40
11
-10
-7
-37
79
57
129
107
134
168
-11
25
-24
-25
-86
-143
-17
12
28
6
-42
6
6
5
-4
79
12
-75
-59
-24
40
-28
-21
-37
8
-15
-43
-207
-257
-47
-88
-80
-30
-91
-58
-113
-17
-129
25
127
35
46
71
105
31
106
12
-54
-11
45
74
52
54
80
103
62
-11
-59
14
-29
-149
-85
-11
20
59
-39
-47
75
85
244
174
145
107
168
287
159
156
190
50
81
171
139
88
112
40
19
135
98
158
290
189
180
154
139
151
192
176
56
81
54
87
77
141
141
138
120
95
90
69
78
86
163
165
115
137
40
101
172
166
262
169
149
103
230
247
152
182
97
152
171
249
182
37
39
22
132
55
38
39
137
196
61
226
153
95
212
194
390
364
353
127
144
206
165
221
208
199
185
191
160
203
216
285
145
204
259
164
177
257
262
340
270
208
205
381
322
209
313
363
315
276
219
182
313
342
326
370
325
342
352
221
266
267
227
221
232
362
273
204
328
252
287
340
327
198
289
308
215
239
190
121
87
52
-39
89
14
-3
68
26
-75
-10
74
-63
70
114
86
154
32
91
106
215
238
109
149
214
204
117
73
191
197
97
236
292
175
181
288
102
77
125
212
102
154
276
162
163
177
160
190
150
234
293
218
258
339
266
205
338
213
203
323
269
203
307
374
258
277
270
398
360
226
256
248
248
283
366
265
401
335
141
168
153
57
144
171
54
19
103
190
172
70
135
261
185
207
195
146
131
152
125
107
156
283
236
126
291
161
101
272
117
70
135
162
125
50
79
157
147
205
178
118
159
227
232
157
260
220
184
148
175
168
144
223
273
123
122
227
91
188
234
257
176
281
169
17
110
277
174
15
106
77
75
34
140
17
70
106
76
79
177
121
-70
167
214
30
-2
147
188
125
289
187
52
131
118
96
76
161
85
59
219
188
117
212
287
311
377
344
244
179
283
269
162
127
253
119
18
169
154
136
60
179
118
59
127
187
45
192
254
60
235
217
19
-66
130
128
-41
78
197
1
63
198
-18
-30
152
91
21
6
104
-30
-5
138
62
-27
172
127
-68
198
261
46
65
233
81
11
108
137
13
60
151
39
75
181
120
134
207
119
204
220
130
179
274
216
106
144
83
69
96
126
58
220
135
32
83
141
76
179
291
16
152
217
97
63
117
135
14
206
67
37
225
110
16
156
48
-201
-78
42
-248
-71
54
-59
80
42
-63
28
-46
-7
12
13
32
-16
2
-122
-134
-37
-108
-124
-20
-112
-145
-56
-45
-109
3
-78
-125
-60
-13
-12
73
118
49
114
137
-19
122
131
134
227
71
118
83
165
137
14
94
-13
45
140
73
20
27
40
16
84
99
41
22
60
-23
81
120
82
-1
184
-5
57
201
17
95
102
-35
116
121
36
119
148
27
4
126
52
46
126
-117
-108
56
99
-68
0
112
-109
-68
-40
-124
-70
-11
-40
-57
-63
-57
-58
-46
-115
-114
-110
-118
-135
-111
-69
-132
21
-31
-3
29
-29
10
-36
-34
-18
127
-7
38
-92
-170
8
-122
-175
-101
-4
-30
-68
-18
-19
-3
-80
71
5
2
2
24
44
-77
-14
-54
-21
-6
27
-63
41
-32
-162
70
-2
-100
64
-110
-168
107
6
-142
118
98
-83
93
77
-32
67
117
2
85
133
-81
72
190
-64
51
-3
-56
115
15
0
41
-46
-67
-12
48
-21
-7
30
-116
18
-53
-66
119
36
30
211
131
85
265
98
-4
90
8
37
120
-18
25
9
-61
61
147
-16
89
143
106
91
4
88
140
9
-54
120
160
104
57
152
53
144
77
7
124
14
-33
89
115
-5
138
54
18
83
32
56
73
95
111
-19
42
122
129
160
213
1
-12
167
124
128
152
255
219
148
-21
145
119
103
286
91
54
129
-60
88
99
52
295
131
160
242
127
145
136
194
216
195
128
261
217
193
196
256
319
298
261
179
207
166
119
296
219
123
406
253
291
258
171
245
226
134
233
293
258
268
312
204
202
182
137
252
190
282
213
175
318
262
271
263
263
185
178
303
122
129
51
115
152
96
274
86
190
295
137
113
231
204
85
127
92
104
161
87
126
239
102
18
211
68
41
122
148
135
243
144
145
269
228
337
245
98
222
253
198
247
178
213
200
235
166
260
388
384
244
273
243
213
372
262
187
446
241
195
332
167
246
277
221
318
255
326
392
153
225
332
242
109
141
106
16
-10
27
-1
-61
68
135
72
118
166
117
31
40
62
-58
70
194
-20
9
84
36
18
43
21
138
64
72
77
-35
35
33
62
12
41
128
194
39
89
79
133
194
98
116
90
223
208
194
170
86
92
236
75
-73
140
92
165
135
80
195
167
209
163
-71
192
349
45
92
206
49
177
291
180
320
256
219
181
288
313
122
180
143
52
101
100
-13
183
159
28
95
130
67
94
68
101
27
137
245
129
213
48
89
309
250
101
272
308
100
140
244
262
235
121
146
92
346
289
254
275
215
210
244
205
85
278
109
84
180
177
174
298
267
166
343
412
359
299
459
394
209
305
337
223
135
231
187
122
184
237
237
270
157
98
339
206
152
225
361
115
166
291
246
362
277
164
256
214
71
221
177
43
111
190
55
62
53
27
113
211
167
144
94
-26
129
204
150
21
174
97
91
108
93
98
102
122
-51
14
165
-108
-47
151
-37
73
137
35
-16
-16
13
132
121
87
213
82
85
173
108
91
91
52
179
59
94
211
94
230
274
110
286
330
176
171
302
327
297
465
243
332
284
267
250
161
207
221
81
32
74
31
116
302
127
69
393
127
172
228
210
319
234
290
338
278
127
220
286
382
361
394
383
318
340
312
394
308
261
388
431
381
467
386
218
409
340
202
186
428
275
389
529
395
361
557
395
318
460
372
492
493
231
469
613
424
349
361
401
370
413
317
658
520
307
680
530
346
597
475
225
558
509
253
432
375
291
164
362
402
108
394
492
225
395
449
143
292
262
118
356
178
105
325
308
205
504
402
256
326
140
206
241
239
348
217
301
365
256
240
392
-13
91
290
38
164
261
135
-51
284
170
-7
359
293
54
88
254
112
93
0
112
-42
25
277
-20
171
366
100
144
307
101
139
73
168
365
199
355
326
223
215
126
203
197
276
109
245
255
130
215
316
241
338
405
250
313
230
326
330
251
373
415
375
206
351
533
450
364
431
454
304
328
242
312
340
322
254
335
360
232
436
411
244
507
521
405
494
377
392
338
428
366
359
415
328
231
407
403
251
277
544
366
305
444
331
266
348
436
354
381
393
447
310
370
345
333
329
349
358
166
449
362
436
357
-32
405
495
49
148
528
9
106
499
213
177
245
32
218
331
109
313
281
7
321
344
-13
207
98
127
178
167
209
251
216
23
185
182
214
157
139
256
180
284
119
89
204
-7
200
-2
66
159
27
121
-109
82
124
-118
-47
126
90
-103
173
90
-51
60
232
203
-22
-54
187
-20
-2
65
75
91
66
25
89
159
12
17
178
39
122
198
70
276
31
-99
343
152
-152
442
195
36
247
283
158
66
185
76
-95
207
245
-91
48
118
66
-88
-25
162
-29
93
210
-98
80
62
186
225
-51
235
168
224
350
155
17
308
230
16
275
-4
115
248
-16
-71
-61
-30
54
149
-96
105
314
-132
172
311
-93
21
193
-3
-81
167
97
-164
106
9
-3
171
60
22
357
-39
63
479
-100
-147
267
11
78
380
-18
116
217
15
120
77
38
321
14
71
183
-155
146
197
55
-34
218
47
-74
-77
61
-22
-224
180
25
-99
-59
177
71
27
191
190
35
-2
112
25
-18
24
52
-30
0
109
-186
-144
83
-317
-163
145
-202
-202
151
12
-73
3
45
-50
-6
37
-158
90
-11
-192
215
88
-303
105
200
-19
-8
202
34
-31
121
-25
137
-115
30
113
-154
97
-26
-139
140
-81
-75
-7
136
32
29
26
-67
151
-100
-17
163
-239
152
268
-428
223
451
-449
45
664
-320
-237
280
-300
-46
-24
-226
33
-106
-78
-12
-171
-393
51
-15
-486
-168
13
-300
-78
89
-278
-45
64
-190
-234
37
-26
-130
-9
118
59
-255
46
56
-196
-116
-37
-237
-270
3
-56
-54
-190
-17
-28
-344
-60
-24
-200
-68
-210
-5
-26
-395
-121
233
-283
-60
46
-449
32
-27
-334
-103
69
-61
62
15
68
39
-52
61
35
-50
-283
355
100
-303
122
77
-87
80
-28
-313
12
-96
-364
-36
-5
-443
-74
139
-407
54
155
-160
-54
-153
-270
85
-125
-364
287
-239
-292
122
-70
-352
52
-53
-302
-173
-134
-233
26
-39
-21
57
-84
134
181
10
36
127
-53
9
261
-61
-105
201
-119
8
40
162
-25
-102
243
25
-84
170
15
23
-19
-119
125
251
-247
-133
329
-262
-54
302
-201
-177
279
-106
-238
232
89
8
87
183
-181
40
312
109
-7
19
166
38
152
230
132
16
164
250
208
-42
50
168
32
40
56
151
110
270
72
104
212
85
69
255
-31
150
179
-1
-6
84
37
-225
248
-186
-396
382
-196
-203
425
-5
143
215
134
-76
187
90
-69
234
-129
153
189
150
2
185
317
-155
213
263
-131
155
130
28
57
1
308
74
93
110
-34
-3
105
-213
178
453
-277
200
476
-181
191
288
-35
127
-52
-68
248
-141
115
44
81
344
-263
133
301
-354
-98
71
-117
-194
243
105
-448
407
46
-423
311
276
-138
350
301
-11
369
196
-10
290
187
-142
268
186
55
119
271
245
17
345
-57
254
368
-109
304
282
-5
77
251
93
74
527
-68
47
608
165
95
226
238
-84
250
342
-118
228
218
85
121
143
360
170
302
317
-211
239
232
-269
522
405
-210
97
430
-130
-66
423
-84
-7
208
-52
-44
470
44
-49
436
-10
-166
457
122
-411
656
-36
-111
307
-6
301
50
141
143
188
253
239
29
143
199
173
81
23
211
194
109
488
288
100
445
224
35
322
-54
232
256
-93
307
294
96
67
280
487
4
233
363
18
388
148
121
601
89
215
206
84
405
138
82
476
217
-18
644
200
158
538
332
92
522
288
40
655
325
188
456
417
172
251
144
177
365
-46
140
346
-45
380
155
-83
473
-26
29
71
361
9
240
410
-77
303
121
18
148
378
172
122
222
0
291
295
43
318
334
31
454
336
-26
430
368
-11
49
415
254
293
146
313
278
301
440
30
438
160
-22
619
315
176
313
341
337
-26
558
543
-97
343
231
344
294
92
168
411
89
69
351
335
-47
404
284
-67
754
66
-148
791
119
19
616
49
-32
665
297
19
450
451
-33
316
305
231
474
403
231
477
456
136
449
254
114
173
200
326
104
5
388
9
68
212
204
75
461
418
28
486
320
25
402
178
191
198
224
81
52
194
146
33
236
133
196
194
-174
398
179
-378
331
500
-519
366
262
-369
442
313
71
-6
348
-46
120
599
75
199
292
620
-67
89
855
-122
610
397
-499
653
-15
-298
439
75
-98
302
298
18
454
353
-39
213
721
47
310
631
270
309
534
312
16
426
263
327
328
569
156
237
478
12
195
469
-369
498
419
-92
944
24
260
737
174
214
563
285
96
676
227
-388
769
93
-41
833
103
-199
680
-24
113
624
-145
294
501
-62
25
710
143
-30
610
-63
350
711
-48
420
745
190
81
737
172
34
808
18
41
787
-59
165
653
182
119
507
342
20
615
360
-156
513
657
-40
400
651
-156
537
594
-202
418
405
-56
576
91
-73
399
280
-225
372
419
-361
360
607
93
585
570
6
589
309
109
328
426
143
210
345
-42
664
542
151
185
465
201
135
538
-108
5
776
-419
19
910
-538
332
629
-518
376
563
-455
70
687
-584
400
858
-524
505
504
-457
324
446
-534
350
373
-502
499
100
-320
440
0
11
417
1
-171
313
247
-313
476
132
-123
547
-207
-27
547
-107
-210
378
-65
214
221
-237
263
390
-68
113
528
-109
26
539
18
-125
747
-30
-224
843
-95
128
354
-45
271
417
20
94
301
-481
535
14
-69
537
256
301
136
444
103
319
295
330
305
118
192
8
316
127
150
123
276
120
217
431
-414
575
261
-60
427
34
214
567
92
-96
488
41
-199
434
134
-57
846
191
188
409
334
115
145
440
1
430
122
-58
527
-130
295
382
-215
757
97
-173
484
166
-187
225
381
-383
466
-10
-66
624
-296
133
695
-369
254
437
-306
291
79
-44
412
-71
-176
747
-56
-311
786
-436
22
548
-89
248
249
-77
-43
438
-221
401
423
-178
25
604
-187
24
734
-334
578
55
-73
862
-171
-266
985
3
-307
787
-359
7
661
-256
152
335
-34
71
54
-112
-96
261
-604
-83
214
-450
138
-32
63
-86
-153
-199
133
-266
-102
352
-111
-169
140
-335
210
-99
-587
584
-590
-183
415
-453
-286
173
-201
-272
374
-455
92
247
-625
337
41
-330
291
-57
-221
549
-146
-37
252
-332
145
87
-289
246
378
-494
323
381
-494
290
235
121
-141
10
459
-156
-15
342
-107
21
254
-62
265
440
-146
11
498
132
-344
285
333
-37
97
116
366
70
-271
271
-15
-188
199
-131
197
5
-265
429
-156
-309
735
-45
-241
814
-347
37
304
-293
342
23
-381
341
160
-688
338
226
-568
316
244
-245
197
-117
-125
296
-196
-354
291
-104
-264
381
15
-379
248
-371
-86
-33
-176
-162
-14
-83
-254
144
-362
-93
-117
-243
108
-161
-190
287
12
-521
395
-91
-135
450
-432
227
21
-262
227
137
-587
337
-4
-218
-145
5
-53
-335
163
56
95
-431
427
132
-566
68
592
-504
-256
254
-187
-173
81
-316
157
280
-359
302
-257
82
464
-718
144
336
-644
266
226
-471
326
-4
-46
31
-47
125
82
-256
138
479
-424
43
354
-234
106
115
-69
14
-187
56
131
-534
27
153
-232
-64
340
154
-334
388
192
-4
17
58
397
-209
-132
790
-272
2
456
-250
-82
378
-290
-45
477
-120
217
153
40
-309
270
45
-24
-95
208
-6
-74
362
-92
-262
468
-448
-60
148
-385
300
-281
341
15
-90
482
-83
-126
375
10
11
-73
-89
173
-172
110
62
83
-267
-52
-69
-154
-176
-193
245
-246
-136
16
-25
-378
84
-205
-347
181
4
228
-34
-53
345
-71
-508
935
-1
-767
1092
-67
-588
190
237
-330
-338
135
510
-500
-200
837
-429
-453
635
-169
-180
419
-259
523
-39
-246
290
36
-222
523
-111
-45
660
-183
-27
533
-277
-328
474
-436
85
-277
-273
563
-357
-640
484
-324
-993
1287
-512
-405
369
-325
-283
231
-236
-536
210
-23
-335
-178
514
27
-634
-13
551
-546
-118
174
-373
-142
177
70
-240
-42
164
-253
-300
275
257
-682
654
420
-231
46
722
-306
-374
701
-264
312
112
-363
541
22
-296
573
-358
-56
415
-369
164
307
-381
254
259
-270
368
-163
252
-113
-133
-50
-120
460
-326
-10
272
6
-263
99
72
75
-95
-280
242
-142
-22
43
-109
172
-489
93
390
-509
-184
526
-457
-74
106
-120
66
-244
245
-357
301
-67
-199
421
-11
-45
-204
26
252
-468
62
527
-775
144
545
-598
-47
608
-302
-294
523
125
-2
-235
651
278
-534
725
-22
-91
426
-163
294
122
-362
498
81
74
344
-481
481
211
-261
217
275
-162
-115
646
-71
-632
426
-397
-209
342
-72
-40
374
549
-669
495
243
180
155
-386
686
-259
-256
413
-297
177
437
-234
284
279
48
-189
413
424
-337
-75
299
-71
-421
189
190
18
-62
-238
554
-209
-653
332
58
-381
339
149
-148
113
-266
-29
-298
-95
-227
34
246
-267
-64
-51
-175
-399
-109
51
-58
-311
-163
436
-593
-300
218
-210
-373
221
236
-249
-121
155
-687
-152
315
-787
-128
41
-504
-278
28
192
-846
-128
445
-510
-361
90
-162
-438
482
-740
-31
45
-685
201
-592
154
-91
-359
295
-460
69
-374
-700
801
-970
167
693
-1214
-42
284
-638
-165
95
-292
-125
224
-195
67
41
-149
92
106
-193
39
-217
54
-670
310
-106
-340
817
-1018
341
632
-993
88
308
-194
-294
-162
599
-528
304
359
-853
1075
-451
-685
1263
-697
-440
801
-326
-82
-327
-107
355
-861
55
660
-666
-299
473
-640
309
-394
44
441
-457
-50
434
-321
57
588
-479
526
32
-334
119
307
-281
278
-33
-840
631
-552
-544
497
-446
-158
442
-147
-88
189
-427
96
221
-223
-548
29
753
-919
-128
949
-873
203
-194
-741
781
-660
59
366
-309
4
-181
-276
-160
-331
-181
319
-622
-263
380
-704
-334
652
-607
124
271
-743
375
-815
23
-130
-188
426
-255
-37
-558
69
187
-658
130
211
-431
-162
93
-368
-813
154
38
-660
-199
354
329
-919
196
697
-1004
279
30
369
-917
-159
1304
-1067
-31
7
-605
70
-148
75
62
11
-564
-524
357
-989
80
431
-557
-4
-195
-1086
693
-889
107
592
-613
319
260
-745
77
161
-613
110
-19
-454
174
105
-534
600
-412
-755
473
152
-822
453
220
239
-551
-372
26
-95
-750
-131
905
-941
-271
516
-659
-546
-121
-112
-440
-23
-240
209
-686
192
-191
-945
-181
-534
-105
-37
-291
15
-337
-882
69
-538
-189
-214
-491
279
-655
89
555
-1308
118
-135
-947
-148
110
-242
28
-35
-387
-49
-403
-468
-63
-318
379
-171
-324
-546
-402
-169
-260
54
-241
200
-352
-824
323
-450
-1092
640
-809
-301
-58
-762
-393
-626
-1023
-514
35
-1048
185
126
-634
37
-487
-73
-166
-539
105
-52
-746
58
244
-349
-432
-225
-506
-58
-295
-796
581
-998
-914
619
-601
-807
758
-592
-509
353
-456
34
-197
90
-195
-1109
337
427
-1477
600
345
-780
-609
241
-538
-153
-557
499
201
-1582
886
46
-992
250
69
-282
10
99
253
-647
40
118
-356
60
-5
176
211
-467
354
57
-1117
620
-133
-265
171
-110
-188
-141
-524
84
-165
-56
280
-510
-139
96
-684
351
-576
-251
349
-505
-65
456
-976
405
504
-1200
589
-201
-526
380
-608
-301
617
-851
-105
482
-1599
-10
481
-506
-444
580
-453
-52
209
-850
12
-34
-251
105
-172
-553
634
-461
-615
801
-281
-658
799
-541
-13
191
-298
390
-1261
92
339
-1159
326
216
-660
-425
505
-429
-259
491
-12
-508
480
-291
-87
-197
45
404
-460
175
-150
-203
-1110
769
-191
-1050
634
-301
-457
-46
199
-420
-109
296
18
-445
-446
641
-158
-240
218
173
-1033
-148
610
-1530
251
359
-1122
891
-180
-969
972
-1069
162
135
-553
81
-322
35
-25
-408
-446
607
-1175
222
678
-781
101
544
-667
-238
-38
-187
-173
-381
417
-339
-451
194
-543
-498
479
-449
-160
-109
-553
616
-1172
-1
88
-751
484
-535
-562
999
-573
-796
1339
-1609
335
263
-1583
1214
-763
-497
1201
-1267
555
-313
-998
1110
-1515
922
-13
-1120
1969
-1960
319
670
-1427
600
-112
-863
1162
101
-778
316
-691
404
144
-193
288
47
-293
86
122
-627
193
548
-1421
415
784
-1970
384
1374
-1977
8
1231
-1690
435
105
-476
-38
-289
437
-772
-223
431
-924
29
459
-799
251
-231
-206
-541
-92
-187
-846
307
-184
-834
16
-390
-1061
437
-205
-349
684
-777
559
-649
-1199
1870
-1438
308
553
-402
137
-293
-285
55
-429
-545
482
-337
-425
142
20
-916
483
-535
120
-613
-191
418
-503
-422
-120
-356
-545
386
-37
83
-756
641
-193
-883
54
599
-1073
-331
683
-865
196
-317
537
-375
-562
259
-86
-364
832
-537
-119
253
-667
753
-1001
576
-100
-293
811
-374
205
-81
248
-157
218
-429
-318
106
-541
651
-932
1136
97
-370
47
-440
-564
540
32
-189
761
-526
211
-214
-184
-257
-14
-171
275
91
-453
300
97
-442
367
208
-388
44
722
-508
477
688
-1217
742
-22
-935
959
-603
183
391
332
289
-672
125
418
-1116
723
667
-562
526
-15
-366
-401
326
295
95
533
23
663
301
14
-303
520
115
-788
833
-4
-463
1047
-697
9
455
-427
-548
625
-860
-250
689
-663
189
-378
164
-382
265
-197
-201
215
-405
-453
662
-599
-164
236
-222
24
-628
-136
354
-578
559
115
-63
-227
366
-316
-147
1271
-900
-381
1404
-1201
-384
1245
-1209
534
-413
-774
561
33
-694
1111
-842
-312
778
-636
6
311
-451
384
-3
-126
-198
-353
421
-882
520
-154
-471
476
-657
-394
697
-1071
-65
435
-1199
754
-163
231
-31
-231
377
-520
71
474
-23
108
420
-701
799
-96
-370
925
141
-367
1233
-702
493
-291
274
664
-772
942
-249
22
1270
-863
357
328
-685
758
-998
752
-506
71
1022
-1303
1818
-1089
437
583
-1289
1374
-191
486
414
-90
919
-595
217
-70
-49
377
-599
1226
-866
570
778
-1593
1765
-650
-54
843
229
114
88
773
-428
355
469
-168
150
607
203
459
409
-534
702
-341
-196
1076
-720
204
900
-1017
-106
812
-599
-104
371
-36
-289
1246
-694
590
276
-608
909
-69
517
-30
1019
-727
635
327
-996
1055
-92
538
59
621
-847
827
383
-1473
1680
-343
-614
1707
-637
290
19
-2
509
-240
324
697
-166
1126
167
110
410
-480
1155
248
-265
628
-109
-42
833
-327
607
137
-788
506
-626
163
370
-40
78
89
470
-479
209
214
183
-223
887
229
-14
1108
-24
876
-102
314
432
-69
743
856
34
-302
1272
-594
269
881
-202
536
153
176
50
115
510
228
-316
44
1032
-913
722
709
183
-218
420
-537
805
1013
-967
811
104
-243
769
604
-1032
1522
-281
-632
974
422
-864
599
266
-926
1739
-625
825
572
-808
653
812
298
-32
944
-727
667
991
-619
850
746
-935
666
286
-56
1425
29
142
996
-52
0
1542
-139
-302
1688
-596
555
526
324
224
1251
-675
1181
696
-601
1024
-794
924
559
-184
971
828
-148
566
220
410
796
-357
880
237
-145
365
647
1042
-237
522
1032
421
609
559
-167
1351
-178
478
1719
-1262
803
925
-336
1301
648
228
1372
60
637
182
-234
1134
-291
916
308
207
1103
647
-253
1151
49
397
352
1030
568
-412
1303
-5
606
666
502
914
318
135
1239
-77
-8
493
-1
-371
1036
-86
511
522
-769
1235
45
-53
400
148
820
303
446
-27
35
390
116
512
-142
469
493
-390
1296
-47
74
877
-195
1501
-253
344
835
-498
1112
-304
421
275
-611
1034
-378
-219
185
707
-46
316
237
323
817
-160
1324
-400
-134
1349
-976
1063
317
-362
1181
-458
243
111
133
744
-820
1227
271
-379
1207
-859
359
895
-856
1091
680
-438
1892
-497
-211
645
-60
248
916
-320
661
66
-243
580
-997
1349
-481
-133
1314
-788
864
414
-363
1018
-565
24
1513
-1203
389
619
-286
104
334
80
327
683
-31
1025
-613
1137
-675
156
1396
-959
1306
229
-778
1063
126
154
677
-1039
673
-302
-75
308
-43
1000
-586
371
-22
566
-194
784
-212
487
701
-530
764
31
502
201
251
-370
1090
-217
-110
1312
-262
19
548
488
-108
1138
22
580
451
-413
288
550
74
-116
807
-7
1190
-233
538
510
146
647
374
459
335
606
377
1042
-251
636
184
767
446
-416
362
-132
309
580
87
675
107
-378
560
388
-104
916
371
125
272
441
299
326
360
770
629
-112
1035
337
-356
1305
-6
-231
968
-99
184
804
226
-120
719
305
-246
1584
-310
170
1276
135
-104
754
72
14
863
-542
1067
269
-163
414
1004
-728
345
759
-88
343
646
51
610
740
-465
636
-278
-383
723
645
424
141
365
337
746
561
505
442
707
382
178
733
188
1007
-119
1070
65
-32
753
36
473
126
482
704
321
292
931
204
398
610
847
54
664
481
88
1124
52
806
750
207
642
290
390
824
454
457
376
363
159
31
501
342
290
439
188
539
256
411
556
496
506
748
572
289
504
230
-11
1410
-232
447
1183
-413
673
490
55
1107
907
1
781
904
-3
-50
818
139
770
379
182
858
39
905
496
530
555
328
805
459
320
486
875
53
1695
584
-45
1005
317
944
132
668
279
469
1079
248
920
165
302
426
606
873
452
652
969
719
173
877
98
482
1207
305
1639
985
-154
775
555
185
1025
302
512
480
-5
717
100
-281
238
586
630
15
780
342
902
-149
269
-105
176
-17
931
77
43
724
-196
191
-274
356
23
373
632
552
80
832
-157
-450
-279
295
-106
917
111
-2
495
-685
-23
-409
365
-31
-338
861
-295
9
773
-810
49
9
-259
1061
-366
58
462
-333
238
-242
-55
348
115
-91
172
699
-169
447
-437
476
219
-1160
754
276
-154
561
437
-229
-766
215
0
683
459
-669
907
-367
-731
595
60
-461
1346
451
-1188
1399
-437
-14
755
-433
213
20
159
-168
528
-548
-226
263
-318
449
675
-68
153
-66
-556
1009
806
377
979
192
-178
1078
-412
-235
766
-61
350
846
-315
-435
204
-783
130
517
367
72
520
-502
-398
552
-1017
-15
379
72
289
854
22
-398
369
-361
-37
348
539
916
927
-37
436
134
-208
121
354
310
189
435
74
-624
-600
620
-331
409
1096
266
519
380
206
301
-159
-541
817
506
619
696
589
-271
-498
510
122
609
1170
147
109
791
-870
-98
-41
-449
531
887
41
705
-195
-608
101
746
653
776
1363
-170
518
439
-247
987
1026
314
1067
629
329
1173
-17
451
656
240
623
756
361
175
415
-208
467
596
170
312
810
317
397
608
-66
255
495
536
837
578
324
-80
-760
-110
-14
-362
170
22
-816
-501
-346
-1011
-625
-284
-763
-750
-352
-1180
-1237
-730
-1335
-1275
-842
-1023
-1137
-773
-1135
-1170
-1013
-1055
-613
-678
-899
-953
-286
-814
-1331
49
114
-764
62
-64
-1058
-666
581
-563
-148
646
-500
109
940
-482
438
1486
-268
936
1115
779
768
1436
1309
533
1210
1218
1016
1503
1534
1451
1416
1795
2067
1605
1696
2044
2310
2420
2258
2483
2466
2511
2944
3300
2889
2948
3150
3198
3233
3418
3326
3303
3622
3403
2870
2229
1863
1664
1793
1655
1159
754
272
-709
-1224
-1044
-1151
-1621
-1521
-1618
-2435
-2522
-2765
-3000
-2503
-2417
-2282
-1931
-1996
-2346
-2240
-2053
-2055
-1572
-1145
-1126
-947
-1149
-1208
-1156
-1242
-1232
-810
-657
-753
-883
-951
-1115
-1409
-1269
-1553
-1155
-1344
-1619
-1715
-1829
-2182
-2500
-1952
-1931
-1735
-1775
-1700
-1232
-1417
-1462
-954
-1206
-1255
-908
-551
-624
-884
-242
-777
-508
-26
-1208
-692
371
72
282
664
627
427
237
657
788
1357
1635
1470
1877
1822
1818
2184
2654
3248
3763
3767
3879
3559
3095
3492
3968
4266
4600
4751
4450
4212
4063
3827
3922
4214
3668
2561
2291
2125
1745
1555
1207
651
-343
-1158
-1392
-1502
-1539
-1941
-2181
-2407
-2793
-3071
-3339
-3089
-3111
-3166
-2758
-2327
-2318
-2477
-2673
-2483
-2080
-1767
-1333
-968
-953
-1063
-935
-824
-786
-696
-529
-682
-1039
-1128
-1216
-1255
-1595
-1821
-1866
-1904
-2261
-2470
-2633
-2809
-2980
-2976
-2911
-2849
-2776
-3081
-3024
-3055
-3052
-2988
-2800
-2571
-2483
-2478
-2337
-1955
-1919
-2075
-1816
-1713
-1424
-1001
-981
-731
-646
-289
-162
15
154
50
323
614
480
650
880
1239
1400
1318
1730
2049
2075
2231
2720
2708
2842
3417
3879
4226
4259
4270
4172
4350
4558
4838
5259
5610
5856
5501
5209
5270
5256
4759
3866
2633
2542
3542
3563
2471
1190
284
-638
-1616
-1585
-840
-973
-2177
-3348
-3721
-4143
-4269
-4212
-3720
-3425
-3952
-3873
-3352
-3310
-3609
-3198
-2495
-1821
-1551
-1590
-1259
-1391
-1390
-812
-113
346
289
-57
-723
-569
-443
-361
-220
-609
-1255
-1735
-1841
-1982
-2341
-2576
-2675
-2882
-3289
-3595
-3733
-4107
-4126
-3939
-3553
-3365
-3684
-3975
-3891
-3579
-3258
-2725
-2248
-2246
-2378
-2353
-2047
-1605
-1467
-1145
-853
-859
-801
-739
-534
-429
-192
229
496
638
807
884
671
887
1132
1537
1730
1741
1780
1816
2035
2346
2627
3294
3860
3439
3546
3855
3833
4498
5412
5495
5296
5184
5245
5097
5441
6318
6427
6392
6169
6016
5468
4193
2548
2133
3445
4277
3484
1599
53
-1268
-2223
-2187
-1128
-693
-1983
-3823
-4722
-4836
-4766
-4653
-4339
-4065
-4516
-5054
-4953
-4621
-4456
-4076
-3386
-2567
-2421
-2422
-2668
-2488
-2055
-1375
-386
181
76
-411
-743
-723
-242
297
457
191
-372
-1339
-2046
-1995
-1589
-1609
-1985
-2557
-3222
-3881
-4084
-3893
-3644
-3773
-3946
-4032
-4074
-4485
-4589
-4351
-3899
-3372
-3272
-3264
-3512
-3546
-3189
-2624
-2013
-1586
-1657
-1641
-1603
-1215
-683
-326
-22
37
134
288
398
616
679
719
1043
1327
1523
1688
1849
2061
2269
2238
2469
2916
3279
3511
3544
3693
4049
4430
4928
5237
5357
5692
5495
5374
5590
5965
6263
6076
5794
6066
6244
5934
4418
2427
1733
3035
4379
3541
1403
-557
-1599
-2098
-1724
-1083
-1069
-2565
-4461
-5330
-5006
-4410
-4645
-4913
-5022
-5437
-5502
-5165
-4767
-4552
-4598
-4162
-3274
-2769
-2885
-2879
-2712
-2136
-1365
-827
-507
-467
-461
-621
-373
1
168
20
-386
-685
-644
-438
-695
-1399
-1954
-2078
-2106
-2075
-2316
-2993
-3549
-3818
-3868
-3558
-3462
-3652
-4018
-4290
-4288
-3977
-3621
-3661
-3603
-3513
-3426
-3214
-2932
-2886
-2580
-1999
-1717
-1423
-1253
-1119
-1038
-694
-67
319
561
369
317
501
807
1191
1447
1469
1527
1578
1713
1956
2086
2329
2675
2935
3132
3140
3395
3734
3941
4287
4763
5190
5120
5226
5733
5881
5859
5812
5829
6236
6019
6284
6859
6799
4997
2043
1174
3207
5535
4452
1541
-767
-1758
-2046
-1968
-971
-904
-2633
-5185
-5754
-4693
-4314
-4842
-5593
-5424
-5574
-5572
-5253
-5114
-4807
-4921
-4412
-3546
-2873
-2902
-3586
-3424
-2346
-1146
-838
-664
-673
-729
-565
-175
450
576
363
139
11
256
141
-366
-784
-786
-777
-1006
-1189
-1750
-2207
-2685
-2745
-2598
-2695
-2898
-3375
-3598
-3850
-3939
-3832
-3755
-3623
-3705
-3776
-3767
-3858
-3699
-3256
-2767
-2597
-2516
-2375
-2313
-1900
-1601
-1200
-849
-509
-444
-593
-314
4
233
469
619
815
818
917
1223
1354
1471
1636
2105
2362
2389
2321
2570
3085
3530
3860
3877
4039
4351
4753
5195
5602
5723
5566
5364
5772
6191
6250
6280
6627
6667
5083
2444
1601
3874
6035
4631
1052
-970
-883
-712
-960
-996
-1324
-2693
-4577
-5149
-4344
-3976
-4968
-5811
-5515
-5353
-5569
-5811
-5702
-5248
-5050
-4382
-3838
-3841
-3988
-4040
-3338
-2256
-1340
-1225
-1573
-1517
-768
82
158
59
23
239
433
522
697
521
-223
-707
-269
265
-119
-902
-1535
-1706
-1904
-1992
-2092
-2408
-2492
-2862
-3009
-3268
-3658
-3856
-3819
-3477
-3288
-3776
-4396
-4337
-3887
-3294
-2990
-3110
-3307
-3372
-3037
-2345
-1932
-1662
-1807
-1773
-1392
-1130
-672
-531
-431
-276
-46
281
436
639
725
879
1130
1420
1742
1763
1899
2208
2395
2658
2992
3162
3485
3843
4079
4325
4691
5038
5154
5331
5364
5280
5338
5709
5973
5689
5707
5842
4699
2469
1625
3714
5371
3718
317
-1114
-326
51
-795
-1367
-1427
-2663
-4123
-4427
-3626
-3535
-4741
-5560
-5259
-4740
-5010
-5553
-5476
-4886
-4439
-4281
-4196
-4072
-4051
-3756
-2916
-1906
-1434
-1752
-2151
-1696
-614
48
5
-255
-230
188
404
383
389
283
-161
-416
-82
205
-106
-1052
-1495
-1200
-1148
-1506
-1857
-2045
-2230
-2634
-2918
-3003
-3327
-3682
-3604
-3415
-3423
-3950
-4318
-4049
-3536
-3216
-3638
-3494
-3438
-3342
-2747
-2239
-1944
-2008
-2026
-1609
-1146
-894
-877
-829
-503
-200
141
481
401
471
796
1021
1320
1445
1447
1952
2231
2374
2620
2727
3034
3403
3898
4065
4071
4174
4594
5029
5146
5478
5551
5554
5520
5877
6198
6239
6360
6399
6075
4632
3338
3539
4931
5275
3323
1118
360
757
840
23
-704
-1308
-2167
-3056
-3147
-3047
-3593
-4285
-4536
-4371
-4410
-4806
-4903
-4622
-4268
-4168
-4000
-3598
-3513
-3629
-3239
-2410
-1779
-1728
-1842
-1558
-974
-543
-275
-204
-385
-76
230
217
167
81
35
7
-121
-134
-343
-723
-918
-978
-1088
-1394
-1868
-1917
-1814
-2038
-2354
-2812
-3007
-3152
-3228
-2886
-3049
-3440
-3698
-3718
-3357
-3121
-3214
-3398
-3127
-2872
-2683
-2470
-2377
-2124
-1899
-1585
-1447
-1213
-1047
-1060
-646
-182
218
236
59
161
832
1383
1301
1210
1420
1594
1692
2348
2606
2435
2495
2814
3630
4017
3689
3551
4139
5180
5715
5398
5176
5640
6164
6494
6532
6396
6368
6361
6323
6047
5292
4035
3795
4615
5029
3573
1203
422
1038
1124
27
-910
-1382
-2027
-2762
-3331
-3246
-3368
-3847
-4325
-4329
-4295
-4736
-4962
-4799
-4261
-3916
-3998
-4175
-4103
-3598
-3034
-2750
-2656
-2277
-1886
-1755
-1430
-1052
-777
-904
-877
-500
-274
-306
-415
-274
-172
-170
-493
-698
-770
-609
-726
-1124
-1409
-1570
-1654
-1713
-1725
-1941
-2339
-2739
-2819
-2681
-2699
-2855
-3045
-3251
-3357
-3297
-3166
-3107
-3022
-2911
-2811
-2682
-2607
-2460
-2295
-2104
-1854
-1584
-1440
-1339
-1154
-708
-432
-395
-133
164
291
624
936
1064
1292
1394
1466
2020
2635
2682
2777
2938
3204
3360
3842
4235
4600
5020
4902
4672
5071
6020
6440
6199
6147
6236
6335
6559
6703
6861
6161
5201
4506
4329
4384
4423
4331
2943
1697
957
1069
1043
66
-784
-1231
-1458
-1982
-2656
-2850
-3062
-3309
-3585
-3917
-4173
-4422
-4099
-3941
-3895
-3809
-3717
-3585
-3345
-2961
-2640
-2316
-2204
-2164
-1876
-1601
-1241
-950
-794
-759
-844
-743
-518
-447
-498
-507
-356
-524
-804
-866
-635
-574
-885
-1124
-1368
-1551
-1538
-1351
-1484
-1785
-2086
-2482
-2489
-2427
-2454
-2540
-2763
-2842
-3031
-2987
-2803
-2578
-2602
-2833
-2651
-2416
-2200
-2028
-1808
-1746
-1527
-1359
-1186
-985
-717
-519
-433
-87
260
506
702
863
943
1241
1510
1843
1690
1837
2468
2720
2853
2853
2889
3054
3574
3961
4098
4017
3991
4346
4835
5150
5017
4843
5059
5654
5665
5484
5528
5397
5409
4985
4592
3889
3431
3481
3870
3635
1743
584
640
1138
792
-586
-1310
-1430
-1720
-2307
-2583
-2666
-2970
-3333
-3689
-3736
-3870
-4172
-4028
-3819
-3595
-3640
-3810
-3602
-3159
-3044
-3131
-2800
-2531
-2424
-2383
-2108
-1761
-1651
-1554
-1790
-1751
-1393
-1179
-1039
-1205
-1151
-1092
-1315
-1211
-1015
-849
-1055
-1438
-1375
-1201
-1090
-1292
-1502
-1502
-1659
-1957
-1885
-1849
-1935
-1962
-2125
-2047
-2060
-2315
-2416
-2025
-1786
-2001
-2206
-2086
-1850
-1632
-1384
-1294
-1156
-1172
-885
-624
-392
-220
-203
92
257
534
955
1003
1135
1254
1425
1737
1988
2163
2318
2622
2995
3195
3179
3205
3516
3863
3895
4018
4588
4884
4681
4680
4932
5177
5609
5825
5535
5467
5124
5377
5463
4997
4303
3485
3588
3761
3710
2441
1025
779
977
1056
28
-947
-1233
-1490
-1897
-2483
-2620
-2819
-3250
-3565
-3625
-3561
-3803
-4108
-4001
-3808
-3560
-3754
-3762
-3517
-3067
-2737
-2816
-2677
-2494
-2166
-2044
-1819
-1528
-1446
-1507
-1430
-1309
-1269
-1225
-1116
-1032
-1050
-1363
-1535
-1352
-1278
-1265
-1556
-1638
-1625
-1636
-1699
-1843
-1901
-1961
-2146
-2324
-2269
-2260
-2334
-2504
-2504
-2520
-2523
-2584
-2527
-2243
-2194
-2308
-2257
-2086
-1824
-1758
-1534
-1416
-1210
-1120
-1002
-616
-451
-419
-297
139
218
357
569
855
1039
1268
1290
1320
1531
1756
1955
1984
2173
2286
2586
2853
3287
3461
3454
3487
3956
4493
4606
4952
4812
4923
5233
5622
5818
5803
5552
5372
5417
5074
4659
3894
3701
4127
4408
3127
1316
741
1169
1308
280
-508
-859
-1333
-2067
-2454
-2333
-2606
-3134
-3576
-3651
-3553
-3638
-3886
-3893
-3733
-3527
-3583
-3636
-3526
-3168
-2819
-2767
-2675
-2333
-2087
-1991
-1901
-1523
-1233
-1332
-1297
-1261
-1002
-1125
-1070
-963
-974
-965
-1443
-1345
-1232
-1200
-1412
-1833
-1710
-1666
-1689
-1761
-1870
-1899
-2137
-2373
-2429
-2280
-2285
-2360
-2460
-2475
-2378
-2569
-2511
-2391
-2331
-2279
-2193
-1997
-1747
-1694
-1453
-1456
-1476
-1245
-1162
-818
-625
-586
-483
-321
11
307
468
507
570
744
1060
1207
1433
1814
1937
1951
2232
2784
2965
3042
3276
3512
3694
3658
4473
4930
4746
4660
4775
5164
5428
6014
6076
5889
5723
5671
5619
5065
4651
4056
3882
4120
3780
2704
1360
1026
1242
916
50
-943
-1497
-1543
-1969
-2576
-2838
-2851
-3149
-3640
-3789
-3808
-3760
-3769
-3850
-3761
-3612
-3600
-3584
-3466
-2938
-2773
-2633
-2496
-2221
-1748
-1801
-1651
-1424
-1254
-1179
-1111
-836
-718
-975
-1437
-1403
-755
-495
-927
-1357
-1544
-1583
-1549
-1629
-1691
-1944
-2099
-2123
-2202
-2187
-2296
-2554
-2797
-2655
-2621
-2587
-2791
-2919
-2770
-2793
-2774
-2685
-2621
-2521
-2340
-2144
-2087
-1881
-1766
-1595
-1380
-1234
-1195
-1081
-843
-530
-313
-334
-253
76
377
405
561
937
1271
1357
1192
1402
1758
2074
2408
2728
2820
2883
3077
3565
4082
4296
4252
4387
4812
5234
5383
5212
5314
5669
6286
6456
6567
6155
5664
5102
4724
5070
5236
4836
4234
3589
2533
1593
1420
1601
1173
340
-472
-1058
-1584
-2191
-2342
-2489
-2737
-3294
-3908
-3926
-3820
-3881
-3800
-3684
-3901
-4095
-3964
-3599
-3228
-2983
-3058
-2775
-2595
-2383
-2038
-1734
-1525
-1396
-1207
-1121
-836
-653
-417
-524
-785
-1031
-1069
-722
-447
-443
-816
-1308
-1541
-1364
-1283
-1130
-1445
-1817
-1988
-2217
-2090
-2129
-2279
-2484
-2526
-2687
-2731
-2696
-2746
-2690
-2654
-2647
-2674
-2645
-2407
-2236
-2147
-2020
-1905
-1619
-1517
-1274
-953
-830
-734
-551
-259
-153
113
467
724
864
846
1045
1485
1883
1994
2150
2263
2486
2945
3166
3388
3679
3933
3995
4180
4790
5018
5221
5263
5400
5297
5421
5770
6156
6653
6775
6447
5813
5036
4605
4680
4970
4860
4265
3586
2321
1276
802
1115
1035
100
-797
-1482
-2042
-2416
-2648
-2843
-2989
-3636
-4051
-4063
-4109
-4139
-4158
-4073
-4035
-4109
-4051
-3770
-3407
-3243
-2985
-2722
-2486
-2239
-1877
-1696
-1577
-1423
-1287
-878
-807
-560
-343
-470
-700
-895
-972
-663
-262
-331
-604
-1031
-1400
-1559
-1485
-1238
-1368
-1927
-2224
-2477
-2541
-2413
-2496
-2701
-2969
-3215
-3155
-3141
-3081
-3103
-3183
-3097
-3024
-2902
-2769
-2449
-2386
-2136
-1912
-1665
-1523
-1448
-1054
-802
-634
-525
-332
-87
222
515
696
896
897
1060
1377
1891
2333
2279
2159
2474
2848
3336
3690
3805
3992
4091
4347
4833
5152
5270
5319
5145
5326
5650
5994
6369
6560
6689
6205
5479
4895
5065
5036
4500
3925
3829
3479
1941
670
335
777
242
-804
-1565
-2009
-2503
-3050
-3290
-3314
-3528
-4207
-4634
-4532
-4450
-4417
-4334
-4295
-4244
-3979
-3961
-4029
-3466
-2759
-2534
-2619
-2332
-1778
-1421
-1472
-1204
-620
-455
-445
-378
-89
0
-100
-87
-154
-50
-442
-795
-640
-509
-675
-1175
-1612
-1815
-1783
-1909
-2198
-2544
-2821
-3168
-3315
-3244
-3341
-3568
-3919
-4096
-3983
-3889
-3779
-3630
-3708
-3572
-3482
-3276
-3019
-2777
-2469
-2243
-1969
-1667
-1408
-1232
-996
-684
-351
-148
-80
141
518
701
872
971
1224
1378
1500
1669
2045
2436
2655
2811
3016
3420
3735
4128
4402
4704
4784
4984
5335
5765
6079
6145
5976
5890
6431
7075
7761
7510
6041
4356
4261
5336
5363
4739
4312
3650
1928
348
209
1119
881
-450
-1631
-2296
-2575
-3219
-3431
-3270
-3512
-4271
-4663
-4581
-4391
-4256
-4254
-4114
-4046
-3885
-3814
-3824
-3372
-2611
-2365
-2419
-2332
-1640
-1096
-1039
-847
-502
-208
-346
-131
137
363
258
-11
57
201
-33
-594
-823
-696
-778
-1248
-1745
-1933
-2040
-2373
-2586
-2832
-3050
-3424
-3649
-3576
-3532
-3646
-3902
-4209
-4143
-4071
-3895
-3749
-3597
-3526
-3615
-3340
-2918
-2518
-2279
-2177
-1965
-1643
-1190
-832
-696
-584
-446
-122
125
286
407
517
811
1088
1245
1445
1630
2012
2317
2470
2498
2863
3378
3705
4087
4444
4630
4779
5025
5579
5999
6112
6279
6334
6502
6708
7128
7558
7998
7632
6085
4654
4684
5211
5047
4945
4714
3562
1306
-153
183
856
300
-1037
-1985
-2799
-3419
-3894
-3793
-3814
-4245
-4948
-5248
-5015
-4699
-4519
-4480
-4367
-4281
-3985
-3886
-3468
-2884
-2314
-2227
-2176
-1646
-1128
-779
-709
-367
130
117
23
53
391
703
731
500
278
173
-134
-485
-795
-826
-1051
-1663
-2120
-2255
-2246
-2743
-3012
-3268
-3668
-3970
-4015
-3767
-3842
-3958
-4194
-4263
-4064
-3968
-3746
-3551
-3437
-3452
-3389
-2970
-2604
-2184
-1864
-1666
-1520
-1324
-928
-637
-551
-169
167
282
353
641
1006
1164
1318
1529
1864
1849
1995
2415
2755
3127
3403
3652
3778
4135
4386
4795
5178
5852
5832
5503
6001
6590
6882
6495
6660
6856
7212
7699
8305
7958
6083
4562
4716
5392
4849
4274
4511
3571
1065
-733
-181
467
-520
-1614
-2112
-2854
-4120
-4619
-4110
-4063
-4659
-5279
-5164
-4954
-4962
-4794
-4358
-4149
-4132
-3682
-3347
-2971
-2432
-1839
-1586
-1385
-691
-37
43
63
600
1074
1086
983
1132
1269
1158
923
692
588
340
-246
-763
-1232
-1674
-2026
-2418
-2773
-3016
-3157
-3757
-3984
-4075
-4412
-4665
-4612
-4540
-4567
-4533
-4579
-4412
-4349
-4329
-3948
-3459
-3165
-3094
-2793
-2502
-2248
-1915
-1437
-919
-778
-562
-241
83
246
416
540
686
751
1032
1255
1480
1507
1582
1852
1918
2323
2521
2815
3380
3974
4025
3933
4409
4795
5322
5831
6035
6140
6491
6589
6944
7201
7423
7339
7211
7680
8452
9285
8390
5951
3880
3653
4691
5117
5336
4452
2053
-831
-2006
-1076
-585
-1015
-2419
-3763
-4869
-5565
-5361
-4960
-4992
-5585
-6157
-6057
-5433
-4983
-4696
-4705
-4344
-3786
-3198
-2709
-2253
-1684
-1263
-924
-319
566
1069
1078
1151
1485
1691
1925
1907
1940
1594
1112
751
563
385
-233
-1033
-1641
-2207
-2803
-3401
-3794
-4097
-4233
-4545
-4810
-4855
-5118
-5403
-5486
-5214
-4909
-4542
-4413
-4266
-4264
-4002
-3561
-3117
-2419
-2274
-2205
-1891
-1506
-1100
-777
-434
-183
-108
81
253
404
498
623
587
569
1123
1576
1600
1392
1269
1332
1584
2108
2801
3150
3311
3301
3604
4402
5000
5427
5473
5757
6121
6476
7323
7860
7981
8185
8114
7871
8113
9270
10392
10286
8356
5808
4489
4427
5034
5627
5668
3647
309
-2020
-2431
-1957
-2016
-2513
-3450
-4953
-6269
-6700
-6192
-6070
-6410
-6748
-6630
-6072
-5392
-4872
-4480
-4166
-3635
-2662
-1757
-1046
-474
180
474
1098
2097
2744
3045
2851
2889
3031
3025
2976
2932
2610
1635
858
517
253
-219
-1179
-2778
-4037
-4454
-4305
-4458
-5196
-5796
-6356
-6559
-6418
-5879
-5830
-6212
-6198
-5713
-4946
-4361
-4174
-3984
-3746
-3530
-2900
-2118
-1508
-1462
-1383
-1169
-741
-359
-158
-291
-279
-40
376
553
481
274
-58
-12
223
877
1072
690
618
955
1311
1629
1886
2345
3087
3514
3704
4188
4841
5082
5314
6194
7100
7365
7330
7638
8083
8437
8454
8488
8486
9019
10200
10857
9527
6263
3610
3236
4096
4983
5328
3878
680
-2809
-4269
-3873
-3165
-3081
-4091
-5367
-6675
-7443
-7104
-6751
-6764
-6918
-6454
-5481
-4588
-3917
-3559
-3177
-2739
-1549
41
974
1580
1628
1899
2598
3358
4299
4689
4361
3611
3198
3380
3428
3175
2386
1191
8
-1018
-1413
-1679
-2531
-4081
-5435
-5846
-6079
-6359
-6674
-6894
-7050
-7002
-6434
-5870
-5583
-5682
-5575
-4738
-3724
-2934
-2533
-2336
-2207
-1936
-1526
-753
-364
-387
-410
-401
-142
-47
-183
-379
-449
-498
-357
-105
-292
-618
-852
-776
-573
-271
280
558
675
700
1080
1734
2470
2927
3612
4391
5060
5259
5494
6276
7214
7708
7718
8034
8291
8804
9115
9532
9492
8937
8548
9398
10951
11331
9102
4753
1465
1514
3477
4738
3852
1273
-1855
-5082
-6633
-5904
-4362
-4556
-6398
-7448
-7451
-7081
-7548
-7765
-7375
-6988
-6013
-4282
-2300
-1378
-1814
-2226
-1390
523
2440
3512
3864
3834
3652
3754
4473
5281
5387
4382
3128
2695
2599
2138
1267
-52
-1423
-2811
-3839
-4068
-4434
-5437
-6670
-7325
-7287
-7431
-7553
-7458
-7338
-7202
-6345
-5260
-4544
-4308
-4369
-4121
-3185
-2052
-1305
-987
-1255
-1334
-1116
-624
-405
-388
-638
-953
-940
-1008
-939
-1101
-1345
-1520
-1605
-1286
-1052
-1088
-1142
-1402
-1034
-544
-16
652
1129
1436
1784
2553
3153
3807
4654
5367
5969
6175
6436
7121
7812
8125
7876
7917
8389
8993
9459
9681
9467
8712
8123
8368
9544
10534
9492
5580
1373
109
1310
2744
2487
1125
-1123
-4401
-6883
-7073
-5922
-5689
-6735
-7149
-6504
-5959
-6254
-6555
-6460
-6363
-5422
-3260
-578
841
701
188
336
1492
3066
4197
4782
4865
4730
4577
4430
4468
4252
3295
1898
1099
993
826
-25
-1543
-3121
-4475
-5296
-5820
-5904
-5977
-6748
-7745
-8236
-7691
-7325
-7231
-6888
-6319
-5279
-4244
-3423
-3131
-3223
-3277
-2742
-1690
-818
-478
-719
-1285
-1740
-1683
-1544
-1458
-1661
-1918
-2122
-2076
-1952
-2232
-2535
-2724
-2574
-2101
-1458
-918
-781
-969
-842
-284
443
1099
1827
2506
2887
3410
4199
5045
5500
5812
6067
6666
7052
7275
7846
8142
8034
7885
8116
8224
8399
8627
8645
8578
8457
8621
9059
8913
6828
3297
419
-106
1426
2261
1405
-228
-2239
-4674
-6677
-6939
-6031
-5866
-6415
-6172
-4994
-4500
-5019
-5593
-5825
-5333
-3907
-1451
996
2076
1933
1481
1499
2141
3122
3996
4406
4534
4686
4730
4372
3462
2495
1296
87
-359
-76
-155
-1249
-2767
-4109
-5228
-5931
-6277
-6144
-5819
-5850
-6430
-6676
-6458
-6324
-6236
-5888
-4825
-3656
-2529
-2054
-2170
-2454
-2684
-2529
-1972
-1272
-1004
-1258
-1607
-2045
-2544
-2800
-3044
-3116
-3162
-2926
-2639
-2398
-2397
-2667
-2744
-2556
-1971
-1277
-418
10
213
764
1317
1909
2476
2842
3147
3664
4515
5014
5356
5619
5777
5865
5938
6208
6499
6824
6713
6686
6629
6875
7259
7122
7043
6989
6930
7145
7390
8123
8628
7892
4851
1259
-354
708
2146
1847
934
-121
-1633
-4068
-5791
-5716
-5456
-5952
-5895
-4484
-2900
-2916
-4053
-4947
-5153
-4707
-3330
-1193
909
1883
1633
1378
1528
1624
1758
1838
2290
2882
3483
3851
3596
3067
1688
1
-1110
-1386
-900
-874
-1234
-2026
-2845
-3800
-4832
-5636
-5984
-5780
-5599
-5304
-4852
-4516
-4772
-5304
-5307
-4718
-3863
-3023
-2543
-2339
-2298
-2428
-2754
-2643
-2429
-2652
-2794
-2645
-2443
-2273
-2485
-2730
-2890
-3002
-2797
-2363
-1842
-1565
-1348
-974
-617
-287
104
227
441
731
1276
1951
2316
2631
2819
2839
2861
3211
3505
3850
3967
3888
4027
4264
4260
4333
4234
4175
4336
4676
5157
5423
5402
5144
4911
4858
4938
5344
6062
6878
7403
6426
4238
2178
1486
1650
1599
1417
1441
1352
577
-1086
-2588
-3586
-4346
-5143
-5205
-4179
-3151
-2901
-3494
-4182
-4576
-4831
-4791
-3990
-2829
-1687
-1053
-576
11
283
265
171
210
635
1203
1659
2168
2638
2585
2134
1519
1049
543
100
-267
-542
-755
-902
-1315
-1655
-2032
-2638
-3458
-4003
-4151
-4027
-4011
-4140
-3833
-3547
-3099
-2780
-2751
-2868
-3066
-3063
-2773
-2295
-2012
-1731
-1547
-1341
-1140
-1299
-1778
-2297
-2414
-2400
-2014
-1339
-632
-135
162
-241
-696
-985
-708
-212
-33
524
1215
1947
2118
1848
1822
1739
1358
1432
1911
2002
1879
2370
2727
2625
2684
2700
2380
2130
2329
2488
2195
2145
2527
3147
3301
2725
2505
2691
2754
2718
3030
3803
4548
5088
5444
5666
5393
4271
3090
2432
2345
2318
2273
2198
2232
1999
1313
426
-554
-1706
-2818
-3464
-3572
-3302
-2942
-2529
-2629
-3001
-3473
-3862
-4024
-3874
-3355
-2686
-1951
-1389
-783
-307
-196
-383
-542
-812
-729
-499
-234
171
363
280
228
285
-23
-560
-1161
-1637
-1744
-1302
-885
-688
-575
-820
-1090
-1411
-1665
-1643
-1541
-1293
-1034
-576
-201
-60
-386
-742
-1145
-1493
-1485
-1526
-1522
-1465
-1528
-1271
-699
-1141
-1531
-1476
-1686
-1930
-1883
-1599
-1113
-839
-733
-272
-477
-1051
-404
208
-173
-374
505
1012
825
460
493
1008
1484
1208
475
728
1106
1429
1415
790
962
1598
1424
841
955
1419
1686
1668
1505
1689
1769
1683
1780
1786
1792
1882
1811
1883
1865
1908
1989
2234
2472
2695
2974
3140
3186
3028
2749
2065
1541
1317
1256
1343
1543
1626
1598
1168
674
141
-594
-1107
-1622
-1991
-2060
-2042
-1927
-1872
-2109
-2541
-2719
-2697
-2700
-2565
-2284
-2052
-1949
-1683
-1297
-1001
-993
-1251
-1535
-1635
-1476
-1307
-1051
-831
-777
-812
-950
-967
-932
-1168
-1346
-1172
-959
-908
-783
-517
-336
-420
-702
-771
-566
-480
-419
-485
-329
-98
225
134
-64
-184
-397
-504
-975
-1320
-999
-657
-821
-1474
-1652
-1416
-1505
-2031
-1959
-1856
-1861
-1250
-1382
-1500
-1115
-830
-909
-847
-560
-439
-114
159
34
195
275
471
700
738
546
383
668
760
917
730
540
842
997
1017
768
732
1114
1199
986
910
1014
1425
1536
1304
1062
1289
1641
1773
1509
1453
2082
2684
2702
2630
3127
3538
3940
3860
3569
3371
2800
2111
1438
1146
1179
1350
1422
1154
523
-99
-590
-1526
-2390
-2877
-2954
-2784
-2533
-2325
-2116
-2139
-2608
-3002
-3276
-3257
-2948
-2535
-1978
-1410
-925
-533
-377
-572
-895
-981
-735
-483
-397
-52
134
413
419
92
-23
-151
-539
-863
-923
-906
-550
-240
-61
-93
-430
-754
-1053
-1452
-1519
-1121
-825
-664
-523
-502
-506
-977
-1558
-1612
-1616
-1665
-1807
-2008
-1813
-1357
-1435
-1795
-1831
-1975
-2135
-1887
-2024
-2399
-1710
-657
-34
-584
-550
-62
104
-96
-1259
-583
898
1452
761
504
1133
1478
1073
178
27
714
1282
1368
1008
1019
1766
2006
1128
558
1123
1832
1986
1518
1890
2785
2830
2660
2562
2691
2641
2847
3133
3179
3387
3836
4298
4598
5033
5439
5554
4529
3310
1991
907
544
483
644
772
711
406
-214
-1481
-2648
-3904
-4920
-5209
-4608
-3749
-3097
-2469
-2213
-2560
-3056
-3336
-3271
-2973
-2522
-1750
-730
287
1043
1327
1232
656
212
32
113
627
1068
1411
1657
1677
1539
1332
702
-107
-823
-1149
-1230
-1098
-751
-440
-575
-1115
-1633
-2150
-2516
-2953
-3074
-2941
-2483
-1654
-1117
-984
-1122
-1416
-1973
-2272
-2352
-2481
-2393
-1686
-1014
-944
-1170
-1342
-1604
-2297
-2525
-2142
-1477
-1035
-1123
-1114
-616
-65
-418
-564
-416
-324
172
676
1025
1049
1346
1961
1592
835
1341
2147
2073
1979
2241
2427
2726
2711
2521
2505
2548
3006
3575
3654
3400
3439
3828
3917
3557
3587
3972
4400
4521
4465
4754
5165
5825
6661
6937
6323
4703
2421
638
-72
10
-53
-221
-110
-72
-794
-2028
-3440
-4980
-6398
-7591
-7145
-5687
-4195
-3029
-2530
-2585
-2884
-3248
-3134
-2675
-2146
-1231
188
1721
3009
3951
4016
3619
2782
2227
2124
2102
2206
2236
2188
2025
1860
1613
1026
-186
-1314
-2338
-2912
-2947
-2831
-2715
-2457
-2494
-2613
-2822
-3254
-3827
-4373
-4452
-3896
-2879
-1863
-1097
-711
-686
-1053
-1352
-1743
-2168
-2295
-2366
-1911
-1303
-985
-984
-1248
-1609
-2009
-2218
-2064
-1825
-1652
-1329
-920
-481
67
468
469
717
1186
1435
1445
1716
1977
2111
2391
2589
2854
3089
3291
3535
3434
3306
3642
4124
4329
4317
4357
4549
4959
5150
5133
5256
5513
5711
5824
5979
6299
6683
7006
7298
7775
7667
6352
3390
182
-1394
-1400
-1275
-2044
-2553
-2598
-2514
-3290
-4731
-6087
-7530
-8553
-8627
-7568
-5728
-3845
-2648
-1859
-1498
-1456
-917
-11
471
782
1414
2717
4305
5470
5931
5770
5211
4370
3714
3034
2527
1945
1224
499
154
73
-119
-664
-1866
-3269
-4302
-4750
-4967
-4852
-4665
-4207
-3588
-3001
-2728
-2845
-3255
-3892
-4101
-3449
-2683
-1843
-1191
-729
-791
-913
-994
-1264
-1769
-2517
-2751
-2629
-2345
-2019
-1976
-2068
-2251
-2432
-2439
-2305
-2365
-2387
-2059
-1376
-551
74
605
981
1267
1484
1726
2032
2146
2194
2638
3144
3501
3761
3885
4225
4253
4135
4129
4200
4537
4734
5021
5208
5297
5384
5820
6258
6624
6619
6657
6784
6940
7249
7632
8229
8135
6234
2439
-1047
-2217
-1602
-1646
-3245
-4435
-4030
-3553
-4070
-5192
-6074
-6896
-7778
-7827
-6700
-4939
-3304
-2206
-1223
-386
707
2178
3132
2972
2204
2179
3072
4121
4770
4796
4533
3897
3394
2804
1906
1122
-37
-1388
-2488
-2862
-2761
-2563
-2817
-3364
-3720
-3569
-3286
-3330
-3507
-3369
-2730
-2025
-1105
-280
-11
123
-253
-828
-1239
-1527
-1623
-1944
-2645
-2954
-2976
-2973
-3200
-4051
-5052
-5462
-5218
-5066
-5387
-5236
-4825
-4249
-3573
-2849
-1957
-1407
-1008
-479
295
1154
1911
2418
2764
3119
3413
3807
4170
4375
4057
3739
3555
3163
2911
2724
2731
2733
2951
3181
3518
3908
4142
4119
4335
4668
4952
5273
5894
6482
6949
7189
7644
8305
8720
8555
7768
6430
3395
-527
-2757
-2654
-2414
-3827
-5669
-5557
-4434
-4476
-5442
-5709
-5805
-6420
-6876
-6080
-4369
-3006
-1421
255
1684
2890
4368
5383
4973
4089
3510
3684
3567
3170
2696
2498
2096
1465
1056
345
-832
-2190
-3283
-4539
-5421
-5474
-5009
-4478
-4163
-3548
-2527
-1660
-1283
-1166
-823
-321
236
566
1252
1863
2129
2079
2007
1575
381
-1084
-2474
-3345
-4359
-5271
-5787
-5901
-6005
-6443
-6433
-6254
-6223
-6089
-5902
-5642
-5196
-4626
-3689
-2690
-1802
-712
500
1376
2036
2473
2877
3173
3132
3206
3364
3341
3252
3282
3217
3140
3045
2887
2596
2184
2012
1985
2179
2437
3008
3731
4211
4791
5565
6486
7192
7285
7376
7741
8161
8408
8664
9141
9455
9232
8394
6736
3593
-539
-3608
-4342
-4800
-6800
-8801
-8457
-6859
-6481
-6866
-6400
-5413
-5596
-6145
-5566
-4139
-2530
-681
1516
3105
4418
6528
8285
8332
7615
7109
6474
4991
3269
2244
1699
721
-329
-1002
-1525
-1994
-2668
-3815
-5409
-6760
-7240
-7144
-6857
-6289
-5258
-3810
-2216
-935
385
1415
2191
2612
2324
2372
2795
2906
2538
2367
2283
1604
309
-1030
-2175
-3738
-5465
-6709
-7379
-7870
-8257
-7980
-7254
-6724
-6304
-5454
-4616
-3978
-3355
-2743
-2053
-1237
-357
644
1463
2195
2837
3298
3531
3475
3207
2855
2323
1708
1130
816
746
378
115
-73
50
297
646
1000
1567
2325
3082
3956
4907
5865
6655
7769
8813
9235
9459
10098
10491
10322
10055
10432
10453
9653
8680
7518
4738
91
-4040
-5484
-6244
-8686
-11323
-11663
-10228
-9372
-9173
-7913
-6045
-5481
-5558
-5158
-3661
-1724
93
1694
2796
4520
7194
9594
10197
9561
9305
8632
6718
4274
2535
1008
-749
-2663
-3978
-4134
-3952
-4008
-4950
-5993
-6625
-7015
-7152
-7104
-6857
-6157
-4910
-3216
-1423
652
2750
4182
4691
4576
5003
5200
4338
3019
2142
1590
696
-499
-1644
-2943
-4843
-6813
-8144
-8810
-9436
-9993
-10092
-9694
-8701
-7254
-5741
-4564
-3348
-1953
-843
108
999
1640
1769
1743
2051
2285
2540
2630
2555
2237
1943
1803
1265
340
-548
-1189
-1939
-2518
-2637
-2143
-1555
-1024
-95
1009
2231
3614
4789
5542
6217
7132
8286
9301
10041
10715
11364
11725
11806
11771
11175
10339
9562
8916
7587
4595
-5
-4217
-6496
-7763
-9655
-12098
-13173
-12312
-11109
-10477
-8925
-6717
-5103
-4415
-3727
-2167
148
2192
3117
3769
5269
7552
9481
10245
10199
9905
8967
7210
5069
2942
947
-1267
-3960
-6124
-6880
-6602
-6461
-6788
-7013
-6712
-6137
-5612
-5301
-4986
-4474
-3734
-2678
-1370
644
2921
4436
5023
5687
6577
6733
5847
4295
2379
874
-599
-2055
-3721
-5654
-7349
-8331
-8969
-9081
-9015
-9076
-9055
-8558
-7385
-6210
-5337
-4286
-3247
-2065
-519
904
2061
2676
3027
3165
3087
2943
2677
1962
932
70
-497
-779
-1148
-1599
-2128
-2309
-2636
-2778
-2702
-2544
-2374
-2250
-1563
-489
1120
2655
3994
5257
6525
7893
9095
9817
10034
10404
10677
10477
9929
9832
9734
9281
8662
7744
6891
6157
5106
2820
-1797
-6696
-8798
-8741
-9865
-12892
-14399
-12351
-9393
-8128
-6913
-3952
-781
142
307
1607
3841
5317
5087
4588
5071
6603
8271
8918
8117
7145
6779
5930
3694
800
-1489
-3512
-6165
-8841
-9702
-9115
-8534
-8565
-8249
-6915
-5303
-3601
-2552
-1868
-1496
-709
442
1414
2050
3250
4601
5129
5339
5892
6681
6479
4949
3078
1692
280
-1770
-4324
-6824
-9282
-10856
-11393
-11574
-11425
-11102
-10220
-8964
-7181
-5276
-3730
-2556
-1738
-692
495
1417
2036
2397
2466
2483
2656
2667
2164
1334
366
-575
-1392
-2034
-2489
-3118
-3786
-4150
-3896
-3234
-2696
-2210
-1482
-696
152
1166
2227
3578
4983
6083
7121
8162
9238
10475
10908
10885
10764
10758
10207
9501
9082
8596
7791
6447
5601
4960
3841
895
-3452
-6719
-7931
-8299
-10244
-12838
-13175
-11023
-8875
-7480
-5462
-2206
399
1738
3178
5244
6974
7402
6889
6203
6000
6540
7339
6934
5429
4622
4533
3776
1674
-636
-2703
-4902
-7338
-9296
-10128
-10111
-9945
-9672
-8895
-7276
-4757
-2374
-791
139
1374
3051
4281
4936
5244
5487
5620
5587
5604
5739
5459
4543
3350
1871
737
-592
-2472
-4945
-7396
-9088
-10573
-11681
-12081
-11752
-11101
-10164
-8642
-6302
-4141
-2626
-1287
-42
1089
1938
2542
2806
2351
1959
1897
1497
1063
602
161
-438
-1231
-1797
-2270
-2910
-3644
-4279
-4535
-4452
-4159
-3584
-2857
-1816
-593
656
1899
3255
4538
5539
6135
6468
7058
7964
8537
8667
8619
8622
8516
8316
8196
7860
7451
6704
5790
4948
4770
4972
4725
3034
-575
-4016
-5314
-4803
-5647
-8527
-10560
-9505
-6925
-5361
-4408
-2385
222
1689
2421
3832
5471
6270
5649
4196
3337
3394
4177
4369
3135
1710
1472
1921
1393
-127
-1706
-3121
-4597
-6133
-7449
-7896
-7707
-7579
-7610
-7079
-5150
-2175
-71
687
1308
2915
4671
5510
5644
5156
4942
4943
4630
3913
3465
3182
2430
1095
-127
-685
-1311
-2681
-4431
-5998
-7121
-7916
-8610
-9422
-10176
-10290
-9339
-7953
-6900
-5531
-3749
-1787
-332
793
2001
3006
3229
2773
2472
2111
1756
1008
32
-756
-1430
-1869
-2307
-2812
-3250
-3595
-3897
-4105
-4137
-3813
-3209
-2711
-2069
-1084
188
1530
2567
3459
4343
5333
6078
6603
7362
7722
8116
8550
8450
8129
7951
7972
8019
7841
7534
7260
6935
6640
6512
6451
5595
2845
-994
-3527
-3924
-4576
-7314
-10266
-10506
-8608
-7208
-6421
-5092
-2645
-524
884
2189
3607
4865
5118
4510
3403
2869
3505
4118
3089
1306
818
1349
1697
749
-841
-2139
-3136
-4132
-5511
-6701
-7127
-7005
-7233
-7538
-6651
-4333
-2016
-774
-82
1600
3888
5638
6373
6258
6199
6464
6450
5459
4242
3412
2221
746
-278
-1167
-1923
-2967
-4496
-6080
-7480
-8183
-8663
-9401
-10331
-10646
-10116
-8753
-7313
-6318
-5034
-3282
-1255
411
1510
2598
3303
3417
3292
2827
2430
1723
587
-573
-1597
-2235
-2820
-3319
-3826
-4373
-4500
-4258
-4138
-4069
-3838
-3311
-2688
-1942
-1044
172
1387
2349
3243
4359
5402
6072
6784
7164
7553
7935
7968
7718
7410
7518
7421
7071
6627
6457
6694
6745
6805
6619
6491
6640
6387
4300
375
-2427
-2654
-2910
-6075
-9918
-10579
-8554
-7414
-7594
-6694
-4262
-1965
-510
686
2210
3490
4304
4223
3127
2331
3114
3803
2578
673
346
1429
2092
1529
200
-941
-1479
-1683
-2797
-4625
-5587
-5654
-6070
-6869
-6769
-4961
-2815
-1898
-1263
360
2921
5249
6265
6218
6149
6844
7417
6357
4407
3156
2680
1506
-554
-1978
-2561
-3248
-4566
-5886
-6744
-7059
-7177
-7491
-8394
-9039
-8499
-7369
-7213
-7546
-6768
-4811
-3240
-2282
-1098
521
1998
2831
3309
3383
3544
3371
2657
1142
-228
-774
-1338
-2747
-4160
-4753
-4749
-5044
-5466
-5398
-4975
-4247
-3539
-2936
-1992
-748
697
1851
2544
3420
4738
5954
6615
7059
7656
8302
8464
8304
8302
8322
8290
7979
7374
6956
7072
7282
7052
6341
5958
5903
6326
6110
3790
44
-2640
-2623
-2850
-5965
-9937
-10853
-9299
-8441
-8814
-7908
-5414
-3202
-1703
-200
1925
3930
4797
4837
3992
3778
4643
4978
3927
1978
1304
1923
2373
1751
475
-749
-1132
-1255
-2074
-3558
-4421
-4625
-5225
-6248
-6387
-4940
-3612
-3144
-2657
-1032
1473
3740
4967
5308
5698
6844
7688
7196
5726
4540
3666
1821
-355
-1530
-2105
-3584
-5532
-6505
-6866
-7340
-7755
-8096
-8667
-9039
-8419
-7158
-6532
-6446
-5517
-3870
-2263
-1177
131
1576
2321
2832
3439
3756
3392
2852
2035
576
-707
-1573
-2641
-4195
-5548
-5877
-5915
-6266
-6330
-5699
-4848
-4034
-3062
-2092
-1058
-7
1402
2603
3426
4475
5377
6118
6674
7292
8144
8544
8385
8159
8232
8232
8106
7589
6533
5680
5472
5549
4841
3854
3529
3907
4067
4154
4283
3040
120
-2166
-2037
-1970
-4560
-8154
-9411
-8323
-7759
-7928
-7395
-5989
-4336
-2432
-261
1636
3187
4295
4907
4790
4459
4827
4961
3683
1987
1066
1183
1407
1106
15
-1213
-1557
-1101
-1163
-2559
-3701
-3880
-4183
-5111
-5657
-5076
-4258
-3821
-3449
-2248
-52
1944
3152
3800
4323
5499
7015
7280
5989
4735
4061
3291
1700
-97
-1568
-3090
-4403
-5196
-5856
-6468
-6608
-6431
-6604
-7099
-6789
-5562
-4863
-5107
-5158
-3962
-2614
-2156
-1924
-1425
-548
189
742
1009
966
1074
1238
942
196
-497
-1141
-1855
-2906
-3798
-3890
-4106
-4331
-4377
-3955
-3128
-2174
-1265
-465
420
1533
2754
3406
3866
4447
5167
5708
5702
5942
6301
6272
6205
6113
5917
5914
5564
5137
4663
4356
4506
4544
4285
3708
3833
4427
4466
4342
5063
5880
4539
1455
-727
-548
-491
-3330
-7567
-9402
-8385
-7446
-8084
-8785
-7689
-5472
-3349
-1624
149
2010
3656
4758
4928
4867
5621
6270
5318
3159
1795
2117
2627
1791
-149
-1636
-1562
-757
-1170
-2751
-3984
-3755
-3735
-4474
-5216
-4874
-4024
-3754
-3640
-2983
-1017
1156
2713
3295
4102
5964
7921
8485
7536
6779
6542
6029
4421
2403
441
-1730
-3453
-4488
-5657
-7598
-8477
-8159
-8388
-8909
-8528
-7383
-6882
-6573
-5792
-4453
-3185
-2475
-1661
-729
578
1706
2525
2748
2648
3155
3651
2986
1751
907
342
-597
-1570
-2357
-3013
-3864
-4319
-4111
-3734
-3460
-2985
-2094
-1378
-580
754
1976
2458
2749
3494
4486
4970
5138
5217
5182
5352
5480
5455
4941
4632
4603
4328
4004
3798
3947
3754
3343
3136
3402
3608
3497
3714
4213
4702
5030
4707
2784
373
-56
688
-1136
-5314
-7624
-6720
-5964
-7345
-8481
-7570
-5776
-4274
-2810
-1062
515
1953
3304
3894
4015
4557
5200
4753
2820
1639
2085
2509
1670
135
-892
-910
-410
-389
-1541
-2898
-2862
-2464
-3033
-4081
-4198
-3644
-3566
-3839
-3452
-2119
-485
823
1547
2384
4023
6100
7064
6464
5832
5982
5784
4588
2743
821
-849
-2369
-3986
-5498
-6784
-7525
-7818
-8035
-8340
-8167
-7134
-6214
-6048
-5855
-4622
-3108
-2325
-1894
-1173
96
1415
2091
2597
3047
3598
4050
3819
3041
2294
1658
778
-601
-2182
-3313
-4244
-5134
-5774
-5911
-5419
-4939
-4397
-3480
-2364
-923
418
1360
2108
2879
3929
4704
4883
4883
4962
4902
4923
4732
4452
4108
3869
3681
3154
2900
2703
2567
2271
1937
2166
2510
2672
2968
3502
4201
4563
5271
6282
6352
4606
1956
1047
1825
551
-3719
-7147
-7116
-6345
-7406
-8761
-8766
-7409
-5574
-3975
-2351
-640
1010
2629
3819
4320
4577
5769
6088
4590
2990
2818
3506
3225
1587
-151
-598
179
460
-845
-2515
-3140
-2599
-2817
-3873
-4626
-4510
-4238
-4419
-4134
-3087
-1676
-353
543
1431
2996
5404
7083
7149
6725
7007
7695
7144
5412
3594
1974
644
-1075
-3421
-5798
-6850
-7013
-8263
-9797
-9627
-8281
-7458
-6838
-6351
-4959
-2533
-488
47
388
1835
3431
4030
3600
2871
2655
2907
2086
599
-290
-703
-1347
-2201
-2944
-3724
-3984
-4069
-4610
-5027
-4691
-3640
-3141
-3229
-2734
-1289
6
763
1135
1790
2764
3793
4344
4238
4050
4391
4555
4069
3311
2874
2638
2137
1268
900
1104
1267
997
832
1289
1890
2672
3466
4245
4951
5793
6885
7772
8205
8356
7563
4997
2826
2546
2087
-1354
-5849
-7559
-7036
-7393
-9020
-9964
-9414
-7807
-6049
-4275
-2817
-1300
647
2543
3607
4178
5263
6179
5690
4300
3677
4320
4306
2944
1109
-142
-190
226
-340
-2234
-3309
-3032
-2494
-3145
-4131
-4288
-3846
-3686
-3610
-3018
-1967
-672
395
1300
2307
4189
6228
6834
6239
6251
7039
7005
5367
3375
1839
337
-1198
-2917
-4892
-6780
-7739
-8043
-8493
-9146
-8962
-7881
-6956
-6499
-5530
-3671
-1789
-962
-308
1095
2455
3346
3679
3686
3665
3673
3461
2633
1180
161
-428
-1408
-2775
-3949
-4489
-4948
-5518
-5755
-5538
-5300
-5029
-4528
-3896
-3269
-2364
-1548
-1015
-483
287
1316
1875
2094
2356
2832
3235
3419
3454
3456
3471
3541
3329
2875
2572
2562
2532
2220
2158
2312
2538
2847
3126
3626
4428
4932
5275
6007
6726
7418
7713
7520
5947
3304
1844
1597
114
-3984
-7619
-8340
-7741
-8668
-10258
-10473
-9269
-7468
-5776
-3893
-1852
117
2062
3895
5104
5875
6829
7340
6472
5088
4893
5304
4606
2772
980
406
703
675
-536
-2134
-2627
-2163
-2205
-3309
-4376
-4294
-4042
-4284
-4500
-3925
-2874
-1811
-1023
-95
1441
3449
5140
5816
5815
6330
7286
7273
5830
4036
2835
1585
-16
-1954
-3985
-5541
-6316
-6734
-7458
-8421
-8245
-6620
-5644
-5988
-5409
-3203
-1610
-1221
-563
623
1608
2271
2735
2462
2366
2478
2281
1488
97
-849
-1118
-1975
-3809
-4955
-5146
-5502
-6222
-6696
-6439
-6077
-5451
-4527
-3710
-2840
-1575
-68
727
1220
2100
3415
4031
4039
4175
4385
4683
4613
4171
3560
3163
3063
2597
1653
1045
809
701
340
164
442
980
1227
1418
2298
3076
3845
4573
5452
6005
6326
6994
7489
7247
5520
3003
1565
1409
-52
-3898
-7167
-7877
-7552
-8351
-9620
-9724
-8362
-6518
-4806
-2903
-759
1250
2974
4629
5945
6644
7342
7884
7039
5507
4886
5033
4491
2425
439
-422
-289
-501
-1848
-3491
-3929
-3566
-3655
-4292
-4994
-4878
-4547
-4325
-4128
-3490
-2215
-869
162
1103
2435
4363
6077
6470
6243
6524
7274
7152
5619
3716
2370
1344
-178
-2168
-4037
-5550
-6472
-7115
-7856
-8540
-8409
-7573
-6942
-6587
-5678
-3916
-2350
-1552
-893
525
1887
2770
3133
3066
3227
3422
3237
2407
1128
32
-665
-1683
-3142
-4573
-5478
-5947
-6401
-6827
-6776
-6156
-5497
-4646
-3692
-2484
-1033
219
1068
1861
2737
3808
4361
4223
4192
4323
4340
3945
3410
2770
2320
1862
1201
506
27
-50
-415
-683
-736
-550
-279
205
552
1143
1929
2681
3490
4509
5395
5753
6567
7492
7684
7545
6946
4913
2715
2127
1830
-1014
-5257
-6818
-6426
-6841
-8436
-9380
-8710
-7201
-5776
-4240
-2323
-715
784
2765
4478
5332
5923
6707
6813
5484
4408
4595
4407
2522
304
-689
-696
-915
-1813
-3338
-4344
-4178
-3595
-3951
-4897
-5010
-4344
-3873
-3658
-3147
-2189
-1046
-100
804
1868
3494
5178
5836
5677
5896
6548
6836
5783
3970
2557
1639
523
-1310
-3199
-4772
-5859
-6172
-6317
-6954
-7186
-6470
-5524
-5022
-4558
-3265
-1718
-1003
-805
164
1422
1901
1900
2072
2315
2397
2513
2313
1385
587
367
-70
-1122
-2521
-3583
-4063
-4718
-5465
-5738
-5688
-5549
-5186
-4310
-3447
-2383
-1203
-162
637
1648
2898
3616
3604
3390
3522
3620
3159
2242
1658
1276
547
72
-298
-774
-998
-1007
-1054
-971
-577
-100
311
740
1442
2391
3132
3622
4163
4954
5771
6335
6692
6983
7254
7432
7660
7475
6282
4328
2171
955
428
-1955
-5818
-8046
-8256
-8225
-9454
-10412
-9855
-8218
-6466
-4729
-2610
-411
1484
3329
5189
6258
6809
7314
7377
6123
4671
4248
4039
2473
307
-1248
-1309
-1208
-2094
-3086
-3543
-3345
-2885
-2840
-3231
-3513
-3270
-2825
-2764
-2616
-2076
-1295
-398
518
1503
2946
4549
5760
6092
6392
7109
7566
7027
5455
3807
2842
1612
-197
-2309
-4134
-5303
-5895
-6265
-6728
-7000
-6255
-4904
-3974
-3222
-2109
-257
929
1472
2034
2699
3408
3615
3419
2768
2391
2336
2160
1435
259
-473
-714
-1215
-2334
-3622
-4400
-4665
-5281
-5790
-6015
-5888
-5521
-5008
-4311
-3488
-2287
-1323
-686
95
1017
1943
2526
2464
2181
2283
2535
2185
1411
860
559
279
27
-503
-888
-940
-946
-895
-734
-547
-295
135
535
890
1635
2340
2960
3514
4115
4775
5632
6283
6339
6708
7366
7570
7197
7085
7183
6785
4456
1348
66
249
-1602
-6160
-9329
-9164
-8709
-9988
-11382
-11193
-9359
-7304
-5407
-3393
-1231
932
3254
5470
6769
7336
8348
9089
8165
6421
5858
6050
4865
2315
-49
-525
-236
-781
-2416
-3916
-4151
-3322
-2868
-3871
-4696
-4278
-3555
-3264
-3287
-2757
-1812
-675
145
1080
2500
4434
6207
6772
6853
7626
8777
8810
7337
5354
4332
3476
1963
-397
-2967
-4855
-5702
-6243
-7268
-8253
-8167
-6901
-5698
-5265
-4320
-2463
-791
-6
506
1877
3154
3386
3140
3167
3096
3179
3110
2332
1166
463
579
352
-840
-2360
-3036
-3247
-4076
-5384
-6177
-6491
-6649
-6721
-6544
-5944
-5070
-4008
-2837
-1688
-374
1294
2564
3103
3602
4218
4830
4663
3873
3158
2616
2009
1196
208
-624
-1174
-1569
-1775
-1897
-1880
-1822
-1394
-809
-362
155
1104
1777
2385
3121
4044
4702
5165
5533
5888
6315
6498
6599
6483
6600
6573
6578
6353
5242
2682
207
-251
-555
-3547
-7639
-9249
-8692
-8684
-10234
-11026
-9902
-7822
-5791
-3847
-1439
981
3160
5523
7690
8862
9402
10210
10324
8961
7182
6625
6133
3966
887
-1064
-1269
-1564
-2897
-4397
-5205
-4952
-4209
-3954
-4441
-4745
-3831
-2766
-2535
-2463
-1761
-667
392
1023
1775
3061
4606
5466
5508
5788
6762
7457
6892
5479
4263
3604
2770
1150
-1007
-2932
-4199
-4751
-5528
-6717
-7567
-7183
-5981
-5412
-5285
-4232
-2466
-1005
-379
454
1803
2571
2629
2590
2614
2502
2260
1873
1046
162
-467
-751
-1302
-2550
-3697
-3929
-4008
-4505
-5165
-5341
-5035
-5033
-4657
-4128
-3412
-2707
-1724
-737
185
1211
2131
2977
3306
3366
3768
3967
3515
2779
2227
1996
1281
530
-373
-970
-1430
-1839
-2110
-2282
-2284
-2180
-1889
-1456
-1124
-613
102
820
1441
2087
2922
3771
4188
4586
5054
5604
6089
6150
6292
6660
6616
6564
6675
6565
5094
2477
1079
1255
49
-3770
-7071
-7665
-7211
-8139
-9897
-10188
-8871
-7221
-5719
-4075
-2047
-7
2051
4238
5957
6782
7701
8607
8272
6891
5886
5717
5008
2737
257
-759
-807
-1406
-2899
-4242
-4317
-3716
-3170
-3439
-4057
-3776
-2766
-2052
-2316
-2333
-1544
-605
-95
271
947
2254
3629
4339
4471
5047
6198
6904
6296
5177
4478
4112
3215
1296
-728
-2433
-3385
-4212
-5548
-7039
-7623
-7098
-6436
-6430
-6219
-4954
-3098
-1741
-1133
-174
1452
2638
3106
3348
3711
3944
3889
3649
2892
1970
1469
1308
220
-1193
-2032
-2198
-2774
-3909
-4824
-5149
-4889
-5153
-5470
-5235
-4635
-4019
-3378
-2783
-1929
-748
371
1219
1680
2231
2931
3391
3221
2719
2577
2515
1883
917
315
85
-260
-886
-1291
-1402
-1577
-1538
-1392
-1343
-1221
-686
120
773
1013
1434
2253
3085
3638
3927
4407
5025
5423
5508
5766
6273
6672
6458
6347
6574
6581
5424
3104
1098
606
111
-2658
-6235
-8035
-8000
-8156
-9518
-10447
-9921
-8240
-6414
-4637
-2999
-943
1328
3739
5783
6836
7805
8835
9145
8132
6855
6359
5877
4209
1654
-129
-636
-995
-2278
-3768
-4508
-4416
-3723
-3671
-4219
-4335
-3500
-2486
-2073
-2019
-1540
-577
356
811
1310
2158
3420
4328
4587
4838
5608
6377
6407
5468
4525
4162
3633
2348
423
-1376
-2797
-3715
-4712
-6089
-7228
-7464
-7148
-6781
-6509
-5856
-4354
-2806
-1698
-671
765
2250
3218
3569
3802
4152
4387
4029
3068
2086
1464
835
114
-1154
-2444
-3050
-3330
-3869
-4973
-5473
-5472
-5221
-5215
-5294
-4862
-4255
-3503
-2842
-2143
-1127
-204
747
1338
1834
2511
3096
3351
3001
2771
2646
2305
1595
829
252
-192
-744
-1330
-1697
-2178
-2199
-2044
-1886
-1752
-1422
-775
-52
587
1153
1923
2450
2966
3290
3767
4417
4728
4872
4997
5429
5550
5620
5636
5752
5655
4583
2593
1090
970
11
-2959
-5706
-6595
-6703
-7626
-8915
-9391
-8709
-7374
-6051
-4587
-2851
-1038
1040
3238
5087
6088
7031
8074
8260
7444
6527
6275
5657
3971
1567
320
44
-703
-2186
-3631
-3987
-3703
-3330
-3471
-3923
-3799
-2952
-2261
-2060
-1887
-1396
-719
-63
272
764
1610
2604
3336
3656
4113
4976
5759
5620
4952
4415
4404
3828
2472
731
-782
-1770
-2659
-3998
-5497
-6412
-6457
-6208
-6126
-5984
-5291
-3818
-2659
-1840
-881
708
2084
2735
2989
3375
3903
4101
3699
2844
2015
1498
1193
187
-1073
-2148
-2621
-2966
-3773
-4653
-5026
-5058
-4880
-4974
-4998
-4494
-3942
-3446
-2866
-2206
-1392
-417
253
737
1166
1851
2465
2418
2221
2308
2371
1992
1315
742
407
110
-232
-644
-1053
-1314
-1388
-1170
-985
-1083
-736
-153
295
907
1282
1902
2668
3071
3484
3899
4462
4807
4822
5098
5473
5451
5271
5109
5176
5337
4638
2932
1261
789
511
-1430
-4329
-5816
-5786
-5912
-7181
-8105
-7740
-6696
-5326
-4080
-2764
-1247
538
2488
4137
5150
5829
6820
7341
6672
5622
5407
5460
4121
1893
417
291
-80
-1322
-2639
-3275
-3163
-2923
-2953
-3112
-3365
-3089
-2318
-1991
-2159
-2175
-1475
-949
-777
-538
28
1048
1679
1907
2221
3101
4014
4200
3852
3604
3668
3711
3072
1693
322
-603
-1192
-2012
-3443
-4810
-5112
-4963
-5018
-5383
-5131
-3946
-3040
-2419
-1645
-484
905
1839
2407
2696
3216
3519
3394
3107
2566
2105
1817
1470
685
-231
-833
-963
-1430
-2448
-3106
-3329
-3473
-3782
-4108
-4197
-4064
-3854
-3574
-3108
-2693
-2079
-1331
-673
-178
462
1123
1691
1802
1616
1760
1801
1495
973
511
346
102
-353
-684
-894
-956
-918
-803
-792
-823
-628
-231
89
194
321
677
1038
1161
1328
1801
2218
2390
2580
2980
3357
3608
3895
4206
4639
4830
4964
5101
4982
5078
5150
4560
3263
1756
1130
756
-933
-3543
-5167
-5404
-5839
-6796
-7544
-7492
-6782
-5897
-4654
-3335
-2049
-649
1145
2718
3747
4674
5619
6038
5653
4997
4858
4756
3543
1920
820
546
139
-643
-1655
-2230
-2491
-2434
-2215
-2691
-3316
-3250
-2695
-2577
-2839
-2985
-2441
-2017
-1921
-1463
-620
345
1006
1679
2473
3448
4520
5062
5229
5178
5006
4895
4374
3237
1806
503
-399
-1465
-3034
-4475
-5079
-5322
-5706
-5999
-5795
-4995
-4292
-3433
-2543
-1261
-100
678
1435
2097
2760
3281
3567
3492
3331
3107
3169
3094
2517
1799
1346
1349
863
94
-427
-885
-1196
-1739
-2242
-2368
-2670
-3016
-3167
-3183
-3095
-2937
-2568
-2232
-1912
-1366
-498
48
405
819
1373
1875
1971
1920
1816
1718
1326
693
134
-566
-1377
-1878
-2257
-2756
-3109
-3319
-3269
-3168
-3078
-2676
-2162
-1690
-1266
-604
35
581
1127
1538
2009
2435
2745
2837
2876
2880
2799
2658
2615
2401
2103
1920
1985
1970
1916
2018
2292
2815
3183
3769
3982
3637
3058
2650
2488
1742
90
-1766
-2806
-3466
-4229
-5286
-6078
-6264
-5922
-5197
-4294
-3211
-2112
-830
758
2157
3169
4138
4847
5077
4843
4676
4582
3968
2742
1730
1134
667
139
-620
-1286
-1570
-1526
-1233
-1326
-1734
-1963
-1932
-1659
-1781
-2022
-2006
-1844
-1807
-1685
-1087
-399
235
881
1735
2806
4048
4866
5211
5526
5631
5664
5506
4484
3279
2037
963
-104
-1536
-3015
-4113
-4610
-5116
-5480
-5329
-4961
-4175
-3405
-2581
-1422
-175
818
1564
2464
2981
3468
3944
3852
3574
3315
3266
3082
2602
1936
1283
912
510
-80
-697
-1272
-1809
-2487
-3035
-3367
-3758
-4024
-4172
-4195
-3957
-3443
-2932
-2324
-1702
-955
266
1325
1812
2316
3007
3418
3556
3361
3145
2741
2065
1410
819
225
-514
-1186
-1811
-2212
-2444
-2664
-2715
-2849
-2852
-2641
-2204
-1831
-1741
-1370
-850
-474
-240
2
297
667
823
843
975
1015
893
760
734
328
233
41
-285
-538
-938
-1006
-1024
-1193
-1349
-1220
-1050
-843
-732
-496
-230
262
648
874
1246
1565
1868
2260
2494
2564
2855
3219
3709
3985
4255
4656
5023
5320
4918
4074
3235
2691
2128
675
-1370
-2846
-3542
-4283
-5370
-6146
-6426
-6160
-5546
-4547
-3501
-2439
-1143
329
1612
2568
3532
4432
4869
4625
4461
4663
4538
3709
2575
2006
1813
1447
731
5
-466
-662
-691
-871
-1316
-1801
-1855
-1818
-1980
-2318
-2211
-2010
-2078
-1993
-1399
-524
212
808
1448
2326
3189
4022
4480
4546
4490
4519
4446
3760
2688
1639
848
6
-1057
-2129
-2941
-3317
-3606
-3997
-3940
-3543
-3067
-2595
-2032
-1354
-683
97
661
1026
1508
1942
2318
2547
2425
2308
2515
2677
2666
2304
1920
1844
1635
1218
647
134
-402
-1034
-1485
-1916
-2376
-2739
-2948
-3126
-3161
-3032
-2654
-2081
-1822
-1457
-688
5
423
665
1005
1498
1678
1748
1674
1573
1431
1199
983
655
385
92
-154
-463
-818
-1032
-1082
-1293
-1578
-1688
-1601
-1691
-1772
-1827
-1679
-1480
-1474
-1293
-976
-720
-425
-107
220
440
690
805
990
1106
961
965
728
499
380
99
-323
-506
-830
-1139
-1333
-1581
-1648
-1653
-1646
-1577
-1366
-1174
-945
-726
-397
-138
44
147
373
455
453
508
566
618
636
706
741
688
488
474
301
295
174
76
-29
-276
-301
-407
-500
-756
-743
-686
-585
-450
-566
-444
-147
33
83
201
309
418
484
645
475
512
628
503
501
528
587
656
667
607
531
677
816
803
1059
1013
1141
1430
1339
1336
1314
1313
1305
1225
1115
978
827
834
614
442
327
244
117
40
48
46
24
-11
-156
-296
-287
-314
-283
-339
-508
-565
-635
-629
-852
-869
-876
-956
-882
-858
-728
-689
-596
-586
-487
-301
-80
38
103
108
113
205
73
163
44
-62
-110
-311
-345
-460
-487
-625
-669
-783
-738
-722
-650
-496
-512
-370
-283
-240
-191
-76
-38
45
76
86
274
332
464
660
694
739
806
1057
1061
1014
1027
953
1007
940
961
900
976
1178
1252
1318
1518
1827
2115
2497
2479
2001
1647
1751
1693
818
-270
-884
-1347
-1780
-2299
-2710
-2982
-2879
-2537
-2105
-1705
-1389
-641
135
895
1320
1930
2420
2497
2257
2148
2411
2056
1600
952
723
555
345
284
-170
-625
-682
-512
-640
-1088
-1427
-1260
-1393
-1711
-1872
-1817
-1738
-1887
-1922
-1564
-934
-430
-34
387
844
1503
2129
2296
2212
2189
2327
2308
2060
1368
807
445
-37
-554
-1224
-1499
-1774
-2059
-2203
-2181
-2042
-1831
-1694
-1602
-1331
-1034
-739
-523
-408
-183
134
432
609
634
898
1173
1474
1592
1646
1665
1690
1609
1487
1260
842
495
161
-195
-519
-779
-1037
-1344
-1585
-1565
-1328
-946
-847
-637
-301
65
481
708
840
1035
1141
951
895
884
691
448
320
253
80
107
137
-113
-103
-55
-21
103
7
-113
-151
-74
-166
-278
-401
-564
-653
-719
-650
-656
-609
-448
-339
-53
210
326
424
507
607
901
884
785
590
474
489
459
323
103
17
-79
-241
-290
-270
-428
-564
-500
-623
-701
-700
-753
-721
-873
-806
-807
-673
-508
-518
-394
-273
-95
139
259
355
515
496
608
655
530
511
436
337
77
-152
-173
-138
-226
-288
-349
-380
-309
-358
-257
-307
-397
-399
-454
-474
-494
-476
-437
-346
-254
-265
-71
47
158
217
364
419
579
616
616
502
390
289
134
73
-146
-334
-563
-743
-841
-743
-714
-853
-859
-716
-484
-389
-262
-62
-194
-12
192
180
166
110
211
225
214
207
144
-33
-90
-81
-170
-231
-310
-306
-380
-414
-477
-532
-511
-640
-687
-809
-835
-792
-744
-740
-679
-463
-266
-72
28
207
262
381
555
549
502
487
452
370
256
78
-147
-243
-298
-279
-242
-369
-377
-417
-338
-368
-371
-272
-354
-197
-118
-79
-95
-84
103
128
169
112
127
260
332
399
443
451
464
427
467
518
449
271
280
350
276
172
34
6
-47
-150
-175
-219
-272
-344
-433
-366
-249
-271
-356
-231
-268
-255
-235
-269
-278
-234
-153
-106
-21
-99
-125
-94
-114
-186
-144
-150
-179
-198
-264
-201
-143
-156
-159
-183
-134
-23
10
51
71
164
241
245
115
156
195
163
-39
-157
-172
-291
-382
-471
-517
-734
-789
-720
-800
-843
-950
-866
-772
-781
-589
-432
-352
-376
-278
-164
-137
-92
-80
-87
-35
-49
-133
-201
-179
-272
-352
-384
-423
-470
-522
-400
-455
-472
-385
-342
-285
-310
-260
-106
72
176
142
91
176
250
236
288
260
274
272
157
180
95
125
78
-95
-146
-248
-360
-437
-463
-450
-606
-659
-701
-741
-509
-436
-276
-195
-110
66
195
287
369
446
540
599
552
415
447
464
288
96
-28
-17
-219
-302
-420
-550
-517
-588
-612
-636
-669
-617
-454
-232
-265
-189
-99
-170
-147
-49
-34
-34
-110
-61
-40
109
102
-77
-12
-71
-93
-166
-180
-225
-258
-376
-374
-290
-415
-398
-452
-394
-329
-244
-290
-352
-387
-458
-348
-313
-365
-374
-334
-304
-320
-331
-235
-362
-284
-295
-323
-208
-295
-289
-396
-335
-338
-440
-420
-465
-406
-286
-160
-130
-23
31
-1
28
140
155
204
193
278
317
150
64
-45
-103
-128
7
-99
-129
-236
-291
-311
-340
-535
-554
-562
-571
-477
-506
-386
-354
-229
-107
-28
88
290
347
329
446
457
493
552
427
325
464
438
368
460
362
213
107
-31
-157
-222
-212
-310
-344
-362
-317
-192
-281
-245
-284
-269
-141
-14
40
250
207
100
297
273
287
329
288
147
98
97
46
40
-73
-135
-222
-205
-211
-287
-365
-231
-108
-304
-200
-172
-237
-37
6
36
68
238
279
263
278
262
274
230
164
16
-29
-103
-45
-165
-241
-355
-474
-561
-667
-692
-750
-666
-590
-465
-304
-153
-4
98
258
342
468
624
619
573
581
547
301
247
96
-18
-201
-205
-209
-448
-501
-578
-486
-585
-569
-511
-563
-431
-371
-226
-228
-213
-199
-234
-49
49
85
218
280
345
322
270
308
230
184
84
64
65
-14
-136
-217
-221
-158
-310
-401
-327
-362
-295
-116
-61
20
13
69
194
326
433
457
550
403
428
441
311
338
366
168
156
85
44
70
-20
12
20
36
58
3
-37
5
-16
25
-21
24
-50
-49
24
46
51
65
40
66
117
39
25
7
52
55
-36
-52
-82
-98
-55
-215
-186
-142
-155
-58
-16
31
24
33
82
69
114
219
368
223
238
287
351
385
256
345
293
179
195
124
50
-73
-90
-159
-289
-439
-518
-523
-680
-548
-600
-590
-490
-406
-356
-252
-115
-102
29
60
106
98
68
-25
33
43
-69
-171
-282
-256
-323
-291
-273
-217
-165
-148
-174
-48
141
181
258
358
335
484
592
539
580
620
587
466
483
383
180
221
249
119
24
87
32
-20
-30
-8
17
-74
-53
-49
13
-65
-171
-104
-134
-249
-267
-278
-242
-158
-220
-127
-81
-79
27
104
169
285
294
200
230
177
130
157
151
52
116
49
-87
-121
-133
-144
-204
-274
-308
-165
-124
-119
-139
-93
-115
-65
-40
-69
-49
-26
-7
-11
102
10
-15
-53
36
-71
-72
-48
-124
-37
-82
-42
-69
17
106
128
193
111
179
280
293
228
363
293
333
390
361
405
346
358
299
464
430
259
272
258
203
79
-94
-170
-193
-347
-465
-441
-373
-475
-468
-380
-465
-371
-287
-106
105
97
211
274
474
565
551
604
566
685
626
498
335
356
299
154
149
89
-5
-40
-144
-149
-85
-92
79
-83
-36
174
230
132
39
118
119
283
272
104
141
134
167
183
293
238
168
206
169
32
-31
-117
-216
-282
-498
-474
-578
-699
-683
-753
-784
-754
-751
-731
-637
-588
-412
-220
-190
-6
-49
79
149
178
270
215
225
148
164
113
76
55
4
8
-94
-68
-92
-225
-261
-215
-205
-165
-244
-272
-252
-280
-298
-296
-263
-221
-180
-165
-96
-171
-145
-131
-131
-104
-16
-25
-30
83
57
30
79
87
81
118
51
71
54
-44
-80
-147
-146
-142
-82
-66
-106
-86
-50
-6
117
157
138
212
160
172
57
23
-7
-80
-136
-272
-290
-366
-456
-540
-590
-596
-632
-553
-433
-352
-323
-224
-102
146
270
304
379
492
568
588
722
768
701
669
627
421
449
492
412
319
276
258
95
95
-86
-178
-195
-187
-152
-252
-393
-316
-286
-365
-296
-309
-309
-375
-225
-139
-97
-62
-102
-5
36
123
77
29
-17
-59
-80
-198
-161
-132
-88
-140
-156
-78
-77
21
78
181
251
259
321
449
347
384
441
464
443
280
248
368
255
151
226
82
99
11
111
38
-60
12
-119
-48
-83
-153
-101
-155
-166
-248
-264
-219
-326
-284
-210
-209
-133
-159
-79
26
-40
-2
84
98
113
96
163
171
65
153
115
82
67
14
13
50
113
-8
80
162
210
138
127
103
52
-45
-63
-7
17
-14
-115
-104
-164
-192
-176
-276
-205
-259
-321
-409
-398
-265
-334
-302
-390
-293
-292
-219
-101
-170
-56
-37
-78
-18
17
30
102
203
154
195
210
272
293
217
228
210
209
109
-24
14
-132
-297
-393
-466
-520
-597
-677
-602
-438
-438
-470
-356
-364
-332
-358
-252
-141
-166
-254
-159
-133
-251
-153
-114
-140
-208
-158
-154
-122
-96
-39
30
77
172
156
101
47
37
-7
-52
-38
-86
-140
-239
-378
-354
-308
-248
-222
-220
-239
-231
-349
-247
-193
-200
-139
-153
-161
-113
-155
3
-53
-111
-81
-68
-80
-138
-24
-43
-15
16
-39
4
-70
2
50
42
81
68
131
18
103
65
54
-44
-20
-2
-82
-81
-153
-153
-242
-114
-29
60
-29
-8
87
49
126
82
66
17
45
87
69
49
135
97
89
78
33
153
277
232
235
278
210
323
235
154
113
9
18
-146
-188
-349
-406
-324
-303
-368
-434
-392
-278
-231
-80
-64
11
187
361
450
354
433
380
330
381
228
134
133
73
-61
