-45
57
-79
-202
-327
-403
-288
-227
-352
-416
-330
-427
-405
-449
-455
-517
-573
-566
-525
-448
-494
-479
-572
-557
-550
-714
-793
-630
-729
-891
-810
-698
-872
-1001
-945
-829
-870
-896
-741
-853
-680
-573
-415
-259
-227
-218
-143
-109
44
167
152
276
206
241
288
370
404
512
694
638
611
775
748
774
796
874
1058
981
1087
1170
1251
1249
1346
1528
1521
1509
1489
1425
1442
1498
1528
1564
1484
1226
829
490
398
307
127
145
-48
-244
-615
-946
-968
-1038
-1234
-1300
-1354
-1615
-1771
-1911
-1999
-1939
-1897
-1923
-1896
-1891
-1891
-1743
-1675
-1499
-1262
-1146
-1064
-1079
-1075
-946
-1012
-993
-715
-728
-477
-281
-454
-599
-601
-731
-550
-456
-562
-861
-896
-786
-983
-1212
-1245
-1284
-1479
-1598
-1716
-1827
-1774
-1719
-1662
-1590
-1509
-1536
-1669
-1723
-1696
-1560
-1278
-1142
-1191
-1108
-1048
-916
-675
-457
-379
-324
-266
-63
196
344
523
786
1017
1216
1346
1519
1682
1763
1810
2025
2104
2301
2521
2703
2746
2819
2829
2772
2490
2432
2599
2678
2450
2058
1678
1184
909
844
866
703
164
-397
-719
-1078
-1060
-1350
-1295
-1503
-1625
-1595
-1786
-1726
-1866
-1837
-1783
-1631
-1480
-1368
-1329
-1220
-1016
-771
-564
-314
-240
-141
-48
-25
225
464
502
654
723
696
806
811
869
813
622
424
270
198
54
-128
-300
-389
-740
-812
-814
-1095
-1243
-1587
-1847
-1887
-1975
-2114
-2276
-2339
-2598
-2728
-2562
-2590
-2529
-2604
-2577
-2428
-2455
-2235
-2198
-1954
-1791
-1603
-1539
-1312
-1018
-1054
-733
-549
-380
-103
140
391
588
635
800
1118
1305
1472
1580
1798
1806
1948
2110
2177
2287
2299
2375
2384
2674
2907
3122
3098
3159
3117
2822
2589
2569
2713
2666
2397
2024
1559
1267
1285
1064
745
200
-282
-683
-889
-1055
-1256
-1353
-1836
-2066
-2098
-2108
-2204
-2287
-2313
-2239
-2091
-1989
-1860
-1795
-1643
-1440
-1327
-1131
-862
-840
-629
-405
-456
-170
-175
61
186
11
111
165
157
254
202
135
76
33
-108
-90
-231
-413
-406
-541
-626
-744
-828
-1198
-1276
-1319
-1434
-1523
-1825
-1951
-2194
-2437
-2471
-2445
-2358
-2414
-2329
-2441
-2369
-2263
-2196
-2147
-2029
-1920
-1893
-1672
-1478
-1358
-1207
-832
-689
-572
-455
-293
-155
-17
135
263
510
613
772
881
1066
1264
1292
1520
1654
1670
1918
2144
2282
2357
2617
2684
2733
2804
3056
3216
3478
3464
3231
2861
2723
2826
2927
2710
2197
1748
1382
1307
1068
902
488
-21
-277
-588
-776
-1022
-1197
-1505
-1682
-1852
-2130
-2163
-2170
-1956
-2024
-2326
-2122
-1839
-1994
-2204
-2202
-2032
-1778
-1554
-1204
-1020
-864
-746
-661
-270
-149
-138
-88
110
205
153
202
135
308
303
313
310
54
31
-61
-101
-209
-268
-394
-686
-861
-919
-1046
-1371
-1594
-1651
-1879
-1947
-1890
-2081
-2269
-2330
-2342
-2317
-2141
-2157
-2026
-2025
-2041
-1892
-1750
-1493
-1432
-1248
-1070
-882
-792
-456
-466
-392
-161
90
121
285
545
752
1010
1028
1143
1311
1524
1511
1919
2092
2047
2303
2296
2429
2442
2452
2633
2851
2938
3026
3059
3010
2823
2518
2534
2761
2634
2102
1503
1445
1412
1033
723
354
37
-354
-840
-1082
-1145
-1378
-1947
-2181
-2267
-2306
-2424
-2548
-2539
-2547
-2484
-2494
-2310
-2114
-1962
-1933
-1815
-1534
-1255
-1155
-1053
-958
-769
-534
-405
-219
-66
28
4
135
291
386
327
383
299
372
255
130
290
265
173
23
-128
-202
-276
-694
-794
-890
-901
-984
-1401
-1661
-1804
-1879
-1771
-1803
-2043
-2198
-2322
-2310
-2141
-1890
-1894
-1777
-1829
-1811
-1543
-1271
-1137
-1005
-788
-672
-508
-294
-114
-28
134
328
427
590
804
915
990
1043
1247
1228
1282
1359
1432
1629
1873
1985
1940
2083
2218
2365
2590
2779
2865
3041
3135
3318
3288
2978
2866
2723
2854
2704
2255
1815
1522
1406
1014
574
330
60
-471
-717
-901
-1187
-1335
-1581
-1816
-2053
-2144
-2329
-2587
-2553
-2508
-2565
-2538
-2446
-2269
-2222
-2183
-2092
-2006
-1913
-1819
-1603
-1381
-1131
-999
-864
-609
-424
-376
-265
-48
214
259
143
158
366
462
455
543
614
576
432
241
164
65
-125
-448
-585
-604
-788
-1041
-1304
-1417
-1545
-1723
-1686
-1728
-1961
-1955
-2121
-2001
-1839
-1873
-1842
-1851
-1765
-1639
-1469
-1423
-1278
-1287
-1087
-930
-849
-602
-497
-271
-210
-79
117
288
574
807
1138
1369
1468
1624
1650
1831
1974
2060
2168
2262
2392
2504
2529
2615
2832
3233
3505
3473
3438
3367
3442
3341
3156
3125
3147
3125
2956
2386
2053
2047
1879
1335
885
626
386
-15
-434
-642
-781
-961
-1357
-1515
-1775
-1840
-1992
-2085
-2014
-1924
-1863
-1819
-1887
-1780
-1670
-1623
-1322
-1098
-846
-914
-673
-449
-194
-189
-201
-84
126
303
289
434
623
664
662
541
520
650
392
664
607
498
255
172
225
136
-208
-516
-620
-669
-706
-1047
-1366
-1479
-1768
-1904
-1854
-2147
-2261
-2380
-2404
-2481
-2383
-2309
-2349
-2277
-2189
-2158
-1963
-1814
-1768
-1472
-1345
-1241
-1066
-979
-715
-557
-335
-161
-134
48
197
457
545
678
882
988
1184
1219
1575
1704
1707
1921
2025
2337
2535
2638
2600
2840
3016
3055
3206
3307
3259
3063
2727
2721
2770
2573
2108
1610
1483
1340
994
686
341
-14
-566
-812
-826
-969
-1404
-1849
-2020
-2142
-2044
-1982
-2074
-2196
-2181
-2177
-2033
-1924
-1831
-1652
-1721
-1558
-1202
-1041
-986
-715
-526
-392
-219
-95
135
339
565
552
646
659
837
984
1070
1040
1081
1148
920
1024
813
658
626
451
437
155
-260
-393
-525
-683
-858
-1164
-1290
-1445
-1538
-1675
-1745
-1809
-1894
-1963
-2129
-2078
-1972
-1936
-1864
-1795
-1786
-1658
-1570
-1440
-1335
-1137
-1053
-954
-870
-816
-611
-383
-217
-76
213
259
402
556
790
1107
1083
1180
1402
1530
1592
1740
1864
2093
2229
2342
2366
2364
2490
2672
2789
2794
2828
2941
3064
2789
2663
2632
2709
2594
2131
1801
1586
1563
1319
844
469
267
-83
-456
-695
-832
-1024
-1587
-2007
-2068
-2048
-2121
-2274
-2381
-2374
-2286
-2256
-2225
-2007
-1835
-1837
-1758
-1609
-1395
-1208
-1064
-798
-584
-368
-345
-229
32
82
39
128
268
448
544
503
623
635
670
570
526
507
511
435
448
432
268
66
-137
-322
-566
-920
-1184
-1427
-1654
-1704
-1543
-1714
-2002
-2258
-2474
-2570
-2279
-2018
-2116
-2225
-2200
-2262
-2149
-1834
-1652
-1515
-1479
-1329
-1203
-1112
-785
-410
-383
-293
-150
-39
131
396
647
828
929
1091
1335
1438
1536
1597
1881
2049
2133
2276
2334
2567
2817
2930
2902
3098
3080
3175
3459
3411
3487
3181
3124
2867
2970
2895
2329
2185
1576
1709
1433
797
499
369
161
-328
-556
-762
-957
-1439
-1708
-1656
-1778
-1832
-2029
-2160
-1988
-2296
-2188
-1959
-1871
-1687
-1787
-1664
-1500
-1215
-1052
-1012
-763
-459
-404
-371
14
274
309
304
335
503
693
618
687
814
762
777
637
599
533
379
210
32
-182
-311
-319
-461
-869
-988
-1230
-1416
-1495
-1656
-1866
-2096
-2270
-2274
-2350
-2417
-2437
-2465
-2480
-2549
-2485
-2453
-2281
-2237
-2199
-2147
-2061
-1859
-1649
-1460
-1394
-1153
-1070
-839
-640
-480
-204
-129
147
167
431
732
830
1088
1296
1355
1442
1633
1758
1900
2111
2327
2400
2293
2438
2593
2851
3025
3034
3130
3253
3346
3274
3207
2770
2654
2741
2500
2078
1788
1768
1442
885
592
453
141
-380
-737
-1041
-1147
-1526
-1858
-1880
-1928
-1982
-2182
-2111
-2170
-2079
-2014
-1822
-1600
-1410
-1302
-1302
-1058
-844
-648
-501
-440
-208
13
81
294
419
612
625
579
665
805
774
759
855
861
888
714
622
559
506
346
221
104
151
28
-467
-810
-886
-1084
-1362
-1480
-1726
-1826
-1928
-2219
-2318
-2313
-2236
-2297
-2499
-2542
-2527
-2349
-2203
-2147
-2084
-1997
-1954
-1757
-1601
-1407
-1211
-1206
-976
-896
-582
-406
-258
-134
56
257
393
615
671
909
1216
1315
1412
1534
1753
2001
1976
2103
2269
2520
2636
2613
2608
2769
2984
3093
3269
3197
3259
3272
3289
2947
2471
2406
2582
2298
1873
1409
1224
956
484
89
-231
-464
-868
-1090
-1210
-1292
-1384
-1682
-2099
-2274
-2367
-2477
-2446
-2373
-2242
-2077
-1914
-1836
-1571
-1410
-1494
-1369
-1129
-836
-653
-372
38
116
283
406
538
693
709
786
815
858
946
808
692
646
553
483
479
525
412
273
151
-45
-182
-229
-587
-857
-1017
-1236
-1469
-1733
-1866
-1963
-2224
-2320
-2340
-2292
-2246
-2466
-2423
-2444
-2344
-2229
-1914
-1695
-1695
-1630
-1535
-1253
-1112
-993
-786
-439
-397
-167
73
255
327
574
708
844
932
1215
1304
1436
1640
1715
2015
1919
2099
2244
2358
2457
2600
2811
2905
2950
3090
3248
3293
3222
3513
3741
3824
3859
3741
3392
2874
2667
2806
2771
2276
1824
1508
1200
634
359
210
-75
-483
-886
-1030
-1240
-1531
-1692
-1871
-1831
-1854
-1788
-1758
-1738
-1611
-1607
-1406
-1205
-910
-737
-697
-594
-393
2
154
359
534
611
675
763
899
1054
1174
1166
1146
1135
1071
1094
1111
939
719
682
536
482
252
124
-208
-449
-533
-731
-860
-1175
-1567
-1870
-2146
-2403
-2298
-2127
-2180
-2430
-2516
-2528
-2380
-2290
-2263
-2091
-2180
-1984
-1986
-1883
-1739
-1597
-1425
-1450
-1213
-1086
-940
-852
-611
-503
-418
-141
-68
151
358
375
686
845
1061
1242
1469
1588
1592
1873
1988
1989
2029
2143
2171
2337
2536
2658
2635
2900
2890
2879
3141
3256
3326
3511
3537
3031
2429
2346
2742
2332
1680
1391
1408
776
-70
-321
-309
-570
-1184
-1514
-1673
-1735
-2036
-2276
-2193
-2252
-2195
-2142
-2078
-1881
-1732
-1724
-1466
-1183
-778
-560
-394
-168
146
497
619
849
1160
1304
1208
1398
1584
1650
1594
1447
1284
1211
1041
813
752
659
524
242
-57
-196
-269
-630
-969
-1111
-1287
-1402
-1570
-1789
-2084
-2240
-2256
-2290
-2320
-2423
-2396
-2504
-2511
-2357
-2374
-2220
-2094
-1981
-1872
-1772
-1601
-1394
-1210
-1067
-1058
-925
-727
-601
-544
-399
101
208
305
378
431
541
596
686
768
1123
1373
1527
1553
1451
1598
2033
2367
2142
2161
2708
3001
2931
2684
2891
3246
3285
3365
3405
3546
3539
3727
3747
3030
2287
2037
2168
1989
1500
1024
961
614
-340
-618
-462
-672
-1370
-1703
-1511
-1581
-1750
-1991
-2091
-1962
-1853
-1587
-1413
-1313
-1072
-886
-733
-310
31
164
463
810
1023
1366
1339
1664
1914
1947
1858
1651
1731
1772
1699
1329
1281
1119
811
511
390
120
-279
-468
-744
-1048
-1355
-1405
-1571
-1881
-1846
-2031
-2232
-2420
-2646
-2404
-2262
-2351
-2523
-2482
-2274
-2261
-1986
-1822
-1749
-1694
-1613
-1512
-1326
-1224
-1184
-998
-998
-897
-831
-627
-626
-537
-408
-327
-99
-26
192
266
400
602
954
968
1079
1444
1504
1576
1761
1927
2100
2230
2276
2564
2606
2680
2869
2892
3022
3030
3220
3275
3224
3419
3508
3586
3411
2729
2114
2003
1935
1614
1199
909
739
117
-591
-891
-1096
-1371
-1898
-2130
-2066
-2082
-2269
-2320
-2327
-2224
-2166
-1907
-1502
-1235
-853
-712
-478
-49
370
659
755
1063
1278
1394
1385
1512
1724
1619
1463
1362
1376
1082
799
610
515
211
-115
-324
-659
-700
-871
-1373
-1625
-1707
-1691
-1810
-2063
-2187
-2286
-2325
-2264
-2184
-2243
-2188
-2151
-2089
-1990
-1949
-1755
-1684
-1572
-1576
-1532
-1380
-1306
-1336
-1106
-1117
-1162
-834
-885
-906
-879
-801
-589
-398
-404
-361
-270
-140
-120
61
311
508
706
810
1031
1299
1236
1467
1730
1786
1993
2225
2393
2406
2502
2730
2931
2976
3089
3166
3278
3244
3335
3497
3573
3303
2448
1707
1394
1245
910
509
201
-104
-703
-1302
-1675
-1904
-2164
-2443
-2569
-2564
-2514
-2449
-2461
-2410
-2345
-2122
-1772
-1391
-961
-613
-390
-218
69
464
727
958
1141
1339
1513
1437
1452
1466
1364
1176
1056
859
605
329
8
-358
-566
-689
-995
-1311
-1383
-1596
-1857
-2095
-2301
-2382
-2341
-2288
-2384
-2498
-2492
-2289
-2078
-2257
-1905
-1662
-1704
-1830
-1842
-1616
-1399
-1190
-1220
-1198
-1424
-1336
-1320
-1350
-1296
-1322
-1463
-1396
-1276
-1287
-1231
-1242
-1134
-930
-688
-411
-254
-49
215
359
537
726
982
1102
1397
1801
1926
2031
2169
2376
2566
2620
2683
2914
2925
2859
3037
2959
3025
3048
3005
2975
3116
3129
3394
3098
2052
1341
1000
1038
683
76
-61
-330
-1048
-1880
-1904
-1861
-2329
-2966
-2905
-2524
-2409
-2457
-2357
-2366
-2206
-1843
-1405
-880
-304
-18
142
288
604
929
1069
1421
1449
1600
1632
1590
1484
1346
1069
635
478
251
4
-186
-588
-778
-1011
-1492
-1773
-1829
-1915
-1944
-2221
-2330
-2206
-2184
-2224
-2379
-2171
-2058
-1998
-1987
-1839
-1697
-1727
-1713
-1727
-1605
-1561
-1605
-1608
-1511
-1478
-1456
-1461
-1573
-1584
-1493
-1472
-1423
-1361
-1182
-1083
-1023
-808
-794
-554
-271
-111
-48
259
628
856
1025
1197
1328
1583
1858
2019
2065
2203
2488
2658
2830
2909
3009
3123
3199
3029
3069
3134
3145
3081
3052
3179
3272
3263
3412
3275
2727
1947
1351
1129
785
417
154
-32
-404
-994
-1496
-1701
-1923
-2152
-2300
-2142
-1866
-1624
-1590
-1475
-1456
-1478
-1125
-689
-123
317
547
674
770
1007
1279
1302
1513
1627
1674
1775
1517
1584
1386
943
837
549
437
269
-45
-162
-396
-782
-1041
-1211
-1337
-1418
-1504
-1569
-1590
-1588
-1451
-1536
-1767
-1761
-1635
-1625
-1603
-1541
-1545
-1500
-1563
-1572
-1548
-1601
-1505
-1525
-1499
-1526
-1568
-1649
-1618
-1563
-1498
-1572
-1635
-1560
-1532
-1404
-1248
-1068
-990
-757
-588
-375
-218
92
306
518
759
904
1199
1314
1464
1572
1831
1849
1921
1981
1994
2043
2032
2129
2159
2152
2087
2234
2187
2185
2169
2131
2195
2394
2603
2421
2087
1479
1093
849
726
394
-86
-378
-576
-814
-1321
-1644
-1899
-2273
-2567
-2497
-2152
-2043
-2058
-2135
-2051
-1713
-1433
-1345
-939
-756
-446
-173
60
392
406
503
656
899
881
1172
1240
1212
1134
1020
633
357
296
170
107
-126
-198
-349
-500
-820
-915
-982
-1310
-1450
-1348
-1099
-1272
-1596
-1865
-1901
-1625
-1753
-1774
-1820
-1837
-1735
-1704
-1780
-1772
-1729
-1678
-1552
-1579
-1497
-1322
-1302
-1325
-1163
-1163
-879
-863
-712
-731
-449
-415
-435
-23
-140
-89
56
336
442
695
686
953
1104
1133
1330
1307
1563
1568
1614
1836
1827
1841
1906
2088
2077
2100
2072
2108
2112
2056
2076
2083
2060
1955
2084
2199
2172
2149
1885
1524
978
935
922
680
393
255
364
91
-274
-543
-851
-970
-1161
-1261
-1089
-1062
-987
-1073
-1025
-1134
-1107
-1034
-870
-750
-442
-204
-42
97
91
160
205
347
465
541
696
957
1040
978
868
726
709
583
471
376
260
43
-180
-349
-444
-580
-778
-957
-1171
-1176
-1199
-1302
-1408
-1469
-1547
-1457
-1464
-1425
-1462
-1407
-1214
-1215
-1183
-1050
-910
-940
-944
-898
-981
-964
-925
-1028
-1007
-981
-777
-703
-718
-751
-724
-540
-409
-357
-258
33
197
351
548
581
710
757
763
775
890
1086
1175
1067
984
1319
1396
1208
1041
1183
1311
1459
1286
1125
1366
1410
1417
1351
1339
1228
1457
1599
1198
1333
1587
1726
1663
1450
1430
1412
1215
1161
1124
882
633
601
543
380
269
73
116
-101
-365
-377
-322
-343
-391
-461
-552
-573
-598
-609
-604
-595
-498
-472
-381
-248
-221
-271
-286
-287
-255
-67
-277
-344
-321
-329
-346
-506
-594
-623
-620
-808
-781
-860
-900
-821
-813
-967
-1166
-1134
-1288
-1215
-1276
-1369
-1204
-1161
-1275
-1239
-1116
-1310
-1113
-1080
-1114
-1027
-851
-872
-710
-696
-866
-949
-878
-912
-930
-573
-612
-654
-675
-574
-448
-506
-467
-525
-371
-302
5
176
-34
89
275
122
196
144
289
440
269
729
372
348
707
493
503
569
581
511
559
841
623
699
836
638
596
750
928
841
932
965
817
1054
1219
1105
1312
1214
1076
1228
1014
789
696
724
700
513
489
356
237
82
-12
-81
-368
-388
-450
-404
-379
-358
-318
-410
-495
-341
-372
-397
-366
-524
-332
-327
-426
-214
-563
-499
-409
-555
-663
-548
-537
-778
-721
-655
-920
-934
-859
-1227
-1060
-1189
-1186
-946
-881
-821
-838
-682
-691
-672
-724
-620
-615
-491
-449
-379
-380
-369
-289
-339
-385
-287
-152
33
114
-125
-22
7
-4
-2
74
51
197
309
318
340
394
412
330
274
406
594
605
682
576
432
416
432
438
599
604
618
547
481
635
763
749
668
696
816
911
1072
1137
1190
1307
1384
1384
1475
1513
1442
1347
1350
1432
1435
1447
1449
1343
1131
966
784
771
743
655
585
568
470
328
198
3
-188
-326
-340
-360
-279
-101
-180
-287
-416
-461
-615
-700
-597
-626
-476
-304
-252
-275
-334
-417
-482
-552
-544
-539
-509
-453
-469
-459
-594
-654
-885
-945
-955
-1015
-1036
-1015
-940
-860
-836
-772
-788
-913
-892
-973
-1121
-1005
-670
-595
-382
-347
-393
-449
-345
-308
-214
-224
-196
22
200
288
158
-37
-216
-7
145
354
443
387
567
543
371
602
559
443
440
493
734
772
899
952
791
870
805
819
762
727
796
877
956
947
1081
1209
1142
1183
1321
1404
1516
1558
1663
1804
1728
1744
1795
1860
1918
1820
1564
1355
1191
1085
897
601
443
306
236
-2
-303
-579
-747
-1070
-1040
-1040
-971
-833
-943
-853
-829
-847
-850
-720
-586
-535
-464
-363
-257
-229
-275
-374
-421
-505
-428
-433
-460
-469
-494
-595
-775
-838
-1050
-1136
-1396
-1611
-1591
-1654
-1611
-1657
-1594
-1575
-1732
-1666
-1513
-1505
-1509
-1573
-1617
-1406
-1326
-1288
-1095
-1112
-1095
-989
-899
-913
-784
-839
-752
-603
-608
-582
-553
-439
-233
-36
-27
49
40
64
198
155
165
202
228
114
182
331
239
393
533
631
536
673
846
730
863
735
874
1076
1302
1319
1461
1639
1693
1716
1523
1819
1901
1918
2156
2251
2451
2579
2580
2458
1772
1491
1098
996
797
607
524
393
351
-179
-337
-619
-891
-986
-1106
-1134
-1035
-864
-660
-489
-433
-422
-440
-226
-141
143
360
586
688
771
900
911
824
696
756
542
513
552
430
290
72
-214
-392
-652
-989
-1171
-1141
-1296
-1431
-1502
-1499
-1622
-1713
-1538
-1607
-1587
-1570
-1411
-1208
-1083
-894
-848
-623
-564
-601
-364
-256
-246
-157
48
-34
7
53
81
24
-25
21
-55
36
11
44
-52
-16
239
281
337
499
634
845
855
966
1111
1272
1296
1379
1624
1774
1908
1982
2023
2143
2220
2126
2300
2414
2303
2408
2525
2563
2622
2622
2632
2704
2760
2899
3051
2850
2467
2045
1338
970
653
385
199
85
-8
-404
-700
-829
-1028
-1078
-1279
-1241
-1118
-863
-518
-211
117
230
180
412
616
782
1046
1214
1289
1360
1533
1332
1419
1391
963
665
549
321
137
-222
-436
-729
-1013
-1264
-1462
-1401
-1609
-1773
-1863
-1842
-1887
-1735
-1628
-1538
-1490
-1233
-1150
-1102
-1073
-905
-814
-770
-620
-679
-538
-592
-653
-766
-751
-759
-714
-790
-867
-714
-826
-669
-615
-679
-497
-481
-448
-357
-280
-71
94
329
412
488
608
715
851
916
1178
1171
1233
1235
1496
1639
1734
1781
1756
1933
1962
2144
2073
2113
2055
2115
2300
2382
2495
2605
2705
2735
2753
2855
2665
1958
1375
799
345
-20
-348
-425
-372
-597
-949
-1166
-1207
-1244
-1421
-1559
-1570
-1427
-1082
-832
-301
154
426
601
597
683
763
844
942
1024
1126
1201
1145
1065
865
495
214
-77
-481
-620
-806
-862
-1204
-1563
-1798
-1713
-1508
-1682
-1746
-1789
-1712
-1553
-1540
-1489
-1283
-1060
-974
-984
-1056
-937
-884
-905
-806
-863
-881
-762
-735
-953
-994
-1182
-1108
-1251
-1401
-1287
-1382
-1159
-1186
-1173
-960
-748
-722
-740
-354
-267
-200
46
140
468
454
711
933
1090
1227
1299
1297
1392
1642
1512
1650
1701
1724
1746
1759
1792
1877
1843
1694
1748
1902
1924
2005
1983
2054
2166
2256
2293
2399
2481
2333
1930
1258
672
237
84
-331
-573
-542
-675
-877
-999
-1006
-1011
-1162
-1490
-1538
-1302
-1022
-644
-316
-49
203
527
717
915
990
1009
1097
1034
989
1057
1002
902
774
473
265
0
-224
-549
-763
-1049
-1148
-1246
-1391
-1415
-1542
-1535
-1597
-1612
-1430
-1352
-1340
-1222
-834
-493
-368
-283
-212
-81
-219
-246
-152
-349
-374
-401
-585
-562
-582
-779
-1027
-1073
-1108
-1168
-1035
-878
-762
-680
-590
-442
-285
-183
-116
270
298
363
548
698
1096
1154
1232
1343
1455
1538
1523
1486
1564
1640
1683
1722
1637
1715
1832
1862
1791
1843
1902
1917
1950
1933
2011
1906
2078
2246
2321
2421
2386
2423
1911
1225
658
266
-118
-483
-679
-887
-922
-1118
-1264
-1129
-1054
-1365
-1669
-1665
-1378
-1140
-890
-278
-84
215
465
710
970
964
974
875
785
660
594
698
722
527
363
99
-99
-496
-756
-1031
-1302
-1409
-1574
-1409
-1425
-1378
-1390
-1363
-1304
-1392
-1278
-1180
-1256
-1141
-972
-810
-631
-470
-480
-526
-576
-709
-750
-986
-1145
-1139
-1092
-1157
-1165
-1155
-1103
-1124
-1138
-1145
-1238
-1162
-1099
-908
-765
-509
-323
-176
-107
127
310
222
309
398
635
1085
1160
1163
1166
1069
1393
1409
1482
1483
1482
1641
1876
2131
1844
1764
2080
2235
2244
2137
2201
2191
2159
2203
2204
2357
2392
2525
2748
2628
1863
916
501
233
-34
-201
-378
-566
-882
-942
-728
-599
-820
-968
-1026
-1032
-953
-744
-436
-105
184
375
678
919
1107
1103
906
689
427
554
717
521
393
416
177
-102
-278
-389
-698
-1015
-1292
-1397
-1535
-1754
-1609
-1419
-1386
-1270
-1048
-1085
-1078
-1128
-1079
-915
-834
-598
-439
-417
-310
-281
-288
-584
-684
-838
-947
-1122
-1187
-1197
-1176
-1220
-1202
-1210
-1201
-1325
-1270
-1134
-1141
-971
-814
-641
-480
-180
-48
55
235
394
511
692
792
873
988
1070
1123
1146
1217
1175
1301
1369
1153
1210
1251
1237
1295
1294
1415
1501
1601
1655
1756
1747
1841
2007
2047
2109
2231
2213
1687
965
478
198
-227
-719
-951
-1206
-1364
-1443
-1339
-1142
-1063
-1199
-1429
-1442
-1334
-1091
-732
-499
-147
83
393
720
1059
1128
951
743
597
561
355
399
223
29
-210
-445
-498
-665
-984
-1363
-1657
-1734
-1764
-1757
-1836
-1632
-1565
-1388
-1111
-962
-750
-653
-665
-566
-290
-266
-170
-140
-109
39
-9
-115
-170
-458
-686
-798
-1019
-1068
-1134
-1242
-1255
-1341
-1292
-1217
-1108
-907
-990
-990
-699
-725
-625
-212
-210
-151
124
251
559
776
659
779
977
1137
1053
1162
1163
1113
1314
1439
1574
1600
1607
1663
1787
1809
1739
1719
1743
1833
1883
1795
1897
1927
1904
1862
1923
2173
2097
1756
1157
615
122
-114
-340
-639
-898
-1031
-1049
-1032
-790
-760
-747
-928
-1063
-1058
-878
-644
-368
-166
151
449
682
1031
1080
1021
916
728
592
499
312
224
136
-4
-107
-289
-453
-531
-709
-1050
-1270
-1544
-1639
-1623
-1551
-1500
-1460
-1306
-1190
-858
-885
-824
-592
-638
-440
-274
-265
-219
-236
-198
-126
-314
-356
-385
-525
-722
-830
-1059
-1113
-1113
-982
-970
-979
-935
-880
-916
-828
-762
-694
-517
-319
-192
-117
43
185
365
501
621
674
717
696
891
968
1053
1036
1159
1370
1436
1569
1515
1562
1537
1481
1459
1490
1580
1681
1805
1900
2032
2100
1998
2031
2224
1983
1381
657
295
-158
-566
-1068
-1361
-1403
-1500
-1667
-1591
-1257
-1239
-1239
-1430
-1443
-1176
-921
-654
-612
-333
57
366
690
917
1054
1136
945
553
448
359
144
-232
-280
-325
-477
-510
-679
-986
-1310
-1515
-1648
-1766
-1880
-1917
-1817
-1596
-1464
-1307
-1097
-831
-654
-748
-668
-583
-482
-416
-327
-175
-186
-138
-262
-470
-540
-583
-909
-1088
-1401
-1500
-1544
-1621
-1556
-1504
-1371
-1243
-1064
-957
-781
-630
-574
-428
-409
-250
-109
71
254
352
557
588
717
790
814
832
801
795
768
795
793
820
1074
1156
1217
1232
1286
1357
1439
1541
1461
1596
1615
1695
2009
1999
2030
2197
2326
2297
1768
1167
655
239
-180
-590
-899
-1116
-1299
-1479
-1393
-1234
-1007
-1041
-1166
-1233
-1177
-985
-876
-620
-410
-84
213
536
933
1042
1089
1051
714
572
459
274
86
-65
-231
-396
-481
-422
-408
-710
-929
-1053
-1240
-1180
-1280
-1311
-1121
-1089
-1019
-799
-528
-374
-373
-288
-225
-159
-41
-88
-109
-198
-260
-113
-297
-313
-379
-463
-544
-720
-819
-922
-955
-900
-950
-740
-787
-709
-497
-454
-268
-354
-96
-12
-39
56
230
422
520
611
699
796
838
899
989
1101
1172
1221
1260
1339
1328
1340
1402
1510
1499
1649
1635
1634
1832
1931
1991
1956
2193
2338
2341
2462
2440
2528
2322
1580
969
503
305
-35
-526
-826
-865
-1005
-989
-856
-771
-781
-882
-904
-835
-697
-643
-380
-205
156
534
946
1279
1273
1288
1427
1341
1088
880
677
534
439
393
126
87
314
220
-227
-451
-377
-707
-1000
-760
-936
-1323
-912
-602
-568
-408
-371
-86
262
355
409
234
204
285
224
269
263
160
131
192
-17
-247
-332
-310
-562
-870
-924
-833
-624
-687
-603
-554
-508
-314
-181
-53
43
106
225
266
383
416
572
751
683
888
767
938
1085
980
828
548
839
779
899
1054
986
1433
1305
1387
1485
1757
1851
1720
1742
1934
2115
2079
2061
2135
2336
2175
1805
1179
827
271
-269
-777
-1173
-1326
-1596
-1765
-1561
-1282
-1206
-1200
-1413
-1420
-1318
-1111
-981
-782
-505
-182
238
529
770
1037
1059
915
732
573
373
27
-200
-255
-407
-603
-613
-494
-524
-914
-1079
-1190
-1279
-1303
-1377
-1389
-1267
-1094
-952
-661
-433
-275
-100
13
12
72
233
161
-11
25
-23
12
61
-38
-82
-221
-415
-433
-686
-752
-839
-829
-815
-818
-494
-386
-310
-79
74
132
119
237
417
452
424
483
597
685
662
652
783
736
869
937
948
931
959
1120
1259
1347
1349
1449
1535
1642
1683
1789
1835
1857
1866
1980
2032
2159
2229
2244
2252
2230
2256
1853
1307
960
574
129
-376
-673
-747
-834
-903
-762
-494
-414
-484
-687
-671
-502
-479
-361
-235
74
425
604
809
1012
1233
1094
1002
835
762
441
372
207
-68
8
-236
-180
46
-268
-583
-835
-987
-889
-1106
-1180
-989
-984
-726
-558
-238
-11
236
286
290
384
253
193
76
115
228
328
239
166
279
267
215
18
-138
-212
-259
-350
-387
-228
-168
-57
74
215
353
408
476
563
492
523
670
653
769
832
1005
1239
1171
1100
1117
1284
1212
1169
1178
1072
1298
1351
1388
1407
1577
1717
1864
1853
1900
2005
1958
1996
2114
2134
2292
2292
2437
2599
2261
1777
1194
725
422
4
-540
-685
-832
-956
-906
-726
-517
-518
-535
-548
-618
-507
-464
-388
-319
-167
205
760
1126
1246
1422
1287
1296
1196
897
644
382
50
-235
-385
-563
-266
-228
-334
-509
-760
-1031
-1152
-1228
-1282
-1251
-1058
-725
-588
-240
73
272
354
338
435
411
314
220
135
47
245
208
248
91
-67
-158
-404
-440
-621
-849
-874
-671
-600
-685
-535
-236
-134
-66
226
318
360
435
389
542
551
517
583
642
768
903
777
959
964
900
823
811
744
686
786
945
1110
1128
1152
1352
1414
1426
1411
1437
1485
1492
1444
1542
1583
1656
1637
1328
873
377
50
-412
-749
-1088
-1454
-1485
-1546
-1465
-1311
-1119
-1069
-1160
-1056
-1078
-907
-856
-680
-391
-278
61
343
640
784
916
891
735
522
322
80
-254
-452
-528
-638
-603
-604
-590
-591
-851
-1001
-1235
-1184
-1233
-1296
-1187
-1016
-612
-492
-191
19
122
280
274
330
270
185
-60
-105
-147
17
304
236
203
169
3
-110
-184
-270
-236
-220
-173
-112
-60
34
290
287
425
533
588
524
486
525
518
482
577
757
814
948
1127
1184
1165
1091
1070
1076
1021
1113
1179
1215
1176
1307
1396
1416
1465
1485
1412
1446
1547
1513
1379
1273
1226
1353
1579
1166
831
175
-12
-349
-753
-1083
-1220
-1251
-1416
-1242
-1050
-797
-842
-877
-859
-574
-641
-619
-366
-453
-185
-85
142
418
367
393
250
154
-24
-171
-399
-574
-689
-746
-721
-836
-821
-860
-868
-1092
-1223
-1194
-1270
-1162
-1164
-988
-830
-582
-258
-83
290
314
385
405
381
241
148
85
-62
9
-27
-1
-3
153
103
3
-150
-286
-243
-319
-322
-234
-229
-160
160
368
545
600
794
883
953
975
879
985
1142
1159
1097
1343
1407
1421
1441
1449
1346
1139
1142
1067
1030
1164
1448
1510
1491
1338
1223
1472
1747
1724
1332
1457
1588
1619
1454
1344
1440
1501
1455
1352
897
520
324
75
-294
-697
-617
-737
-1065
-868
-650
-702
-364
-461
-706
-473
-297
-449
-336
-119
-35
52
161
290
440
382
255
206
11
-161
-385
-496
-746
-962
-1025
-995
-1062
-1105
-1254
-1274
-1048
-1149
-1277
-1248
-1291
-913
-911
-761
-387
-428
-217
-22
58
-54
40
88
-71
-252
-258
-408
-163
-225
-362
-349
-511
-445
-527
-586
-677
-629
-569
-550
-452
-418
-248
-208
71
168
192
389
382
515
513
509
531
496
567
591
608
514
563
619
548
627
507
525
572
567
640
657
735
843
921
806
877
968
975
987
979
902
825
756
805
868
587
531
255
-127
-359
-614
-843
-979
-933
-990
-900
-734
-556
-532
-570
-608
-556
-428
-392
-285
-282
-128
-73
60
210
115
169
151
160
-57
-233
-496
-780
-868
-977
-1002
-1206
-1219
-1045
-1135
-1173
-978
-935
-956
-1092
-859
-799
-741
-691
-562
-336
-253
-118
-27
-82
-15
49
-39
-85
-223
-217
-158
-138
-194
-206
-272
-248
-211
-206
-183
-94
-136
-153
-10
-67
6
98
177
155
253
266
355
217
256
279
263
492
315
283
377
513
483
543
599
531
478
590
592
588
627
558
608
525
618
686
617
606
478
395
346
205
209
223
120
-109
-413
-458
-603
-845
-982
-1162
-1289
-1359
-1335
-1245
-1156
-1083
-961
-920
-874
-825
-846
-792
-704
-709
-673
-614
-664
-596
-563
-553
-592
-580
-762
-1020
-1121
-1266
-1205
-1332
-1511
-1445
-1509
-1429
-1423
-1383
-1289
-1338
-1218
-1250
-1192
-1217
-1051
-965
-919
-833
-741
-523
-536
-320
-216
-242
-187
-195
-299
-270
-145
98
86
-82
-92
-16
52
132
118
-146
-199
-44
274
163
-7
332
387
99
230
470
667
691
575
609
496
434
657
704
745
652
633
632
631
680
757
704
708
699
560
648
713
764
619
540
554
478
480
541
465
467
464
499
403
197
98
6
-168
-380
-361
-582
-870
-1028
-943
-1096
-1196
-1092
-1231
-1164
-1154
-1035
-1204
-1141
-1092
-1177
-986
-1033
-812
-905
-822
-708
-556
-824
-986
-775
-977
-974
-1171
-1199
-1275
-1341
-1540
-1480
-1410
-1768
-1731
-1653
-1629
-1596
-1602
-1529
-1559
-1435
-1366
-1287
-1242
-1025
-831
-769
-660
-766
-722
-573
-612
-608
-480
-458
-298
-433
-488
-343
-305
-345
-327
-249
-204
-224
-135
-106
-136
41
162
130
114
361
367
309
333
438
456
494
470
515
640
597
619
524
509
480
442
321
304
387
316
323
371
408
405
485
587
541
537
502
509
395
422
462
463
440
315
254
102
109
73
-146
-249
-428
-535
-629
-656
-645
-652
-661
-503
-419
-416
-418
-311
-367
-370
-322
-408
-312
-288
-379
-251
-292
-348
-404
-519
-471
-461
-526
-551
-710
-873
-835
-883
-796
-831
-859
-694
-693
-622
-724
-645
-597
-657
-616
-636
-496
-491
-372
-354
-250
-115
-100
-168
-98
54
143
185
354
207
329
579
445
361
338
587
578
573
495
459
572
587
688
678
792
709
738
755
672
749
615
482
476
450
598
587
406
402
376
422
366
211
207
272
166
293
279
196
261
199
150
-29
-29
-40
-116
-125
-348
-348
-383
-383
-390
-397
-397
-583
-463
-530
-540
-640
-670
-663
-687
-654
-796
-705
-832
-835
-814
-794
-788
-854
-882
-879
-766
-787
-845
-814
-851
-845
-797
-854
-869
-814
-749
-899
-733
-674
-713
-1011
-1069
-952
-1118
-1087
-1046
-931
-1107
-1147
-1116
-1225
-1129
-1024
-742
-730
-795
-816
-800
-817
-756
-835
-693
-433
-231
-18
-16
145
103
142
134
247
256
357
426
447
617
620
724
714
665
749
805
833
810
825
819
699
646
675
755
774
886
899
891
903
760
840
879
767
758
647
643
543
416
380
343
393
382
347
284
261
176
255
81
162
143
-150
-38
67
-177
-211
-55
-150
-211
-271
-214
-175
-265
-402
-451
-408
-356
-353
-289
-371
-390
-237
-287
-294
-276
-345
-244
-243
-193
-170
-175
-163
-315
-254
-318
-308
-280
-389
-407
-391
-379
-471
-481
-569
-596
-578
-669
-580
-613
-579
-582
-541
-458
-400
-413
-475
-452
-441
-404
-413
-426
-376
-432
-407
-319
-285
-211
-178
-87
