-258
-321
-242
-246
-322
-276
-273
-377
-382
-415
-437
-385
-385
-325
-189
-89
-147
-233
-261
-278
-259
-233
-182
-176
-190
-173
-177
-218
-165
-128
-196
-199
-215
-256
-271
-215
-228
-105
-161
-245
-218
-270
-340
-257
-180
-210
-149
-34
-55
-145
-6
46
73
130
191
170
66
2
47
27
177
274
108
81
112
207
44
-88
52
182
153
210
141
169
188
220
244
188
151
80
221
186
249
161
90
103
165
303
136
31
29
95
-67
-183
-70
-62
-89
38
-55
-127
-140
-109
-243
-335
-118
-103
-175
-198
-206
-335
-302
-335
-328
-400
-537
-495
-411
-414
-448
-525
-487
-590
-693
-612
-714
-731
-497
-518
-493
-435
-430
-407
-450
-399
-435
-477
-469
-337
-273
-342
-393
-317
-214
-115
-47
107
140
33
219
307
404
530
553
546
606
810
912
980
889
1037
1216
1270
1310
1310
1364
1302
1251
1231
1319
1272
1447
1619
1465
1420
1435
1484
1577
1568
1496
1448
1415
1536
1430
1250
1127
1017
915
824
743
767
522
487
402
109
121
-60
-221
-432
-520
-388
-515
-628
-722
-878
-834
-875
-735
-714
-812
-1039
-1084
-1017
-765
-825
-689
-585
-640
-782
-861
-690
-738
-872
-988
-893
-1028
-967
-947
-824
-851
-949
-944
-812
-877
-876
-488
-713
-765
-630
-582
-603
-546
-273
-168
-159
-271
-194
-70
129
244
383
506
447
515
560
781
953
992
1122
1119
1189
1502
1646
1580
1708
1778
1786
2193
2044
2115
2362
2299
2209
2007
1894
1741
1685
1569
1490
1121
861
585
326
-61
-66
-161
-578
-932
-1218
-1256
-1390
-1604
-1779
-1714
-1816
-1932
-1985
-1915
-1885
-1949
-1958
-1703
-1528
-1492
-1420
-1349
-1103
-838
-773
-534
-250
-146
-74
4
244
415
437
431
366
526
426
292
225
270
88
1
-162
-383
-380
-621
-777
-996
-1114
-1367
-1609
-1756
-1860
-1724
-1934
-2178
-2347
-2366
-2184
-2158
-2046
-2111
-2115
-2054
-1988
-1751
-1673
-1409
-1282
-1076
-1162
-1180
-912
-723
-566
-441
-201
28
58
244
396
601
859
862
857
1147
1221
1230
1622
1713
1670
1704
1995
1964
1962
2154
2531
2644
2462
2163
2501
2804
2780
2804
2852
3000
2720
2386
2065
2040
2214
2226
1629
1056
1046
918
350
60
356
472
-149
-764
-675
-581
-868
-1136
-1060
-981
-1051
-1290
-1082
-863
-847
-997
-699
-407
-389
-483
-349
-177
-57
141
131
317
361
396
440
479
711
697
323
230
402
399
65
-183
-251
-220
-123
-583
-790
-879
-848
-1040
-1158
-1181
-1206
-1202
-1532
-1530
-1418
-1204
-1349
-1360
-1265
-1234
-1132
-1104
-1040
-874
-731
-730
-587
-383
-147
-80
42
266
406
561
750
737
898
1127
1151
1410
1408
1508
1571
1634
1894
1956
2125
2139
2080
2340
2474
2497
2778
2872
2932
3031
3046
3224
3402
3216
2733
2735
2945
3006
2570
1937
1648
1539
1109
617
347
309
-118
-730
-929
-864
-937
-1349
-1602
-1442
-1450
-1615
-1696
-1600
-1424
-1631
-1802
-1549
-1305
-1128
-1000
-881
-502
-267
-179
-168
-93
27
-84
-104
-4
146
168
-49
4
181
210
9
-105
-161
-249
-575
-1022
-1178
-1168
-1054
-1288
-1567
-1759
-1810
-1917
-2009
-1775
-1758
-1897
-2169
-2144
-1988
-1878
-1787
-1729
-1460
-1315
-1327
-1120
-999
-860
-717
-609
-286
-131
-17
81
125
478
690
691
829
960
1059
1096
1172
1362
1530
1468
1680
1621
1684
1903
2055
2123
2217
2225
2567
2743
2874
3077
3086
3183
3206
3218
2986
2641
2547
2756
2629
2103
1666
1709
1544
766
198
349
243
-430
-936
-1021
-1104
-1437
-1819
-1812
-1577
-1829
-2168
-2037
-1915
-1946
-1987
-1864
-1895
-2040
-1778
-1749
-1471
-1274
-1172
-1179
-1172
-998
-760
-583
-643
-551
-406
-436
-491
-388
-238
-294
-423
-476
-508
-607
-845
-1079
-1094
-1088
-1253
-1402
-1598
-1795
-1940
-2046
-2217
-2267
-2233
-2352
-2506
-2528
-2353
-2255
-2200
-2002
-1844
-1741
-1553
-1480
-1240
-1127
-1157
-890
-668
-439
-383
-222
-13
74
147
173
398
500
702
811
832
963
1176
1173
1330
1674
1786
1819
1799
1953
2226
2320
2596
2774
2787
2957
3216
3287
3329
3366
3384
3188
2835
2405
2438
2643
2315
1685
1278
1332
1138
653
183
146
-124
-696
-948
-998
-982
-1325
-1774
-1740
-1710
-1976
-2204
-1954
-1823
-1916
-1937
-1836
-1587
-1608
-1631
-1387
-1062
-921
-902
-724
-559
-301
-94
-126
-161
-52
-1
-45
-122
-22
61
-93
-292
-295
-202
-486
-760
-952
-997
-918
-1271
-1633
-1768
-1725
-1920
-2068
-1961
-2037
-1997
-2160
-2085
-1800
-1636
-1614
-1587
-1426
-1340
-1125
-1125
-927
-732
-664
-484
-343
-55
40
22
113
272
447
557
548
621
761
1013
1196
1199
1326
1524
1593
1627
1818
1997
2087
2134
2277
2442
2437
2551
2837
2983
3137
3166
3277
3364
3477
3262
3155
2821
2440
2629
2788
2648
1990
1636
1637
1316
658
303
190
-341
-859
-944
-863
-958
-1430
-1754
-1776
-1782
-1940
-2121
-2003
-1982
-2040
-1955
-1766
-1420
-1344
-1170
-1127
-930
-768
-665
-524
-389
-351
-391
-322
-132
215
21
-225
-185
-59
-50
-223
-296
-412
-390
-583
-788
-903
-1073
-1006
-1091
-1245
-1364
-1530
-1678
-1637
-1693
-1648
-1720
-1889
-2012
-1861
-1660
-1456
-1512
-1570
-1174
-1252
-1034
-730
-792
-569
-471
-349
-77
131
56
115
123
282
597
530
529
591
963
1133
1196
1047
1010
1217
1292
1281
1489
1551
1634
1657
1847
1996
2106
2193
2289
2675
2807
2984
2979
3171
3316
3441
3577
3251
2650
2338
2510
2741
2280
1464
1281
1145
706
112
-161
-161
-449
-1110
-1554
-1443
-1440
-1705
-2013
-2098
-1929
-2058
-2154
-2051
-1987
-1849
-1825
-1684
-1466
-1403
-1346
-1289
-1062
-789
-651
-686
-636
-386
-227
-309
-257
-130
-62
-116
-323
-208
-56
-218
-491
-487
-397
-585
-722
-936
-949
-1021
-1446
-1694
-1616
-1529
-1720
-1910
-2079
-2126
-1956
-1848
-1891
-1599
-1392
-1456
-1400
-1306
-1048
-812
-711
-617
-425
-298
-206
-91
41
114
100
133
282
355
318
319
274
384
440
574
684
738
813
719
720
753
1068
1262
1239
1395
1616
1774
1798
1983
2192
2361
2513
2431
2685
2990
2982
2891
2999
3229
3039
2458
2252
2361
2415
1938
1416
1039
914
504
-33
-414
-469
-609
-1358
-1664
-1653
-1641
-1996
-2390
-2329
-2314
-2315
-2417
-2544
-2374
-2289
-2262
-2054
-1720
-1515
-1513
-1488
-1247
-797
-745
-769
-477
-214
-211
-197
-156
-117
-23
-104
-48
38
-100
-270
-577
-607
-529
-781
-944
-1136
-1263
-1213
-1329
-1572
-1696
-1544
-1616
-1828
-1721
-1492
-1349
-1325
-1315
-1255
-1043
-930
-932
-751
-622
-484
-358
-340
-168
-148
-190
-26
85
413
323
147
188
220
322
433
513
613
641
561
590
818
833
585
736
1204
1153
905
1301
1507
1572
1550
1769
1970
1962
2243
2360
2463
2570
2703
2890
2970
3062
3407
3389
3000
2413
2125
2442
2450
2116
1508
871
796
494
-79
-291
-503
-816
-1308
-1699
-1714
-1857
-2162
-2297
-2258
-2038
-2114
-2078
-2038
-1896
-1768
-1689
-1456
-1305
-1081
-1132
-808
-493
-400
-264
-128
-88
-120
53
83
-219
-105
-61
-218
-308
-306
-416
-711
-674
-625
-755
-738
-1141
-1137
-1119
-1167
-1173
-1289
-1455
-1300
-1356
-1547
-1330
-1074
-1011
-1107
-916
-864
-571
-420
-437
-423
-289
-201
-255
-143
-26
60
154
144
195
242
192
172
108
139
187
-13
-4
10
-78
109
96
270
292
220
301
548
930
1138
1165
1239
1315
1591
1983
2221
2452
2579
2563
2683
3025
3151
3307
3389
3355
3429
3367
2922
2526
2278
2220
1972
1491
1149
909
402
-322
-759
-709
-624
-1109
-1646
-1714
-1779
-1938
-1913
-1852
-1791
-1936
-2016
-1733
-1521
-1319
-1133
-984
-791
-507
-454
-269
-52
270
446
450
642
590
486
418
367
548
557
230
-10
-89
-345
-530
-651
-857
-928
-1132
-1355
-1594
-1681
-1649
-1797
-1965
-1777
-1622
-1686
-1710
-1586
-1237
-1167
-1052
-926
-836
-662
-501
-317
-285
-183
-82
-206
-136
85
-50
-289
-218
-253
-282
-428
-471
-398
-531
-608
-529
-570
-645
-559
-460
-187
-123
-159
-82
79
203
480
620
742
925
1067
1148
1298
1530
1726
1844
1926
2109
2169
2215
2444
2577
2659
2700
2583
2383
1921
1479
1285
1334
1091
641
293
-221
-833
-1372
-1440
-1337
-1556
-2039
-2327
-2422
-2607
-2568
-2428
-2300
-2261
-2178
-2035
-1652
-1219
-1110
-801
-631
-379
-158
112
413
524
714
698
663
596
505
444
340
249
72
-279
-730
-874
-916
-986
-1238
-1400
-1404
-1646
-1831
-1811
-1927
-1813
-1807
-1837
-1649
-1630
-1535
-1341
-1236
-886
-498
-282
-267
-219
-89
82
177
63
212
214
262
269
125
256
371
249
169
253
335
275
245
119
146
187
259
208
339
524
645
540
641
901
1198
1341
1305
1587
1843
1959
2046
2306
2611
2798
2898
3046
3208
3230
3339
3570
3560
3668
3601
3383
3186
2556
2089
2167
2115
1878
1181
797
380
-402
-601
-711
-929
-1171
-1339
-1525
-1589
-1519
-1471
-1453
-1252
-1096
-879
-807
-593
-238
-64
66
346
525
615
706
658
746
740
712
656
590
401
293
101
-221
-430
-573
-765
-1041
-1226
-1460
-1509
-1692
-1839
-1784
-1825
-1789
-2146
-2253
-2180
-1997
-1823
-1766
-1641
-1536
-1378
-1356
-1072
-870
-876
-811
-706
-571
-554
-573
-635
-497
-528
-697
-726
-662
-649
-711
-773
-965
-959
-836
-918
-1071
-926
-780
-784
-790
-660
-567
-396
-99
69
230
509
779
1011
1094
1290
1560
1628
1825
2029
2349
2532
2415
2430
2498
2627
2815
2919
2918
2897
2912
2653
2190
1722
1291
1199
1212
1048
628
293
-173
-755
-1218
-1353
-1247
-1471
-1811
-1979
-1962
-2007
-1884
-1780
-1742
-1447
-1372
-1361
-994
-844
-787
-625
-411
-170
43
98
113
236
249
38
-12
-111
-280
-341
-582
-789
-1119
-1215
-1547
-1762
-1813
-1876
-2074
-2197
-2361
-2449
-2351
-2377
-2052
-1879
-1869
-1875
-1727
-1338
-1228
-959
-945
-791
-590
-403
-154
-227
-308
-326
-229
-370
-273
-342
-330
-521
-600
-775
-810
-710
-809
-744
-811
-605
-446
-450
-411
-295
-151
-119
-40
200
522
610
711
837
946
1084
1247
1453
1615
1676
1776
1854
1961
2007
2110
2330
2230
2488
2565
2606
2848
2765
2750
2742
2881
2666
2233
1590
1209
1322
1313
887
335
114
-293
-761
-1221
-1231
-1171
-1619
-1988
-2001
-1858
-1778
-1665
-1458
-1354
-1225
-948
-652
-383
-202
-23
-16
-12
116
173
58
217
366
-77
-527
-531
-304
-366
-732
-1252
-1490
-1392
-1405
-1619
-1720
-1769
-1793
-1930
-1976
-1842
-1854
-1814
-1648
-1500
-1305
-1180
-946
-661
-638
-450
-221
-102
-156
41
198
141
-7
-69
45
166
79
79
113
-3
93
-34
-93
16
-92
-90
-68
73
149
59
147
220
191
351
726
759
1029
1055
1287
1433
1463
1478
1658
1971
2043
2107
2130
2216
2380
2521
2519
2577
2439
2632
2843
2814
2980
2862
2852
2769
2896
2574
2014
1430
1014
1087
944
545
231
-17
-381
-881
-1168
-954
-917
-1227
-1613
-1658
-1396
-1248
-1306
-1298
-1078
-1009
-761
-480
-398
-173
-147
-220
-79
6
125
-2
-93
-243
-427
-434
-566
-635
-888
-1333
-1573
-1575
-1797
-1988
-2066
-2287
-2396
-2387
-2520
-2421
-2311
-2119
-2131
-2182
-1883
-1659
-1355
-1247
-1110
-923
-682
-631
-647
-502
-335
-320
-292
-291
-236
-141
-292
-451
-436
-459
-536
-523
-569
-694
-614
-507
-443
-498
-540
-425
-267
-264
-171
-94
-70
150
297
382
469
496
772
815
904
1050
1168
1185
1135
1378
1410
1432
1339
1456
1552
1650
1733
1716
1868
2004
2013
2022
2028
2112
1810
1191
634
564
685
485
-129
-441
-504
-901
-1357
-1689
-1476
-1727
-2083
-2149
-1950
-1833
-1840
-1705
-1537
-1468
-1380
-1296
-1061
-708
-662
-490
-459
-314
-277
-301
-442
-674
-478
-742
-973
-1044
-1067
-1319
-1633
-1872
-1993
-2029
-2163
-2302
-2418
-2477
-2533
-2488
-2286
-2126
-1959
-1861
-1718
-1512
-1280
-1015
-875
-820
-731
-619
-439
-473
-514
-297
-380
-486
-453
-473
-577
-654
-663
-680
-746
-782
-685
-711
-737
-758
-554
-386
-345
-391
-350
-372
-200
13
-118
31
137
210
426
569
720
723
659
789
901
1169
1283
1155
1121
1161
1346
1542
1649
1760
1968
2101
2034
2163
2293
2341
2413
2371
2025
1474
1062
903
780
551
157
-296
-262
-411
-971
-1230
-1266
-1093
-1415
-1677
-1661
-1371
-958
-1038
-862
-708
-654
-586
-449
-181
94
229
197
125
165
113
-22
-45
-45
-71
-180
-414
-429
-507
-703
-1086
-1242
-1343
-1336
-1499
-1620
-1477
-1356
-1454
-1714
-1387
-1370
-1095
-998
-794
-610
-487
-409
-251
-138
-36
356
142
61
279
355
382
266
175
187
217
177
190
41
-89
-127
-73
-32
-197
-108
-137
-63
11
22
214
263
289
467
445
562
673
858
1047
1136
1256
1270
1527
1648
1711
1807
1726
1873
2032
2115
2136
2243
2376
2374
2468
2553
2601
2560
2545
2684
2696
2605
2263
1687
1175
1009
990
754
398
118
-146
-449
-749
-893
-907
-1241
-1474
-1466
-1287
-1192
-1128
-1049
-1107
-972
-718
-548
-428
-266
63
49
127
291
333
358
229
161
155
91
-211
-304
-524
-736
-964
-1189
-1251
-1312
-1522
-1755
-1729
-1783
-1704
-1693
-1815
-1773
-1680
-1517
-1287
-1091
-997
-846
-699
-507
-393
-416
-398
-333
-174
-180
-193
-433
-443
-434
-505
-547
-741
-743
-756
-930
-911
-936
-911
-889
-795
-660
-598
-547
-455
-413
-299
-113
-39
2
171
305
404
520
587
640
811
839
880
1034
1208
1178
1340
1508
1420
1450
1477
1558
1732
1705
2020
2205
2238
2376
2284
2331
2397
2402
2138
1673
1106
1029
898
618
373
36
-159
-467
-741
-970
-1137
-1287
-1525
-1722
-1589
-1372
-1257
-1144
-1117
-949
-763
-636
-453
-356
-251
-187
15
83
122
185
32
-11
-142
-338
-377
-280
-462
-625
-855
-940
-903
-1041
-1148
-1109
-1172
-1227
-1267
-1207
-1015
-1005
-854
-897
-678
-544
-411
-147
-163
-38
-22
-49
106
62
91
144
26
-49
-32
-174
-276
-196
-157
-18
-99
-310
-341
-460
-343
-244
-175
-54
9
25
94
162
15
-124
26
256
523
571
848
937
1007
1216
1109
1226
1343
1436
1443
1602
1735
1784
1828
1940
1932
1971
2045
2027
2059
2148
2293
2270
2254
2168
2218
2286
2225
2163
1747
1216
972
1000
769
318
68
-232
-522
-653
-778
-909
-1192
-1400
-1508
-1576
-1349
-1235
-1110
-1185
-1234
-1002
-1084
-844
-628
-548
-588
-370
-295
-88
-60
-207
-18
-373
-497
-424
-362
-373
-637
-618
-805
-962
-1070
-1395
-1443
-1636
-1720
-1573
-1446
-1386
-1245
-1314
-1408
-1177
-994
-893
-874
-738
-654
-419
-342
-268
-299
-260
-215
-126
-132
-246
-263
-267
-268
-391
-415
-459
-515
-695
-651
-688
-607
-517
-462
-282
-344
-194
-107
-25
-26
166
262
380
548
686
883
964
1057
1075
1115
1214
1413
1445
1616
1656
1630
1682
1757
1829
1865
1890
1929
2105
2266
2349
2297
2317
2383
2345
2282
2389
2481
2446
2043
1645
1401
1063
889
562
251
174
20
-282
-431
-563
-806
-1077
-1275
-1248
-1036
-942
-954
-835
-807
-638
-660
-497
-363
-358
-315
-194
-16
62
82
21
20
-79
-154
-187
-352
-530
-490
-456
-563
-690
-831
-944
-1098
-1101
-1195
-1172
-1133
-1116
-1067
-896
-929
-997
-881
-941
-799
-666
-428
-396
-349
-139
-43
-116
-75
-167
-109
-136
-137
-71
-100
-86
-133
-190
-220
-225
-317
-269
-322
-362
-339
-235
-128
-113
-102
-150
-156
-16
-123
-19
249
402
544
696
764
756
712
761
872
931
1066
1180
1209
1352
1477
1514
1632
1676
1712
1758
1798
1876
1859
1755
1681
1659
1595
1720
1704
1650
1554
1247
921
678
413
227
38
-105
-279
-413
-465
-622
-765
-1016
-1226
-1426
-1437
-1458
-1387
-1264
-1207
-1091
-1029
-941
-1000
-882
-795
-762
-644
-360
-79
-160
-208
-342
-471
-378
-646
-771
-873
-814
-675
-829
-1284
-1587
-1460
-1703
-1752
-1467
-1759
-1621
-1469
-1509
-1031
-1171
-1223
-1043
-851
-1027
-854
-420
-258
-325
-309
-34
-70
-252
-133
-48
-285
-291
-73
-210
-397
-159
-380
-641
-509
-529
-760
-554
-268
-370
-392
-311
-71
-52
-102
-36
-17
-38
95
416
520
574
571
744
834
839
800
973
1157
1107
1144
1092
1143
1028
1431
1204
1532
1529
1555
1765
1652
1902
1872
1930
1768
1758
1890
1768
1700
1449
1356
1149
603
486
229
24
-157
-166
-301
-386
-512
-759
-746
-848
-932
-858
-847
-730
-662
-647
-501
-330
-310
-234
-228
-170
-201
-219
-123
-20
-14
-66
-71
-213
-282
-402
-544
-526
-640
-675
-737
-855
-952
-1059
-1101
-1135
-1113
-1099
-970
-925
-789
-779
-661
-542
-492
-389
-193
-97
-29
113
277
244
299
287
251
265
240
244
187
292
237
165
68
-26
-21
-69
13
-57
-146
-33
-9
20
125
152
203
302
368
374
424
746
956
994
1139
1300
1407
1601
1648
1737
1776
1756
1735
1716
1875
1901
1870
1973
1991
1959
1937
1933
1992
2004
2087
1974
1998
2106
2070
2099
2074
1760
1345
1113
843
649
414
219
191
-57
-159
-370
-418
-493
-698
-746
-884
-1066
-904
-724
-765
-776
-444
-418
-544
-304
-198
-201
-240
-177
-108
-81
-57
-156
-286
-524
-664
-751
-827
-924
-1216
-1202
-1160
-1386
-1529
-1602
-1675
-1752
-1732
-1611
-1530
-1378
-1166
-1066
-919
-744
-679
-614
-508
-452
-436
-370
-282
-279
-307
-262
-329
-480
-555
-713
-794
-847
-965
-983
-1055
-1016
-1034
-1058
-933
-1037
-1037
-882
-690
-552
-615
-678
-529
-376
-345
-178
-146
-1
95
295
382
281
361
489
549
669
720
767
872
938
1131
1124
1167
1262
1431
1394
1440
1784
1845
2043
1998
2079
2011
2198
2187
1848
1512
1054
610
206
-99
-537
-718
-965
-1068
-857
-827
-998
-1097
-1108
-1171
-1215
-1172
-925
-710
-535
-376
-149
-113
38
148
47
107
145
17
-105
-175
-310
-409
-631
-720
-715
-867
-1009
-1128
-1230
-1349
-1508
-1438
-1447
-1491
-1463
-1478
-1372
-1439
-1399
-1144
-885
-708
-570
-461
-394
-516
-380
-347
-358
-270
-500
-413
-491
-464
-550
-642
-569
-891
-757
-783
-989
-879
-819
-1019
-1091
-862
-884
-863
-885
-601
-501
-592
-412
-201
-272
-139
140
179
322
387
537
668
787
862
886
997
992
1030
1121
1269
1364
1450
1475
1596
1519
1582
1774
1873
1942
1956
1990
1990
2049
2041
2068
2164
2068
1938
1548
982
619
266
49
-253
-604
-823
-931
-915
-951
-1044
-1189
-1323
-1373
-1470
-1439
-1285
-1053
-746
-625
-486
-258
27
63
-7
65
-46
-151
73
-136
-206
-211
-359
-423
-664
-726
-1011
-1149
-1235
-1333
-1307
-1473
-1382
-1374
-1429
-1425
-1271
-1224
-1180
-998
-805
-616
-381
-55
-68
-53
33
5
-55
-59
-16
-68
-309
-401
-318
-471
-504
-584
-735
-636
-817
-1018
-1096
-1039
-973
-1041
-901
-805
-802
-626
-400
-341
-127
-67
58
197
290
452
519
603
781
855
951
1037
1138
1214
1192
1302
1441
1560
1534
1667
1651
1809
1757
1890
1933
2218
2298
2220
2566
2377
2578
2607
2409
2207
1692
1045
674
367
29
-483
-891
-909
-1109
-1296
-1361
-1381
-1400
-1608
-1666
-1681
-1637
-1361
-1199
-1075
-726
-468
-305
-156
-23
195
166
119
8
-98
-267
-423
-475
-572
-717
-921
-1046
-1227
-1297
-1481
-1638
-1650
-1795
-1669
-1621
-1621
-1425
-1513
-1338
-1243
-1198
-1014
-1055
-1069
-900
-681
-712
-710
-624
-590
-750
-903
-881
-965
-1138
-1184
-1370
-1439
-1400
-1454
-1397
-1305
-1251
-1395
-1424
-1344
-1330
-1267
-1249
-1304
-1197
-999
-718
-590
-533
-578
-422
-115
12
196
144
-50
231
577
425
451
761
1050
1167
1109
1136
1018
1073
1282
1418
1571
1815
1987
2192
2082
2100
2305
2254
2192
2127
2283
2220
1920
1396
692
181
-156
-567
-950
-1161
-1314
-1373
-1471
-1576
-1576
-1553
-1733
-1761
-1712
-1544
-1294
-972
-732
-749
-474
-163
226
264
166
313
196
149
-55
89
-193
-339
-296
-428
-686
-875
-759
-995
-1209
-1424
-1616
-1678
-1526
-1448
-1315
-1231
-1058
-996
-955
-828
-644
-467
-323
-174
-7
122
277
278
215
145
91
-52
-227
-261
-452
-540
-640
-777
-781
-757
-724
-688
-743
-647
-575
-485
-501
-536
-352
-145
-41
19
174
487
585
658
736
710
857
959
1056
1087
1271
1369
1484
1639
1764
1781
1827
1873
1880
2020
2131
2355
2442
2529
2681
2885
2903
3022
3272
3247
3273
3227
3364
3312
3100
2711
2031
1389
826
539
97
-392
-702
-621
-747
-778
-811
-759
-764
-953
-1080
-874
-630
-306
-111
-9
369
525
910
1157
1042
989
963
845
674
339
143
-14
-177
-364
-460
-409
-613
-809
-991
-1112
-1212
-1168
-1326
-1223
-1085
-1116
-860
-629
-510
-303
-128
-106
-76
61
100
211
167
116
145
141
14
-222
-300
-409
-562
-611
-840
-1083
-1001
-843
-989
-1119
-904
-782
-688
-762
-648
-498
-405
-291
-237
-96
30
58
180
368
285
334
607
513
495
600
730
883
951
1065
1140
1313
1491
1547
1554
1562
1602
1718
1758
1863
2160
2295
2389
2435
2483
2578
2575
2550
2522
2318
1916
1195
681
169
-256
-807
-1304
-1404
-1481
-1625
-1736
-1673
-1579
-1445
-1491
-1522
-1565
-1330
-1131
-1135
-960
-629
-252
43
359
579
590
676
399
171
33
-173
-341
-464
-640
-786
-796
-724
-878
-1126
-1211
-1457
-1590
-1657
-1721
-1495
-1266
-1045
-704
-585
-496
-321
-291
-86
125
238
125
-122
-218
-13
210
155
-213
-397
-159
-205
-566
-768
-971
-1191
-1252
-1346
-1345
-1232
-969
-862
-774
-635
-498
-526
-451
-410
-278
54
231
397
411
432
542
596
635
671
687
731
857
1047
891
1056
1181
1266
1391
1515
1521
1520
1645
1706
1902
1895
2179
2290
2435
2499
2628
2607
2736
2911
2691
2907
2958
2490
1603
734
266
-81
-653
-1316
-1787
-1748
-1584
-1816
-1739
-1413
-1177
-1290
-1478
-1290
-1214
-808
-566
-529
-288
201
542
809
1022
1034
989
908
572
307
133
-84
-317
-701
-797
-850
-877
-964
-1040
-1263
-1401
-1401
-1462
-1486
-1535
-1215
-1035
-931
-697
-403
27
186
187
213
329
405
376
324
181
34
-85
-207
-426
-428
-591
-732
-875
-997
-980
-1066
-1023
-1052
-999
-911
-865
-680
-510
-358
-71
-53
-71
58
338
314
350
440
450
406
552
626
747
879
936
838
702
808
826
913
1078
1184
1169
1421
1561
1774
1802
1908
2070
2088
2180
2206
2293
2286
2356
2382
2555
2554
2311
1643
702
36
-462
-799
-1627
-2072
-1972
-1910
-1991
-1970
-1654
-1309
-1331
-1561
-1477
-1292
-1038
-895
-686
-546
-141
304
498
832
939
1041
878
551
231
-13
-132
-389
-671
-908
-912
-922
-953
-1114
-1243
-1400
-1502
-1465
-1569
-1662
-1633
-1291
-1044
-820
-652
-397
-177
-173
-158
-78
103
61
16
-115
-256
-242
-276
-412
-462
-552
-615
-838
-910
-947
-1115
-1244
-1295
-1236
-1039
-1115
-995
-880
-700
-441
-384
-248
-380
-313
-187
-197
-38
33
246
328
358
650
682
674
677
825
793
822
870
811
902
1054
1052
1144
1254
1425
1545
1677
1805
1796
1955
2001
1992
2135
2163
2233
2252
2367
2262
1609
605
-95
-487
-1012
-1758
-2250
-2253
-2254
-2400
-2224
-1880
-1659
-1644
-1796
-1858
-1607
-1175
-817
-648
-636
-158
410
754
1013
1240
1260
1113
745
365
83
-218
-560
-877
-1043
-1151
-1254
-1369
-1308
-1483
-1619
-1722
-1726
-1677
-1768
-1694
-1549
-1418
-1211
-940
-731
-495
-221
112
245
204
6
-112
-105
-183
-363
-452
-550
-773
-853
-755
-901
-1026
-1115
-1216
-1381
-1437
-1371
-1330
-1171
-1030
-862
-773
-465
-340
-37
108
198
222
238
323
231
158
408
301
332
479
527
449
733
747
657
808
721
740
792
850
988
1199
1400
1554
1626
1727
2039
2174
2200
2241
2294
2385
2471
2557
2556
2496
1963
1081
385
-47
-481
-1012
-1559
-1791
-1858
-2019
-1781
-1469
-1247
-1048
-1017
-1171
-1029
-711
-488
-445
-337
-49
302
719
1009
1123
1092
1030
832
554
310
51
-523
-910
-1113
-1225
-1203
-1192
-1189
-1243
-1301
-1216
-1350
-1398
-1392
-1489
-1332
-1327
-1237
-970
-679
-489
-374
-102
47
93
97
-11
-186
-429
-404
-565
-652
-740
-792
-762
-839
-1017
-1082
-992
-1203
-1304
-1309
-1209
-1151
-1210
-1048
-896
-611
-458
-277
-253
-156
31
-65
-16
18
113
165
324
393
422
605
726
785
747
980
1021
822
805
906
989
1143
1230
1387
1604
1694
1842
1875
1972
2023
2015
2107
2065
2104
2169
2125
2258
1994
1490
725
238
-343
-1001
-1213
-1566
-1722
-1905
-1891
-1644
-1308
-1191
-1132
-979
-1003
-866
-803
-711
-491
-433
-51
340
578
806
927
959
895
847
547
144
-44
-416
-755
-1066
-1180
-1029
-1111
-1169
-1248
-1207
-1147
-1201
-1278
-1402
-1351
-1345
-1317
-940
-729
-474
-198
-52
91
287
476
340
318
141
-34
-214
-368
-466
-524
-540
-649
-720
-726
-706
-871
-835
-912
-985
-1060
-966
-802
-710
-636
-346
-169
-59
187
250
347
378
388
355
471
616
726
728
790
817
929
1007
974
897
771
950
1010
1066
1098
1141
1362
1635
1865
1851
1855
1863
1883
2085
2304
2316
2177
2100
1999
1743
1158
348
-147
-635
-1056
-1459
-1770
-1819
-1935
-1879
-1720
-1479
-1279
-1323
-1346
-1238
-1013
-746
-599
-486
-301
-135
150
351
565
684
734
686
392
225
-76
-494
-814
-1159
-1277
-1352
-1472
-1437
-1394
-1466
-1486
-1412
-1522
-1584
-1544
-1680
-1535
-1453
-1318
-1164
-922
-564
-365
-120
-214
-201
-298
-298
-308
-474
-334
-471
-585
-775
-959
-936
-1030
-881
-1040
-1012
-1082
-1046
-1066
-1146
-1055
-1057
-879
-698
-522
-299
-247
-173
-146
-92
-85
-4
-8
69
83
173
331
388
483
517
822
889
840
932
977
1189
1205
1237
1328
1236
1439
1552
1594
1641
1725
1907
1963
1936
1895
1954
2122
1951
1590
1383
887
298
-183
-514
-917
-1472
-1690
-1706
-1720
-1590
-1417
-1303
-1265
-1153
-832
-701
-532
-396
-350
-152
2
231
513
708
826
1004
960
842
687
311
-44
-276
-512
-744
-788
-935
-1052
-1014
-931
-921
-907
-1011
-987
-1044
-1079
-1159
-1091
-964
-768
-560
-297
81
197
311
326
449
505
412
146
109
-115
-307
-275
-370
-431
-506
-554
-547
-459
-637
-619
-747
-824
-745
-714
-514
-407
-225
-19
122
179
294
335
307
344
492
241
303
482
497
627
602
697
827
958
1079
1100
1266
1375
1319
1243
1228
1387
1435
1690
1644
1859
2002
2140
2387
2286
2321
2248
2207
2029
1936
1439
768
112
-431
-557
-989
-1495
-1782
-1756
-1677
-1656
-1489
-1426
-1399
-1256
-1071
-961
-727
-428
-361
-275
-50
245
613
782
816
916
797
607
424
208
-108
-455
-737
-881
-926
-942
-1057
-1118
-979
-971
-1100
-883
-966
-1026
-1109
-1055
-795
-582
-267
-21
211
421
767
856
803
819
663
346
210
115
10
-147
-99
-106
-170
-203
-185
-44
-84
-22
-14
-346
-537
-508
-447
-260
133
422
562
729
741
746
762
893
882
709
766
691
762
965
951
1054
1187
1376
1483
1553
1557
1754
1949
1924
2022
2007
2167
2140
2165
2358
2383
2518
2511
2343
2378
2579
2378
2247
1916
1346
705
146
-289
-687
-1024
-1347
-1614
-1531
-1440
-1334
-1179
-1048
-1008
-1009
-827
-719
-557
-541
-475
-294
-53
95
367
260
499
667
396
274
251
-44
-569
-921
-1164
-1049
-973
-1259
-1182
-1152
-1153
-1180
-1052
-984
-1228
-1228
-1402
-1379
-1205
-1038
-917
-571
-309
-49
300
324
439
373
158
-45
-54
-213
-526
-627
-672
-726
-737
-639
-738
-803
-820
-939
-805
-982
-992
-997
-985
-838
-666
-509
-327
-7
232
285
435
365
358
359
249
328
329
496
564
617
739
886
1003
1183
1194
1226
1262
1297
1270
1325
1426
1472
1556
1642
1692
1807
2019
2070
2059
2067
1964
1987
1989
1825
1504
1099
613
103
-129
-407
-915
-1135
-1197
-1314
-1265
-1183
-1064
-857
-722
-589
-639
-433
-222
44
101
248
516
757
1000
896
928
990
801
667
566
207
57
-260
-431
-607
-670
-677
-753
-778
-712
-725
-718
-830
-897
-739
-734
-495
-440
-48
187
316
757
833
969
1048
1019
956
694
794
420
358
322
11
27
131
5
-214
-196
-162
-266
-373
-350
-441
-299
-112
-142
-16
243
408
474
634
790
812
867
822
777
821
951
862
926
950
1051
1090
1211
1329
1284
1340
1369
1435
1490
1527
1488
1596
1660
1769
1773
1936
2126
2034
2143
2062
2003
1936
1819
1708
1412
1116
584
77
-224
-615
-1050
-1326
-1545
-1624
-1599
-1577
-1414
-1261
-1128
-944
-873
-635
-489
-455
-498
-359
-187
-1
166
111
202
314
239
24
-156
-398
-594
-844
-948
-996
-1067
-1132
-1051
-959
-969
-980
-1017
-1206
-1382
-1413
-1256
-958
-977
-1110
-908
-339
-24
153
218
102
443
327
60
-76
1
-177
-372
-241
-249
-165
-141
-236
-358
-144
-164
-371
-342
-279
-489
-465
-311
-424
-193
-151
-75
222
307
363
479
360
360
400
432
429
640
659
611
741
920
1107
1200
1126
1209
1226
1346
1391
1179
1435
1295
1466
1381
1420
1864
1621
1631
1836
1760
1598
1628
1586
1242
1320
1308
808
337
-61
-427
-665
-1017
-1324
-1372
-1422
-1318
-1267
-1148
-916
-858
-872
-810
-603
-520
-468
-479
-438
-257
-154
-14
-30
44
51
30
-91
-265
-391
-539
-737
-926
-1090
-1216
-1308
-1261
-1299
-1418
-1297
-1366
-1316
-1269
-1184
-1173
-1069
-839
-735
-566
-352
-168
-31
97
60
80
23
-30
-116
-152
-260
-430
-332
-432
-300
-380
-486
-540
-530
-474
-541
-488
-500
-566
-394
-235
-93
-8
42
330
301
303
412
580
473
529
591
654
563
727
1057
1013
1104
1095
1040
1113
1143
880
981
1080
1112
1151
1226
1269
1342
1401
1446
1503
1510
1611
1620
1527
1456
1435
1326
1330
1161
979
682
127
-294
-429
-814
-983
-1062
-1021
-1064
-1044
-855
-806
-588
-449
-296
-245
-61
-14
-60
-86
-104
-17
20
143
162
74
-62
83
83
-181
-432
-705
-665
-863
-1111
-1098
-1319
-1261
-1150
-1210
-1197
-1034
-990
-1019
-630
-555
-649
-475
-398
-278
-136
-66
-24
6
-18
49
-14
-103
-137
-203
-237
-341
-215
-138
-201
-331
-307
-285
-84
-185
-109
54
-5
-71
0
142
106
125
180
301
211
279
160
319
350
289
357
296
404
481
571
616
629
570
646
814
775
867
911
1023
1093
1098
1002
978
1073
966
927
878
772
917
1083
755
459
423
593
581
287
-172
-459
-712
-779
-893
-1019
-1179
-1192
-1027
-860
-584
-667
-787
-713
-399
-428
-676
-804
-556
-446
-397
-396
-458
-412
-324
-236
-404
-508
-456
-443
-536
-704
-1008
-1137
-1190
-976
-1031
-1039
-1147
-1265
-1164
-1146
-1123
-1111
-993
-857
-862
-922
-695
-624
-503
-436
-389
-324
-242
-256
-299
-251
-197
-212
-253
-238
-334
-188
-260
-201
-261
-226
-224
-44
-176
-208
-44
-92
-77
-46
124
364
408
282
397
508
648
493
415
259
354
626
531
554
618
584
570
703
795
621
692
658
606
625
616
603
712
688
701
712
700
758
686
659
645
614
488
537
448
308
203
47
-211
-278
-462
-621
-732
-890
-902
-1039
-1078
-930
-854
-839
-787
-697
-655
-803
-708
-634
-707
-773
-726
-639
-650
-585
-695
-684
-718
-930
-974
-866
-977
-1037
-1095
-1169
-1126
-1226
-1231
-1181
-1090
-1100
-901
-912
-916
-816
-785
-657
-655
-570
-473
-353
-365
-307
-315
-340
-127
-19
-41
-12
10
63
39
90
182
123
83
100
62
-129
-39
23
161
389
410
414
511
500
472
640
565
473
492
551
612
571
545
508
468
547
599
818
838
752
832
972
975
913
988
938
960
865
930
954
978
1086
863
843
846
721
623
644
538
185
304
172
-35
-39
-32
-161
-409
-246
-432
-433
-317
-466
-494
-413
-237
-358
-325
-245
-273
-329
-341
-335
-391
-441
-413
-433
-575
-582
-636
-728
-753
-719
-854
-977
-882
-896
-874
-874
-884
-700
-672
-663
-680
-546
-545
-482
-392
-242
-151
-350
-203
-34
-41
17
-30
-3
121
75
137
227
286
358
373
385
488
464
556
622
633
609
598
723
717
749
767
773
687
864
942
886
1001
896
757
711
691
692
648
705
760
753
846
856
798
873
1014
1077
1210
1164
1113
988
893
784
709
661
636
619
630
661
650
699
560
527
370
312
228
181
218
185
74
43
21
-102
-171
-115
-54
46
181
118
-62
-188
-168
-247
-128
-14
48
-25
-180
-323
-295
-342
-312
-386
-498
-620
-666
-726
-698
-665
-690
-604
-707
-739
-734
-702
-709
-627
-581
-544
-609
-671
-556
-614
-387
-471
-406
-405
-558
-254
-120
-117
-206
-58
112
160
70
48
120
224
201
372
504
385
475
415
458
526
558
569
682
713
641
801
791
763
854
795
674
793
710
750
603
560
651
504
550
519
567
639
593
535
419
515
530
405
292
331
341
214
209
200
284
345
200
221
279
216
209
157
121
81
-27
14
0
-33
-185
-179
-103
-259
-266
-265
-278
-159
-222
-264
-289
-184
-80
-119
-26
-61
-186
-217
-303
-361
-299
-428
-449
-430
-573
-655
-682
-653
-682
-795
-869
-728
-725
-812
-757
-722
-691
-582
-713
-743
-606
-590
-486
-414
-460
-529
-456
-257
-250
-309
-325
-212
-157
-174
-147
-246
-155
-42
30
132
219
231
226
280
397
402
425
534
574
631
666
681
805
835
840
987
1056
1095
898
753
748
673
590
447
284
335
478
316
244
164
198
249
272
234
275
272
241
388
329
446
179
365
329
241
414
