-92
-133
-96
107
-80
-46
85
57
100
12
149
228
225
462
378
129
338
327
271
366
248
303
351
446
485
470
459
462
504
486
554
660
573
530
473
544
616
646
692
670
678
691
609
675
590
439
514
484
491
360
165
270
177
128
162
83
165
132
-8
-77
-88
-217
-348
-448
-473
-535
-566
-484
-658
-790
-772
-715
-695
-784
-936
-863
-844
-814
-928
-880
-907
-853
-826
-918
-818
-818
-835
-775
-765
-760
-725
-763
-867
-796
-653
-648
-355
-187
-236
-181
-206
-73
61
178
336
546
563
593
809
1034
1112
1346
1325
1532
1719
1547
1552
1689
1782
1803
1874
1904
2081
2058
2065
1873
1887
1970
1903
1772
1885
1812
1658
1694
1487
1448
1252
857
780
845
821
407
3
-106
-169
-214
-484
-461
-578
-874
-1142
-1129
-1007
-1153
-1105
-1106
-1231
-1098
-1206
-1141
-1129
-1048
-1075
-959
-722
-693
-561
-644
-475
-392
-305
-363
-240
-228
-240
-189
-478
-475
-422
-707
-941
-786
-727
-1066
-1309
-1315
-1350
-1397
-1352
-1322
-1399
-1422
-1401
-1361
-1292
-1260
-1199
-1161
-1239
-1036
-901
-907
-813
-815
-737
-514
-335
-163
-84
5
252
403
715
819
920
988
1206
1532
1749
2034
2192
2222
2435
2729
2809
2956
3049
3113
3098
2989
2955
3019
2821
2380
1860
1501
1481
1385
1209
953
573
85
-451
-648
-474
-497
-903
-1491
-1774
-1684
-1676
-1912
-2028
-1955
-1883
-1694
-2042
-1944
-1525
-1602
-1587
-1283
-820
-894
-994
-817
-498
-55
40
54
289
298
9
190
501
566
449
387
397
163
-24
187
437
112
-290
-593
-696
-728
-873
-1086
-1296
-1607
-1898
-1948
-2039
-2221
-2593
-2659
-2633
-2814
-2815
-2788
-2810
-2919
-2762
-2667
-2632
-2580
-2408
-2299
-1993
-1872
-1739
-1798
-1681
-1426
-1407
-1049
-679
-610
-596
-532
-167
370
460
702
825
1155
1461
1447
1976
2154
2279
2616
2921
3080
3077
3326
3575
3645
3554
3436
3318
3428
3239
2910
2373
2062
2119
2114
1720
1245
665
126
4
-124
-231
-540
-834
-1306
-1706
-1692
-1672
-1872
-1930
-1911
-2091
-2046
-1885
-1844
-1715
-1713
-1466
-1196
-1008
-1116
-985
-761
-452
-170
-154
-51
84
11
154
338
311
426
283
102
2
-1
64
-22
-115
-70
-164
-334
-582
-822
-945
-1157
-1378
-1513
-1569
-1637
-1804
-2048
-2147
-2127
-2232
-2156
-2139
-2055
-1954
-2100
-1940
-1804
-1735
-1598
-1447
-1359
-1137
-899
-864
-712
-669
-573
-264
-60
46
225
426
524
787
1017
1084
1164
1344
1680
1809
1945
2136
2368
2716
2943
3066
3221
3483
3717
3908
4072
4180
3877
3680
3725
3550
2875
2485
2719
2937
2330
1407
935
789
539
19
-141
-188
-497
-1247
-1694
-1531
-1481
-1638
-1788
-1774
-1923
-2009
-2082
-1948
-1734
-1508
-1407
-1458
-1375
-1254
-1053
-931
-707
-442
-529
-625
-561
-528
-466
-412
-440
-376
-330
-550
-651
-627
-548
-705
-855
-910
-926
-991
-1157
-1316
-1523
-1638
-1935
-2151
-2165
-2100
-2267
-2448
-2558
-2561
-2597
-2619
-2621
-2622
-2407
-2340
-2356
-2134
-2161
-1888
-1662
-1434
-1316
-1185
-1043
-959
-734
-554
-345
-223
-20
-3
177
284
464
630
879
999
1093
1308
1570
1809
1882
2101
2435
2766
2818
2832
3277
3638
3958
4081
4116
3940
3649
3765
3946
3367
2591
2435
3000
3014
2052
1045
572
437
113
-410
-265
-401
-911
-1395
-1566
-1490
-1427
-1596
-1973
-2001
-1775
-1716
-1956
-1850
-1729
-1545
-1620
-1502
-1353
-1366
-1355
-1148
-828
-576
-545
-685
-654
-519
-385
-322
-277
-297
-340
-451
-411
-267
-100
-294
-519
-603
-626
-703
-885
-1115
-1308
-1493
-1739
-2082
-2044
-2137
-2471
-2415
-2806
-2799
-2616
-2506
-2569
-2582
-2235
-2336
-2153
-2159
-1895
-1695
-1544
-1435
-1193
-939
-1011
-961
-570
-534
-590
-537
-440
-244
-129
49
230
503
621
867
1065
1295
1355
1752
2141
2396
2542
2838
3166
3249
3503
3809
4160
4297
4082
3981
3845
4106
3982
3090
2304
2307
2840
2669
1440
406
425
305
-151
-524
-489
-464
-1214
-1944
-2031
-1682
-1623
-2062
-2196
-2094
-1915
-1904
-2062
-1996
-1896
-1688
-1490
-1562
-1463
-1304
-1387
-1211
-842
-537
-668
-1014
-740
-344
-215
-257
-345
-160
-206
-532
-439
-338
-277
-447
-552
-581
-878
-936
-965
-1077
-1032
-1239
-1652
-1972
-2140
-1631
-1676
-2263
-2482
-2372
-2145
-2312
-2145
-2160
-2209
-2088
-2079
-1761
-1538
-1390
-1380
-1165
-916
-823
-853
-742
-711
-451
-225
-194
-44
22
290
338
592
776
839
795
845
1129
1452
1755
1873
2090
2316
2529
2692
2906
3179
3148
3445
3779
4040
4131
4185
3976
3973
4037
3820
4128
3164
2187
2165
2553
2675
1646
655
348
159
-173
-444
-540
-558
-1396
-1934
-1942
-1785
-1771
-2074
-2250
-2205
-2015
-1949
-2084
-2242
-2063
-1767
-1695
-1683
-1548
-1605
-1564
-1377
-1142
-939
-844
-1034
-1065
-949
-819
-779
-804
-762
-824
-918
-861
-777
-803
-893
-1108
-966
-917
-1008
-1171
-1336
-1318
-1398
-1488
-1646
-1767
-1924
-2049
-2050
-2096
-2062
-2146
-2158
-2143
-2092
-1891
-1785
-1690
-1629
-1453
-1330
-1160
-912
-842
-762
-711
-574
-259
77
152
141
317
430
503
632
742
878
866
923
1072
1176
1361
1510
1825
1994
1954
2205
2320
2622
2956
3273
3444
3589
3810
3848
3876
3810
3769
3857
3757
3530
3051
2318
2144
2233
2238
1782
864
343
78
-283
-635
-990
-1190
-1494
-1710
-1808
-1762
-1594
-1743
-1909
-1923
-1794
-1787
-1706
-1612
-1604
-1368
-1292
-1106
-1220
-1191
-1177
-1224
-1034
-934
-962
-1170
-1197
-1112
-816
-875
-1032
-908
-1052
-1123
-1046
-1024
-1062
-1090
-1131
-917
-936
-1102
-1077
-1094
-1230
-1298
-1266
-1642
-1908
-1858
-1720
-1745
-1878
-2010
-2035
-2009
-1881
-1762
-1541
-1493
-1457
-1336
-1123
-765
-728
-536
-506
-434
-395
-273
-133
-49
72
-44
206
285
423
420
436
455
677
803
771
889
848
1173
1393
1587
1830
1845
2014
2305
2552
2727
2876
3130
3419
3670
3700
3658
3424
3414
3536
3368
2929
2283
1777
1806
1818
1480
790
190
-96
-333
-528
-640
-781
-939
-1328
-1752
-1620
-1495
-1533
-1586
-1614
-1656
-1732
-1739
-1579
-1418
-1376
-1297
-1253
-1191
-1073
-959
-939
-794
-557
-587
-543
-572
-503
-495
-353
-435
-455
-368
-375
-273
-263
-190
-170
-98
-274
-242
-225
-291
-366
-374
-338
-464
-616
-777
-888
-727
-711
-803
-911
-892
-817
-745
-545
-500
-481
-531
-508
-310
-72
105
166
127
156
180
387
430
563
717
729
874
920
929
959
1017
935
1217
1305
1296
1258
1521
1866
1962
1882
2146
2325
2431
2678
2722
2932
3077
3227
3365
3615
3663
3819
3916
3773
3567
3346
3211
3075
2680
2306
2060
2059
1857
1072
450
221
204
-142
-472
-713
-850
-1300
-1707
-1739
-1537
-1380
-1507
-1656
-1672
-1508
-1464
-1422
-1391
-1246
-1139
-1041
-968
-815
-697
-655
-515
-413
-310
-411
-508
-372
-246
-284
-244
-278
-278
-367
-409
-437
-344
-324
-401
-433
-356
-202
-408
-455
-510
-536
-644
-813
-957
-799
-524
-558
-670
-910
-913
-933
-972
-831
-707
-739
-868
-914
-883
-657
-604
-644
-462
-240
-197
-166
-42
106
147
121
259
297
465
498
550
617
731
738
612
748
953
1260
1355
1425
1499
1758
1960
2033
2291
2451
2707
2892
2955
3081
3449
3696
3689
3630
3482
3185
2999
2828
2417
1961
1762
1734
1297
591
-56
-156
-345
-618
-977
-1285
-1268
-1641
-2042
-2166
-2013
-1895
-2006
-2093
-2066
-1840
-1762
-1695
-1553
-1223
-991
-1069
-967
-906
-710
-755
-666
-518
-528
-442
-449
-319
-193
-224
-175
-173
-252
-210
-191
-187
-182
-218
-420
-463
-278
-505
-467
-543
-636
-788
-1108
-1149
-1376
-1436
-1297
-1344
-1655
-1817
-1758
-1630
-1513
-1455
-1326
-1301
-1279
-1170
-1033
-761
-588
-472
-557
-541
-348
-246
-251
-208
-204
-107
-112
-142
-230
-125
-3
47
157
310
353
469
574
851
999
1168
1359
1546
1778
1695
1937
2126
2299
2543
2843
2889
3087
3231
3237
3156
2985
2725
2558
2489
2371
1826
1264
1287
1055
553
133
-162
-393
-693
-965
-1122
-1118
-1392
-1741
-1981
-1932
-1701
-1701
-1658
-1762
-1522
-1393
-1358
-1081
-990
-820
-584
-584
-504
-212
-136
-50
71
205
292
318
270
331
523
334
147
160
134
73
-99
-67
-112
-276
-403
-540
-573
-682
-742
-808
-827
-988
-1226
-1267
-1354
-1289
-1336
-1177
-1331
-1346
-1186
-1352
-1374
-1057
-1046
-1055
-941
-848
-893
-839
-557
-571
-478
-488
-375
-208
-260
-218
-168
-71
-95
-55
-57
33
207
239
320
514
578
491
629
711
895
1043
1078
1199
1514
1753
1854
1997
2147
2413
2429
2573
2878
3137
3136
3103
2845
2371
2224
2275
2197
1737
1265
902
681
201
-320
-466
-593
-962
-1371
-1666
-1642
-1795
-1970
-1981
-2001
-1757
-1713
-1597
-1562
-1455
-1327
-1262
-988
-827
-635
-457
-426
-114
-82
82
190
89
273
93
61
27
3
-93
-301
-407
-480
-409
-450
-610
-631
-717
-934
-1022
-1190
-1329
-1107
-1186
-1435
-1504
-1432
-1504
-1467
-1295
-1320
-1366
-1403
-1535
-1399
-1201
-1118
-1127
-1085
-910
-775
-619
-597
-533
-547
-470
-426
-346
-234
-123
-137
-207
-98
-126
32
104
179
191
199
213
171
348
426
501
626
772
899
996
1106
1366
1629
1881
2097
2362
2585
2620
2980
2931
3116
3344
3533
3446
3207
2925
2572
2274
2505
1926
1383
1252
793
282
-320
-539
-617
-814
-1282
-1426
-1485
-1588
-1927
-1988
-2021
-1749
-1667
-1550
-1464
-1452
-1276
-1048
-929
-624
-400
-408
-330
-144
116
74
-13
48
280
261
74
7
93
39
-192
-372
-369
-379
-541
-765
-906
-911
-1056
-1142
-1206
-1294
-1203
-1064
-1461
-1658
-1775
-1717
-1525
-1498
-1323
-1325
-1292
-1378
-1295
-953
-777
-822
-769
-735
-585
-497
-546
-393
-367
-360
-287
-307
-245
-332
-272
-286
-205
-76
-62
-85
-130
-128
-102
38
221
446
493
618
896
876
1144
1315
1449
1614
1792
2045
2131
2461
2375
2547
2697
2959
3119
3145
3298
3401
3181
2628
2145
2056
2141
1925
1396
1050
903
513
103
-284
-453
-540
-854
-1156
-1224
-1291
-1316
-1546
-1678
-1621
-1402
-1211
-1110
-1037
-884
-811
-578
-450
-185
-41
73
213
327
281
297
320
393
429
213
142
33
-98
-299
-379
-526
-560
-791
-918
-1049
-1166
-1250
-1255
-1452
-1458
-1473
-1534
-1687
-1673
-1561
-1317
-1166
-1267
-1150
-984
-963
-923
-800
-691
-520
-504
-423
-397
-293
-314
-409
-271
-246
-247
-136
-65
-116
-78
-55
-76
14
113
202
142
239
429
349
397
495
616
868
1014
1103
1191
1381
1606
1658
1784
2055
2208
2350
2537
2606
2702
2817
3041
3187
3223
3219
3141
3105
2871
2438
2297
2110
1897
1374
1018
864
382
-198
-721
-763
-990
-1402
-1556
-1479
-1390
-1614
-1857
-1804
-1456
-1334
-1336
-1095
-803
-588
-697
-624
-221
-127
-149
33
166
110
-84
56
233
-75
29
48
-144
-317
-535
-445
-523
-718
-976
-1091
-1159
-1251
-1346
-1388
-1556
-1648
-1559
-1643
-1842
-1835
-1961
-1691
-1482
-1535
-1285
-1430
-1536
-1359
-1178
-1079
-983
-921
-796
-792
-808
-519
-586
-363
-555
-549
-258
-372
-408
-355
-143
-157
-174
-128
-108
-10
-19
103
55
153
42
421
478
578
1014
1037
1254
1199
1422
1573
1800
1831
1999
2130
2130
2290
2382
2481
2637
2634
2726
2848
2834
2766
2309
1845
1523
1235
1017
755
473
148
-287
-608
-1004
-1175
-1273
-1541
-1713
-1737
-1629
-1679
-1776
-1701
-1634
-1519
-1299
-1108
-843
-641
-557
-581
-382
-300
-62
79
67
138
226
329
259
204
91
23
-178
-275
-420
-573
-640
-810
-860
-1003
-1147
-1265
-1401
-1405
-1534
-1653
-1770
-1848
-1889
-1883
-1828
-1812
-1600
-1343
-1236
-1212
-1121
-932
-825
-890
-758
-563
-527
-340
-362
-269
-302
-397
-269
-326
-169
-162
-274
-266
-171
-222
-104
-29
-133
-60
33
367
406
431
549
560
752
985
993
1154
1232
1377
1564
1684
1768
1729
1796
1856
1971
1876
1958
2190
2316
2378
2481
2510
2603
2402
2306
1941
1458
1246
937
847
650
342
-8
-182
-630
-874
-1129
-1509
-1556
-1705
-1551
-1539
-1445
-1641
-1640
-1432
-1306
-1074
-838
-537
-400
-348
-261
-193
-32
161
230
333
312
275
325
148
15
-78
-354
-505
-552
-576
-804
-998
-1230
-1330
-1491
-1414
-1530
-1564
-1426
-1440
-1284
-1314
-1329
-1387
-1330
-1149
-1057
-982
-857
-671
-688
-609
-502
-431
-441
-303
-170
-186
-163
-110
-62
-168
-76
-5
-99
-36
54
48
29
147
266
256
210
172
326
413
626
542
395
468
493
480
579
752
925
1184
1321
1276
1280
1167
1592
2034
1790
1719
1870
2210
2476
2477
2576
2473
2598
2627
2384
2124
1818
1574
1354
1264
1007
734
501
200
-78
-538
-884
-1012
-1173
-1275
-1336
-1204
-1019
-1067
-1124
-1221
-1213
-1120
-998
-886
-746
-673
-642
-585
-554
-419
-451
-387
-400
-288
-200
-269
-290
-437
-589
-677
-702
-822
-865
-816
-925
-1074
-1122
-1179
-1256
-1254
-1264
-1273
-1468
-1452
-1270
-1394
-1442
-1502
-1237
-1185
-1141
-1177
-1017
-1115
-838
-645
-825
-617
-627
-552
-602
-549
-490
-333
-333
-317
-186
-279
-329
-357
-288
-392
-328
-368
-389
-237
-338
-383
-347
-247
-278
-173
-73
29
42
21
305
402
347
478
547
598
713
864
926
928
977
1228
1107
1166
1367
1386
1480
1544
1475
1574
1651
1417
1228
978
956
838
728
552
395
224
56
-175
-331
-492
-615
-690
-830
-920
-943
-778
-1113
-1261
-1321
-1281
-1161
-1092
-938
-697
-713
-730
-666
-659
-449
-458
-428
-517
-403
-312
-295
-284
-331
-455
-493
-467
-458
-463
-644
-626
-646
-612
-635
-793
-673
-669
-768
-896
-687
-634
-597
-706
-625
-356
-378
-369
-198
-30
72
132
63
116
203
185
93
129
6
113
77
50
-14
26
0
214
127
8
88
-10
92
132
47
55
133
103
229
-25
47
291
171
312
483
409
430
516
514
629
705
693
975
1111
1249
1331
1307
1596
1527
1634
1753
1872
1952
1971
1987
2002
2005
1738
1620
1407
1411
1383
997
781
556
390
237
-49
-345
-342
-519
-786
-931
-969
-1027
-1147
-1215
-1191
-1169
-1257
-1239
-1133
-1141
-1101
-1024
-965
-735
-721
-746
-691
-658
-594
-542
-444
-345
-408
-400
-374
-321
-351
-342
-468
-489
-340
-340
-419
-493
-345
-304
-350
-433
-451
-417
-502
-575
-590
-603
-544
-565
-464
-292
-141
99
-8
-31
-143
-156
183
241
0
-161
-54
-64
-9
61
83
146
3
-207
-243
-189
-250
-345
-228
-219
-146
-75
-65
-86
-133
72
203
299
536
700
820
1051
1136
1096
1188
1308
1359
1478
1648
1813
1892
1894
1954
2040
2107
2287
2233
2188
2241
2003
1956
1741
1561
1428
1097
971
523
521
386
173
-60
-496
-580
-823
-1220
-1378
-1456
-1411
-1516
-1629
-1520
-1596
-1441
-1309
-1339
-1386
-1251
-1013
-960
-606
-490
-474
-308
-331
-320
-225
-196
-125
-154
-59
28
-14
-149
-424
-615
-726
-700
-860
-979
-971
-998
-1043
-1257
-1260
-1203
-1210
-1267
-1339
-1349
-1155
-1161
-906
-854
-871
-777
-740
-582
-595
-661
-652
-548
-647
-575
-541
-555
-600
-685
-698
-742
-730
-795
-790
-772
-691
-676
-691
-662
-563
-613
-469
-311
-177
-1
72
23
153
332
404
529
596
726
705
722
872
1039
1192
1349
1448
1655
1874
1922
2017
2066
2139
2086
2194
2285
2119
1892
1551
1216
1116
840
537
218
11
-165
-353
-662
-962
-1133
-1443
-1670
-1708
-1543
-1502
-1498
-1501
-1391
-1353
-1311
-1033
-945
-717
-536
-413
-181
2
153
206
192
231
247
260
220
275
249
203
153
-20
-76
-253
-260
-385
-571
-686
-733
-658
-779
-926
-946
-1192
-1129
-972
-931
-1057
-1166
-1085
-968
-791
-657
-710
-615
-516
-454
-331
-321
-387
-348
-418
-290
-163
-309
-264
-419
-420
-450
-556
-556
-517
-529
-525
-361
-300
-272
-277
-256
-244
-180
-44
184
285
328
564
625
823
994
1050
1157
1211
1404
1603
1745
1885
1937
2058
2159
2230
2190
2372
2404
2322
2514
2432
2338
2099
1664
1218
961
869
468
102
-203
-306
-504
-801
-946
-1179
-1371
-1715
-1729
-1632
-1685
-1607
-1261
-1399
-1386
-1041
-801
-747
-788
-545
-225
-53
23
282
466
560
502
390
353
587
543
220
324
229
75
-260
-392
-381
-540
-921
-1079
-1008
-1046
-1030
-1206
-1174
-1226
-1218
-1060
-1012
-1051
-1192
-1183
-857
-696
-594
-382
-318
-272
-332
-371
-366
-159
-30
-134
-313
-337
-260
-418
-461
-446
-475
-462
-376
-497
-400
-436
-641
-324
-199
-161
-43
162
341
365
669
686
714
883
923
1235
1329
1306
1445
1291
1529
1731
1986
2014
1903
2087
2287
2560
2465
2370
2346
2658
2622
2609
2663
2573
2184
1712
1105
643
299
-94
-337
-513
-630
-968
-1246
-1547
-1731
-1902
-2169
-2088
-2030
-1832
-1548
-1368
-1196
-908
-723
-486
-371
-227
41
236
497
651
773
812
776
779
544
336
166
43
-83
-447
-509
-607
-868
-1003
-1138
-1265
-1262
-1321
-1337
-1351
-1216
-1137
-1159
-1116
-1192
-1001
-834
-756
-709
-788
-759
-638
-489
-385
-381
-541
-509
-465
-442
-432
-530
-541
-538
-581
-629
-630
-587
-453
-300
-328
-260
-82
-51
3
57
83
205
321
356
435
492
663
834
855
918
900
1152
1272
1301
1405
1499
1550
1637
1792
1778
2033
2136
2203
2367
2600
2575
2595
2666
2730
2765
2717
2788
2722
2438
1733
876
214
94
15
-165
-388
-545
-659
-801
-1131
-1305
-1346
-1525
-1542
-1514
-1041
-684
-324
26
19
250
401
541
704
653
573
679
889
907
809
857
637
427
142
-79
-317
-447
-495
-779
-890
-985
-1099
-1209
-1196
-1304
-1325
-1182
-1187
-943
-913
-881
-749
-466
-270
-266
-109
-88
-51
-68
4
-76
74
40
30
-7
-81
-88
-277
-272
-453
-558
-579
-570
-444
-440
-422
-435
-385
-250
-237
-95
-29
245
228
285
451
514
870
907
1009
1126
1142
1273
1287
1438
1465
1396
1674
1729
1732
1828
1878
2125
2181
2177
2217
2229
2500
2603
2652
2802
2686
2767
3030
3032
2542
1594
674
512
709
151
-440
-373
-297
-761
-1077
-1028
-970
-977
-1351
-1476
-1312
-1117
-691
-295
79
369
399
581
841
1024
956
808
981
1148
1021
844
721
767
377
-118
-297
-423
-495
-932
-1049
-1089
-1139
-1268
-1235
-1236
-1281
-1156
-1173
-1083
-799
-818
-757
-513
-347
-115
265
51
154
159
175
-7
-126
-127
-225
-226
-141
-378
-520
-354
-709
-681
-684
-857
-944
-532
-513
-526
-177
-250
-154
39
-29
184
202
420
427
518
608
576
835
821
932
861
802
961
942
1042
1030
1067
992
1077
1165
1320
1380
1552
1741
1872
2046
1941
2068
2111
2172
2443
2627
2625
2721
2559
2115
1198
275
152
-2
-333
-717
-881
-726
-969
-1273
-1248
-1003
-1144
-1465
-1543
-1210
-746
-266
77
217
361
597
913
991
931
1003
880
798
705
860
745
510
466
115
-123
-392
-555
-822
-929
-1140
-1233
-1092
-1102
-1163
-993
-847
-920
-1013
-915
-727
-627
-527
-371
-21
-4
83
-3
-21
24
-40
-77
-121
-48
-78
-30
-12
-122
-196
-119
-264
-314
-364
-303
-268
-285
-271
-191
32
39
125
261
314
390
477
617
730
691
776
908
975
973
1043
1205
1181
1182
1238
1316
1331
1284
1209
1414
1272
1469
1755
1793
1850
1906
2104
2237
2262
2208
2340
2430
2504
2682
2628
2138
1190
434
364
213
-315
-775
-751
-554
-756
-1033
-845
-667
-894
-1291
-1387
-1112
-842
-453
-41
140
402
739
976
996
956
950
985
802
653
577
614
624
389
94
-114
-299
-514
-757
-1092
-1283
-1261
-1306
-1238
-1229
-1216
-994
-840
-936
-903
-598
-643
-490
-438
-336
-55
94
230
13
29
78
33
-145
-328
-278
-303
-237
-280
-391
-426
-490
-494
-717
-614
-373
-395
-321
-258
-128
-64
262
538
599
591
634
872
919
937
829
875
1036
1105
1279
1240
994
964
1072
1134
1269
1172
1048
1138
1225
1323
1392
1513
1795
2039
2039
1978
2168
2458
2556
2564
2655
2938
3107
2988
2593
1690
910
549
256
-249
-627
-629
-602
-681
-814
-645
-418
-604
-931
-1112
-995
-602
-252
88
370
666
914
1217
1393
1361
1204
1151
985
608
426
628
311
54
55
-312
-570
-811
-888
-1102
-1307
-1680
-1711
-1559
-1530
-1382
-1110
-871
-1013
-832
-689
-689
-681
-534
-387
-344
-264
-148
-144
-143
-135
-204
-402
-492
-616
-608
-601
-760
-752
-649
-649
-657
-536
-603
-695
-654
-586
-375
-321
-158
4
35
189
346
382
411
408
437
372
195
272
433
408
406
471
548
588
588
504
451
475
579
735
830
933
1258
1329
1442
1649
1635
1687
1811
2020
2034
2171
2221
2373
2226
1523
575
105
136
-218
-879
-1207
-1185
-1102
-1168
-1118
-717
-749
-1108
-1384
-1396
-1158
-761
-484
-239
-67
423
868
970
1005
866
794
630
364
163
130
135
-56
-247
-269
-562
-643
-728
-1087
-1316
-1419
-1449
-1390
-1507
-1433
-1038
-779
-440
-292
-190
-67
-84
-63
34
198
198
369
364
195
147
271
240
85
-71
-163
-304
-292
-296
-515
-178
-303
-314
-446
-423
-162
-225
-206
-70
137
323
474
448
493
710
815
914
880
950
945
931
1012
987
939
838
944
873
1052
952
948
1006
877
1014
1011
1114
1230
1454
1668
1852
1930
2056
2344
2411
2570
2650
2767
2773
2687
2354
1522
741
427
368
-219
-708
-869
-864
-978
-1208
-996
-807
-933
-1241
-1432
-1290
-972
-751
-429
-206
8
504
780
940
945
878
578
299
136
43
-158
-325
-542
-755
-804
-881
-981
-1148
-1344
-1535
-1684
-1665
-1677
-1771
-1681
-1332
-1077
-730
-498
-201
50
74
34
-119
-30
124
330
356
254
265
256
12
-128
-326
-422
-419
-661
-720
-684
-538
-671
-651
-460
-287
-168
-178
-36
164
335
424
678
731
864
993
999
1094
995
899
924
820
716
618
700
600
566
669
717
876
921
1081
1080
1155
1288
1560
1700
1761
1866
1884
2215
2399
2581
2542
2731
3034
3131
2834
2352
1600
840
537
215
-385
-769
-847
-807
-1009
-1189
-764
-577
-793
-1048
-1008
-1080
-821
-510
-404
-212
73
503
577
766
870
718
367
206
-7
-205
-385
-706
-743
-844
-843
-1004
-1082
-1186
-1447
-1531
-1741
-1706
-1639
-1624
-1472
-1184
-927
-765
-503
-402
-443
-375
-361
-316
-255
-313
-298
-391
-263
-85
-161
-144
-201
-368
-407
-498
-588
-727
-686
-675
-685
-655
-430
-333
-475
-323
-120
-66
-44
-89
73
235
377
561
403
483
664
617
705
752
612
675
708
726
725
632
886
995
1010
1058
1185
1258
1309
1425
1538
1538
1789
1973
2094
2292
2339
2429
2480
2663
2521
2229
1534
741
399
86
-367
-1029
-1140
-871
-937
-1118
-1061
-937
-831
-1107
-1221
-1162
-1067
-834
-729
-469
-142
237
503
691
688
761
574
320
159
-103
-417
-539
-746
-810
-868
-1029
-1057
-1190
-1181
-1512
-1604
-1712
-1794
-1747
-1913
-1409
-1035
-928
-535
-286
-116
135
107
115
216
26
-89
-226
-264
-140
-114
-211
-337
-362
-476
-676
-817
-1040
-1089
-1044
-1086
-935
-901
-685
-508
-362
-327
-76
186
164
180
170
218
254
360
495
501
536
629
667
565
490
430
491
423
370
300
456
610
655
999
971
1086
1227
1365
1544
1625
1775
1937
2141
2315
2462
2449
2640
2682
2650
2279
1541
945
494
91
-498
-1006
-1056
-1091
-1247
-1318
-1177
-910
-835
-1066
-1305
-1235
-1040
-843
-709
-481
9
316
497
608
687
870
845
440
-32
-302
-512
-631
-706
-894
-1055
-1090
-1251
-1248
-1258
-1413
-1435
-1441
-1457
-1668
-1653
-1456
-1100
-905
-551
-35
16
-121
-108
-64
-30
98
-169
-300
-246
-205
-185
-298
-322
-274
-395
-496
-614
-808
-870
-873
-829
-837
-734
-634
-393
-408
-338
-161
-93
-195
-173
-161
-143
145
-5
156
164
190
292
205
407
648
471
266
232
446
625
531
621
962
981
950
1189
1240
1423
1658
1662
1649
1761
1903
2126
2157
2333
2427
2471
2438
2158
1522
743
328
-2
-652
-1196
-1368
-1486
-1543
-1573
-1461
-1197
-1164
-1249
-1402
-1371
-1268
-1173
-1080
-1041
-764
-447
-292
-106
111
199
136
-133
-339
-629
-961
-1104
-1359
-1465
-1469
-1502
-1500
-1679
-1658
-1774
-1820
-1788
-1774
-1778
-1914
-1749
-1503
-1349
-1050
-923
-690
-363
-221
-226
-256
-316
-347
-437
-565
-500
-476
-471
-512
-505
-442
-666
-899
-1054
-1193
-1153
-1138
-1246
-1155
-906
-821
-581
-555
-373
-248
-346
-133
-70
3
39
83
367
391
408
626
558
609
499
452
426
487
572
365
336
347
474
611
763
987
1050
1151
1461
1585
1675
1843
1981
1964
2138
2216
2274
2431
2543
2562
2469
2183
1397
862
427
75
-466
-1040
-1183
-1133
-1012
-1080
-993
-835
-767
-918
-1017
-956
-863
-732
-765
-696
-342
-78
338
456
450
533
356
263
-176
-397
-533
-891
-1130
-1233
-1268
-1354
-1294
-1381
-1373
-1340
-1415
-1356
-1539
-1501
-1470
-1384
-1143
-785
-375
-160
-44
89
221
319
295
132
-152
-356
-357
-452
-503
-546
-623
-625
-569
-672
-751
-738
-752
-769
-867
-871
-910
-770
-822
-745
-541
-451
-209
-92
-68
-91
-90
-49
-98
-48
71
68
11
162
460
538
291
241
473
239
304
491
465
413
616
874
808
1000
1125
1376
1613
1618
1493
1622
1991
1865
1735
1995
2266
2359
2101
1458
726
305
141
-485
-1100
-1512
-1606
-1489
-1457
-1512
-1390
-1302
-1222
-1098
-993
-1065
-962
-822
-649
-379
-242
26
322
559
567
513
372
196
-118
-388
-509
-739
-1026
-1081
-1095
-1199
-1120
-1116
-1290
-1258
-1254
-1336
-1317
-1419
-1521
-1194
-923
-826
-360
-212
-91
51
-35
63
164
154
6
-106
-103
-150
-184
-141
-486
-324
-557
-634
-695
-889
-779
-923
-803
-914
-820
-751
-600
-426
-327
-211
-102
-53
-23
-9
-17
37
132
306
314
443
455
541
640
500
463
370
264
163
197
276
235
323
365
491
665
841
939
978
1109
1139
1234
1357
1395
1487
1639
1622
1605
1599
1507
992
494
-92
-466
-691
-1108
-1424
-1434
-1331
-1257
-1156
-1038
-860
-943
-846
-927
-942
-737
-751
-683
-539
-334
-144
140
345
254
116
-24
-154
-458
-761
-924
-1216
-1483
-1414
-1380
-1409
-1298
-1358
-1424
-1282
-1378
-1316
-1197
-1324
-997
-729
-530
-469
-353
-235
-22
85
-93
-113
-82
-244
-419
-449
-312
-350
-462
-345
-346
-373
-413
-643
-722
-570
-620
-606
-638
-508
-307
-229
-251
-102
144
171
239
387
412
261
334
386
189
414
498
497
660
492
608
530
504
448
388
344
545
716
779
1035
1164
1217
1249
1634
1419
1488
1758
1741
1654
1723
1899
1945
1906
1749
1395
945
456
-107
-347
-717
-983
-1189
-1099
-945
-905
-774
-697
-522
-550
-659
-433
-208
-221
-299
-337
-108
140
256
374
381
377
338
47
-192
-448
-729
-912
-1127
-1203
-1265
-1259
-1119
-1121
-1186
-1100
-1055
-1040
-1097
-1104
-989
-906
-755
-582
-448
-371
-250
-126
-87
-30
-73
-221
-408
-550
-583
-672
-678
-753
-712
-660
-536
-527
-545
-540
-544
-569
-705
-602
-623
-559
-303
-256
-123
-90
-21
-1
-3
109
-3
49
79
87
23
247
512
465
561
511
593
585
432
446
335
377
509
599
573
697
1047
1113
1222
1293
1299
1291
1355
1410
1499
1545
1630
1784
1655
1618
1594
1521
1326
1047
681
233
-95
-255
-334
-595
-570
-561
-551
-494
-506
-569
-537
-498
-520
-465
-444
-309
-346
-246
-192
37
150
135
52
78
-159
-385
-475
-685
-859
-915
-1097
-1117
-1041
-1227
-935
-858
-931
-960
-965
-853
-883
-815
-725
-504
-377
-230
-170
-110
48
91
157
-62
12
1
-131
-71
48
27
-121
-66
-131
-137
-230
-213
-291
-311
-278
-223
-101
-142
-118
-31
92
263
346
428
399
563
556
621
545
545
612
566
646
513
580
621
632
596
539
662
766
808
897
960
910
1139
1270
1260
1316
1407
1340
1258
1368
1538
1769
1850
1831
1767
1562
1237
893
535
255
-2
-326
-573
-564
-465
-436
-434
-359
-234
-163
-68
-132
-215
-219
-282
-334
-259
-166
-60
78
19
-15
-101
-317
-456
-612
-848
-1149
-1413
-1361
-1384
-1406
-1395
-1247
-1219
-1226
-1129
-936
-821
-847
-695
-779
-736
-695
-763
-767
-587
-456
-481
-366
-426
-467
-510
-572
-587
-547
-702
-777
-633
-692
-465
-516
-548
-308
-410
-458
-354
-342
-294
-245
-256
-237
86
137
62
344
421
309
291
346
335
323
262
257
307
269
338
425
373
400
477
487
407
431
619
638
675
860
878
980
963
1091
1124
1096
1220
1137
1173
1197
1158
1152
1282
1238
1115
1172
1221
967
923
781
634
443
307
224
85
50
-82
-112
-169
-80
-109
-106
-123
-154
-190
-178
-150
-225
-206
-224
-210
-197
-199
-336
-178
-229
-267
-420
-734
-722
-803
-780
-826
-719
-941
-1050
-1007
-791
-825
-1006
-813
-485
-455
-619
-617
-567
-290
-296
-452
-130
115
118
-113
-48
352
317
182
217
364
262
84
206
346
138
57
127
188
406
305
228
446
416
300
391
567
781
723
702
703
838
843
721
763
735
753
659
577
632
661
608
513
620
628
525
670
589
708
749
870
994
1012
1013
852
1111
991
1016
1085
1140
1153
851
1040
799
824
575
297
77
-218
-232
-374
-442
-361
-576
-520
-321
-294
-253
-330
-226
-283
-319
-383
-477
-465
-563
-563
-535
-500
-508
-572
-685
-810
-928
-1058
-1283
-1444
-1378
-1441
-1480
-1479
-1356
-1211
-1100
-993
-1015
-998
-862
-891
-1017
-722
-549
-407
-350
-314
-193
-187
-106
-79
-84
-167
-128
-209
-271
-172
-127
-151
-224
-87
-145
-47
5
124
177
206
407
361
445
585
629
662
695
747
881
967
1041
1083
1037
894
980
951
831
781
848
990
910
833
872
918
1065
1108
982
1082
1170
1175
1141
1247
1178
1295
1321
1316
1354
1203
1267
1275
1120
1084
1058
1004
1038
883
900
735
645
591
451
543
460
217
127
132
85
72
242
204
161
229
164
54
-119
-86
-171
-248
-316
-365
-535
-536
-611
-622
-581
-692
-907
-1009
-834
-913
-868
-836
-853
-816
-750
-859
-906
-821
-866
-717
-638
-632
-581
-776
-651
-530
-635
-534
-404
-476
-332
-306
-377
-315
-214
-233
-151
-147
-220
-21
105
175
266
302
325
333
380
326
265
357
467
494
502
657
583
665
694
697
787
727
830
777
706
688
785
757
672
746
702
592
547
545
642
480
418
494
536
530
665
601
632
774
770
815
710
709
809
724
742
647
654
606
459
631
730
746
467
377
402
367
466
544
521
456
342
174
263
477
338
-64
-233
39
138
-80
-339
-307
-167
-200
-216
-340
-234
-270
-314
-257
-400
-323
-467
-543
-614
-676
-641
-558
-427
-400
-295
-223
-216
-294
-228
-94
-55
69
143
91
87
147
132
238
231
202
320
266
300
293
389
404
404
443
535
512
607
691
627
719
640
629
651
865
591
703
823
790
810
876
795
929
884
614
617
781
687
604
633
647
484
460
583
341
448
349
400
256
318
391
477
494
439
524
593
632
604
611
488
594
611
509
438
488
467
381
381
256
170
95
-14
-71
6
-94
-45
-45
-154
-54
12
-128
-97
-71
-52
-42
-57
-202
-267
-345
-342
-417
-523
-585
-634
-723
-781
-696
-860
-733
-897
-858
-812
-836
-688
-739
-655
-599
-517
-399
-274
-265
-353
-365
-270
-377
-365
-217
-214
-238
-223
-154
-227
-279
-339
-249
-303
-151
-152
-326
-280
-147
-50
-22
28
84
185
255
334
359
420
338
447
418
327
503
645
553
581
575
450
438
276
359
445
336
359
558
505
354
420
464
497
455
450
429
329
371
417
464
469
478
517
507
436
468
553
481
452
543
426
359
464
453
504
595
622
424
699
526
427
592
492
329
232
252
120
204
129
115
151
106
-1
-80
-213
-315
-223
-303
-353
-272
-214
-332
-417
-342
-269
-327
-368
-231
-180
-227
-354
-264
-293
-250
-177
-249
-207
-221
-247
-234
-142
-110
-161
-187
-116
-109
-106
-78
5
-4
56
12
41
8
3
53
39
71
30
-5
-10
139
93
94
116
44
109
156
