381
290
347
399
369
328
461
305
249
377
330
363
431
561
497
485
538
580
565
608
738
690
701
679
745
763
875
885
771
801
690
757
684
798
807
625
646
541
473
401
320
376
457
257
191
316
308
276
157
218
181
294
271
174
247
238
241
222
107
19
95
47
110
141
107
-25
-11
9
167
-116
-122
174
-141
32
372
176
127
-14
-286
-75
63
36
285
258
-38
-233
-308
-396
-294
-193
-102
-23
181
289
-158
-236
-62
34
360
564
499
377
540
237
203
329
165
87
120
289
296
275
155
179
182
189
308
396
175
86
130
23
33
183
253
291
372
504
573
344
361
366
241
220
206
279
270
149
7
130
177
138
99
90
79
41
61
97
113
183
27
193
314
94
-164
124
248
-63
142
550
474
124
49
92
33
112
87
109
21
131
-6
-127
-57
96
138
148
136
65
7
-20
-11
-24
-75
52
3
-61
-99
-62
40
-255
-139
-48
-215
-245
-143
-204
-92
-6
-72
-111
-53
-79
-230
-171
-145
-273
-245
-188
-171
-113
32
-184
-158
-45
-133
-50
-26
-119
-157
-49
-232
-236
-78
-182
-176
-186
-160
-89
-157
-129
-87
-13
38
-97
-8
107
-5
116
198
55
-15
-12
-168
-93
-79
-45
-159
-158
0
-211
-326
-149
28
-182
-224
-247
-199
-53
-95
-82
2
24
-68
-89
-215
-164
-175
-119
-136
-73
-18
-257
-424
-425
-205
-100
-118
-120
-241
-77
-79
-180
-87
2
144
138
168
146
174
131
97
171
81
166
198
207
147
150
175
38
140
236
76
159
380
365
380
407
377
473
337
422
569
344
655
478
564
692
529
475
303
503
615
503
414
454
447
397
411
438
527
419
604
542
498
570
575
584
450
579
507
458
384
373
316
424
390
401
299
194
205
-3
-83
-260
-195
-262
-294
-299
-344
-443
-443
-377
-383
-448
-511
-510
-543
-580
-700
-660
-606
-643
-699
-649
-723
-706
-656
-712
-702
-682
-703
-695
-581
-583
-563
-486
-598
-539
-365
-294
-144
-190
-208
-87
-139
-29
-2
55
27
220
189
136
172
157
285
225
377
160
462
632
769
905
826
994
930
918
969
803
904
1043
1052
1452
1336
1177
1329
1370
1465
1450
1429
1215
1236
1215
1098
1295
1434
1409
1286
1089
929
852
853
776
609
606
519
507
513
479
431
254
89
-4
52
27
-56
-282
-317
-535
-629
-510
-553
-545
-583
-489
-555
-627
-628
-479
-615
-430
-408
-470
-245
-385
-373
-460
-429
-367
-219
-417
-392
-381
-290
-360
-480
-269
-399
-534
-353
-459
-365
-275
-441
-260
-213
-315
-200
-56
-145
-34
36
-20
233
165
146
106
61
174
186
171
218
187
205
289
310
345
408
443
438
494
569
744
901
979
1031
963
1065
1312
1360
1461
1364
1250
1333
1502
1604
1668
1397
1272
1335
1156
1117
1097
1183
975
695
515
490
295
260
277
13
-415
-451
-615
-805
-916
-1101
-1150
-1354
-1467
-1658
-1559
-1483
-1559
-1723
-1713
-1658
-1735
-1642
-1507
-1394
-1458
-1337
-1324
-1414
-1145
-897
-827
-687
-602
-549
-586
-723
-613
-605
-486
-472
-495
-585
-720
-670
-721
-771
-674
-723
-699
-743
-818
-761
-774
-698
-662
-626
-852
-836
-774
-745
-673
-768
-851
-786
-730
-751
-748
-685
-567
-571
-541
-477
-378
-198
-131
38
159
289
455
279
525
591
782
834
831
1109
1263
1600
1461
1574
1736
1527
1571
1774
1985
1825
1454
1194
1334
1631
1686
1702
1289
934
574
688
967
856
524
50
-94
-119
-84
-219
-387
-570
-955
-1146
-1100
-1055
-1069
-1134
-1270
-1387
-1346
-1360
-1353
-1337
-1250
-1263
-1113
-880
-952
-810
-703
-539
-532
-672
-683
-627
-608
-466
-455
-519
-522
-436
-371
-257
-146
-366
-396
-487
-447
-354
-336
-303
-358
-334
-314
-219
-168
-164
-37
127
250
293
254
224
437
650
671
563
686
888
874
1013
1219
1410
1533
1585
1725
1882
1978
2090
2065
2074
2223
2403
2464
2486
2406
2360
2291
2222
2196
2185
1999
1811
1650
1547
1420
1193
1017
909
627
419
310
249
61
-144
-234
-371
-480
-507
-555
-713
-595
-637
-792
-753
-722
-871
-796
-751
-645
-513
-617
-452
-525
-424
-249
-134
-158
-39
-89
122
181
167
381
281
449
412
415
524
350
198
200
226
69
101
89
20
-172
-254
-323
-563
-867
-966
-931
-1353
-1466
-1698
-1583
-1569
-1445
-1359
-1436
-1435
-1439
-1426
-1284
-934
-995
-911
-875
-827
-684
-539
-398
-408
-465
-351
-122
103
238
260
346
575
809
839
1012
1226
1357
1474
1521
1634
1713
1804
1985
1936
2034
2143
2160
2219
2205
2245
2124
2002
1850
1790
1634
1455
1321
1109
1094
932
772
695
713
516
264
19
-71
-91
-374
-496
-632
-741
-782
-904
-982
-1119
-1122
-1292
-1452
-1533
-1550
-1434
-1529
-1565
-1375
-1441
-1469
-1409
-1386
-1247
-1246
-1314
-1187
-1118
-1195
-1249
-1131
-1088
-1160
-1145
-1179
-1217
-1197
-1217
-1194
-1207
-1235
-1259
-1125
-1137
-1101
-1134
-997
-919
-838
-705
-725
-659
-590
-509
-536
-333
-248
-171
-85
66
72
157
219
113
356
304
330
429
550
690
745
883
1056
1064
1083
1087
1303
1413
1486
1688
1556
1809
1822
1877
2001
2207
2218
1980
1777
1853
2151
2097
1870
1529
1461
1142
904
802
803
702
269
61
-85
-214
-448
-312
-288
-511
-673
-826
-739
-842
-726
-758
-926
-946
-1029
-1024
-921
-853
-969
-1072
-1199
-1023
-1063
-1024
-970
-970
-827
-831
-779
-727
-628
-570
-585
-629
-628
-646
-797
-811
-821
-815
-829
-933
-1010
-1049
-995
-1021
-1111
-1053
-1058
-1164
-1044
-1022
-1001
-809
-674
-630
-614
-567
-421
-311
-377
-334
-231
-204
-143
-26
213
384
483
502
422
611
629
731
996
1163
1298
1234
1153
1432
1770
1895
1675
1630
1851
2120
2215
2147
2189
2236
2254
2380
2403
2311
2144
2131
2116
1984
1992
1793
1601
1425
1295
1077
997
846
784
570
164
6
-178
-80
-254
-531
-591
-799
-941
-853
-750
-828
-893
-878
-981
-1037
-1012
-788
-845
-1007
-1039
-1063
-945
-976
-959
-1054
-980
-852
-903
-787
-948
-1067
-856
-981
-956
-878
-1037
-1176
-1366
-1177
-989
-1305
-1386
-1456
-1260
-1281
-1221
-1184
-1105
-1004
-1038
-873
-983
-819
-668
-700
-735
-482
-320
-360
-369
-232
-265
-235
-137
-29
190
291
202
291
407
487
515
690
898
971
1169
1194
1457
1675
1914
2088
2310
2382
2324
2554
2579
2446
2391
2715
2757
2392
2037
1809
1720
1610
1320
1085
870
412
134
4
26
-227
-459
-765
-1025
-1033
-1087
-1109
-1240
-1437
-1696
-1617
-1651
-1667
-1705
-1747
-1817
-1837
-1790
-1702
-1533
-1643
-1540
-1533
-1470
-1532
-1482
-1361
-1212
-1180
-1131
-1026
-973
-942
-922
-862
-921
-1080
-1057
-903
-943
-1202
-1312
-1287
-1304
-1333
-1439
-1508
-1437
-1613
-1675
-1473
-1499
-1586
-1655
-1728
-1572
-1552
-1519
-1517
-1510
-1399
-1319
-1220
-1187
-936
-987
-878
-776
-778
-551
-331
-220
-50
-63
76
348
609
659
775
936
980
1158
1229
1463
1672
1819
1822
2102
2181
2331
2410
2462
2714
2533
2499
2261
2199
2564
2598
1977
1480
1467
1432
1143
825
872
625
84
-143
-110
-64
-452
-721
-907
-1102
-1102
-1089
-1129
-1274
-1373
-1386
-1499
-1365
-1321
-1475
-1401
-1434
-1419
-1339
-1383
-1322
-1182
-1065
-1009
-1154
-1014
-996
-1002
-1047
-999
-990
-1094
-1167
-1224
-1062
-1100
-1452
-1461
-1389
-1439
-1442
-1456
-1457
-1494
-1504
-1450
-1410
-1516
-1329
-1385
-1342
-1159
-1109
-1064
-1014
-790
-840
-751
-547
-524
-366
-26
84
43
97
257
263
369
624
774
885
980
1091
1313
1609
1763
1947
2158
2259
2261
2266
2357
2808
3123
3131
3240
3375
3140
2901
2798
2985
3282
3080
2514
2245
2231
1921
1747
1485
1269
1056
579
299
180
68
-3
-416
-722
-840
-851
-932
-1224
-1228
-1346
-1579
-1560
-1420
-1417
-1485
-1578
-1522
-1425
-1496
-1471
-1292
-1135
-1077
-972
-1048
-935
-877
-807
-799
-690
-681
-653
-848
-723
-609
-659
-749
-971
-1094
-1075
-1006
-1200
-1425
-1296
-1373
-1561
-1514
-1835
-1826
-1953
-1801
-1748
-1670
-1689
-1769
-1566
-1621
-1482
-1507
-1298
-1261
-1220
-1047
-956
-884
-846
-621
-462
-372
-201
61
172
274
349
525
750
833
993
1239
1397
1567
1803
1983
2211
2449
2586
2718
2898
2976
3201
3430
3194
2979
2909
3176
3368
2965
2622
2202
2036
1839
1796
1661
1245
675
340
195
-25
30
-156
-533
-1029
-1262
-1223
-1270
-1480
-1521
-1515
-1745
-1858
-1795
-1722
-1774
-1746
-1840
-1625
-1527
-1525
-1415
-1221
-1139
-1262
-1121
-1145
-983
-988
-893
-838
-908
-880
-1007
-1060
-1055
-1021
-1250
-1406
-1583
-1628
-1555
-1722
-1872
-1790
-1897
-1950
-1981
-2039
-2031
-2097
-1972
-2004
-1851
-1784
-1942
-1834
-1611
-1427
-1409
-1309
-1191
-1047
-964
-735
-537
-465
-343
-238
130
359
584
711
800
915
1104
1339
1469
1770
2059
2094
2342
2474
2654
2834
2975
3189
3175
3359
3565
3886
3708
3184
3084
3360
3514
3305
2952
2561
2184
2007
2024
1950
1528
1027
374
213
180
3
-99
-446
-813
-1187
-1228
-1203
-1189
-1271
-1441
-1488
-1646
-1546
-1388
-1457
-1489
-1329
-1201
-1235
-1156
-945
-825
-721
-616
-383
-529
-688
-598
-480
-468
-456
-477
-598
-663
-794
-756
-781
-940
-1145
-1256
-1280
-1488
-1556
-1672
-1743
-1813
-1982
-1995
-2101
-2115
-1999
-1956
-2007
-1856
-1852
-1746
-1607
-1433
-1224
-1151
-1116
-1089
-988
-761
-416
-457
-422
-103
88
199
491
741
743
1083
1337
1362
1540
1877
2067
2150
2172
2626
2667
2718
3278
2988
2995
3445
3710
3664
3707
3746
3552
3341
3278
3518
3448
2914
2497
2333
2067
1792
1573
1269
980
179
-56
-97
-323
-591
-741
-981
-1547
-1554
-1515
-1539
-1824
-2007
-1997
-2089
-2000
-2058
-1846
-1894
-1798
-1619
-1571
-1429
-1377
-1308
-1171
-870
-889
-760
-691
-765
-726
-654
-628
-598
-877
-829
-997
-1151
-974
-1030
-1390
-1651
-1667
-1642
-1923
-2211
-2086
-2154
-2032
-2219
-2263
-2285
-2418
-2250
-2139
-2170
-2162
-2039
-1973
-1768
-1715
-1557
-1551
-1440
-1194
-1185
-895
-559
-312
-116
-41
131
382
641
776
958
1117
1373
1658
1851
2058
2119
2251
2390
2657
2814
3023
3187
3233
3335
3535
3765
3962
3926
3666
3229
3052
3371
3343
2970
2364
1905
1718
1514
1381
1095
697
172
-355
-674
-792
-840
-1101
-1513
-1896
-2112
-2118
-2249
-2361
-2341
-2261
-2305
-2420
-2426
-2252
-2132
-2106
-1811
-1600
-1579
-1542
-1289
-1192
-1076
-881
-804
-819
-903
-922
-767
-580
-674
-818
-884
-1011
-1158
-1183
-1216
-1405
-1436
-1554
-1754
-1941
-2008
-2066
-2115
-2197
-2299
-2354
-2328
-2228
-2369
-2482
-2359
-2243
-2176
-2248
-2186
-1939
-1735
-1524
-1287
-1220
-1046
-849
-624
-353
-100
186
246
467
523
887
1016
1279
1568
1698
1921
2073
2393
2455
2620
2656
2953
3015
3048
3242
3343
3389
3439
3652
3761
3662
3194
2917
3187
3342
3048
2502
2164
1806
1401
1275
1125
826
268
-214
-610
-885
-986
-1114
-1400
-1783
-2100
-2069
-2153
-2155
-2290
-2312
-2252
-2179
-1943
-1889
-1938
-1866
-1551
-1292
-1217
-1208
-1145
-952
-753
-579
-521
-488
-387
-509
-479
-518
-429
-395
-474
-543
-901
-916
-951
-984
-1259
-1401
-1516
-1621
-1708
-1834
-1882
-2063
-2188
-2104
-2049
-2172
-2152
-2296
-2199
-1889
-1927
-1819
-1731
-1670
-1514
-1354
-1210
-887
-801
-543
-333
-183
130
254
525
677
917
1230
1380
1620
1787
1935
2160
2423
2601
2740
2836
2876
3138
3264
3233
3147
3314
3444
3631
3758
3809
3890
3858
3593
3257
3185
3320
3292
2854
2500
1994
1495
1255
930
657
263
-214
-618
-1001
-1281
-1372
-1538
-1870
-1969
-1985
-2106
-2185
-2157
-2140
-2007
-2042
-1870
-1616
-1693
-1655
-1437
-1259
-1113
-1026
-783
-747
-852
-737
-630
-397
-254
-275
-304
-397
-494
-437
-405
-536
-806
-828
-1023
-1321
-1252
-1403
-1514
-1648
-1835
-1914
-1995
-2094
-2226
-2241
-2286
-2244
-2241
-2105
-2078
-2008
-1972
-1837
-1682
-1546
-1403
-1276
-1062
-784
-553
-354
-201
-5
187
443
682
871
1049
1242
1444
1537
1706
1981
2111
2212
2353
2508
2681
2658
2728
2921
3086
3131
3143
3126
3224
3300
3443
3606
3678
3566
3257
2945
2774
2921
2775
2418
2066
1665
1250
1015
810
550
223
-233
-632
-935
-1036
-1153
-1389
-1751
-1862
-1927
-1942
-1901
-1940
-2077
-2171
-1990
-1773
-1738
-1732
-1801
-1846
-1536
-1481
-1380
-1142
-906
-944
-1025
-853
-686
-445
-572
-692
-596
-626
-479
-563
-662
-699
-754
-715
-987
-1100
-1140
-1201
-1419
-1637
-1707
-1812
-1946
-2110
-2094
-2029
-2072
-2149
-2186
-2007
-1993
-1881
-1725
-1691
-1563
-1514
-1323
-970
-762
-597
-355
-208
99
302
356
615
575
927
1031
1130
1331
1439
1629
1602
1826
1984
1891
1981
2251
2304
2269
2245
2549
2752
2709
2697
2779
2830
2994
3058
3053
3100
2945
2718
2475
2250
1992
1831
1633
1451
1049
683
263
29
-78
-389
-610
-765
-1013
-1236
-1524
-1708
-1809
-1884
-1979
-2060
-1930
-1992
-2079
-2024
-2025
-1911
-1726
-1667
-1512
-1459
-1434
-1413
-1349
-1371
-1193
-1045
-915
-772
-577
-507
-522
-422
-527
-449
-409
-333
-444
-441
-403
-589
-686
-780
-902
-1015
-1073
-1141
-1058
-1200
-1311
-1354
-1501
-1517
-1413
-1111
-912
-744
-668
-667
-717
-557
-223
-69
-108
177
578
456
618
744
689
635
773
1081
1182
1007
907
1210
1144
1037
1133
1477
1508
1369
1576
1606
1452
1717
1740
1672
1787
1701
1607
1799
1835
1650
1718
1841
1702
1597
1796
1833
1766
1707
1820
1714
1508
1444
1468
1347
1253
1109
1138
998
851
687
602
636
311
216
180
50
-251
-168
-294
-459
-478
-716
-829
-988
-990
-1050
-1112
-1183
-1461
-1298
-1281
-1306
-1405
-1145
-1092
-1075
-1181
-986
-961
-1062
-891
-1165
-988
-1124
-1010
-1043
-1198
-1149
-1183
-1187
-1128
-1234
-1192
-1177
-1043
-860
-833
-769
-758
-705
-579
-504
-302
-118
45
115
118
373
350
545
752
676
742
818
902
923
947
1006
871
934
880
776
870
883
929
882
905
1019
911
898
834
833
858
925
906
685
808
808
786
702
667
686
714
779
836
890
972
919
811
855
845
854
1056
1172
1115
1149
1248
1309
1256
1106
1166
1227
1115
1201
1012
821
794
740
619
395
367
293
163
1
-239
-191
-280
-429
-522
-626
-646
-729
-886
-953
-1040
-1063
-1174
-1246
-1111
-1054
-1139
-1136
-1190
-1236
-1214
-1191
-1099
-1193
-1162
-1157
-1172
-1137
-1069
-1043
-1050
-968
-947
-882
-876
-775
-653
-686
-412
-427
-330
-161
-177
-165
-67
-22
14
160
322
317
395
489
365
401
338
358
459
574
508
482
428
326
561
440
364
365
329
448
262
126
181
194
97
75
161
177
99
142
86
63
111
155
224
228
320
299
365
508
437
539
567
553
659
673
577
568
602
668
637
679
720
723
695
736
733
770
758
687
688
621
611
526
513
459
235
121
186
65
-53
-174
-307
-273
-442
-476
-582
-635
-719
-766
-827
-917
-721
-687
-859
-862
-683
-478
-550
-722
-533
-364
-310
-263
-519
-500
-347
-270
-15
-262
-174
49
-16
-321
-215
129
-172
-248
171
302
251
4
125
435
314
377
434
472
446
397
584
557
546
487
359
226
148
395
441
205
-3
40
176
132
34
-75
-86
-112
-103
35
121
78
31
256
297
158
183
398
437
295
321
229
254
333
339
345
228
343
419
492
498
502
771
644
686
627
751
887
854
732
854
975
804
891
1003
1050
1117
1111
856
908
773
674
576
481
455
266
140
-82
-123
-249
-515
-599
-659
-750
-744
-763
-772
-894
-945
-945
-1089
-1054
-939
-847
-721
-711
-716
-734
-493
-456
-591
-409
-364
-299
-181
-106
-16
-2
57
105
84
110
-33
-165
-113
-181
-283
-186
-254
-319
-551
-498
-588
-756
-726
-648
-661
-814
-757
-792
-789
-878
-721
-594
-706
-747
-628
-443
-466
-432
-324
-190
-130
-382
-340
-202
-176
-197
-128
-29
-1
-67
-45
192
77
92
123
204
514
574
448
411
608
798
818
808
809
950
1188
1266
1391
1322
1379
1425
1258
1205
1463
1722
1662
1756
1863
1825
1871
1815
1789
1423
1205
1228
1336
1387
1069
970
821
465
299
168
17
35
-22
-300
-562
-551
-629
-692
-1043
-921
-1014
-959
-871
-761
-779
-759
-580
-520
-277
-178
167
169
287
350
455
447
452
219
303
179
194
282
295
-33
-296
-382
-496
-549
-629
-672
-883
-906
-1151
-1314
-1313
-1380
-1393
-1382
-1369
-1268
-1374
-1354
-1258
-1259
-1232
-1220
-1066
-957
-904
-664
-640
-553
-641
-687
-659
-722
-463
-236
-272
-215
-190
-140
-95
-61
46
144
145
276
416
437
567
691
756
851
837
846
908
1034
1095
1060
1232
1357
1437
1486
1542
1537
1569
1738
2027
2058
2300
2454
2562
2637
2569
2511
2124
1696
1649
1713
1716
1299
777
851
417
-14
36
-447
-583
-719
-1143
-1005
-858
-1115
-1407
-1221
-1320
-1350
-1028
-776
-679
-616
-453
-118
178
-3
21
68
185
503
509
619
641
535
511
367
258
112
-25
-193
-292
-343
-412
-498
-499
-654
-756
-858
-906
-1051
-1251
-1215
-1327
-1289
-1220
-1373
-1378
-1202
-1291
-1196
-1077
-772
-824
-733
-565
-557
-515
-310
-119
71
69
30
207
31
122
227
356
411
463
490
215
464
425
549
419
304
483
654
822
893
1071
1105
1324
1490
1575
1692
1782
2029
2217
2376
2685
2854
2914
3093
3281
3499
3576
3788
3770
3219
2669
2304
2257
2050
1580
1123
807
547
264
-223
-586
-877
-1313
-1701
-1755
-1714
-1784
-1814
-1871
-1879
-1785
-1625
-1429
-1329
-1157
-992
-803
-546
-356
-262
-203
-20
71
141
224
308
403
290
206
234
91
-61
-183
-548
-753
-709
-832
-941
-1051
-1076
-1232
-1449
-1489
-1452
-1500
-1628
-1702
-1772
-1685
-1493
-1321
-1358
-1436
-1215
-1123
-992
-1062
-787
-665
-651
-645
-551
-466
-498
-493
-524
-559
-575
-519
-581
-638
-696
-627
-572
-516
-393
-362
-296
-95
30
197
347
539
747
950
1163
1280
1536
1672
1982
2254
2427
2648
2847
3002
3177
3450
3449
3648
3725
3850
4028
3939
3888
3098
2474
2129
1856
1333
688
426
134
-73
-681
-1117
-1599
-1962
-2446
-2888
-2784
-2762
-2379
-2262
-2208
-1978
-1845
-1651
-1520
-1243
-868
-507
-288
-76
250
475
638
669
653
468
349
300
103
24
-170
-391
-560
-998
-1329
-1646
-1956
-2087
-2186
-2278
-2211
-2212
-2259
-2174
-2145
-1994
-1947
-1789
-1654
-1515
-1240
-1154
-954
-977
-910
-940
-773
-833
-897
-793
-784
-821
-871
-871
-981
-1048
-1184
-1184
-1178
-1154
-1251
-1160
-1053
-895
-759
-585
-453
-578
-332
84
321
373
490
558
733
1090
1347
1452
1488
1490
1779
2041
2259
2319
2046
2252
2624
2830
2830
2634
2806
3066
3259
3599
3787
3748
3382
2811
2159
1654
1261
901
181
-347
-541
-762
-1194
-1514
-1677
-2046
-2537
-2725
-2583
-2288
-2100
-1910
-1530
-1202
-856
-587
-317
-119
189
414
521
645
857
1053
1039
1206
807
488
429
-9
-236
-435
-845
-987
-1287
-1430
-1628
-2055
-1983
-2092
-2269
-2249
-1981
-1808
-1648
-1543
-1092
-1002
-871
-607
-395
-323
-209
-246
-455
-301
-306
-399
-450
-439
-557
-721
-886
-1032
-959
-1151
-1176
-1108
-1015
-898
-738
-719
-747
-574
-438
-167
-32
150
320
584
948
1054
1152
1466
1608
1651
1732
1905
2127
2157
2240
2443
2540
2487
2510
2599
2709
2669
2667
2832
2967
3112
3121
3260
3371
3444
3438
3179
2410
1631
1351
966
445
-213
-370
-457
-694
-1249
-1340
-1219
-1522
-1948
-2036
-1849
-1449
-1166
-879
-538
-267
179
333
646
830
936
1120
1119
1141
1265
1440
1427
1087
834
667
432
19
-371
-557
-760
-1042
-1281
-1417
-1514
-1615
-1667
-1693
-1760
-1674
-1428
-1086
-921
-761
-490
-183
49
142
327
424
310
231
183
6
-1
-68
-180
-291
-501
-744
-815
-1001
-1233
-1233
-1248
-1353
-1220
-937
-814
-671
-551
-357
-381
-151
13
296
382
650
1181
1086
1104
1268
1514
1493
1498
1480
1372
1540
1567
1510
1510
1333
1289
1522
1454
1408
1584
1646
1662
1765
1895
2143
2303
2403
2524
2641
2591
2120
1468
785
259
-129
-578
-819
-953
-1083
-1420
-1568
-1491
-1637
-1946
-2230
-2147
-2088
-1821
-1365
-984
-674
-339
28
259
356
486
685
611
470
570
691
534
469
261
-71
-412
-856
-1232
-1587
-1797
-2223
-2388
-2376
-2420
-2363
-2408
-2418
-2411
-2217
-1988
-1708
-1565
-1298
-897
-610
-305
-46
264
273
178
152
-8
-288
-461
-525
-588
-774
-946
-1017
-1104
-1225
-1396
-1539
-1459
-1356
-1027
-769
-766
-706
-576
-364
-6
199
286
515
643
892
1104
1248
1393
1438
1522
1505
1418
1369
1293
1205
1164
1314
1296
1381
1484
1463
1303
1320
1565
1874
2105
2226
2410
2630
2989
3110
3161
3243
3174
2542
1850
1186
749
378
-204
-576
-555
-512
-1015
-1058
-892
-1131
-1463
-1644
-1489
-1334
-1123
-875
-510
-65
335
814
1055
974
1309
1081
714
596
701
772
396
306
13
31
-325
-945
-1159
-1511
-1868
-2167
-2164
-2135
-2054
-1928
-1780
-1515
-1375
-1310
-961
-731
-558
-364
-56
43
180
370
446
443
465
410
132
-30
-208
-463
-707
-741
-927
-897
-1002
-1223
-1247
-1202
-1170
-1069
-961
-882
-628
-427
-205
18
225
302
498
701
823
1013
1027
1123
1193
1134
1107
1134
1188
1153
1197
1151
1149
1072
1105
1204
1307
1459
1528
1612
1930
1996
2192
2323
2557
2880
3054
3091
3089
3282
3206
2843
2124
1373
1051
593
-112
-598
-544
-409
-828
-1141
-1017
-1016
-1212
-1405
-1527
-1501
-1263
-1076
-704
-364
121
456
809
1019
1034
1144
950
815
552
564
452
190
9
-153
-462
-654
-946
-1274
-1557
-1801
-1936
-1979
-1908
-1712
-1596
-1594
-1334
-1072
-942
-670
-447
-404
-338
-156
117
303
269
92
5
-165
-192
-559
-597
-676
-699
-964
-897
-906
-993
-1053
-1313
-1209
-1214
-1072
-1038
-947
-701
-657
-390
-267
-50
170
356
643
802
888
932
1059
1072
989
892
948
1028
978
1006
1097
961
1017
982
1068
1131
1197
1289
1484
1773
1978
2254
2541
2807
2940
3119
3255
3442
3392
3028
2363
1595
1027
772
259
-488
-736
-787
-998
-1217
-1206
-1055
-1089
-1448
-1536
-1316
-1074
-815
-517
-189
42
436
792
1057
1259
1230
1274
987
640
745
464
228
184
-208
-498
-753
-1073
-1167
-1199
-1605
-1829
-1964
-1991
-1901
-1879
-1633
-1392
-1026
-795
-542
-194
-27
14
242
123
3
67
-38
-6
-80
-208
-367
-542
-666
-744
-876
-1051
-1086
-1122
-1329
-1236
-1224
-1103
-866
-734
-614
-514
-256
-144
-81
58
289
489
701
861
1027
1184
1200
1199
1267
1204
1321
1233
1126
1055
1072
1243
1225
1196
1348
1363
1590
1838
1856
2091
2384
2714
2800
3009
3334
3669
3793
3893
3779
3648
3136
2355
1512
822
379
-358
-1082
-1247
-1522
-1524
-1775
-1603
-1293
-1379
-1554
-1495
-1391
-1067
-675
-460
-72
321
798
1145
1381
1460
1487
1277
994
683
316
165
-214
-604
-887
-1045
-1203
-1510
-1583
-1966
-2310
-2429
-2533
-2463
-2299
-2118
-1898
-1687
-1363
-1000
-697
-472
-360
-334
-273
-316
-218
-115
-234
-190
-272
-479
-794
-993
-1137
-1300
-1425
-1611
-1536
-1627
-1663
-1603
-1453
-1324
-1226
-1175
-1014
-715
-796
-462
-333
-211
124
404
618
811
983
992
1047
1136
1028
1030
1080
739
930
966
1066
1230
1156
1340
1394
1560
1721
1746
1893
2132
2248
2472
2671
2843
3086
3309
3487
3429
3514
3479
3172
2647
1895
1228
742
199
-463
-1087
-1181
-1070
-1328
-1540
-1244
-1032
-1175
-1315
-1217
-1097
-884
-668
-368
39
256
738
1042
1362
1329
1268
1067
807
409
170
-242
-681
-914
-1245
-1142
-1353
-1717
-1920
-2164
-2218
-2299
-2502
-2589
-2377
-2131
-1956
-1599
-1263
-865
-722
-399
-280
-149
-73
-95
-139
-381
-446
-612
-612
-696
-814
-937
-1044
-1248
-1405
-1371
-1537
-1601
-1728
-1622
-1585
-1425
-1285
-1072
-870
-734
-522
-308
-131
68
250
382
687
818
944
1031
1085
1145
971
1054
1047
922
865
828
891
925
1006
1082
1279
1332
1514
1728
1717
1967
2132
2271
2546
2670
2989
3345
3378
3364
3553
3540
2816
1842
1282
736
329
-398
-1130
-1503
-1750
-1807
-1917
-1656
-1480
-1465
-1600
-1599
-1265
-917
-738
-732
-275
368
1005
1380
1435
1386
1385
1215
997
648
233
-170
-633
-973
-1196
-1318
-1513
-1719
-1875
-2056
-2193
-2302
-2211
-2270
-2236
-1995
-1809
-1307
-862
-444
46
287
562
668
654
648
481
326
77
-154
-319
-359
-448
-693
-934
-907
-1054
-1245
-1466
-1539
-1477
-1324
-1332
-1319
-957
-876
-391
-286
-234
6
381
579
692
711
1103
1199
1332
1384
1414
1482
1231
1202
1015
939
890
725
856
912
1039
1271
1394
1464
1650
1832
1958
2102
2301
2525
2700
2816
2978
3132
3324
3492
3504
3349
2973
2366
1665
1010
251
-396
-1119
-1718
-1805
-1955
-2117
-1923
-1736
-1603
-1561
-1691
-1578
-1368
-1288
-1143
-829
-463
-18
347
702
926
964
916
625
362
-93
-428
-790
-1243
-1396
-1586
-1793
-1937
-1942
-2000
-2230
-2266
-2198
-2304
-2318
-2022
-1692
-1428
-1172
-849
-523
-285
-124
135
130
120
246
52
-186
-628
-839
-715
-847
-960
-1261
-1340
-1189
-1384
-1560
-1459
-1649
-1738
-1612
-1514
-1147
-958
-776
-526
-342
-94
121
265
352
422
699
1003
1070
1083
1162
1229
1137
1151
1145
1019
1040
1139
1004
952
915
1088
1108
1208
1380
1726
1891
1783
2048
2197
2439
2556
2720
2745
2955
3219
3427
3298
3324
3207
2489
1740
1128
448
-190
-1192
-1613
-1883
-2118
-1848
-2113
-1994
-1559
-1591
-1667
-1482
-1272
-1240
-1075
-835
-414
18
505
750
846
1111
987
771
411
65
-408
-904
-1312
-1624
-1693
-1849
-1990
-2043
-2142
-2140
-2172
-2249
-2264
-2315
-2230
-2075
-1590
-1203
-923
-483
-89
18
166
354
289
218
-164
-568
-760
-868
-972
-1227
-1304
-1238
-1295
-1412
-1543
-1652
-1763
-1914
-1938
-1838
-1617
-1405
-1290
-1073
-652
-340
-210
41
-20
112
296
427
532
528
671
756
730
945
1046
895
597
236
192
121
209
198
232
317
564
837
976
1300
1556
1796
1854
1817
1861
2105
2377
2564
2763
2871
3128
3128
2948
2340
1666
1082
270
-399
-1137
-1645
-1931
-2002
-1967
-1883
-1561
-1450
-1470
-1474
-1237
-961
-838
-880
-737
-270
207
704
924
1101
1197
1223
982
582
185
-161
-607
-1037
-1308
-1382
-1450
-1461
-1565
-1697
-1650
-1628
-1693
-1716
-1601
-1534
-1400
-1090
-493
-488
93
462
483
743
774
594
174
17
-262
-517
-775
-681
-788
-998
-762
-747
-756
-866
-1149
-1213
-1266
-1324
-1293
-1022
-866
-862
-577
-227
-3
57
168
156
175
238
324
416
508
634
647
784
816
737
535
413
338
209
156
149
147
345
615
761
894
1159
1338
1486
1649
1629
1642
1797
2035
2319
2530
2580
2779
2988
2981
2881
2739
2390
1604
829
281
-231
-904
-1519
-1698
-1758
-1692
-1575
-1370
-1150
-1103
-1177
-1142
-954
-760
-596
-446
-199
124
563
898
1012
928
889
790
422
48
-344
-646
-952
-1203
-1224
-1338
-1433
-1500
-1484
-1680
-1843
-1809
-1784
-1754
-1755
-1447
-1148
-777
-513
-352
1
190
438
419
281
83
-342
-543
-545
-624
-729
-733
-710
-728
-612
-645
-816
-1016
-1184
-1186
-1112
-1007
-923
-719
-550
-465
-266
-30
52
139
196
214
246
309
325
425
603
526
713
773
600
480
266
58
49
138
130
137
352
596
889
1154
1429
1504
1630
1890
1895
2108
2223
2225
2627
2933
3089
3191
3392
3390
3346
3204
2829
2214
1311
737
271
-394
-1083
-1522
-1595
-1544
-1369
-1315
-1003
-819
-845
-686
-624
-368
-283
-107
128
386
825
1097
1248
1112
1004
956
588
265
-146
-480
-674
-1014
-1204
-1229
-1369
-1364
-1393
-1425
-1462
-1471
-1353
-1326
-1196
-1068
-762
-388
-254
-44
305
387
483
374
40
-124
-213
-275
-387
-717
-791
-539
-475
-606
-935
-909
-768
-898
-1168
-1300
-1360
-1284
-926
-681
-692
-526
-399
-245
44
-60
-159
-296
-284
-88
28
213
355
538
426
315
267
148
150
19
222
349
364
321
344
681
1134
1406
1587
1696
1703
1852
1921
2080
2279
2451
2555
2768
3042
3071
3193
3163
2980
2922
2590
2141
1335
798
501
-182
-802
-1132
-1191
-1167
-1171
-971
-765
-980
-896
-678
-590
-322
-223
-164
-84
-34
279
542
703
888
972
879
475
281
50
-375
-713
-1042
-1081
-1264
-1336
-1473
-1471
-1471
-1527
-1431
-1322
-1299
-1419
-1277
-1136
-911
-781
-453
-303
-148
-178
-357
-270
-279
-151
-334
-466
-287
-342
-282
-372
-390
-415
-609
-828
-1050
-1159
-1178
-1220
-1207
-1233
-1093
-936
-731
-613
-615
-495
-494
-282
-298
-136
-20
71
277
463
607
640
613
561
566
624
583
585
629
650
804
934
1012
1183
1239
1483
1575
1693
1842
1847
2064
2156
2318
2669
2853
2946
3009
2932
2840
2816
2806
2629
2222
1510
932
441
-30
-568
-1193
-1346
-1249
-1304
-1256
-1073
-1010
-875
-724
-657
-521
-332
-247
-157
-163
97
330
499
552
427
399
270
2
-245
-740
-1122
-1351
-1601
-1846
-2092
-2092
-2112
-2097
-2049
-1837
-1787
-1717
-1766
-1510
-1434
-1385
-1222
-1090
-972
-1090
-973
-905
-822
-889
-909
-1033
-1000
-1050
-1018
-910
-986
-1103
-1115
-1304
-1406
-1281
-1617
-1669
-1455
-1487
-1423
-1270
-1177
-1151
-1044
-955
-898
-768
-696
-644
-588
-232
-182
-101
-15
14
-36
99
98
161
223
229
256
307
431
571
890
1046
1039
1224
1383
1374
1482
1523
1647
1801
2007
2091
2245
2323
2221
2288
2217
2222
2142
2098
2048
1705
1406
811
469
16
-350
-632
-907
-982
-972
-870
-754
-647
-404
-384
-410
-302
-176
-65
-65
-63
-170
-75
107
273
312
357
266
-186
-343
-610
-712
-704
-893
-1077
-1400
-1463
-1200
-1125
-1448
-1326
-1014
-1011
-1243
-1280
-1194
-1159
-910
-669
-685
-780
-713
-723
-617
-669
-566
-476
-649
-644
-428
-156
-252
-478
-525
-331
-459
-695
-795
-662
-727
-860
-877
-994
-867
-766
-722
-743
-498
-551
-328
-218
-116
-67
19
297
331
449
482
576
602
544
692
790
582
1010
1001
1009
1096
1130
1195
1306
1279
1243
1382
1473
1547
1620
1669
1647
1891
2194
2131
2069
2309
2220
2117
1976
1830
1725
1609
1250
674
326
35
-183
-602
-932
-969
-847
-793
-901
-753
-530
-506
-528
-554
-516
-471
-534
-565
-580
-404
-251
-154
-223
-281
-402
-602
-793
-1043
-1180
-1303
-1588
-1648
-1724
-1590
-1517
-1513
-1470
-1370
-1241
-1306
-1288
-1473
-1336
-1301
-1329
-1344
-1223
-902
-681
-420
-419
-246
-139
-124
-49
-109
-250
-266
-325
-376
-477
-386
-372
-306
-365
-325
-363
-476
-448
-325
-322
-326
-294
-104
33
88
226
413
718
753
817
741
847
1024
999
996
973
1000
1112
1273
1281
1391
1625
1609
1691
1769
1671
1756
1736
1708
1835
1818
1784
1816
2013
2089
2251
2396
2248
2237
2223
2087
2013
1871
1834
1776
1802
1964
1928
1676
1334
840
575
415
233
-116
-273
-97
-104
-15
54
-33
36
-184
-473
-427
-434
-684
-701
-540
-524
-554
-345
-475
-570
-585
-749
-853
-1074
-1205
-1129
-1271
-1393
-1293
-1327
-1137
-1116
-1103
-1067
-935
-1057
-1239
-1337
-1589
-1518
-1450
-1416
-1293
-999
-824
-642
-374
-289
-253
-236
-307
-270
-182
-265
-385
-403
-463
-417
-353
-405
-472
-594
-676
-702
-702
-813
-813
-711
-670
-465
-450
-240
-190
-89
-99
165
311
434
642
652
845
863
826
934
976
931
1014
1027
988
831
848
769
713
785
912
1258
1291
1401
1331
1320
1318
1380
1594
1613
1571
1453
1365
1451
1713
1678
1527
1418
1211
963
911
983
919
446
148
-252
-356
-369
-340
-336
-456
-328
-335
-207
-224
-406
-403
-379
-385
-539
-586
-603
-513
-423
-581
-821
-629
-528
-656
-774
-958
-1034
-938
-902
-887
-946
-1076
-1046
-1059
-1176
-1174
-1166
-1087
-1010
-917
-856
-886
-567
-507
-305
-100
-82
-60
1
59
-210
-164
-279
-368
-237
-179
-321
-346
-361
-291
-178
-244
-155
-161
-273
19
45
48
216
119
321
437
417
571
554
542
601
497
715
765
841
894
973
970
842
861
804
716
750
898
877
913
1055
1164
1098
1161
1285
1208
1379
1429
1391
1341
1349
1286
1339
1238
1185
1284
1142
1050
1039
1060
1080
900
811
910
755
772
680
521
356
315
413
171
-245
-606
-1011
-1084
-1065
-1077
-951
-756
-581
-456
-264
-241
-345
-514
-665
-696
-718
-593
-561
-633
-601
-402
-440
-543
-729
-900
-967
-960
-1064
-998
-957
-898
-765
-699
-502
-425
-286
-371
-398
-391
-420
-432
-313
-303
-171
-31
117
310
318
469
489
418
254
159
136
147
188
71
150
201
213
137
64
115
7
91
-39
124
192
228
398
379
503
614
635
573
819
695
805
801
792
811
720
842
780
758
765
850
772
752
684
774
850
805
872
1032
989
1049
1083
1045
1001
837
861
879
752
744
755
725
877
716
650
613
586
426
347
245
157
176
99
106
-73
-79
-43
-141
-94
-86
-104
-221
-321
-320
-214
-163
-163
-165
-165
-179
-273
-301
-369
-373
-331
-442
-455
-402
-400
-353
-363
-354
-416
-349
-339
-475
-543
-558
-526
-516
-515
-439
-444
-396
-319
-331
-341
-353
-394
-500
-571
-681
-659
-729
-622
-525
-460
-620
-646
-703
-630
-298
-161
-97
-76
-74
-206
-441
-412
-287
-49
-81
-301
-421
-441
-199
6
135
93
82
-98
5
-68
-91
80
119
238
262
254
389
364
474
620
714
879
960
865
744
817
751
761
678
584
721
769
744
671
686
677
769
845
779
722
641
681
711
566
733
642
491
671
493
473
465
243
296
243
123
52
-98
36
119
-112
-217
119
74
-74
-49
0
184
122
52
113
244
185
90
84
18
169
121
67
53
102
102
9
36
90
39
-19
45
58
57
110
128
60
47
4
-34
72
86
-14
1
116
4
47
66
-31
-158
-190
-198
-209
-239
-393
-414
-423
-568
-462
-427
-500
-428
-494
-497
-439
-314
-321
-351
-287
-281
-188
-101
-84
-35
24
-81
-109
-50
24
239
168
246
299
359
324
369
446
501
518
640
763
654
698
800
882
818
823
785
637
833
912
798
556
629
779
734
671
609
743
696
559
599
554
525
487
439
520
392
450
473
437
487
342
393
478
413
350
273
292
358
302
258
323
293
429
325
307
283
147
260
230
230
286
239
289
272
203
241
241
155
129
244
279
182
229
192
204
218
76
110
-67
-8
-67
-120
-46
56
-44
-199
-68
-37
-257
-461
-408
-333
-320
-556
-452
-356
-501
-508
-547
-678
-756
-719
-638
-667
-798
-712
-581
-574
-445
-484
-501
-432
-437
-459
-411
-347
-352
-148
-73
-15
-18
-13
50
6
74
63
102
166
19
29
57
178
242
170
287
283
259
240
218
330
362
464
371
343
324
368
385
271
191
343
421
257
279
297
219
212
258
284
345
351
356
452
292
87
227
236
427
440
444
442
441
508
429
443
364
424
462
304
331
441
381
340
398
553
457
287
277
168
264
253
322
335
385
414
427
526
536
437
393
328
358
361
263
162
