-220
-156
-84
-72
-160
-233
-148
-65
-75
-70
-114
-281
-305
-197
1
-58
-111
-214
-18
134
-72
-241
-10
-113
-275
29
-148
-273
-166
-84
-282
-68
-36
-249
-139
-155
-186
-186
-171
-222
-119
-53
-154
-181
-173
-113
-3
-191
-28
-90
-137
-261
-199
-53
-342
-33
-43
16
-22
-111
211
85
28
252
154
92
171
165
354
261
342
364
297
424
231
293
279
319
304
303
248
327
407
277
245
322
483
457
511
512
520
538
443
329
322
343
286
220
154
82
155
13
-176
-266
-395
-366
-321
-546
-712
-725
-703
-649
-885
-950
-854
-874
-949
-954
-916
-985
-811
-847
-943
-1006
-969
-995
-930
-900
-992
-891
-912
-944
-1023
-1024
-1038
-1101
-1049
-953
-933
-900
-837
-768
-952
-853
-697
-737
-699
-606
-623
-576
-536
-534
-533
-438
-266
-323
-267
-171
-118
-218
-157
64
158
221
211
291
325
445
485
526
705
589
711
854
924
983
984
989
1108
1164
1138
1291
1287
1320
1372
1322
1357
1382
1213
1294
1268
1125
1121
1072
878
759
655
584
546
380
256
239
86
-36
-184
-324
-427
-568
-645
-707
-747
-784
-1014
-1067
-924
-824
-860
-883
-846
-858
-599
-722
-676
-670
-404
-339
-399
-289
-268
-266
-242
-182
-152
-44
130
54
53
-9
-160
-134
-241
-226
-217
-191
-297
-277
-410
-545
-509
-661
-685
-775
-963
-1031
-968
-960
-1057
-1219
-1342
-1436
-1488
-1354
-1267
-1267
-1339
-1345
-1277
-1138
-916
-882
-724
-835
-752
-629
-430
-239
-88
-102
-80
85
207
419
431
560
690
658
719
861
971
1070
991
1022
1131
1236
1347
1532
1637
1713
1869
1996
2000
1951
2369
2285
1891
1682
1641
1857
1629
1223
1041
1174
1052
546
163
27
-182
-562
-836
-620
-448
-700
-1117
-1239
-1291
-1357
-1403
-1476
-1352
-1426
-1465
-1509
-1373
-1308
-1389
-1228
-1191
-1141
-1089
-870
-864
-795
-683
-672
-589
-488
-539
-606
-466
-416
-309
-415
-356
-307
-384
-528
-518
-465
-503
-554
-582
-613
-723
-679
-757
-814
-933
-1046
-1064
-1201
-1345
-1397
-1340
-1390
-1502
-1456
-1255
-1234
-1348
-1423
-1319
-1137
-1065
-900
-731
-643
-506
-480
-240
52
128
-47
-199
-22
68
63
202
299
198
292
338
542
822
755
754
865
903
1051
1231
1206
1365
1389
1417
1442
1540
1575
1642
1725
1802
1874
1701
1706
1445
1185
1113
1110
1059
919
616
297
83
2
-157
-289
-329
-452
-716
-948
-974
-1044
-1251
-1386
-1466
-1548
-1542
-1612
-1511
-1609
-1505
-1666
-1675
-1582
-1563
-1471
-1474
-1398
-1431
-1189
-1090
-884
-769
-748
-672
-704
-802
-527
-492
-613
-474
-610
-613
-613
-529
-608
-624
-643
-875
-796
-843
-933
-801
-833
-813
-1040
-900
-840
-870
-782
-798
-617
-594
-519
-540
-460
-364
-327
-104
-113
-75
101
-2
-73
240
333
291
509
540
700
870
805
896
1025
1030
1254
1367
1375
1428
1507
1628
1639
1777
1892
2016
2009
2115
2347
2294
2299
2438
2442
2594
2674
2650
2424
2168
2148
2390
2254
1732
1526
1533
1368
858
739
656
469
222
-230
-442
-440
-511
-978
-1105
-1037
-1249
-1487
-1358
-1283
-1284
-1365
-1525
-1503
-1469
-1301
-1217
-1189
-1073
-944
-790
-651
-691
-477
-287
-389
-272
-204
-252
-312
-354
-289
-436
-463
-480
-453
-556
-648
-730
-664
-742
-748
-749
-869
-964
-1095
-1024
-1173
-1103
-1203
-1204
-1153
-1319
-1368
-1398
-1338
-1345
-1368
-1159
-1078
-1071
-902
-896
-723
-635
-561
-416
-411
-255
-71
209
394
558
517
418
578
836
1097
1091
1062
974
950
1283
1361
1279
1322
1254
1273
1331
1557
1937
1765
1757
1910
2269
2505
2486
2364
2024
1927
1875
1974
2247
1994
1369
1071
1075
961
726
336
-15
-188
-431
-695
-763
-518
-776
-1236
-1482
-1542
-1500
-1609
-1655
-1563
-1565
-1524
-1550
-1554
-1495
-1377
-1278
-1249
-1103
-1097
-1033
-966
-806
-834
-710
-635
-515
-573
-466
-474
-459
-219
-549
-379
-457
-454
-405
-433
-397
-515
-405
-685
-778
-652
-878
-895
-1147
-1207
-1133
-1178
-1385
-1347
-1411
-1279
-1209
-1136
-1088
-1152
-1071
-975
-877
-745
-646
-591
-408
-266
-164
-36
-40
104
167
232
319
482
662
727
673
745
892
851
1045
1211
1210
1139
1161
1211
1394
1594
1645
1752
1801
1875
1987
2180
2178
2269
2405
2494
2443
2399
2233
1923
1991
2082
1988
1757
1182
951
923
835
559
269
266
-74
-308
-471
-708
-732
-844
-1026
-1031
-1223
-1275
-1388
-1408
-1306
-1448
-1403
-1338
-1342
-1418
-1372
-1230
-1182
-997
-1026
-1069
-921
-615
-400
-398
-404
-368
-59
-3
70
109
33
-34
-46
-85
-33
8
-26
-90
-154
-205
-333
-398
-385
-392
-561
-703
-783
-729
-724
-787
-802
-943
-1012
-785
-808
-677
-687
-748
-732
-748
-527
-353
-325
-396
-282
-178
-122
20
103
167
176
288
382
580
694
671
962
938
958
1129
1091
1494
1333
1240
1562
1641
1462
1689
1689
1681
1916
1842
1905
1910
2048
2258
2339
2394
2232
1964
1895
1926
2156
2036
1662
1258
1029
891
879
780
528
15
-404
-578
-799
-905
-946
-1209
-1539
-1706
-1892
-1892
-1786
-1858
-1866
-1911
-1818
-1749
-1585
-1473
-1444
-1274
-1174
-1070
-970
-800
-596
-552
-534
-456
-414
-334
-301
-103
-92
-14
121
-30
14
36
-5
5
44
109
41
-88
-91
-52
-62
-229
-230
-355
-526
-390
-435
-568
-803
-919
-882
-979
-886
-937
-978
-942
-1010
-1251
-1216
-911
-740
-393
-224
-123
-131
-129
-88
134
215
308
471
641
760
855
784
892
941
882
1040
1133
1150
1183
1231
1480
1602
1509
1406
1623
1914
2037
1909
1834
1981
2112
2397
2503
2654
2584
2696
2575
2334
2148
2138
2307
2006
1671
1337
929
946
736
506
482
196
-248
-553
-702
-664
-866
-1015
-1036
-1543
-1292
-1283
-1520
-1515
-1326
-1302
-1457
-1370
-1301
-1420
-1159
-1100
-1231
-1027
-860
-767
-605
-425
-302
-166
-138
-78
-68
82
296
260
364
424
304
283
346
234
238
271
123
-37
-92
-182
-303
-414
-493
-684
-740
-787
-900
-865
-906
-886
-959
-1028
-1025
-969
-845
-835
-857
-724
-676
-507
-421
-376
-286
-22
-21
75
113
50
149
175
278
347
412
634
595
581
636
655
828
874
936
1144
1273
1238
1377
1442
1421
1455
1388
1403
1686
1753
1838
1901
2006
2224
2232
2294
2462
2335
2260
2096
1737
1734
1982
2069
1642
1183
920
872
886
495
361
333
88
-362
-759
-704
-725
-827
-969
-1079
-1182
-1264
-1288
-1422
-1291
-1156
-1278
-1203
-950
-806
-689
-522
-425
-369
-194
-41
19
14
309
538
407
468
400
329
474
579
516
539
438
407
325
190
288
271
140
-151
-119
-342
-411
-324
-507
-385
-443
-639
-989
-899
-784
-786
-851
-926
-861
-884
-843
-878
-725
-506
-599
-571
-373
-391
-173
-209
-174
-284
-134
65
150
251
256
230
334
302
345
521
420
446
467
560
557
550
640
760
695
709
873
1015
1070
1098
1252
1364
1414
1494
1649
1786
1930
1922
1828
1862
2039
1815
1388
1223
1361
1440
1075
881
689
368
131
-11
-33
-59
-237
-742
-887
-834
-685
-870
-1062
-1133
-1133
-1126
-1166
-907
-832
-851
-942
-925
-903
-811
-865
-642
-436
-263
-11
86
350
315
291
299
320
236
237
457
515
579
524
481
470
422
278
289
197
83
2
-173
-319
-565
-680
-694
-606
-669
-735
-831
-870
-752
-803
-646
-517
-493
-495
-474
-133
58
155
106
69
228
320
400
399
388
525
529
684
621
668
461
492
687
539
664
709
858
870
957
1062
1064
1021
1268
1340
1459
1383
1273
1457
1462
1527
1699
1947
2027
2123
2290
2426
2293
2296
2400
2277
2142
1718
1768
1846
1780
1443
1056
1067
837
454
274
310
69
-369
-763
-903
-869
-1021
-1198
-1259
-1300
-1350
-1389
-1396
-1210
-1199
-1194
-1099
-1018
-698
-633
-561
-479
-309
-281
-98
175
182
125
143
177
161
11
-76
72
56
-20
-271
-305
-364
-541
-626
-662
-770
-890
-1109
-1182
-1152
-1166
-1251
-1265
-1328
-1370
-1443
-1433
-1316
-1147
-1086
-1125
-964
-1065
-897
-779
-608
-709
-675
-402
-408
-219
-148
-181
27
55
-6
94
288
298
255
381
395
473
373
430
380
347
481
535
569
610
692
840
1003
1021
1149
1239
1260
1460
1661
1797
1807
1998
2195
2254
2426
2551
2548
2562
2496
2653
2480
2235
1900
1944
1870
1560
1405
1134
872
480
236
160
-30
-300
-663
-837
-765
-727
-977
-1143
-997
-1137
-1062
-1010
-925
-817
-688
-565
-564
-449
-187
18
-117
-12
103
222
228
389
542
286
289
402
383
360
323
75
-28
-74
-144
-121
-187
-350
-423
-721
-877
-980
-1104
-1293
-1223
-1252
-1348
-1308
-1256
-1271
-1303
-1209
-1227
-975
-973
-792
-750
-738
-536
-448
-195
-201
-113
-74
-98
32
89
134
29
133
191
149
-29
54
46
143
151
239
260
130
292
315
528
558
635
840
875
980
1059
1145
1278
1382
1652
1787
1853
1919
1706
1823
1852
1817
1982
2068
2046
1996
2045
1877
1527
1495
1621
1479
1069
695
355
-77
-400
-628
-600
-762
-1097
-1195
-1332
-1588
-1584
-1693
-1750
-1598
-1574
-1506
-1510
-1353
-1330
-1236
-984
-681
-334
-323
-252
-155
-118
-47
260
408
490
446
404
405
252
73
72
-152
-226
-321
-490
-605
-689
-901
-901
-1086
-1287
-1351
-1430
-1370
-1385
-1242
-1361
-1281
-1348
-1225
-1088
-1058
-1002
-786
-632
-473
-632
-652
-543
-457
-268
-153
-142
-201
-255
21
-28
-40
143
-176
-22
33
71
68
78
124
112
188
288
292
367
460
606
621
656
798
864
985
1022
1091
1288
1480
1502
1573
1821
1940
2091
2141
2232
2367
2375
2525
2595
2468
2421
2186
1773
1403
1397
1364
982
518
299
36
-350
-612
-853
-924
-1221
-1474
-1572
-1498
-1459
-1638
-1670
-1648
-1648
-1442
-1336
-1012
-882
-854
-692
-533
-300
-74
138
195
99
172
347
484
504
384
229
242
93
49
-14
-60
-200
-307
-313
-524
-656
-726
-842
-955
-926
-966
-951
-1133
-1337
-1336
-1248
-1228
-1265
-1202
-1126
-1178
-1046
-885
-768
-829
-677
-393
-395
-171
-70
-91
-103
-47
30
-6
19
62
121
89
151
213
154
234
190
94
92
196
297
366
513
539
556
597
711
982
977
1204
1230
1451
1542
1774
1731
1849
2146
1913
2180
2285
2429
2528
2511
2526
2583
2790
2731
2773
2589
2114
1669
1551
1468
1169
847
600
389
28
-234
-535
-681
-942
-1301
-1240
-1294
-1218
-1252
-1400
-1407
-1405
-1238
-1124
-865
-675
-511
-269
-270
-24
277
335
388
391
570
716
804
838
890
684
666
649
508
449
449
310
123
23
-155
-253
-466
-641
-588
-640
-779
-780
-895
-846
-713
-701
-584
-439
-372
-376
-402
-375
-242
-219
-195
-212
-180
44
150
-194
-42
43
-29
-165
-368
-137
62
86
-80
-166
-58
98
299
271
-6
59
375
481
511
704
633
560
447
480
671
870
898
1016
1118
1239
1398
1421
1633
1704
1762
1986
2179
2223
2241
2133
2257
2254
2201
2304
2285
2306
2256
1911
1606
1308
1037
752
509
116
-84
-284
-538
-821
-1117
-1385
-1476
-1603
-1683
-1497
-1519
-1587
-1785
-1604
-1487
-1425
-1325
-1127
-936
-955
-695
-462
-517
-453
-632
-365
-95
-255
42
282
62
-92
-161
43
-23
-90
-163
-232
-350
-297
-273
-533
-521
-597
-674
-701
-669
-758
-861
-968
-800
-821
-1053
-1121
-1169
-1172
-1147
-1033
-812
-912
-867
-914
-762
-801
-822
-742
-754
-710
-627
-627
-693
-661
-672
-523
-577
-698
-715
-537
-393
-427
-425
-329
-320
-274
-108
-64
179
301
313
327
434
486
560
773
779
829
1030
1158
1212
1242
1470
1409
1468
1494
1480
1423
1412
1517
1551
1448
1370
1369
1335
1534
1495
1419
1250
914
605
605
572
390
264
221
302
90
-208
-473
-550
-521
-731
-826
-817
-798
-862
-853
-915
-813
-744
-726
-547
-521
-414
-408
-300
-141
-28
93
58
6
170
126
219
272
230
110
-31
23
-35
-96
-36
-52
-120
-55
-109
-25
-191
-273
-207
-79
-175
-88
14
-82
-157
-307
-213
-200
-305
-394
-268
-278
-270
-267
-431
-492
-553
-652
-556
-627
-681
-650
-570
-460
-524
-581
-587
-377
-322
-264
-203
-215
-93
-34
91
-17
42
68
250
331
301
401
435
533
545
729
657
606
833
839
974
960
1069
1085
1129
1377
1413
1171
1110
1334
1205
1275
1360
1209
1241
1088
1092
956
931
1063
975
923
677
569
548
359
193
147
131
60
50
-25
-21
-242
-345
-316
-422
-463
-641
-669
-671
-643
-751
-798
-688
-591
-324
-248
-219
-188
-298
-268
-257
-328
-281
-250
-345
-129
145
205
92
-247
-240
-196
-108
-9
-10
119
46
-44
-60
-224
-273
-287
-239
-326
-388
-408
-376
-374
-412
-364
-354
-344
-413
-487
-491
-540
-673
-650
-650
-646
-498
-437
-344
-315
-359
-286
-314
-157
-117
-56
-1
-59
-28
172
340
411
199
362
396
533
836
828
923
1009
1104
765
939
920
1109
1046
886
1147
1058
1228
1464
1469
1449
1466
1472
1553
1747
1595
1611
1791
1460
1201
1128
1162
1099
850
596
341
264
99
-260
-333
-487
-749
-786
-953
-955
-995
-1039
-1159
-1174
-1029
-1019
-976
-819
-747
-707
-595
-486
-412
-355
-230
-199
-25
-97
-96
23
-29
-68
-4
62
36
-72
-222
-279
-440
-522
-593
-619
-744
-735
-750
-899
-1019
-1059
-1090
-1182
-1218
-1181
-1227
-1309
-1323
-1441
-1546
-1492
-1381
-1403
-1312
-1276
-1215
-1168
-1169
-1190
-1016
-1017
-994
-827
-711
-681
-631
-624
-687
-556
-413
-444
-349
-386
-311
-170
-283
-208
-79
-25
-96
51
168
287
328
432
571
576
580
653
840
967
1039
1197
1196
1086
1125
1159
1239
1238
1284
1232
1270
1396
1371
1357
1327
1314
1335
1380
1234
1326
1335
1334
867
641
345
197
213
-44
-184
-291
-142
-473
-690
-773
-868
-1102
-1123
-1301
-978
-768
-931
-473
-586
-607
-663
-701
-388
-412
-234
38
49
84
134
249
253
285
159
121
124
216
78
51
-26
-244
-314
-433
-587
-717
-828
-796
-881
-966
-893
-989
-995
-1014
-1104
-1182
-1197
-1118
-983
-1122
-998
-884
-882
-777
-796
-684
-664
-533
-576
-470
-383
-382
-339
-387
-416
-332
-235
-300
-164
-133
-39
21
184
347
291
460
625
644
710
965
919
1136
1188
1280
1453
1487
1554
1690
1783
1830
1961
1919
2089
1996
2108
2118
2179
2317
2332
2449
2588
2602
2645
2441
2210
1986
1591
1203
978
559
177
-7
-4
-136
-437
-485
-613
-980
-1239
-1389
-1525
-1276
-1157
-827
-527
-479
-352
-308
15
349
445
515
584
909
1153
1153
1153
1108
939
763
691
434
477
492
235
50
-170
-265
-450
-540
-668
-941
-858
-873
-1054
-1007
-924
-914
-803
-826
-975
-936
-963
-716
-923
-867
-733
-964
-1132
-1007
-953
-1101
-1197
-1194
-1206
-1196
-1249
-1049
-839
-1053
-1136
-1039
-987
-946
-799
-802
-807
-562
-377
-209
-31
-19
35
164
380
468
543
584
773
1065
1165
1221
1373
1393
1545
1711
1814
1838
1931
1972
2080
2027
2053
2150
2135
2167
2193
2284
2231
2239
2149
2137
2078
2019
1961
1733
1243
789
462
166
-213
-436
-432
-661
-821
-1010
-1033
-1118
-1361
-1330
-1267
-1362
-1223
-832
-582
-339
-239
141
182
357
546
679
829
917
1018
1090
1270
1309
1190
1043
884
796
514
211
180
52
-48
-286
-395
-485
-659
-828
-1009
-1064
-987
-1129
-1090
-860
-789
-677
-565
-493
-455
-534
-567
-657
-799
-692
-660
-665
-692
-677
-716
-737
-849
-860
-851
-1072
-956
-1014
-961
-1045
-854
-755
-777
-571
-489
-359
-330
-31
85
288
342
529
633
782
962
958
1114
1330
1354
1391
1415
1408
1506
1308
1533
1653
1461
1337
1509
1532
1508
1554
1590
1665
1682
1622
1473
1682
1799
1688
1716
1617
1538
1636
1591
1375
709
194
1
-280
-586
-811
-884
-945
-1108
-1177
-1183
-1184
-1258
-1525
-1502
-1377
-1238
-879
-710
-408
-244
-127
9
82
333
412
418
282
296
400
471
470
303
190
-50
-81
-186
-497
-517
-664
-697
-789
-760
-855
-903
-836
-889
-882
-1066
-978
-966
-1003
-1063
-1166
-1048
-1055
-1132
-1048
-1023
-1015
-967
-1054
-1211
-1233
-1133
-858
-974
-1079
-870
-670
-805
-936
-869
-579
-640
-741
-354
21
50
-19
102
541
563
268
581
784
847
1063
1057
1157
1234
1345
1716
1759
1784
1729
1774
1993
1998
1957
1978
2071
2247
2282
2198
1993
2064
2016
2141
2077
1885
1948
1921
1906
1921
1956
1888
1709
1318
734
346
237
-99
-498
-477
-562
-533
-446
-698
-637
-625
-749
-1074
-1112
-684
-465
-198
-107
49
471
710
639
784
1076
1158
1089
952
874
906
1003
982
783
754
501
277
62
-274
-314
-444
-680
-898
-854
-926
-918
-1002
-1038
-1056
-1135
-1034
-1022
-966
-861
-800
-700
-747
-728
-657
-832
-979
-1071
-936
-1016
-1272
-1311
-1381
-1374
-1331
-1375
-1431
-1390
-1353
-1352
-1377
-1239
-1149
-948
-825
-689
-575
-417
-188
-126
-114
75
280
361
458
584
783
953
976
946
1008
1028
1048
995
1002
898
881
930
1135
1232
1208
1215
1150
1171
1198
1295
1291
1163
1203
1328
1327
1318
1227
1335
1476
1455
1284
724
208
-34
-139
-614
-1008
-1090
-1139
-1183
-1316
-1281
-1176
-1119
-1336
-1512
-1412
-1136
-934
-684
-548
-289
165
331
447
536
786
729
617
513
472
536
480
332
177
39
22
-69
-401
-606
-701
-942
-1155
-1197
-1319
-1259
-1137
-1271
-1282
-1132
-1228
-1186
-1070
-1070
-1022
-1027
-1215
-1268
-1122
-999
-1117
-1148
-1181
-1153
-1056
-1040
-1051
-931
-867
-837
-962
-860
-910
-889
-572
-630
-543
-517
-262
-110
-46
100
197
322
490
545
685
818
876
939
1080
1123
1194
1299
1335
1347
1323
1482
1529
1574
1496
1585
1619
1614
1577
1750
1755
1692
1645
1800
1864
1718
1711
1619
1765
1781
1762
1811
1817
1623
1149
608
283
11
-316
-675
-806
-934
-914
-966
-864
-804
-858
-1047
-1162
-1009
-915
-594
-540
-142
274
671
1002
1084
916
779
998
1049
965
928
712
701
623
572
625
452
146
-128
-115
-286
-747
-1109
-1162
-1052
-1103
-1148
-1358
-1159
-913
-914
-847
-896
-874
-868
-791
-737
-754
-709
-675
-770
-848
-951
-1104
-1090
-1055
-1118
-1295
-1125
-988
-1015
-1021
-926
-723
-874
-876
-689
-517
-270
-124
-18
238
444
683
621
823
947
869
1086
1185
1223
1284
1494
1285
1307
1515
1548
1490
1473
1417
1545
1438
1348
1334
1538
1553
1386
1539
1862
1815
1595
1802
1863
1751
1850
1732
1736
1956
1919
2143
2020
1398
1046
554
302
-12
-457
-761
-963
-849
-895
-847
-637
-571
-554
-691
-672
-484
-391
-182
-245
168
587
760
879
1015
1144
1016
955
752
558
361
305
92
-121
-74
-99
-287
-368
-475
-691
-896
-1136
-1154
-1275
-1259
-1248
-1270
-1002
-1020
-931
-886
-924
-934
-1058
-1119
-1124
-1126
-1122
-1081
-949
-956
-1039
-1050
-1080
-1083
-1087
-1140
-1205
-1224
-1168
-1193
-1204
-974
-832
-758
-720
-706
-592
-571
-426
-313
-116
47
110
182
318
405
527
568
485
533
568
648
771
901
1040
961
980
1130
1116
1072
1201
1183
1141
1094
1080
1108
1071
1106
1155
1099
1093
1057
1091
1102
1104
1214
1207
1237
977
533
203
-74
-311
-634
-966
-1010
-1056
-1159
-1040
-1037
-894
-1029
-1189
-1303
-982
-915
-894
-726
-728
-459
-148
75
104
437
455
535
402
270
125
-52
19
-338
-254
-337
-544
-497
-677
-705
-837
-1059
-1187
-1403
-1440
-1536
-1536
-1374
-1433
-1118
-1072
-989
-1055
-911
-729
-830
-824
-728
-700
-745
-797
-910
-778
-812
-818
-936
-928
-949
-990
-934
-905
-858
-818
-706
-613
-437
-378
-151
35
130
258
450
506
552
712
753
984
984
1024
1073
1218
1317
1282
1330
1340
1371
1306
1310
1333
1326
1368
1219
1441
1321
1299
1364
1338
1558
1595
1630
1627
1624
1546
1552
1564
1746
1833
1576
1403
1496
1639
1131
496
498
253
-60
-538
-845
-699
-616
-614
-686
-585
-494
-491
-512
-569
-500
-448
-274
-376
-175
386
468
371
519
783
708
303
91
134
226
62
-254
-401
-435
-387
-551
-705
-894
-825
-875
-1104
-1320
-1268
-1327
-1309
-1299
-1015
-982
-999
-912
-1046
-921
-1092
-1136
-1173
-1270
-1172
-1329
-1117
-1113
-1242
-1022
-900
-1018
-1051
-893
-1060
-1102
-1067
-982
-872
-767
-783
-727
-550
-452
-107
-265
-140
-56
34
163
157
285
384
479
542
623
680
856
842
802
818
863
886
1062
1103
971
1025
1102
1117
1154
1151
1149
1159
1181
1249
1199
1295
1106
1068
1011
1126
1302
1144
1119
963
841
533
215
151
-158
-339
-515
-581
-698
-723
-611
-571
-572
-602
-514
-565
-464
-437
-269
-300
-165
74
217
351
445
550
592
564
475
418
223
67
-11
23
-21
-82
-161
-354
-483
-471
-510
-656
-720
-946
-1038
-1080
-1142
-1053
-956
-728
-661
-677
-572
-514
-547
-486
-590
-687
-803
-835
-837
-1034
-1091
-946
-917
-800
-726
-696
-633
-804
-919
-908
-755
-683
-576
-364
-226
-153
54
129
291
409
492
547
476
545
535
579
720
854
928
966
918
882
1032
1038
994
903
893
956
826
970
992
1077
1202
1197
1305
1331
1245
1257
1195
1179
1099
1129
1092
1058
1028
1111
1159
779
598
357
-80
-234
-441
-816
-1104
-1173
-1135
-1117
-926
-756
-633
-599
-566
-665
-522
-300
-347
-382
-218
-98
34
104
186
270
191
186
159
82
-39
-122
-319
-576
-638
-673
-676
-757
-772
-781
-838
-895
-892
-1027
-1032
-1022
-1130
-1082
-1020
-1054
-864
-766
-855
-738
-667
-654
-689
-750
-756
-742
-735
-766
-723
-646
-658
-438
-328
-528
-591
-499
-389
-361
-471
-583
-494
-325
-163
-21
149
288
236
174
316
683
783
530
458
302
584
826
833
1026
1064
1029
1088
1224
1258
1452
1362
1356
1341
1430
1609
1481
1473
1517
1548
1640
1661
1829
1872
1762
1593
1473
1361
1370
1381
1278
1051
670
458
234
12
-213
-431
-567
-535
-590
-543
-310
-229
-319
-220
-261
18
51
90
111
285
445
509
824
689
887
790
901
531
458
494
253
96
-297
-387
-291
-182
-484
-454
-578
-895
-524
-771
-804
-862
-834
-854
-969
-925
-806
-865
-791
-767
-701
-604
-540
-445
-572
-560
-467
-544
-675
-656
-731
-823
-940
-886
-893
-867
-877
-829
-855
-861
-724
-635
-550
-444
-249
-158
-17
213
343
428
475
539
642
581
641
665
769
817
828
930
889
960
970
1038
1004
1065
1165
1108
1153
1215
1378
1454
1415
1290
1407
1622
1619
1528
1504
1576
1430
1350
1300
1239
1087
704
457
151
-87
-385
-520
-638
-895
-856
-834
-890
-841
-623
-469
-388
-359
-227
-19
-46
123
195
248
465
505
575
613
591
500
326
308
16
-91
-171
-347
-398
-606
-782
-850
-779
-914
-1000
-1024
-1136
-1232
-1313
-1307
-1280
-1123
-1140
-980
-859
-737
-604
-599
-424
-481
-504
-572
-651
-752
-767
-822
-811
-917
-832
-559
-647
-877
-714
-678
-856
-657
-599
-602
-634
-440
-352
-438
-348
-139
2
66
307
321
363
373
271
473
550
541
634
667
599
732
783
854
836
877
965
973
1086
1200
1150
1125
1057
1191
1178
1026
1150
1161
1247
1184
1150
1154
1086
901
814
751
489
444
248
-56
-192
-316
-399
-496
-617
-624
-582
-521
-599
-560
-401
-313
-247
-233
-160
-131
-103
16
-22
-71
45
-126
-2
-35
-146
-141
-251
-427
-606
-522
-487
-708
-1027
-1117
-1141
-1135
-1042
-1066
-1083
-896
-929
-944
-834
-697
-727
-822
-677
-689
-802
-827
-755
-602
-614
-450
-321
-456
-440
-474
-463
-420
-592
-618
-616
-566
-518
-303
-405
-634
-473
-453
-213
-217
-421
-109
-82
68
240
327
281
443
663
770
813
720
855
856
862
1109
1237
1043
1265
1275
1130
1278
1241
1322
1312
1421
1343
1271
1342
1295
1419
1574
1457
1333
1488
1315
1371
1174
739
747
583
198
-25
-149
-420
-547
-405
-504
-722
-459
-451
-417
-518
-259
-207
-163
-124
-115
62
164
250
209
412
338
389
352
265
283
26
-248
-344
-367
-478
-641
-717
-806
-847
-904
-907
-994
-991
-915
-944
-940
-853
-715
-571
-521
-493
-360
-313
-290
-177
-165
-132
-214
-282
-317
-402
-522
-537
-488
-399
-391
-456
-359
-353
-313
-351
-418
-392
-283
-253
-38
26
35
146
226
293
465
531
564
481
573
684
562
671
645
772
720
718
893
845
834
879
939
908
1087
1185
1053
1165
1196
1150
1226
1087
1151
1248
1223
1076
1038
983
906
708
447
361
170
-109
-259
-377
-561
-724
-744
-710
-651
-680
-620
-522
-501
-458
-343
-268
-254
-210
-121
-134
-233
-170
-232
-327
-371
-456
-605
-587
-671
-756
-816
-886
-1078
-1068
-1090
-1119
-1061
-1187
-1233
-1419
-1096
-899
-1066
-1070
-875
-872
-940
-818
-753
-750
-584
-629
-715
-703
-578
-472
-483
-435
-401
-504
-452
-465
-458
-371
-343
-316
-418
-347
-242
-268
-207
-170
-134
-14
-77
2
-27
-53
3
114
170
266
268
241
333
356
417
468
603
591
731
789
862
895
1000
1174
1243
1258
1363
1293
1277
1280
1212
1208
1158
1065
940
852
778
682
584
379
256
103
-42
-127
-395
-348
-390
-280
-379
-431
-272
-239
-231
-211
-157
74
69
-94
84
42
-38
-177
-66
-122
-117
17
-225
-248
-348
-445
-522
-652
-572
-583
-577
-547
-578
-642
-674
-594
-620
-535
-393
-426
-350
-320
-349
-346
-225
-225
-165
-145
-87
24
43
19
51
106
208
194
166
170
221
307
213
206
333
322
294
367
287
258
320
554
303
425
496
412
469
606
633
654
535
560
638
727
753
802
693
599
586
591
629
558
605
656
764
898
769
764
897
828
789
904
869
921
809
741
697
697
597
501
604
400
164
134
-11
30
-15
-178
-165
-328
-253
-331
-439
-487
-447
-390
-408
-311
-184
-232
-266
-292
-404
-271
-238
-253
-192
-345
-384
-310
-333
-350
-370
-442
-463
-496
-598
-738
-571
-585
-725
-627
-607
-708
-603
-538
-557
-453
-442
-522
-409
-291
-289
-410
-411
-312
-280
-267
-308
-208
-226
-243
-60
-77
-110
-47
-70
-113
39
-32
-46
47
-16
54
163
92
108
305
374
326
464
440
449
535
461
445
443
410
402
409
344
261
325
327
374
337
375
372
456
561
528
543
525
470
557
541
493
427
485
507
463
377
297
237
172
143
85
75
-73
-71
-72
-102
-184
-123
-141
-144
-117
-51
-143
-156
-322
-240
-230
-246
-138
-298
-348
-196
-284
-309
-229
-440
-286
-274
-484
-546
-574
-558
-436
-387
-536
-435
-446
-441
-509
-488
-557
-547
-398
-398
-235
-223
-169
-66
-90
-89
-182
-318
-169
-152
-247
-393
-327
-267
-350
-168
-103
-42
-71
-38
94
116
158
114
160
298
286
277
268
212
260
270
360
344
415
322
334
290
267
177
150
115
76
91
67
69
-1
73
-7
50
88
85
71
-15
9
-96
-147
-139
-308
-147
5
-53
-119
-77
-203
-311
-342
-256
-203
-244
-199
-237
-183
-257
-229
-304
-315
-258
-148
-149
-143
-107
-129
-18
94
-21
-128
-279
-314
-258
-334
-360
-362
-298
-299
-402
-450
-609
-503
-416
-371
-403
-339
-248
-183
-169
-246
-121
-114
-169
-176
-137
-164
-116
-128
-130
-210
-263
21
54
-292
-177
-100
-105
-80
-52
-240
-169
-7
-98
90
80
67
104
121
261
298
222
194
453
101
309
426
114
331
400
262
204
315
8
121
97
103
95
80
160
91
137
99
138
71
38
-9
-66
-60
-58
-127
-92
-94
-136
-97
-40
-11
-96
-72
-144
-198
-235
-354
-250
-267
-203
-129
-169
-160
-76
-82
-240
-262
-168
-185
-281
-246
-354
-339
-264
-335
-329
-320
-348
-415
-429
-450
-431
-417
-468
-399
-348
-465
-461
-420
-363
-361
-344
-441
-400
-397
-462
-412
