225
35
204
138
87
230
138
20
-54
82
58
159
180
122
332
287
427
391
287
306
345
348
289
382
345
248
299
292
167
91
103
71
-12
45
17
-20
-58
-95
-100
-16
-39
-59
-66
42
40
-35
-2
-19
15
-17
23
-73
-147
-209
-210
-210
-140
-77
-124
-51
48
-93
-59
-57
66
-3
-107
114
154
-82
-46
237
46
45
154
41
-37
203
163
30
260
-54
-145
139
250
-19
199
252
-31
185
408
236
-34
357
437
162
140
288
267
200
361
468
394
255
374
440
361
235
385
525
330
303
492
540
521
256
295
489
437
294
517
622
555
540
538
534
491
406
435
536
412
307
275
122
205
177
135
161
-13
-37
-221
128
-54
-144
-82
-61
-61
-123
26
-335
-187
-109
-273
8
-25
-197
51
-121
-7
-140
-475
-287
-427
-468
-586
-546
-456
-521
-335
-319
-435
-328
-268
-310
-192
-90
-129
-94
-79
134
155
107
201
225
222
209
297
307
336
517
611
540
491
730
852
817
840
879
1168
1114
1260
1263
1258
1341
1410
1403
1342
1523
1473
1513
1599
1541
1486
1448
1488
1477
1354
1170
1114
1083
937
714
557
479
352
259
190
130
23
16
-128
-406
-498
-654
-839
-939
-950
-1043
-1152
-1263
-1381
-1263
-1241
-1187
-1193
-1204
-1082
-1078
-928
-897
-963
-814
-771
-694
-706
-690
-595
-540
-442
-378
-436
-456
-480
-526
-447
-546
-543
-465
-516
-582
-543
-731
-775
-688
-640
-514
-436
-379
-419
-261
-247
-146
53
114
158
278
328
346
511
655
825
821
1012
1165
1236
1352
1396
1450
1565
1724
1688
1875
2056
2077
2298
2322
2419
2352
2282
2318
2235
2105
2117
2037
1707
1373
1384
1194
755
536
526
249
-137
-474
-530
-618
-975
-1085
-1172
-1147
-1380
-1628
-1675
-1519
-1588
-1631
-1465
-1364
-1284
-1235
-1133
-826
-559
-462
-382
-270
-128
73
117
180
221
229
371
437
629
448
408
528
525
399
404
547
292
111
-165
-236
-470
-579
-529
-816
-999
-1190
-1263
-1289
-1299
-1451
-1555
-1592
-1576
-1634
-1745
-1779
-1716
-1655
-1496
-1448
-1475
-1471
-1433
-1130
-896
-580
-490
-369
-257
-75
81
27
54
219
665
829
967
1132
1131
1116
1479
1909
1858
1759
1778
2090
2311
2471
2626
2688
2716
2708
2872
2987
3058
2663
2404
2510
2561
2425
2111
1887
1154
888
1119
842
773
287
-382
-511
-894
-1035
-1039
-841
-996
-1544
-1837
-1635
-1503
-1447
-1352
-1460
-1415
-1532
-1415
-1109
-963
-919
-812
-637
-543
-580
-500
-42
67
-62
-47
49
97
12
-108
490
415
129
63
-144
-226
-434
-453
-386
-576
-784
-980
-1114
-1340
-1282
-1412
-1650
-1772
-1800
-1969
-1794
-1674
-1762
-1944
-2006
-1798
-1738
-1722
-1729
-1488
-1346
-1328
-1281
-1116
-943
-901
-724
-490
-311
-132
-127
-7
294
463
576
762
919
1014
1103
1267
1494
1646
1749
1926
2162
2291
2286
2450
2509
2580
2509
2671
2845
2834
2900
2888
2768
2665
2644
2561
2431
2164
1874
1452
1186
1143
1084
848
397
-66
-342
-670
-778
-810
-884
-1112
-1520
-1610
-1649
-1665
-1644
-1750
-1717
-1754
-1698
-1630
-1363
-1011
-988
-1054
-847
-577
-350
-363
-196
-95
-112
66
162
433
242
59
13
27
51
107
120
-90
-415
-637
-603
-537
-748
-971
-1069
-1415
-1628
-1549
-1390
-1465
-1599
-1770
-1986
-1983
-1685
-1668
-1816
-1910
-1973
-1886
-1705
-1604
-1486
-1488
-1416
-1332
-1115
-1068
-899
-782
-623
-516
-151
6
-134
249
313
469
685
993
1164
1186
1078
1472
1614
1722
1755
1754
1970
1941
2115
2242
2403
2414
2589
2690
2692
2913
2942
2985
2902
2633
2483
2383
2545
2366
1994
1519
1175
1192
1099
817
288
-160
-575
-1025
-1319
-1331
-1281
-1852
-2250
-2406
-2399
-2400
-2395
-2501
-2448
-2452
-2582
-2365
-2127
-1866
-1839
-1832
-1761
-1421
-1249
-1031
-876
-740
-654
-561
-593
-597
-624
-538
-364
-517
-597
-569
-459
-678
-724
-633
-819
-936
-1068
-1340
-1306
-1362
-1738
-1518
-1780
-1885
-2100
-2095
-2085
-2059
-2111
-2141
-2252
-2132
-2201
-2078
-1916
-1777
-1889
-1609
-1523
-1299
-1154
-1235
-682
-874
-409
-375
-61
194
227
464
600
676
890
918
1134
1208
1517
1504
1798
1874
1932
2109
1948
2432
2728
2508
2764
2994
2843
3284
3422
3381
3456
3589
3524
3433
3217
2991
3072
2916
2642
2388
1823
1429
1281
1079
778
337
-39
-349
-762
-1007
-1125
-1133
-1166
-1634
-1985
-2010
-1835
-2183
-2043
-1770
-2079
-1833
-1714
-1808
-1733
-1389
-1316
-1296
-1174
-962
-812
-662
-624
-542
-544
-536
-337
-287
-189
-358
-495
-308
-300
-355
-581
-629
-595
-843
-962
-1146
-1206
-1513
-1805
-1751
-1740
-1801
-1942
-2116
-2252
-2355
-2429
-2382
-2306
-2408
-2500
-2507
-2287
-1996
-1899
-1867
-1768
-1563
-1448
-1380
-1094
-821
-721
-713
-480
-262
-102
-33
58
307
436
578
742
832
972
988
1237
1407
1477
1595
1534
1708
1936
2085
2104
2257
2367
2333
2430
2549
2714
2765
2749
2784
2690
2697
2557
2382
2422
2470
2086
1819
1588
1064
777
720
615
252
-145
-476
-891
-1100
-1202
-1375
-1540
-1914
-2138
-2219
-2332
-2463
-2421
-2317
-2295
-2272
-2292
-2034
-1814
-1650
-1487
-1344
-1107
-1009
-911
-752
-537
-347
-314
-273
-176
-57
-15
-56
-129
-94
-110
-257
-365
-490
-556
-722
-775
-991
-965
-1132
-1309
-1365
-1390
-1294
-1485
-1580
-1711
-1791
-1911
-1858
-1801
-1727
-1800
-1824
-1642
-1618
-1811
-1739
-1453
-1187
-1195
-1223
-1003
-792
-652
-418
-221
-32
207
441
466
569
770
973
1010
1169
1368
1414
1402
1639
1720
1707
1828
1882
2074
2090
2279
2269
2427
2476
2531
2674
2845
2964
3024
3003
3071
3112
2951
2838
2659
2618
2514
2313
1819
1392
1215
1111
777
307
-51
-395
-747
-1087
-1181
-1283
-1552
-1869
-1962
-1956
-1924
-2053
-1993
-1802
-1990
-2023
-1977
-1641
-1566
-1520
-1169
-1294
-1256
-848
-590
-745
-579
-328
-633
-518
-247
-92
-222
-375
-95
85
-437
-427
-286
-526
-579
-371
-436
-598
-581
-729
-920
-975
-984
-1071
-1194
-1242
-1370
-1435
-1471
-1512
-1533
-1525
-1435
-1596
-1433
-1235
-1294
-1258
-901
-861
-979
-734
-282
-203
-227
38
148
142
231
435
516
623
698
633
771
840
1034
1071
1159
1238
1228
1389
1326
1579
1724
1696
2062
2170
2198
2403
2518
2631
2764
2813
2913
2914
2936
2950
2780
2426
2181
2385
2071
1888
1504
1113
712
387
467
-121
-335
-598
-1164
-1562
-1582
-1608
-1769
-2163
-2401
-2541
-2590
-2704
-2599
-2430
-2486
-2582
-2543
-2301
-2078
-1802
-1707
-1490
-1310
-1089
-979
-853
-565
-397
-229
-123
-42
45
240
221
143
155
110
96
-50
-247
-387
-476
-567
-739
-673
-904
-1140
-1271
-1359
-1383
-1474
-1631
-1768
-1676
-1705
-1739
-1867
-1789
-1777
-1724
-1606
-1547
-1362
-1361
-1334
-1107
-1005
-820
-675
-598
-454
-436
-275
0
230
369
373
545
602
687
902
1178
1149
1189
1382
1328
1490
1633
1714
1712
1840
1952
2026
2231
2309
2442
2337
2511
2649
2806
2983
2944
3080
3051
2908
2769
2547
2468
2507
2236
1861
1342
1253
1153
840
437
134
-161
-684
-1149
-1358
-1408
-1636
-1962
-2190
-2239
-2341
-2529
-2328
-2292
-2230
-2132
-2180
-1756
-1646
-1376
-1365
-965
-859
-824
-329
-361
-112
-53
57
254
333
472
497
241
221
373
297
220
-38
-162
-263
-295
-405
-405
-438
-857
-1090
-1164
-1158
-1188
-1309
-1419
-1514
-1695
-1721
-1616
-1608
-1646
-1745
-1726
-1584
-1428
-1460
-1420
-1099
-1014
-1089
-990
-639
-509
-541
-369
-107
-12
119
289
430
458
549
766
792
1055
1112
1165
1139
1232
1325
1394
1555
1705
1860
1833
1945
2106
2258
2355
2577
2838
2886
3040
3177
3298
3114
2802
2882
3287
3367
2951
2620
2447
2115
1541
1337
1514
1408
838
146
-56
-256
-628
-868
-660
-921
-1279
-1504
-1958
-1358
-1509
-1296
-1305
-1585
-1246
-1043
-959
-1013
-788
-482
-358
-377
-111
99
290
523
420
520
384
696
711
772
854
464
810
610
331
308
40
-144
-191
-316
-358
-495
-942
-1093
-1194
-1394
-1268
-1368
-1703
-1839
-1887
-1860
-1913
-1740
-1625
-1766
-1742
-1578
-1498
-1417
-1312
-1093
-1094
-823
-779
-536
-458
-372
-294
-395
-111
-118
10
-2
27
206
326
286
472
701
507
528
965
943
1096
1239
1343
1390
1432
1609
1714
1848
2008
2074
2143
2262
2489
2709
2725
2700
2855
2962
2949
2698
2507
2468
2210
2046
1821
1433
1188
984
661
402
2
-304
-585
-1039
-1288
-1453
-1479
-1657
-1989
-2052
-1981
-2099
-2137
-1989
-1873
-1787
-1707
-1502
-1277
-1014
-878
-707
-488
-233
-82
98
192
458
412
505
614
475
393
369
389
139
106
-80
-78
-529
-771
-722
-786
-1065
-1300
-1408
-1454
-1653
-1805
-1770
-1756
-1881
-2021
-2046
-1910
-1699
-1604
-1592
-1704
-1531
-1381
-1162
-1072
-921
-855
-803
-591
-504
-409
-183
-95
-30
82
89
222
263
299
462
535
487
564
750
850
791
863
893
873
993
1316
1326
1484
1534
1614
1821
1922
2084
2231
2303
2352
2610
2648
2778
2955
3155
3283
3251
3048
2644
2632
2547
2378
2074
1725
1318
996
671
363
245
-45
-424
-1022
-1549
-1625
-1525
-1738
-1759
-1962
-2000
-1965
-2012
-1753
-1606
-1370
-1470
-1246
-979
-761
-624
-453
-336
-237
-72
120
229
249
327
365
385
226
269
275
296
75
-309
-532
-510
-707
-955
-902
-929
-1237
-1535
-1516
-1615
-1825
-1987
-1907
-1971
-2099
-2030
-1967
-1960
-1976
-1862
-1859
-1715
-1447
-1307
-1338
-1190
-914
-859
-687
-514
-294
-370
-255
22
-65
52
162
292
384
165
81
457
582
315
551
660
732
963
952
969
1223
1329
1422
1742
1715
2017
2417
2371
2410
3062
2983
2743
3348
3336
3432
3735
3988
3672
3633
3669
3300
3077
2875
2661
2254
1813
1268
1072
749
448
-71
-374
-373
-907
-1373
-1361
-1202
-1327
-1731
-1831
-1606
-1451
-1410
-1495
-1233
-914
-768
-598
-425
-209
178
243
465
825
906
1035
1197
1186
1143
1060
1065
865
677
695
813
657
139
-112
-333
-677
-1184
-1012
-1087
-1684
-2073
-2120
-2466
-2423
-2271
-2515
-2325
-2158
-2238
-2330
-1876
-1682
-1704
-1504
-1360
-1079
-878
-854
-681
-564
-540
-391
-192
-73
-200
-140
41
77
116
61
213
278
226
137
235
473
590
517
498
549
750
1000
1107
1381
1470
1580
1710
1872
2058
2159
2240
2438
2662
2704
2936
3104
3127
2986
3155
3315
3091
2806
2721
2563
2426
2174
1803
1415
925
552
343
150
-354
-757
-948
-1408
-1765
-1902
-2096
-2104
-2283
-2256
-2262
-2185
-1978
-1707
-1479
-1240
-1020
-750
-440
-158
53
337
611
677
945
930
1039
1132
1077
1015
899
784
507
390
240
-32
-379
-727
-857
-1169
-1506
-1516
-1554
-1838
-2096
-2068
-2010
-2179
-2204
-2180
-2023
-2059
-1827
-1736
-1597
-1424
-1372
-1216
-1039
-772
-540
-381
-371
-285
-322
-269
-38
75
124
141
60
185
168
208
253
280
263
231
336
451
512
429
584
813
805
884
1033
1269
1351
1398
1849
2027
2070
2354
2586
2678
2725
2859
3143
3142
3225
3435
3522
3697
3722
3598
3096
2618
2318
2220
1987
1366
768
287
-31
-483
-840
-1028
-1294
-1587
-2015
-2242
-2233
-2086
-2198
-2267
-2237
-2149
-2006
-1784
-1290
-1161
-949
-780
-517
-126
149
458
522
575
756
873
872
938
994
818
562
329
88
80
146
-227
-679
-925
-1279
-1506
-1748
-1870
-1866
-2131
-2413
-2594
-2547
-2483
-2438
-2361
-2416
-2273
-2064
-1778
-1541
-1416
-1254
-897
-666
-440
-67
-124
-34
52
70
48
173
90
-56
-43
-24
66
-62
-107
-65
-95
-83
-117
-151
73
79
73
21
177
218
417
769
1032
1250
1170
1534
1873
1975
2109
2225
2369
2519
2890
3143
3260
3343
3356
3611
3672
3602
3489
3096
2851
2613
2300
2098
1743
1152
497
313
-52
-421
-719
-1048
-1487
-1979
-2223
-2204
-2260
-2335
-2370
-2284
-2253
-2246
-2082
-1766
-1274
-1098
-1032
-613
-19
40
600
807
844
1071
1266
1163
1450
1226
1058
1006
789
645
137
-137
-314
-468
-972
-1376
-1679
-1779
-2224
-2589
-2435
-2526
-2675
-2713
-2615
-2668
-2544
-2445
-2179
-1910
-1639
-1391
-1378
-1011
-764
-672
-638
-458
-206
-284
-142
-88
-141
-243
-284
-115
-259
-348
-254
-406
-513
-615
-597
-629
-632
-553
-605
-626
-512
-252
-91
80
185
386
554
634
725
1039
1341
1488
1720
1831
1837
2022
2170
2384
2628
2702
2911
3139
3176
3177
3264
3407
3317
2964
2755
2404
2122
1815
1268
695
422
212
-227
-609
-955
-1427
-1893
-2108
-2190
-2250
-2169
-2222
-2274
-2130
-2045
-1796
-1639
-1347
-1051
-859
-566
-160
206
281
529
606
718
794
868
982
948
828
660
519
275
78
-11
-165
-391
-659
-941
-1141
-1289
-1556
-1703
-1788
-1868
-1896
-1985
-1908
-2028
-1929
-1879
-1826
-1573
-1284
-1130
-1206
-1057
-1012
-796
-807
-711
-458
-449
-367
-332
-341
-211
-343
-472
-245
-337
-261
-423
-454
-331
-469
-372
-468
-454
-401
-409
-407
-390
-172
-154
86
218
344
647
754
872
1012
1196
1292
1488
1673
1701
1851
2103
2246
2380
2586
2823
2809
2745
2908
2889
2845
2758
2421
2141
1892
1819
1627
1260
1032
648
607
338
-112
-310
-473
-568
-867
-1172
-1206
-1112
-1223
-1368
-1531
-1449
-1303
-1243
-1216
-968
-1177
-895
-675
-692
-305
-354
-146
-89
121
179
318
458
376
356
227
260
116
286
198
79
68
-406
-72
-637
-549
-748
-740
-634
-881
-580
-684
-689
-664
-910
-728
-771
-602
-418
-192
-154
-23
44
-91
205
-207
-43
154
-102
325
150
215
117
-187
-218
-411
-364
-526
-502
-474
-497
-222
-263
-382
-362
-326
-219
-214
-213
-150
-55
14
272
509
483
591
670
800
784
709
844
805
1204
1050
1142
1148
1061
1091
1073
1144
1112
1400
1521
1324
1563
1455
1521
1570
1413
1465
1448
1315
1319
1183
975
801
759
566
459
398
325
200
93
-187
-346
-494
-836
-787
-923
-996
-1093
-1057
-1120
-1150
-1187
-1247
-1372
-1378
-1303
-1310
-1190
-1149
-1125
-1070
-955
-826
-778
-762
-733
-643
-642
-723
-629
-543
-692
-644
-571
-553
-549
-575
-491
-418
-396
-419
-454
-436
-378
-449
-523
-544
-434
-386
-361
-296
-318
-416
-303
-372
-402
-302
-489
-508
-583
-572
-508
-479
-510
-738
-765
-674
-743
-828
-1004
-1016
-759
-621
-625
-455
-344
-509
-495
-475
-215
1
148
98
210
343
278
394
484
676
762
782
799
672
810
843
906
1084
1066
1088
982
1039
1061
1032
1131
1091
1147
1151
1342
1311
1121
1113
998
980
826
546
524
405
205
-21
-96
-55
-407
-549
-665
-849
-1136
-1333
-1362
-1437
-1338
-1416
-1481
-1443
-1604
-1418
-1187
-973
-1049
-1090
-608
-542
-514
-680
-683
-610
-703
-660
-715
-697
-759
-774
-722
-622
-666
-720
-706
-794
-803
-985
-957
-869
-778
-736
-776
-717
-679
-640
-794
-889
-814
-871
-770
-605
-458
-554
-650
-595
-811
-859
-963
-941
-930
-946
-756
-938
-774
-631
-636
-893
-932
-574
-560
-722
-732
-404
-58
116
-402
-314
-27
-185
-154
15
92
265
378
352
508
-45
133
621
468
703
532
558
1025
881
982
945
799
1012
1111
1185
1255
1400
1208
1538
1549
1249
1561
1345
1176
1343
826
646
880
708
595
676
359
36
67
87
-71
-410
-445
-394
-700
-724
-620
-1018
-745
-868
-1108
-744
-1006
-843
-673
-800
-728
-749
-675
-659
-659
-540
-589
-725
-610
-543
-544
-497
-617
-567
-755
-661
-681
-767
-794
-904
-765
-707
-688
-758
-999
-865
-967
-965
-874
-935
-851
-962
-922
-815
-761
-1030
-795
-723
-610
-914
-798
-722
-962
-703
-964
-893
-783
-823
-714
-822
-783
-690
-864
-956
-853
-672
-833
-953
-739
-375
-576
-552
-269
-195
-265
-297
-36
190
133
-7
83
238
283
406
387
560
723
586
690
648
737
816
940
889
930
1174
1305
1304
1186
1187
1270
1415
1460
1193
1152
1256
1063
845
628
237
176
90
-35
-268
-376
-414
-538
-563
-906
-988
-1050
-1062
-1037
-1130
-1265
-1112
-937
-957
-815
-821
-726
-587
-479
-414
-452
-369
-203
-210
-293
-430
-379
-309
-263
-356
-568
-627
-584
-642
-656
-746
-784
-899
-1057
-991
-943
-836
-1008
-1034
-989
-872
-868
-1059
-1016
-1181
-1127
-1125
-954
-783
-932
-969
-971
-892
-801
-871
-988
-925
-866
-908
-872
-874
-739
-567
-698
-546
-369
-381
-577
-512
-324
-346
-370
-237
-33
-260
-56
-40
-78
149
92
36
133
288
620
563
642
970
1050
1113
1111
1052
1000
1166
1133
1218
1300
1431
1657
1755
1799
1701
1720
1764
1476
1329
1311
1130
1107
1123
849
563
262
82
-146
-381
-540
-688
-756
-901
-1077
-1194
-1164
-1205
-1291
-1513
-1529
-1386
-1340
-1108
-969
-787
-575
-571
-435
-313
-185
-145
-52
37
153
195
232
278
214
158
129
73
-42
-105
-111
-413
-638
-824
-1009
-1074
-1170
-1292
-1463
-1407
-1385
-1441
-1519
-1424
-1238
-1327
-1278
-1034
-903
-837
-666
-557
-580
-602
-334
-78
-347
-541
-488
-238
-316
-603
-651
-504
-314
-363
-335
-278
-206
-160
-211
-49
-74
109
315
440
646
840
1108
1064
1206
1402
1701
1947
2115
2145
2106
2180
2136
2374
2501
2658
2755
2871
3058
3066
3063
3044
3143
3142
3010
2981
2717
2187
1916
1681
1600
991
297
83
-133
-314
-678
-942
-1310
-1402
-1736
-1994
-1869
-1723
-1813
-1790
-1572
-1156
-869
-668
-547
-323
-147
111
586
714
1023
1114
1292
1361
1368
1253
1124
1068
811
616
418
118
-167
-260
-488
-728
-1019
-1365
-1461
-1698
-1722
-1789
-1853
-1970
-2006
-1987
-1826
-1589
-1638
-1553
-1410
-1226
-1146
-1152
-1079
-1010
-996
-938
-853
-794
-867
-943
-1005
-1064
-1057
-1068
-1100
-1316
-1393
-1345
-1291
-1288
-1268
-1184
-1097
-959
-796
-540
-382
-100
162
318
617
919
1256
1509
1731
1912
1977
2167
2418
2602
2716
2898
3113
3162
3212
3161
3143
3330
3462
3428
3362
3333
3353
3441
3257
2652
2030
1572
1367
770
77
-392
-435
-485
-1085
-1527
-1638
-1679
-1948
-2158
-2179
-1853
-1397
-1414
-1127
-622
-173
63
342
600
673
921
997
1280
1470
1647
1819
1765
1567
1412
1270
1036
607
250
-135
-314
-575
-1011
-1194
-1166
-1147
-1587
-1872
-1768
-1605
-1693
-1821
-1471
-1252
-1144
-1003
-903
-606
-637
-572
-507
-441
-333
-183
-327
-237
-591
-729
-832
-1178
-1451
-1676
-1767
-1902
-2006
-2024
-1882
-1741
-1890
-2009
-1833
-1843
-1663
-1569
-1248
-930
-692
-343
-30
322
466
727
953
1262
1547
1704
1914
2037
2191
2165
2106
2133
2156
2292
2238
2178
2257
2407
2560
2558
2650
2707
2659
2763
2789
2829
2925
2777
2328
1769
1435
1039
422
-131
-500
-565
-768
-1185
-1491
-1406
-1542
-1862
-2051
-2088
-1704
-1654
-1509
-1139
-732
-333
-206
98
402
780
899
995
1227
1403
1443
1477
1522
1381
1149
977
580
-52
-444
-663
-818
-1271
-1612
-1809
-1975
-1878
-1729
-1737
-1726
-1765
-1709
-1524
-1224
-938
-725
-647
-366
11
44
122
85
23
-133
-279
-346
-393
-572
-943
-1160
-1276
-1480
-1731
-1872
-2098
-2162
-2149
-2253
-2131
-1987
-1746
-1537
-1254
-995
-855
-704
-378
7
224
454
865
1231
1359
1439
1636
1861
1806
1850
1806
2166
2101
1898
1994
2085
2127
2119
1998
2092
2252
2525
2745
2701
2873
2907
3155
3276
3204
3406
3158
2420
1934
1528
1076
169
-597
-825
-976
-1274
-1715
-1853
-1779
-1932
-2353
-2453
-2263
-2162
-2046
-1777
-1383
-865
-430
-9
223
585
713
790
811
887
1011
857
931
905
654
453
317
-173
-630
-993
-1298
-1742
-2201
-2304
-2070
-1878
-2120
-2228
-1907
-1778
-1855
-1796
-1430
-1101
-981
-838
-685
-222
10
-126
-275
-355
-456
-625
-802
-993
-1096
-1257
-1442
-1614
-1745
-1920
-2237
-2410
-2364
-2466
-2361
-2140
-2008
-1799
-1581
-1437
-1146
-947
-587
-270
-99
146
468
711
925
1034
1122
1347
1636
1549
1653
1785
1715
1723
1593
1753
1868
1898
1809
1831
2134
2226
2248
2407
2530
2854
3084
3249
3535
3548
3640
3751
3608
3297
2847
2444
1968
1248
562
55
-57
-356
-964
-1255
-1268
-1349
-1708
-1846
-1745
-1639
-1755
-1597
-1046
-599
-153
231
576
1002
1314
1463
1466
1663
1486
1603
1654
1449
1391
1234
927
712
107
-401
-498
-773
-1264
-1446
-1369
-1455
-1513
-1583
-1355
-940
-922
-792
-646
-348
-30
69
199
439
650
719
773
737
690
571
224
-105
-343
-674
-854
-1144
-1535
-1693
-1800
-1992
-2123
-2160
-2162
-2059
-1918
-1687
-1581
-1283
-1068
-895
-541
-256
30
227
484
650
921
939
1063
1308
1380
1336
1378
1560
1542
1592
1525
1492
1642
1623
1663
1621
1707
1831
1939
1922
2209
2581
2974
3256
3284
3255
3333
3784
3791
3426
2675
2126
1643
927
127
-392
-690
-1082
-1591
-2012
-2251
-2206
-2408
-2536
-2645
-2648
-2240
-2052
-1662
-1120
-689
-329
164
605
952
1183
1404
1476
1459
1413
1051
1246
1037
763
705
41
-219
-734
-972
-1302
-1766
-1904
-2222
-2281
-2189
-1979
-1583
-1297
-1262
-1089
-658
-470
-170
-51
224
465
503
661
718
632
663
410
-9
-308
-573
-819
-1154
-1455
-1537
-1721
-2020
-2235
-2370
-2246
-2431
-2304
-2269
-1982
-1743
-1398
-1154
-915
-666
-447
-22
162
446
591
714
914
1008
992
1095
1178
1298
1324
1263
1358
1360
1399
1451
1426
1362
1455
1648
1834
1891
2071
2230
2451
2712
2886
3164
3320
3379
3456
3555
3716
3608
3273
2644
1945
1059
201
-424
-946
-1249
-1651
-2141
-2287
-2202
-2143
-2110
-2181
-2189
-2175
-2058
-1686
-1113
-589
-28
437
1002
1396
1766
2001
1980
1833
1678
1603
1455
1273
1161
836
374
-51
-522
-929
-1210
-1734
-2058
-2366
-2548
-2482
-2391
-1762
-1530
-1453
-1248
-812
-508
-421
41
262
368
494
649
786
836
871
509
168
25
-269
-822
-1229
-1422
-1702
-2087
-2322
-2452
-2530
-2594
-2619
-2505
-2478
-2282
-2072
-1828
-1559
-1161
-599
-298
-3
297
526
775
902
985
1085
1121
1067
1121
1146
1172
1142
1024
1035
1043
1023
895
1143
1095
1185
1414
1433
1641
1791
1882
2180
2469
2574
2800
3013
3142
3376
3254
3282
3347
3170
2332
1435
842
112
-697
-1279
-1588
-1976
-2359
-2465
-2313
-2211
-2198
-2177
-2047
-1955
-1790
-1514
-963
-89
472
859
1291
1719
2077
2208
2119
2153
1872
1507
1270
1042
743
371
-45
-408
-673
-1078
-1392
-1745
-1971
-2245
-2239
-2207
-2120
-1844
-1246
-879
-849
-417
22
332
382
594
732
740
738
756
805
739
502
90
-388
-762
-1021
-1465
-1837
-2102
-2300
-2503
-2765
-2644
-2295
-2445
-2181
-2186
-2020
-1641
-1510
-1014
-973
-365
-245
407
407
691
846
1042
1177
1046
1231
952
1282
887
914
1093
891
961
963
876
1027
1064
1126
1268
1216
1563
1485
1750
1986
2202
2608
2543
3011
3240
2924
3298
3336
3252
3259
2836
2367
1330
144
-447
-836
-1402
-1907
-2373
-2331
-2252
-2327
-2055
-2037
-1898
-1959
-2090
-1905
-1224
-647
-179
418
946
1530
1882
2173
2442
2139
2072
1625
1232
1290
686
582
272
-361
-637
-943
-1359
-1826
-2182
-2431
-2617
-2704
-2921
-2652
-1962
-1526
-1415
-948
-417
-34
279
360
476
498
461
424
589
480
265
61
-275
-620
-957
-1475
-2133
-2492
-2768
-2933
-3123
-3102
-2996
-2995
-2790
-2552
-2299
-2119
-1772
-1439
-1305
-914
-384
-81
227
497
742
886
1023
1140
1057
1114
959
796
716
673
716
743
767
758
806
869
932
854
1036
1122
1188
1416
1748
2130
2427
2654
2947
3116
3305
3403
3358
3406
3347
3246
3047
2282
1282
116
-626
-1026
-1637
-2325
-2902
-2833
-2728
-2652
-2321
-2003
-1760
-1684
-1596
-1472
-806
-179
299
892
1272
1833
2347
2719
2759
2694
2496
2028
1544
1151
863
505
-78
-646
-1024
-1205
-1385
-1695
-2020
-2238
-2328
-2445
-2364
-1997
-1720
-1368
-944
-506
49
532
813
937
1142
1179
1121
856
819
543
156
-53
-558
-671
-1246
-1566
-1953
-2336
-2648
-2951
-3059
-3117
-2867
-2915
-2707
-2311
-1866
-1723
-1490
-1007
-733
-372
-202
-5
261
602
832
1047
1109
1098
1083
1045
916
771
730
649
633
561
572
622
658
667
776
974
1151
1253
1501
1769
1874
2186
2357
2660
2931
3005
3164
3270
3309
3297
3279
3200
3159
2910
2230
1303
328
-526
-1042
-1688
-2270
-2650
-2890
-2660
-2363
-2171
-1791
-1416
-1334
-1328
-1035
-478
87
508
896
1437
1965
2443
2931
3113
3162
2893
2365
1770
1281
861
354
-19
-502
-1041
-1302
-1449
-1686
-1664
-1853
-1989
-2106
-2248
-1930
-1317
-876
-730
-275
222
717
1233
1487
1636
1616
1440
989
724
493
190
-206
-599
-855
-1320
-1873
-2319
-2496
-2637
-2816
-3028
-3134
-3103
-2971
-2494
-2135
-1682
-1216
-946
-604
-430
71
528
733
716
915
1222
1325
1356
1348
1341
1231
1019
811
757
586
586
488
560
534
541
691
727
1101
1312
1271
1434
1721
1813
2430
2639
2734
3023
3246
3206
3318
3557
3416
3453
3515
3224
2641
1555
738
-281
-1340
-1807
-2300
-2968
-3304
-3136
-2786
-2462
-2155
-1761
-1416
-1178
-1078
-698
-145
387
737
1033
1671
2313
2721
2888
2876
2710
2242
1716
1191
634
119
-485
-1055
-1364
-1657
-1820
-1857
-2049
-2240
-2237
-2196
-2180
-2164
-1867
-1500
-1123
-723
-174
438
871
986
977
1051
999
758
503
244
-181
-596
-1066
-1308
-1569
-1867
-2145
-2581
-2938
-3146
-3243
-3224
-3246
-3017
-2783
-2327
-1821
-1495
-1059
-715
-481
-86
129
484
552
669
789
992
1215
1113
1059
1002
730
676
621
493
395
286
322
176
270
418
626
831
1021
1142
1409
1634
1793
2137
2328
2561
2771
2978
3246
3287
3499
3574
3584
3496
3509
3469
2999
2514
1602
536
-549
-1274
-1726
-2244
-2798
-3049
-2905
-2469
-2230
-1833
-1335
-1086
-855
-811
-290
203
714
946
1456
2047
2448
2908
3062
2984
2647
2327
1594
1213
543
-77
-620
-992
-1313
-1856
-1987
-2031
-2100
-2180
-2251
-2150
-2002
-1928
-1737
-1497
-1026
-564
-58
425
892
1187
1221
1081
859
704
347
-136
-496
-775
-1114
-1283
-1674
-2042
-2246
-2605
-2688
-2752
-2822
-2891
-2903
-2748
-2272
-1889
-1599
-1113
-734
-303
152
489
602
738
814
886
984
1098
1006
959
895
789
729
549
302
201
206
157
154
204
365
444
580
786
990
1365
1522
1661
2007
2393
2839
3055
3083
3041
3382
3497
3513
3688
3636
3302
3296
3177
2105
1183
337
-879
-1584
-1977
-2780
-3193
-3128
-3037
-2670
-2310
-1780
-1300
-1011
-1060
-625
-152
51
500
882
1265
1841
2481
2598
2858
2958
2537
1906
1553
931
142
-323
-770
-1261
-1681
-1769
-1712
-1863
-2102
-2054
-2056
-2008
-2115
-2074
-1850
-1437
-1032
-690
-91
313
788
784
939
915
739
381
26
-419
-894
-1262
-1337
-1676
-1772
-1934
-2459
-2443
-2770
-2892
-2947
-2979
-3042
-2808
-2357
-2076
-1761
-1140
-774
-561
-84
142
276
533
675
675
762
864
931
905
903
942
757
573
405
83
51
49
-37
-8
122
267
462
567
858
1039
1202
1347
1599
1931
2169
2372
2547
2738
2906
2952
2995
3244
3108
3072
2968
2875
2354
1499
525
-464
-1210
-2004
-2639
-3031
-3048
-3072
-2831
-2365
-1881
-1458
-1196
-959
-772
-402
15
370
673
1119
1546
2024
2454
2758
2815
2543
2170
1665
1154
721
25
-600
-1204
-1702
-1752
-1940
-1979
-2085
-2067
-2261
-2123
-2112
-1907
-1634
-1647
-1269
-952
-362
65
399
646
791
758
715
517
375
-93
-670
-901
-1315
-1499
-1614
-1938
-2199
-2451
-2547
-2548
-2559
-2663
-2686
-2351
-2249
-1879
-1489
-1184
-842
-432
-61
234
657
772
839
992
913
978
930
770
906
737
595
554
398
308
203
293
323
205
377
327
557
769
769
1272
1378
1511
1776
2111
2168
2438
2696
2746
2710
2776
2962
3135
3251
3107
3120
2988
2322
1338
369
-235
-979
-1853
-2490
-2742
-2809
-2655
-2312
-1837
-1346
-1093
-775
-571
-195
51
174
415
699
1083
1543
2048
2369
2505
2516
2456
2091
1636
1189
588
-180
-951
-1394
-1735
-1849
-2038
-2171
-2162
-2023
-2025
-2019
-1925
-1826
-1727
-1565
-1362
-934
-486
-60
217
573
896
838
847
616
315
-6
-464
-811
-1242
-1516
-1512
-1758
-1958
-2026
-2058
-2211
-2375
-2551
-2443
-2350
-2221
-1856
-1602
-1137
-696
-407
60
417
760
926
851
912
847
790
887
808
821
815
846
709
636
598
539
553
470
431
508
562
788
869
1029
1256
1583
1916
2162
2446
2285
2465
2783
2763
3038
3099
3074
3095
3254
3379
3296
3061
2247
1309
701
57
-732
-1581
-2000
-2197
-2666
-2150
-2186
-1493
-974
-876
-588
-331
-65
52
363
525
906
1206
1472
1871
2109
2304
2415
2377
2106
1642
1259
598
-35
-761
-1248
-1452
-1718
-1744
-1826
-1851
-1781
-1733
-1606
-1584
-1455
-1405
-1378
-1123
-805
-536
-222
156
318
566
704
677
611
296
-30
-331
-717
-1085
-1359
-1673
-1959
-1984
-2001
-1997
-2094
-2185
-2176
-2044
-2010
-1947
-1698
-1527
-1252
-955
-589
-268
75
361
508
718
900
942
947
888
840
825
781
841
767
813
857
834
768
703
697
823
799
706
801
879
1012
1078
1225
1538
1696
1887
2070
2135
2359
2407
2404
2365
2303
2661
2698
2367
1956
1347
654
229
-364
-875
-1560
-1860
-1903
-2039
-1731
-1494
-1211
-1006
-830
-745
-352
-7
119
222
276
579
946
1264
1489
1747
1740
1790
1659
1420
1248
838
359
-250
-857
-1087
-1301
-1590
-1708
-1799
-1676
-1561
-1582
-1656
-1553
-1379
-1350
-1213
-1084
-909
-729
-553
-262
104
325
471
505
248
195
44
-467
-864
-1084
-1246
-1537
-1815
-1700
-1730
-1824
-1902
-1960
-1923
-1854
-1813
-1507
-1396
-1364
-1074
-883
-455
27
252
381
650
839
967
946
937
990
981
977
861
904
827
799
725
614
686
827
666
526
621
679
752
790
959
956
1226
1330
1505
1722
1775
1902
1929
2041
1915
1969
2094
1956
1793
1548
1324
887
457
2
-312
-712
-1046
-1241
-1389
-1400
-1381
-1172
-980
-796
-747
-488
-251
-116
-65
-118
103
303
449
710
942
1069
1235
1276
1144
892
491
318
73
-384
-644
-915
-1131
-1258
-1345
-1372
-1221
-1071
-1149
-1127
-1092
-1218
-1442
-1377
-1328
-1294
-1234
-1231
-1091
-934
-711
-756
-722
-651
-526
-753
-1003
-847
-1165
-1187
-1313
-1364
-1346
-1347
-1356
-1397
-1370
-1262
-1331
-1323
-1155
-1184
-1064
-889
-762
-681
-400
-268
-14
244
323
377
507
533
545
529
513
573
668
880
798
841
992
860
988
910
971
1001
905
942
736
925
1096
978
1022
1013
1131
1294
1284
1496
1430
1506
1527
1488
1306
831
492
290
104
-255
-407
-559
-671
-869
-957
-871
-895
-925
-949
-890
-747
-620
-623
-457
-249
-188
24
271
431
572
807
1046
1019
1069
889
804
649
398
171
-85
-288
-583
-726
-894
-1044
-1050
-1271
-1454
-1438
-1387
-1430
-1451
-1369
-1381
-1255
-1075
-1096
-969
-840
-570
-464
-553
-436
-491
-401
-444
-494
-611
-748
-625
-787
-840
-952
-1001
-912
-927
-814
-906
-803
-870
-765
-612
-604
-372
-322
-268
-65
63
92
280
376
448
638
617
491
563
592
596
512
595
698
738
683
605
729
752
660
660
754
795
696
590
654
740
727
715
671
619
636
716
644
552
532
398
254
243
196
27
26
-102
-152
-175
-423
-370
-372
-464
-486
-397
-352
-327
-321
-247
-265
-171
-9
-88
-228
-45
273
163
76
-22
6
131
179
100
-158
-127
-109
-352
-377
-377
-451
-552
-490
-583
-731
-876
-808
-697
-720
-742
-843
-895
-884
-976
-1091
-983
-1032
-913
-910
-942
-780
-666
-622
-655
-476
-381
-386
-351
-195
-249
-154
-86
-102
-49
-21
36
8
80
192
216
269
329
268
299
436
573
582
626
619
672
836
1052
1058
969
1054
1060
1096
1234
1259
1121
1269
1356
1486
1522
1653
1683
1639
1805
1633
1701
1609
1546
1154
1164
919
935
706
574
363
301
45
-5
-40
-9
-309
-176
-241
-426
-36
-324
-55
-148
44
-25
-10
138
56
230
252
298
588
585
859
756
912
687
821
669
508
739
296
170
231
-101
-234
-178
-335
-271
-424
-440
-541
-634
-621
-733
-743
-722
-690
-768
