-16
-74
-4
90
-53
34
134
69
74
-14
41
-92
-29
-41
8
-48
-185
-463
-327
-448
-395
-472
-207
-334
-528
-146
-286
-99
-175
-264
-326
-56
-321
-222
-537
-570
-529
-496
-476
-476
-671
-663
-816
-589
-437
-414
-703
-574
-253
-236
-173
-452
-288
-358
-207
-325
-106
-412
-470
-330
-423
-340
-282
-537
-418
-523
-511
-529
-429
-454
-448
-417
-279
-216
-290
-190
-407
-137
39
-41
-3
32
-136
-3
123
81
-2
132
31
182
100
-119
-70
138
-150
-68
40
-159
-66
-32
-189
-96
-63
-153
-91
-106
-116
-17
-65
-59
89
-86
117
45
197
166
217
229
156
217
377
191
136
86
47
48
-47
42
-82
193
235
244
317
101
272
209
168
246
255
376
390
398
447
321
292
505
479
426
384
360
462
369
412
372
201
182
367
456
402
448
642
504
356
488
349
428
424
459
418
437
424
303
200
329
200
66
205
-25
89
56
79
27
51
99
-93
114
226
206
134
175
104
54
103
-74
-66
-46
33
-99
-57
68
52
-139
-195
-289
-220
-108
-205
-255
-479
-168
-131
-131
-181
-214
-335
-190
-104
-127
-298
-83
-212
-169
37
-207
-138
-279
-175
-281
-325
-350
-417
-288
-407
-304
-252
-181
-59
-179
-126
-66
64
21
133
123
144
42
-80
-45
137
-1
-11
0
-135
-121
-182
-91
-96
-128
-177
-191
-19
85
-4
-157
-25
13
-8
5
-109
-31
-83
30
187
124
75
124
-14
156
90
-19
82
28
97
-55
24
-67
-89
153
-38
14
63
-14
192
45
226
-15
205
234
92
254
121
353
199
123
-45
91
122
92
-29
-82
200
39
32
-159
-24
-93
-88
-12
-190
74
25
-21
-21
133
101
68
86
157
85
42
85
-105
39
40
-101
-72
-323
-652
-460
-459
-334
-314
-308
-397
-233
-167
69
-173
-230
-206
-363
-37
-412
-403
-479
-417
-296
-349
-520
-380
-589
-617
-598
-357
-242
-255
-305
-374
144
-66
-329
18
-271
-221
-175
-315
-41
-485
-334
-279
-125
-279
-288
-484
-350
-453
-134
-223
-333
-208
-175
-227
-110
-214
-151
27
-134
244
142
20
50
279
-6
278
5
96
-99
104
-39
83
15
-120
149
-242
85
-59
-98
-28
-138
131
-73
-133
-50
-99
-105
24
34
-120
-102
-51
190
181
259
264
44
369
287
171
209
205
41
503
125
60
349
-103
192
120
110
302
168
199
535
70
351
471
359
284
539
386
468
436
316
391
525
437
363
234
74
612
344
214
339
404
245
373
40
149
393
433
190
713
271
371
490
100
203
324
-7
257
257
-201
152
-268
-169
-116
-9
-105
-31
-146
-189
43
-15
154
211
99
147
174
-177
-232
18
-243
-137
-77
-3
62
-305
-139
-237
-11
-229
158
-242
-148
-195
-269
-178
-551
-107
-248
-78
-136
-62
-234
-73
201
-232
-77
-177
-186
-233
-309
-217
-337
-261
-331
-128
-301
98
-395
34
-332
-52
-172
-368
23
-303
-41
-191
-68
-347
149
-80
111
8
-170
82
-204
-137
-163
36
-93
-114
-246
-274
53
-267
41
-80
-146
-420
16
-327
-81
27
-120
-58
-153
-129
34
42
-180
192
-531
93
-388
-76
-191
-318
-44
-218
-331
-96
-475
-410
83
-568
-5
-279
-316
25
-100
-185
-161
-96
-148
-82
-56
50
50
-16
21
-236
-275
-183
-45
-198
-258
-120
-381
-33
-499
-188
-234
-246
-103
-234
-43
-182
94
-276
254
-529
186
-80
-330
266
-237
-311
-297
-230
-518
-81
-400
-40
-391
-831
-360
-707
-831
-532
-412
-572
140
-695
-529
-349
-706
-15
-689
-455
-268
-901
-606
-514
-1175
-428
-1039
-1023
-639
-669
-694
-707
-540
-909
-267
-325
-576
-422
-461
-41
-197
-436
-504
-714
-544
-432
-519
-442
-440
-623
-258
-610
-389
-622
-597
-842
-739
107
-375
-564
-449
-640
-408
-318
-488
-248
-690
92
-450
-449
-97
-88
-296
-26
-211
308
-565
-353
-471
-891
51
-384
-63
-1034
4
-591
-302
-88
-481
-161
-337
-115
0
-279
49
-187
-526
387
-613
268
0
-763
176
-224
-149
251
-667
-119
-71
-664
390
-458
-177
568
-786
19
335
-635
361
247
-229
580
-201
144
454
-227
485
-415
66
573
-568
-33
213
-409
486
-303
-381
209
-148
99
388
-430
652
-58
-240
559
-90
194
432
-202
102
436
-518
583
-18
426
-56
-591
312
-427
-187
-25
-81
-15
-58
-449
463
-205
16
175
-611
439
288
-608
263
-447
-48
660
-731
85
-341
-557
219
-487
-418
-424
-566
-540
-462
-137
-427
-471
-156
-31
-383
-157
-646
-68
117
-537
357
-351
-125
109
-213
-353
402
-328
-178
301
-634
-133
-393
-577
-326
-220
-332
-162
-423
-4
-69
-281
69
-163
-52
-99
27
-251
358
-106
96
171
-165
-253
114
-92
-410
355
-650
-254
-249
-454
-426
101
-252
-348
-161
-258
221
-256
-308
-147
-385
-55
42
-6
-168
43
-236
-367
608
-459
-80
-220
-452
-107
-160
26
-145
-646
-128
-56
-372
-118
42
-32
-256
19
20
-514
172
-598
180
66
-476
153
-200
-100
-382
142
-501
73
-265
-213
156
73
20
21
28
-185
-115
103
-546
435
-37
-186
271
-503
267
-308
226
-218
60
-136
154
-309
-416
11
-332
-394
-36
-61
-415
181
-1169
-725
-285
-1151
-624
-191
-503
-634
-94
-239
-431
102
-342
-797
-219
-838
-465
-505
-504
-673
-867
-1034
-780
-678
-669
-498
-1132
-605
-122
-1071
-301
203
-562
489
-458
-286
93
-781
198
110
-1431
477
-191
-1408
-50
-1133
-486
-393
-177
-297
-620
-464
-472
-879
171
-1003
-437
581
-1035
484
-718
-187
-261
602
-349
-628
492
-666
20
492
-619
407
-206
-662
64
412
-217
95
-340
-602
232
-439
470
-24
744
-803
17
227
31
276
-49
453
-860
303
-749
-216
397
-1169
509
-81
-650
569
-760
677
368
-35
643
-65
201
-48
764
1311
-248
559
931
29
983
299
179
585
466
601
283
377
430
376
427
750
117
136
1283
-36
327
1206
-181
650
301
-83
986
210
915
1126
350
679
-28
364
587
225
1428
409
213
369
-637
499
152
259
1073
220
291
427
-536
1568
-202
-311
1711
552
126
1172
-82
559
800
-581
1125
237
38
690
-453
188
22
-680
873
-489
997
-440
64
578
-958
58
624
-783
361
186
387
899
-1023
1255
127
-867
990
-455
859
513
-232
516
-517
195
-793
468
-26
498
685
410
63
371
-293
497
-320
-65
1166
-25
758
773
313
243
-326
1099
-172
910
804
-684
626
-139
-627
-295
1109
-326
258
395
-516
151
432
-141
918
1082
875
443
771
630
70
576
1200
124
388
570
-719
278
-332
278
120
36
607
-420
153
622
-416
754
933
877
520
862
442
918
499
-295
-130
-463
-675
910
124
-642
1253
210
426
1090
192
703
756
571
360
1523
599
-1347
1777
-479
535
1149
-1056
720
375
-628
1090
646
-91
1043
794
1400
151
1706
273
442
735
-556
1622
152
-491
594
-532
-303
744
-525
-40
1113
-330
-215
1623
-357
581
1134
-621
2018
898
-1163
1115
-966
-1392
1226
-871
-480
127
-79
-1202
-125
-620
-1003
1060
-74
-199
1107
394
-564
1121
1124
400
1031
475
577
1069
-65
429
1237
-784
-535
-70
-977
193
-280
-760
-43
-275
-207
149
225
1127
323
1269
1238
840
1080
470
-46
352
395
374
101
561
168
146
527
557
-382
15
1133
-87
1020
750
-442
1033
-217
-246
1813
-236
1435
1014
505
1140
-586
1369
653
-463
1681
283
166
2018
-91
556
1392
262
794
983
575
598
511
1278
912
353
1805
282
1032
1269
-549
2372
1607
124
1718
1183
1839
2168
1922
1263
1316
1223
1292
544
1284
841
473
1263
282
-699
611
144
-39
1046
916
1304
1089
1131
1627
1036
1507
2109
745
1606
2139
472
1701
1473
-708
1873
206
111
1815
843
960
202
1140
-92
962
1961
999
1153
1814
191
722
712
-648
1398
366
514
790
-19
-91
252
708
578
1256
1375
639
1674
265
-242
891
-88
1044
1537
-140
-744
350
-97
72
837
-340
187
931
346
1320
977
589
713
1210
1023
987
1382
1130
889
892
35
155
884
-377
773
1453
-722
600
484
-953
879
647
-481
563
1280
-764
54
-67
-775
394
238
175
1213
769
197
938
716
810
726
1202
1433
1423
809
19
248
519
265
860
1276
222
313
205
-339
134
-285
169
1436
-72
987
1018
9
682
237
117
1128
879
1674
1432
513
894
-366
679
955
979
787
982
777
303
56
523
-421
-62
851
529
535
-48
-544
-618
834
756
934
1201
360
591
459
614
876
-85
1136
1399
1106
1387
-40
-215
646
32
948
1045
213
589
-482
-341
292
200
-119
245
114
885
1175
384
973
859
128
1006
525
644
730
-120
702
902
71
-264
42
-284
506
-547
603
-156
-114
351
-1424
-450
-19
-909
91
-71
-1356
357
-300
-888
61
43
-366
447
382
354
97
225
-41
33
699
3
462
488
-408
-278
71
-435
10
-388
-366
-144
-163
209
-122
-620
-99
-194
-95
782
936
-237
671
759
-120
757
472
228
168
487
121
-204
-107
-515
-448
1154
260
138
1101
-452
-466
614
-311
569
1271
309
732
542
28
-15
128
402
898
918
666
13
8
60
269
193
694
742
610
10
121
376
-665
570
690
177
1290
866
158
657
310
522
1754
1227
972
709
451
451
784
833
281
747
376
257
660
748
165
475
1210
1133
1143
1123
855
652
1017
1069
1405
1447
1171
783
815
852
843
1086
1018
360
543
554
314
673
438
567
552
343
775
443
278
400
233
681
999
686
313
145
218
307
540
802
674
319
275
109
-16
360
231
76
163
144
78
56
20
159
-57
486
654
47
101
315
263
630
384
400
459
298
159
41
194
264
385
403
42
-59
-359
-379
220
6
-178
-23
32
-228
-162
128
-56
-189
381
129
-89
461
137
-153
401
249
-8
131
-39
-351
-79
173
-247
16
17
-405
-156
28
-146
-77
269
142
-87
386
165
-189
611
484
74
345
92
84
341
321
-38
-25
-2
-129
-170
-430
-221
-251
-521
-200
-197
-475
-365
-286
-304
-125
235
78
-60
184
247
-115
32
332
63
203
338
-105
-296
-270
-350
-213
-239
-396
-538
-382
-295
-493
-305
-570
-817
-452
-458
-388
-243
-330
-508
-381
-289
-451
-315
-345
-469
-334
-370
-573
-325
-425
-354
-172
-281
-385
-609
-709
-740
-242
-235
-350
-381
-510
-685
-658
-379
-439
-369
-345
-191
-66
105
-29
73
129
-235
-195
-17
-250
-31
-81
-60
0
-96
51
6
21
46
508
765
908
476
795
859
1002
1457
1091
895
1190
1235
1075
1189
1043
625
677
846
807
796
642
577
428
846
675
532
329
407
388
325
185
48
-41
-164
-484
-604
-736
-966
-1271
-1306
-1523
-1873
-1949
-2014
-2090
-2290
-2299
-2604
-2444
-2576
-2484
-2500
-2389
-2348
-2391
-2341
-2115
-2090
-1993
-1847
-1666
-1697
-1568
-1400
-1517
-1283
-1344
-1221
-859
-746
-869
-628
-396
-344
-226
-107
-14
124
551
559
374
437
767
1136
1094
1154
1116
1290
1208
1293
1450
1185
1209
1384
1385
1438
1681
1471
1605
1922
2115
1964
2210
2475
2285
2625
3024
3113
3138
3364
3581
3823
3732
3208
2889
2905
3046
3484
3399
2653
1851
1653
1858
1734
1436
1088
604
126
-234
-312
-326
-857
-1127
-1187
-1410
-1705
-1847
-2065
-2168
-1938
-1979
-2207
-2548
-2837
-2684
-2384
-2117
-2270
-2502
-2688
-2672
-2116
-1796
-1820
-1684
-2117
-2015
-1679
-1430
-1283
-1473
-1373
-1303
-1183
-1319
-1371
-1445
-1277
-1192
-1233
-1431
-1528
-1657
-1591
-1311
-1363
-1376
-1416
-1644
-1510
-1435
-1412
-1467
-1508
-1521
-1356
-1151
-1089
-1093
-796
-791
-879
-466
-492
-196
-48
44
455
609
650
735
887
1207
1403
1635
1884
1900
2008
2228
2449
2758
2947
2855
3141
3708
3985
4019
4286
4733
4217
2928
2527
4346
5758
4389
2181
1900
3035
2864
1939
1643
1628
986
129
30
143
-373
-1225
-1565
-1267
-1488
-2160
-2844
-2939
-2349
-2020
-2678
-3592
-3611
-3308
-3032
-2824
-2523
-2552
-3004
-2950
-2298
-1905
-1954
-2061
-1861
-1666
-1731
-1743
-1540
-1101
-1042
-1281
-1430
-1498
-1596
-1654
-1467
-1240
-1217
-1767
-1985
-1833
-1603
-1686
-1797
-1739
-1693
-1884
-1860
-1919
-1869
-1798
-1954
-1969
-1974
-1967
-1923
-2042
-2009
-1609
-1827
-1969
-1808
-1402
-1114
-844
-842
-775
-728
-342
41
207
346
499
413
879
1126
1552
1391
1377
1826
2042
2103
2271
3028
3125
2973
2954
3550
3817
3983
3978
4161
4705
4076
2587
2834
4946
5406
3009
1629
2484
3763
2883
1274
1270
1767
1253
249
116
42
-199
-525
-858
-946
-1302
-1978
-2169
-1931
-1475
-1836
-2714
-3441
-2713
-2200
-2470
-2799
-2484
-2392
-2588
-2511
-2269
-2058
-2057
-1947
-1758
-1829
-2216
-2123
-1614
-1228
-1641
-2116
-2507
-2200
-1889
-1892
-2178
-2312
-2357
-2372
-2244
-2196
-2235
-2323
-2207
-2014
-1748
-1915
-1934
-1838
-1619
-1332
-1619
-1725
-1427
-1154
-890
-1026
-995
-597
-574
-608
-378
-104
44
65
335
606
570
773
1151
1274
1387
1495
1583
2023
2241
2280
2293
2447
2495
2504
2842
2946
2918
2988
3100
3119
3472
3586
3558
3809
3904
4026
4179
4433
4478
3528
2806
3401
5146
5147
3027
2210
3253
4162
3219
1944
1836
2338
2212
1200
653
553
551
117
-397
-830
-1176
-1318
-1797
-1855
-1665
-1925
-2680
-3027
-2669
-2201
-2713
-2916
-2613
-2434
-2854
-2934
-2579
-2396
-2608
-2729
-2645
-2624
-2803
-2879
-2466
-2317
-2438
-2926
-2868
-2619
-2441
-2667
-2935
-2873
-2608
-2648
-2708
-2738
-2529
-2396
-2271
-2299
-2312
-2274
-1956
-1878
-1778
-1622
-1780
-1613
-1309
-987
-955
-1175
-1056
-586
-369
-426
-280
17
-6
19
318
354
407
636
912
942
932
1038
1030
1332
1616
1489
1381
1503
1704
1891
2220
1934
1830
2156
2322
2513
2529
2653
2678
3065
3322
3230
3319
3802
3863
3656
3673
3177
2668
3292
4219
3675
2170
1821
2726
2787
1812
1071
1203
1481
989
118
-190
-404
-457
-718
-1255
-1733
-2002
-1816
-2053
-2247
-2330
-2550
-3063
-3240
-2992
-3028
-3277
-3255
-3174
-3312
-3387
-3193
-3206
-3134
-3004
-3094
-3027
-3106
-3006
-2792
-2780
-2604
-2892
-3028
-2883
-2764
-2487
-2710
-2872
-2872
-2946
-2868
-2738
-2732
-2557
-2698
-2424
-2294
-2336
-2352
-2254
-2038
-1915
-1763
-1997
-1891
-1567
-1260
-1360
-1244
-1302
-989
-751
-630
-360
184
80
34
388
650
755
747
942
1081
1151
1164
1044
1242
1458
1458
1622
1559
1678
1825
1894
1891
1977
2196
2105
2046
2623
2411
2649
2846
2638
2595
2840
2916
3123
3198
3213
2591
2169
2473
3175
3277
1951
1387
2092
2567
1715
1022
785
1094
954
376
-216
-181
-426
-451
-980
-1556
-1825
-1954
-1925
-2331
-2510
-2658
-2945
-3112
-2944
-2977
-2998
-3030
-3108
-2909
-2959
-2999
-2628
-2593
-2522
-2475
-2544
-2443
-2279
-2341
-2424
-2201
-2149
-2478
-2582
-2368
-1989
-2027
-2385
-2420
-2381
-2230
-2199
-2029
-1863
-1708
-1470
-1525
-1568
-1279
-1010
-709
-738
-784
-486
-295
-185
-8
76
114
238
360
527
462
619
991
1105
944
968
1050
1213
1324
1340
1320
1512
1605
1735
1712
1655
1763
1821
1911
2072
2119
2080
2155
2226
2122
2046
2261
2195
2145
2196
2103
1972
2090
1980
2083
2167
2518
2562
2506
2388
2089
1901
2277
2672
2245
1529
1314
1953
2070
1256
571
748
946
535
-263
-530
-535
-656
-1173
-1681
-2167
-2189
-2201
-2342
-2612
-2733
-2820
-3248
-3198
-3107
-3202
-3352
-3239
-3113
-3143
-3222
-3168
-2948
-2747
-2799
-2922
-3053
-2954
-2784
-2709
-2671
-2697
-2863
-2876
-2751
-2535
-2555
-2441
-2544
-2635
-2343
-2307
-2041
-1917
-1751
-1771
-1695
-1438
-1223
-1173
-963
-643
-774
-601
-616
-372
-24
-59
116
136
218
388
305
449
761
899
824
838
693
768
840
813
911
834
863
1090
1030
969
1153
1224
981
1147
1365
1169
1335
1279
1294
1320
1379
1567
1599
1497
1524
1613
1717
1702
1712
1945
2149
2091
2175
2342
2071
1758
1651
2215
2548
2024
1182
1121
1722
1938
1055
484
641
750
308
-226
-632
-659
-683
-991
-1414
-2130
-2417
-2372
-2682
-2839
-2942
-3040
-3432
-3465
-3309
-3271
-3259
-3366
-3373
-3497
-3412
-3250
-3081
-3215
-3047
-3084
-3200
-3171
-2939
-2553
-2578
-2907
-2769
-2367
-2251
-2424
-2347
-2135
-2028
-1798
-1651
-1583
-1686
-1520
-1426
-1381
-1250
-1094
-1214
-1003
-717
-501
-424
-638
-653
-153
-82
-36
-125
108
164
150
377
442
362
489
597
459
444
598
569
565
862
735
834
918
1026
942
1225
1070
1083
1202
1262
1276
1294
1284
1428
1601
1394
1355
1498
1485
1769
1789
1569
1574
1878
2124
1990
2074
2393
2291
1894
1917
2376
2780
2535
1853
1596
2024
2201
1747
1172
1142
1008
719
514
-84
-441
-411
-511
-1143
-1500
-1689
-1819
-1820
-1839
-1849
-2130
-2259
-2320
-2103
-2014
-2044
-1971
-1974
-2084
-2066
-1890
-1800
-1843
-1851
-1710
-1658
-1674
-1562
-1491
-1392
-1326
-1422
-1545
-1444
-1261
-1218
-1293
-1306
-1253
-1075
-951
-896
-967
-874
-921
-648
-350
-400
-392
-391
-111
-68
-199
-92
30
130
168
166
35
44
139
78
388
465
576
389
231
454
552
601
627
581
510
578
734
746
746
572
566
561
681
795
730
895
691
850
1008
905
1054
1158
1226
1424
1365
1414
1584
1824
1932
1942
2121
2296
2272
2085
1960
1792
2260
2463
1816
1360
1351
1415
1283
859
483
193
117
-102
-313
-557
-790
-1187
-1592
-1525
-1819
-1986
-2084
-2218
-2411
-2282
-2723
-3074
-2835
-2621
-2326
-2570
-2661
-2789
-2737
-2493
-2341
-2289
-2238
-2273
-2315
-2066
-1912
-1857
-1782
-1770
-1704
-1801
-1745
-1810
-1813
-1717
-1694
-1620
-1768
-1594
-1612
-1437
-1311
-1443
-1234
-1172
-1115
-1069
-778
-737
-899
-688
-533
-385
-347
-375
-442
-356
-122
-207
-180
-149
11
101
79
76
135
255
295
305
290
354
194
552
748
651
813
933
1061
971
1230
1240
1276
1310
1377
1718
1825
1857
1803
1571
1766
1685
1842
2363
2254
2247
2555
2702
2503
2345
1910
1910
2324
2497
1659
958
1010
1181
1083
725
192
-228
-412
-633
-839
-898
-1039
-1514
-2051
-2049
-1974
-2167
-2164
-2543
-2348
-2712
-2845
-2700
-2772
-2700
-2587
-2435
-2542
-2606
-2492
-2422
-2183
-2048
-1940
-2000
-2215
-2100
-1929
-1703
-1789
-1723
-1841
-1773
-1885
-1673
-1710
-1662
-1824
-1897
-1770
-1547
-1560
-1361
-1403
-1473
-1463
-1315
-1087
-1193
-883
-1050
-994
-823
-693
-887
-596
-543
-568
-549
-428
-372
-391
-162
-219
-178
-81
29
306
437
500
549
739
1017
1162
1372
1368
1546
1698
1857
2003
1945
2204
2270
2307
2579
2496
2413
2640
2714
2642
2720
2944
2877
3071
3426
3322
3464
3681
3424
2991
2683
3095
3801
3761
2681
1787
2031
2350
1997
1694
1429
633
142
160
192
-14
-565
-1049
-1180
-1204
-1301
-1556
-1754
-1851
-1720
-1831
-2012
-2060
-2095
-2033
-1644
-1438
-1702
-1879
-1968
-1722
-1286
-1214
-1340
-1503
-1891
-1844
-1401
-1167
-1239
-1643
-1997
-2203
-2004
-1544
-1643
-1993
-2150
-2143
-2115
-2090
-1921
-1742
-1754
-1966
-1893
-1647
-1420
-1318
-1472
-1485
-1269
-1062
-962
-908
-735
-491
-360
-311
-281
-254
88
291
492
395
265
329
540
724
975
1177
1168
903
788
1190
1427
1367
1404
1499
1625
1769
2015
2110
2164
2381
2327
2668
2932
3119
3222
3617
3769
3835
4111
4219
4282
4320
3740
2927
3405
4351
4355
3052
2277
1971
1917
1994
1694
1343
644
-308
-950
-531
-247
-762
-1626
-2361
-2338
-2373
-2344
-2421
-2785
-2692
-2751
-3090
-3162
-2958
-2924
-2562
-2232
-2136
-2522
-2638
-2472
-2082
-1552
-1549
-1794
-2085
-2102
-1975
-1482
-1332
-1665
-2070
-2327
-2141
-2105
-2056
-2059
-2434
-2512
-2456
-2417
-2418
-2468
-2560
-2632
-2344
-2268
-2431
-2333
-2079
-1969
-1781
-1492
-1538
-1555
-1330
-1011
-815
-559
-599
-589
-260
170
223
444
460
174
510
717
923
963
1057
1415
1693
1913
2160
2083
2097
2385
2661
2764
2646
2920
2730
3118
3270
3439
3527
3884
4117
4145
4491
4986
5258
5366
4479
3030
2706
4044
5163
4143
2438
1470
1259
1045
1033
1210
701
-964
-2203
-2204
-1602
-1498
-2124
-3204
-3594
-3997
-3728
-3250
-3181
-3230
-3221
-3551
-3586
-3223
-2954
-2871
-2393
-1830
-1759
-1866
-1957
-1719
-1199
-712
-533
-462
-959
-1425
-1437
-838
-353
-1026
-1821
-1975
-2045
-1915
-1917
-2028
-2486
-3112
-3220
-3006
-2997
-2866
-3152
-3157
-2988
-2776
-2776
-2783
-2705
-2674
-2244
-1715
-1476
-1493
-1327
-1276
-634
-243
-87
-101
136
479
692
1057
1284
1578
1669
1875
2151
2282
2534
2822
3000
3075
3357
3559
3531
3749
4105
4343
4374
4543
4534
4531
4838
5314
5681
5741
5697
5681
5913
6409
6709
5543
3844
3278
4654
5697
4790
3208
1952
1250
766
953
1723
1333
-556
-2112
-2443
-1691
-1380
-1895
-2702
-3456
-3675
-3677
-3254
-2829
-2723
-2812
-3144
-2882
-2463
-2395
-2483
-1939
-921
-744
-1134
-1163
-1071
-870
-472
60
178
-321
-1067
-1473
-1326
-1166
-1212
-1149
-1655
-2539
-3089
-3203
-2755
-2640
-2928
-3186
-3459
-3493
-3394
-3409
-3031
-2660
-2738
-2946
-2864
-2778
-2535
-2042
-1705
-1493
-1296
-1306
-1189
-887
-386
167
521
794
849
639
870
1350
1852
2291
2287
2174
2081
2351
2707
3130
3322
3342
3176
3083
3209
3339
3911
4107
4221
4175
4258
4365
4512
4885
5261
5635
5892
5900
6080
6376
5507
3866
3164
4280
5433
4439
2779
1773
985
356
270
946
597
-1245
-3030
-3233
-2850
-2579
-2795
-3369
-4100
-4781
-4731
-4503
-3819
-3377
-3379
-3573
-3419
-2957
-2917
-2970
-2382
-1454
-1080
-1284
-1384
-1281
-1488
-1224
-618
-189
-432
-1234
-1809
-1781
-1551
-1801
-2011
-2003
-2237
-3093
-3489
-3393
-3363
-3480
-3564
-3426
-3547
-3830
-4130
-4024
-3515
-3090
-2906
-2950
-2846
-2955
-3156
-2702
-1946
-1477
-1264
-1089
-1223
-867
-364
104
422
861
780
555
965
1205
1294
1650
1758
1860
1898
1832
1772
2001
2341
2410
2560
2965
3362
2862
3181
3627
4164
4468
4612
4570
4991
5298
5633
6064
6319
6684
6863
6530
4776
3574
3846
5063
4813
3639
2381
1460
-218
-821
-239
180
-783
-2405
-3334
-3490
-3571
-3485
-3717
-4075
-4354
-4722
-4503
-4199
-3778
-3570
-3249
-3152
-2525
-2388
-2676
-2538
-1550
-978
-741
-403
-595
-1100
-1351
-1039
-387
-87
-470
-1020
-1457
-1860
-2049
-2094
-2285
-2410
-2721
-3127
-3315
-3429
-3674
-3774
-3506
-3200
-3300
-3427
-3570
-3587
-3385
-2860
-2381
-2108
-2303
-2371
-1996
-1639
-1024
-545
-179
-196
-124
301
493
770
1114
1380
1602
1715
1901
1840
2081
2356
2453
2494
2709
2919
2807
2719
2912
3338
3728
3891
3877
4028
4171
4485
4957
5272
5450
5628
5840
6192
6525
6812
7113
7451
7775
7153
5555
4096
4161
4982
4863
3976
2996
1818
219
-707
-511
-346
-1222
-2397
-3069
-3324
-3642
-3822
-3830
-4107
-4331
-4435
-4066
-3740
-3634
-3468
-3182
-2803
-2344
-2157
-2178
-1976
-1112
-700
-602
-32
45
-396
-647
-514
-241
-185
-295
-513
-1007
-1405
-2058
-2553
-2537
-2506
-2706
-3079
-3348
-3716
-4153
-4077
-3866
-3644
-3545
-3409
-3278
-3214
-3146
-2774
-2363
-1902
-1604
-1309
-997
-850
-554
-300
194
377
634
836
1021
1241
1482
1690
1637
1761
1876
1753
1648
1796
1854
2188
2292
2401
2524
2573
2725
2866
3051
3249
3657
3984
3985
4114
4419
4557
5004
5250
5791
5991
6112
6111
6370
6805
7221
7163
5721
4005
3255
3995
4438
3823
2853
2056
778
-627
-982
-774
-1367
-2403
-2852
-3006
-3252
-3657
-3861
-4255
-4509
-4378
-3988
-3708
-3717
-3476
-3163
-2992
-2728
-2324
-2212
-2161
-1730
-1207
-882
-515
-255
-363
-720
-866
-736
-684
-861
-1252
-1926
-2420
-2397
-2395
-2905
-3524
-3878
-4076
-4367
-4464
-4309
-4514
-4399
-4349
-3867
-3462
-3306
-3124
-3006
-2648
-2405
-1852
-1642
-1814
-1554
-1266
-892
-506
-298
-473
-465
3
228
531
535
854
807
888
1099
1543
1537
1473
1625
1854
2056
1950
2197
2224
2353
2547
2988
2986
3071
3146
3316
3599
3918
3933
4133
3989
4221
4799
5013
5145
5530
5724
5974
6562
6317
5359
3922
3241
3320
3829
3324
2674
2054
1414
260
-692
-1063
-1414
-2163
-2675
-2723
-2584
-2783
-3283
-3891
-4045
-4059
-4041
-3648
-3286
-2840
-2534
-2414
-2370
-2042
-1798
-1963
-1630
-975
-546
-252
-210
-67
-270
-607
-828
-844
-837
-1122
-1295
-1367
-1583
-1926
-2274
-2688
-2874
-2926
-2960
-2972
-2820
-2696
-2795
-2588
-2425
-2398
-2307
-2042
-1717
-1250
-876
-692
-399
-211
-148
-113
183
605
678
788
1115
1262
1555
1553
1437
1487
1587
1842
1938
2119
2293
2353
2280
2294
2430
2376
2301
2478
2681
2840
2874
2980
2999
3016
3128
3203
3322
3581
3760
3922
4160
4195
4464
4471
4627
4580
4711
5005
5063
5151
5191
4938
4285
3192
2538
2510
2322
2081
1635
1478
1038
80
-685
-1111
-1511
-2123
-2507
-2225
-1944
-2069
-2437
-2733
-3032
-3208
-3252
-3288
-2945
-2517
-2181
-2018
-1861
-1730
-1921
-2042
-1841
-1583
-1191
-1012
-711
-574
-698
-1067
-1339
-1520
-1682
-1582
-1618
-1517
-1447
-1549
-1748
-2159
-2499
-2759
-2738
-2628
-2412
-2165
-1940
-1718
-1550
-1540
-1565
-1420
-1069
-831
-543
-141
251
393
340
368
411
416
312
239
389
783
1015
1231
1208
985
675
503
686
963
1057
1158
1519
1667
1620
1280
1099
1308
1394
1421
1581
2199
2502
2302
2125
2104
2216
2370
2248
2295
2529
2772
2993
2676
2519
2533
2388
2403
2381
2221
2488
2742
3048
3150
2846
2455
2043
1729
1591
1436
1397
1452
1315
1061
780
507
60
-411
-887
-1268
-1558
-1676
-1912
-1901
-1998
-2092
-2489
-2825
-3240
-3217
-3081
-3004
-2679
-2527
-2238
-1992
-1999
-2113
-2162
-2140
-1786
-1906
-1818
-1878
-1844
-1792
-1874
-2286
-2534
-2842
-2853
-2767
-2677
-2527
-2298
-2016
-1840
-2067
-1933
-1585
-1583
-1307
-1100
-967
-558
-305
-401
-161
-452
-342
-126
-176
-404
-180
-196
-118
230
110
-257
-126
18
-59
112
10
200
587
793
686
862
932
878
950
1154
1026
1375
1357
1436
1399
1522
1472
1224
1077
965
1055
1328
1274
1193
1204
1200
1297
1434
1330
1200
1409
1382
1631
1703
1914
2199
2297
2157
2198
2635
2915
2908
2844
2583
2346
2301
2019
1792
1605
1355
1089
967
552
205
-151
-552
-1031
-1354
-1457
-1537
-1573
-1710
-1821
-2013
-1943
-2027
-2027
-2124
-2056
-1957
-1698
-1413
-1347
-986
-917
-1023
-1035
-825
-785
-685
-404
-403
-321
-275
-177
-391
-648
-771
-814
-607
-607
-619
-488
-435
-484
-574
-470
-507
-590
-563
-469
-386
-295
-230
-241
-146
57
145
-81
122
386
170
157
415
662
645
405
417
535
363
273
280
207
352
531
406
187
370
521
475
316
134
301
517
495
314
597
601
448
689
762
793
913
765
744
1016
1223
1202
1210
1231
1459
1754
1664
1519
1647
2009
2129
2176
2228
2597
2848
2917
2770
2648
2288
1816
1366
1113
1027
814
668
487
245
-163
-405
-894
-1310
-1738
-1882
-1970
-1999
-1778
-1812
-1684
-1559
-1678
-1776
-1625
-1352
-1391
-1136
-902
-542
-147
-111
-251
-483
-437
-423
-400
-361
-348
-230
-237
-550
-867
-971
-1117
-1388
-1726
-1795
-1683
-1465
-1404
-1540
-1451
-1449
-1427
-1496
-1513
-1409
-985
-553
-463
-463
-291
-193
-278
-303
-583
-598
-297
40
-148
-382
-31
-85
-394
-704
-654
-510
-298
-169
-482
-681
-696
-478
-432
-536
-365
-198
-104
-93
-153
-240
-148
-51
212
41
75
329
809
635
702
673
538
740
679
787
908
1541
1749
1750
1464
1499
2006
2134
1722
1722
1762
1986
2057
1963
2009
2146
1791
1000
415
-67
-48
-44
-164
114
17
-172
-314
-784
-1068
-1437
-1476
-1747
-1883
-1713
-1411
-1222
-1225
-1574
-1592
-1758
-1670
-1652
-1614
-1466
-1244
-941
-857
-973
-1183
-1204
-1400
-1420
-1072
-1094
-1004
-990
-1176
-922
-927
-1019
-1506
-1585
-1787
-1662
-1559
-1637
-1663
-1394
-1318
-1242
-1336
-1448
-1448
-1153
-964
-839
-740
-491
-437
-706
-711
-731
-761
-931
-1109
-1025
-677
-946
-1150
-916
-692
-1063
-1476
-1257
-1132
-1138
-1045
-888
-659
-209
-397
-527
-262
-165
105
365
720
818
1103
1470
1577
1571
1511
1613
1804
1968
2002
1860
2145
2386
2291
1895
1877
2225
2274
2116
2121
2644
2978
2989
2692
2828
3009
3094
3167
3356
3513
3314
2727
2196
2026
1861
1623
1230
966
822
711
470
42
-154
-725
-1111
-1238
-1379
-1312
-1361
-1124
-986
-1007
-1063
-1056
-1017
-1039
-946
-905
-787
-532
-454
-512
-572
-478
-464
-654
-687
-853
-896
-1097
-1045
-1143
-1175
-1318
-1535
-1594
-1802
-1945
-2006
-2020
-1946
-1947
-2044
-2095
-2277
-2207
-1993
-1632
-1551
-1475
-1351
-1247
-1194
-1264
-1511
-1636
-1571
-1443
-1276
-1149
-1100
-1140
-1278
-1427
-1332
-1302
-1165
-845
-598
-400
-169
-91
59
132
265
418
527
764
884
1132
1281
1434
1440
1199
996
1154
1318
1384
1453
1726
2082
2122
2231
2159
2087
2192
2291
2596
3002
3263
3515
3949
4303
4432
4563
4508
4602
4475
3752
2635
1842
1990
2156
2008
1486
1137
777
138
-533
-1118
-1485
-1996
-2365
-2525
-2239
-1975
-1848
-1869
-2123
-2212
-2259
-1973
-1696
-1473
-1235
-860
-371
-234
-74
-59
-79
-315
-569
-513
-332
-12
-112
-301
-511
-657
-928
-1418
-1804
-2215
-2494
-2504
-2534
-2540
-2430
-2479
-2675
-3080
-3360
-3302
-3086
-2838
-2533
-2500
-2278
-2122
-1896
-1754
-1915
-1798
-1867
-1862
-1795
-1441
-1655
-1519
-1555
-1594
-1672
-1709
-1798
-1925
-1998
-1909
-1703
-1597
-1417
-1197
-937
-901
-846
-475
-204
-465
-2
469
808
1082
1241
1321
1476
1623
1883
1865
1835
2045
2223
2724
2796
2940
3002
3281
3375
3707
4042
4297
4558
5096
5422
5756
5667
4677
2677
1357
987
1264
1102
12
-402
-507
-892
-1676
-1921
-2340
-2897
-3659
-3946
-3693
-3037
-2687
-2228
-1768
-1422
-1256
-1157
-991
-734
-658
-311
152
425
895
1065
1171
1094
560
83
-285
-764
-791
-1039
-1239
-1348
-1583
-1880
-2397
-2539
-2803
-2957
-3150
-3167
-2985
-2858
-2490
-2291
-2067
-1742
-1512
-1466
-1513
-1544
-1465
-1256
-1152
-981
-854
-796
-881
-1111
-1272
-1397
-1598
-1562
-1476
-1704
-1786
-1648
-1571
-1447
-1469
-1411
-1229
-1207
-1036
-818
-568
-278
93
372
612
914
1042
1287
1406
1545
1671
1934
2079
2139
2364
2575
2865
3226
3383
3576
3927
4006
4276
4439
4651
4950
5126
5457
5875
6290
6354
6558
6760
6397
4998
2711
1071
938
1190
498
-840
-1089
-766
-1301
-2076
-2116
-1956
-2534
-3682
-3987
-3303
-2481
-1947
-1581
-937
-470
-179
-54
110
337
560
655
707
723
984
1016
994
748
409
-35
-651
-1286
-1958
-2167
-2202
-2233
-2573
-2836
-2832
-2658
-2762
-2833
-2867
-2757
-2627
-2340
-2020
-1643
-1194
-923
-771
-556
-357
-425
-539
-833
-843
-721
-717
-1017
-1135
-1274
-1331
-1374
-1750
-1849
-2023
-2194
-2288
-2363
-2281
-2228
-2184
-1868
-1836
-1773
-1596
-1234
-947
-671
-436
30
299
494
815
1234
1438
1695
1926
2106
2243
2203
2359
2435
2691
2799
3025
3082
3379
3456
3539
3826
4132
4383
4324
4719
5007
5389
5660
6030
6482
6591
6110
4490
2396
875
815
762
-485
-1626
-1424
-1108
-1828
-2537
-2134
-1774
-2759
-4134
-4209
-3367
-2822
-2435
-1818
-901
-287
121
246
649
696
706
440
87
82
159
611
580
238
-75
-524
-1073
-1633
-2158
-2327
-2786
-3560
-4170
-4071
-3900
-3718
-3775
-3665
-3333
-3004
-2882
-2509
-2295
-1755
-1536
-1382
-664
-196
-150
-1
-327
-649
-793
-1159
-1551
-2092
-2057
-2240
-2138
-2404
-2562
-2756
-2702
-2988
-3030
-3290
-3064
-2991
-2854
-2563
-2384
-1961
-1428
-932
-524
-236
59
319
452
845
1068
1322
1388
1680
1749
1907
1915
1949
1879
1929
1875
2073
2331
2506
2655
2911
2972
3359
3628
3869
4020
4499
5001
5144
5612
5962
6284
6697
6647
5743
3648
1180
627
991
2
-1893
-2153
-1402
-1630
-2546
-2174
-1104
-1512
-2980
-3453
-2683
-2334
-2061
-1358
-284
320
555
1336
1748
2041
2092
1873
1187
530
617
685
442
16
-3
-46
-507
-986
-1345
-1783
-2300
-2843
-3234
-3446
-3260
-2944
-2602
-2320
-1993
-1422
-1065
-689
-481
-405
-273
-68
103
160
507
623
355
6
-339
-581
-936
-1434
-1860
-1964
-2155
-2354
-2427
-2434
-2291
-2360
-2602
-2684
-2590
-2534
-2593
-2535
-2241
-1944
-1516
-1093
-621
-346
152
356
558
868
1013
1300
1292
1369
1634
1877
1855
1867
2149
2245
2158
2196
2273
2364
2468
2649
2856
3051
3262
3447
3924
4343
4694
5016
5082
5408
5796
6112
6291
6477
6024
4367
2126
1147
1084
210
-1550
-2281
-1629
-1817
-2543
-2464
-1314
-1263
-2356
-3032
-2663
-2299
-2215
-1709
-966
-529
18
1039
1593
1942
2244
2410
1739
1143
880
903
483
47
-139
-286
-617
-865
-899
-1459
-1871
-2339
-2718
-3360
-3508
-3289
-2970
-2621
-2231
-1632
-1033
-332
166
293
391
547
526
512
640
771
585
229
234
141
-436
-1144
-1607
-2212
-2862
-3309
-3612
-3708
-3708
-3475
-3323
-3044
-2755
-2550
-2431
-2406
-2128
-1789
-1637
-1423
-803
-168
203
531
870
1148
1352
1376
1291
1267
1226
1149
1257
1268
1274
1381
1364
1485
1699
1806
1883
1876
1916
1792
2019
2308
2654
3162
3789
4262
4619
5091
5288
5636
5810
5959
6090
6099
4917
2938
830
271
62
-1471
-3125
-3079
-2775
-3383
-3753
-2614
-1480
-2018
-3018
-3134
-2546
-2275
-1928
-1768
-1143
-720
304
935
1308
1912
2524
2117
1177
814
686
-8
-629
-1017
-1220
-1239
-1281
-1375
-1627
-1800
-2005
-2338
-3107
-3498
-3656
-3345
-3439
-2857
-2448
-1624
-982
-276
93
490
615
351
280
287
345
-18
-229
-335
-358
-606
-1131
-1716
-1949
-2739
-3277
-3705
-3798
-3835
-3690
-3732
-3754
-3066
-2417
-2219
-2171
-1784
-1497
-1150
-1078
-760
-179
143
409
759
1168
1538
1930
1858
1921
1957
1827
1580
1397
1427
1332
1402
1422
1410
1386
1541
1756
1990
2081
2379
2689
2906
2947
3362
4086
4651
5062
5431
5886
6267
6594
6966
7257
7281
6581
4566
2269
1370
1193
-85
-1861
-2433
-1922
-2168
-2875
-2476
-1208
-1285
-2243
-2688
-2315
-1965
-1716
-1552
-1201
-298
558
1417
1972
2618
3242
3145
2384
1760
1460
1138
456
-301
-974
-1070
-1119
-1162
-1405
-1694
-1811
-2285
-2862
-3220
-3262
-3215
-3283
-3197
-2635
-1868
-853
-193
127
550
965
903
705
701
454
-25
-486
-708
-753
-972
-1119
-1395
-1686
-2334
-2998
-3566
-4059
-4187
-4375
-4492
-4291
-3725
-3282
-2599
-1891
-1221
-915
-695
-529
-335
-216
-237
-115
21
181
343
764
886
978
1085
970
812
618
143
-172
-294
-353
-165
148
456
902
1627
1940
2248
2504
2722
2853
3111
3540
3589
3982
4475
5109
5404
5808
6365
6883
7115
7240
7235
6385
4203
1644
542
267
-1036
-2965
-3453
-3044
-3063
-3495
-2846
-1589
-1473
-2160
-2666
-2211
-1659
-1335
-1149
-776
-15
891
1805
2485
3083
3574
3764
2946
2040
1676
1330
573
-628
-1293
-1309
-1376
-1709
-1921
-1942
-2003
-2354
-3013
-3363
-3549
-3609
-3779
-3702
-3066
-2220
-1369
-563
92
788
1432
1370
1329
1079
726
240
-622
-704
-728
-747
-1128
-1340
-1702
-2075
-2687
-3291
-3594
-4245
-4707
-5102
-5110
-4878
-3987
-3468
-2983
-2405
-1626
-1195
-1124
-1136
-996
-642
-897
-1094
-825
-465
-209
176
623
693
761
453
92
-92
-395
-666
-1132
-970
-801
-255
328
644
1100
1786
2066
2496
2533
2722
2725
2900
3247
3688
4290
4544
4830
5091
5823
6022
6274
5984
5606
5369
4427
1806
-112
-634
-869
-2531
-3953
-3889
-3197
-3336
-3765
-2876
-1577
-1448
-2120
-2269
-1799
-1001
-710
-667
-483
135
900
1470
1777
2390
2898
2571
1610
1029
804
274
-582
-1556
-2082
-2088
-2164
-2417
-2410
-2204
-2123
-2370
-2678
-2784
-2634
-2580
-2767
-2608
-2034
-1102
-307
289
920
1568
2156
2025
1797
1604
1265
629
-19
-269
-601
-833
-1165
-1369
-1586
-1768
-2187
-2774
-3341
-3696
-3955
-4318
-4422
-4052
-3442
-2961
-2411
-1671
-875
-296
184
430
473
649
628
431
476
648
954
985
1212
1244
1187
1090
787
657
239
-188
-379
-452
-341
-187
106
396
815
1259
1724
2075
2241
2392
2579
2746
2769
3187
3578
3710
4121
4607
5166
5534
5694
5874
5763
5819
5751
4977
2695
479
-71
-206
-1598
-3462
-3626
-2819
-3194
-3666
-3089
-1613
-1305
-2039
-2121
-1561
-834
-678
-695
-564
110
912
1389
1699
2358
2839
2936
2318
1600
1246
825
112
-1199
-2007
-2033
-2065
-2341
-2515
-2421
-2138
-2290
-2616
-2739
-2770
-2699
-2902
-2900
-2378
-1533
-893
-356
19
675
1153
1214
1092
983
714
238
-310
-822
-978
-1168
-1396
-1535
-1709
-1834
-2025
-2499
-2913
-3254
-3508
-3805
-4000
-3744
-3367
-2911
-2317
-1358
-484
96
547
770
868
760
658
367
97
126
-30
-11
59
194
396
257
129
-126
-392
-628
-942
-1166
-1089
-917
-465
-135
255
803
1439
1859
2161
2476
2640
2806
2793
2954
3213
3401
3768
4236
4745
4938
5322
5726
5700
5528
5415
5468
5441
4427
2274
393
-307
-614
-1985
-3682
-3860
-3429
-3921
-4259
-3121
-1875
-1755
-2319
-2374
-1626
-1085
-552
-611
-424
29
1032
1733
1844
2163
2741
2746
2044
1399
1155
467
-482
-1655
-2603
-2681
-3080
-3394
-3706
-3595
-3509
-3400
-3616
-3701
-3563
-3396
-3217
-2857
-2511
-1742
-758
-19
488
1303
1973
2100
2075
2239
1935
1509
580
163
22
-431
-908
-1323
-1273
-1613
-1670
-2104
-2235
-2293
-2471
-2880
-3158
-3253
-2834
-2796
-2531
-1947
-1437
-714
-289
-183
342
549
569
633
321
288
30
-60
-179
-280
-93
-185
-352
-413
-418
-478
-702
-670
-565
-145
38
212
589
952
1596
1749
2006
2164
2261
2501
2645
2860
3104
3322
3630
3997
4333
4638
4923
5110
5398
5594
5784
6169
6278
6289
6584
6583
4796
2341
1328
1260
42
-2263
-3475
-3051
-2930
-3514
-3285
-1908
-984
-1254
-1495
-940
-231
157
-176
-502
-264
248
861
1182
1489
2057
2545
2239
1605
1334
1048
213
-1150
-2197
-2881
-3136
-3523
-3778
-3667
-3337
-2883
-2635
-2415
-2174
-1810
-1783
-1697
-1476
-966
-307
262
958
1518
2138
2575
2653
2723
2625
2093
1381
563
-67
-527
-1194
-1780
-2110
-2123
-2174
-2283
-2440
-2403
-2278
-2339
-2436
-2297
-2111
-2171
-2060
-1844
-1427
-1019
-732
-423
-35
368
564
613
481
403
390
263
-182
-482
-659
-750
-852
-1077
-1190
-1181
-1147
-1055
-896
-702
-408
-34
20
513
1101
1268
1541
1906
2303
2724
2802
3008
3282
3477
3565
3477
3875
3883
3957
4159
4516
4578
4549
4871
5015
5174
5152
5262
5295
5406
5270
4111
1863
90
-257
-957
-2619
-4343
-4416
-4039
-4337
-4434
-3318
-1962
-1712
-1874
-1567
-670
-164
-137
-438
-361
-4
642
1007
1331
1879
2324
2373
1856
1565
1301
648
-546
-1828
-2602
-2849
-3039
-3362
-3435
-3107
-2528
-2200
-2007
-1580
-1181
-1095
-1220
-979
-592
-428
22
369
881
1632
2117
2449
2160
2380
2390
1795
732
30
-482
-1064
-1618
-2095
-2329
-2237
-2306
-2407
-2393
-2151
-2150
-2398
-2437
-2403
-1836
-1891
-2071
-1978
-1447
-1338
-1023
-1080
-759
-550
-487
-636
-409
-297
-572
-732
-694
-587
-653
-368
-878
-1023
-926
-978
-988
-911
-1121
-609
-299
-71
71
490
698
976
1232
1358
1489
1655
1690
1728
1803
1698
1931
1876
1915
2021
2315
2572
2732
2593
2982
3255
3334
3355
3571
3863
3889
3931
4284
4499
3506
1515
-273
-551
-852
-2453
-4271
-4463
-4078
-4153
-4190
-3301
-1997
-1377
-1532
-1410
-625
-88
12
-281
-446
-151
425
911
1026
1415
2039
2361
2080
1565
1427
1139
181
-1167
-2093
-2215
-2297
-2567
-2662
-2332
-1605
-991
-669
-497
-243
26
93
-170
-128
245
605
770
1008
1575
2215
2645
2571
2691
2728
2233
1398
749
146
-416
-851
-1259
-1513
-1455
-1392
-1434
-1189
-1038
-799
-800
-956
-872
-746
-651
-564
-538
-251
134
269
268
380
311
67
-330
-500
-634
-954
-1237
-1586
-1688
-1382
-1254
-1159
-1117
-1003
-890
-1077
-1081
-1199
-1266
-1249
-1105
-1051
-915
-542
-104
275
539
772
1060
1002
997
962
881
815
771
774
860
1108
1185
1424
1623
1809
2105
2197
2246
2556
2862
3064
3218
3601
3934
4129
4358
4646
4445
3028
1011
137
-187
-1489
-3355
-4251
-4017
-4033
-4324
-3898
-2455
-1692
-1688
-1457
-831
-109
44
-235
-568
-246
203
770
1067
1289
1832
2240
2279
2029
1952
1706
1027
-120
-1180
-1660
-1865
-2391
-2786
-2703
-2281
-1770
-1397
-1095
-839
-588
-484
-429
-383
-151
251
461
592
888
1625
2037
2111
2151
2241
2060
1500
970
477
98
-636
-1313
-1696
-1892
-1962
-2049
-1934
-1794
-1630
-1352
-1391
-1384
-1155
-906
-672
-539
-342
-284
-16
122
144
68
-84
-418
-743
-888
-1107
-1307
-1494
-1842
-2142
-2207
-1920
-1999
-2051
-2001
-1921
-1966
-1878
-1857
-2006
-1900
-1799
-1636
-1420
-802
-911
-490
-309
39
342
481
612
465
493
602
670
1016
854
924
1232
1484
1749
2041
2183
1989
2192
2409
2644
2595
2847
2867
3285
3494
3777
4113
4475
4049
2429
991
626
180
-1269
-2953
-3532
-3166
-3186
-3603
-3073
-1883
-1374
-1207
-945
-401
93
490
44
173
90
507
942
1324
1459
2021
2565
2441
2309
2240
1965
1324
343
-593
-1146
-1669
-1969
-2522
-2711
-2531
-2267
-1889
-1635
-1399
-912
-738
-768
-523
-157
181
285
382
812
1365
1750
1980
2175
2276
2035
1785
1411
925
389
-144
-684
-1152
-1412
-1618
-1891
-1789
-1617
-1414
-1167
-1194
-1172
-1014
-810
-921
-976
-819
-456
-469
-511
-251
-52
86
-150
-511
-709
-742
-1047
-1517
-1867
-2113
-2059
-2040
-2013
-1906
-1798
-1516
-1271
-1232
-1026
-715
-672
-630
-631
-248
-73
105
323
578
843
1035
1286
1370
1419
1369
1196
1091
1063
1203
1066
992
1158
1375
1664
1951
2176
2302
2644
2815
3026
3163
3596
3885
4006
3998
4311
4633
4655
4292
3320
2049
1138
735
-41
-1426
-2436
-2672
-2744
-2874
-2829
-2148
-1392
-1172
-1028
-501
285
669
543
527
584
907
941
1250
1362
1534
1641
1764
1655
1357
1267
956
278
-565
-943
-1252
-1683
-2225
-2453
-2351
-1990
-1697
-1547
-1199
-763
-380
-337
-143
62
343
380
273
511
762
969
857
676
832
1001
775
497
219
31
-289
-563
-853
-1139
-1185
-1169
-1292
-1257
-1143
-1014
-999
-939
-804
-598
-591
-705
-771
-857
-993
-1019
-1009
-936
-794
-970
-912
-962
-872
-943
-1141
-1388
-1687
-1629
-1765
-1984
-1987
-1707
-1472
-1345
-1101
-641
-385
-140
-24
84
256
377
377
253
355
367
428
387
553
578
664
791
779
921
998
991
1014
1078
1275
1515
1593
1581
1611
1717
1867
2159
2554
2637
3081
3128
3234
3427
3857
4058
4056
4181
3737
2813
1807
1169
582
-452
-1645
-2397
-2680
-2743
-2932
-2849
-2232
-1653
-1515
-1396
-840
-385
-253
-26
-43
-17
-208
-18
220
436
373
452
574
521
600
620
321
-366
-937
-1366
-1453
-1914
-2237
-2574
-2445
-2150
-1750
-1546
-1202
-902
-469
-315
-105
222
528
495
667
792
954
1313
1150
1251
1299
1416
1198
1203
876
468
15
-153
-739
-1020
-1275
-1646
-1784
-1899
-1664
-1565
-1499
-1312
-1095
-882
-661
-543
-571
-512
-415
-296
-193
-51
122
121
240
420
431
364
84
-20
-314
-631
-945
-1251
-1449
-1460
-1410
-1413
-1333
-1120
-786
-395
-73
245
628
677
812
761
819
890
1115
1209
1030
1010
1138
1232
1307
1378
1419
1459
1357
1354
1402
1375
1466
1656
1901
2176
2411
2675
3006
3217
3379
3691
3870
3913
3846
3979
3929
3523
2892
2302
1606
776
82
-697
-1270
-1950
-2290
-2478
-2429
-2421
-2195
-2148
-1943
-1635
-1532
-1114
-987
-718
-616
-328
-137
29
458
644
741
874
892
1123
1062
794
378
-23
-210
-491
-838
-1235
-1467
-1569
-1547
-1441
-1267
-1186
-994
-772
-500
-294
-41
29
316
424
541
581
737
928
908
983
988
917
878
610
433
331
-19
-330
-622
-794
-903
-1072
-1149
-1012
-1036
-826
-719
-452
-139
86
393
498
573
727
869
752
853
894
1003
1027
983
869
953
1089
910
718
540
293
143
-122
-591
-713
-997
-1090
-1118
-1260
-1277
-1175
-1106
-1101
-1021
-1066
-1088
-1003
-976
-817
-675
-566
-512
-346
5
176
142
362
420
423
339
351
452
305
243
193
340
483
444
518
602
726
828
864
1013
1253
1400
1417
1580
1776
1909
2022
2167
2464
2689
2844
2675
2042
1395
1049
489
-417
-1240
-1788
-2139
-2483
-2741
-2787
-2836
-2510
-2256
-1872
-1422
-969
-896
-799
-564
-360
-229
-411
-38
56
332
504
713
642
874
768
595
51
-280
-647
-1350
-1675
-1998
-2163
-2599
-2543
-2280
-1881
-1690
-1232
-984
-612
-248
133
508
543
744
991
1087
1514
1461
1561
1528
1562
1504
1628
1345
891
753
329
127
-245
-719
-1088
-1148
-1174
-1202
-1298
-1309
-1137
-739
-467
-412
-432
-113
-182
48
-4
140
182
207
138
154
251
302
131
-60
-46
-321
-445
-559
-827
-1019
-975
-1218
-1158
-1228
-1281
-1344
-1222
-995
-741
-529
-518
-268
-179
-121
-5
-113
-194
-35
107
-131
-115
-98
-4
95
151
259
155
211
234
235
209
240
280
243
445
535
635
648
601
610
623
708
584
473
413
426
379
408
305
337
323
435
485
480
627
680
610
550
498
458
365
301
256
273
246
221
230
247
257
186
165
191
96
90
150
125
134
176
286
390
472
613
754
768
728
969
1012
862
779
625
626
477
502
365
321
204
49
-63
-431
-622
-618
-752
-1023
-1236
-1144
-1122
-1276
-1295
-1224
-1215
-978
-777
-749
-583
-540
-479
-542
-533
-518
-478
-685
-617
-682
-618
-642
-810
-763
-768
-786
-987
-844
-792
-771
-749
-706
-584
-364
-82
61
163
405
579
745
836
822
878
879
911
971
925
951
853
947
900
783
1148
1191
1145
1249
1270
1573
1499
1561
1637
1823
2095
2098
2053
2144
1999
1613
1410
1010
776
253
-319
-762
-999
-1006
-1156
-1252
-1094
-749
-546
-433
-230
51
177
395
537
654
837
840
903
948
1054
1094
1145
1140
1060
989
1053
886
416
16
-305
-594
-961
-1313
-1523
-1546
-1610
-1607
-1410
-1220
-918
-746
-514
-336
-171
125
302
327
372
570
616
570
513
808
731
692
588
212
128
-216
-327
-540
-584
-792
-866
-1079
-1248
-1194
-1210
-1333
-1290
-1073
-1042
-972
-925
-634
-696
-772
-940
-689
-811
-681
-593
-669
-326
-229
-227
-134
-248
-205
-93
-199
-280
-546
-612
-874
-792
-851
-1002
-1043
-1129
-1070
-835
-830
-866
-1001
-719
-796
-688
-562
-453
-529
-374
-40
105
385
268
523
442
741
719
742
526
504
393
561
424
331
282
85
67
61
49
-112
-70
-88
-14
-83
49
24
34
-77
-137
162
324
315
392
506
409
508
687
440
403
287
231
537
378
104
-31
87
-94
-350
-349
-456
-390
-395
-517
-497
-489
-375
-170
-42
-148
-56
-8
27
90
154
331
401
528
392
347
276
217
316
173
8
72
31
-178
-269
-314
-262
-152
-163
-31
102
188
133
276
471
503
466
524
536
499
559
500
532
464
281
87
30
-34
-2
-168
-133
-200
-225
-281
-344
-321
-265
-217
-290
-144
-137
-188
-290
-121
-96
25
85
-56
-29
-58
-37
-155
-205
-191
-229
-162
-289
-284
-208
-308
-336
-420
-335
-277
-166
-163
-185
-160
-153
-185
0
136
144
98
98
158
130
-11
-71
-129
-133
-153
-256
-198
-238
-215
-332
-421
-349
-265
-259
-303
-332
-215
-365
-483
-425
-468
-370
-357
-381
-343
-341
-369
-237
-317
-299
-301
-358
-357
-386
-448
-379
-168
-197
-251
-357
-216
-238
-153
-319
-264
-309
-370
-393
-544
-359
-322
-367
-476
-307
-244
-344
-472
-452
-425
-438
-383
-331
-302
-274
-239
-216
-215
-241
-265
-120
-116
-155
-138
-212
-93
-183
-294
-344
-396
-451
-559
-551
-445
-471
-482
-479
-447
-431
-424
-453
-332
-252
-183
-58
-81
-17
27
83
107
170
326
263
202
202
242
167
47
102
90
251
245
197
50
-44
-86
-206
-196
-6
56
205
42
-202
-10
-87
-268
-210
-487
-600
-650
-736
-1015
-1010
-948
-1079
-1190
-1046
-896
-1039
-876
-859
-487
-642
-624
-487
-90
-139
-4
168
153
49
91
-10
93
177
-88
-177
-109
-118
-234
-243
-462
-612
-615
-546
-598
-520
-748
-757
-623
-547
-608
-417
-575
-405
-240
-83
-393
-370
-441
-231
-194
-146
-167
-332
-365
-456
-435
-321
-251
-383
-236
-401
-232
-274
-39
-322
-263
-222
-267
-40
-231
-155
-245
-296
-56
-137
-139
-263
-76
-168
-83
194
35
182
16
106
145
243
176
60
197
215
261
243
362
503
622
646
610
563
528
441
464
440
494
570
614
662
611
575
636
677
630
735
630
637
589
503
626
579
750
740
672
626
732
903
830
890
744
679
664
572
612
420
437
438
318
198
63
71
60
37
-67
43
-24
28
-141
-53
-149
-51
-11
-159
113
85
60
-82
-44
-50
-17
-97
-158
-62
0
15
116
180
269
236
210
202
176
239
48
-103
-45
-64
-32
-127
-121
-320
-282
-208
-294
-322
-394
-314
-327
-187
-226
-275
-342
-236
-158
-141
-281
-157
-76
-52
62
1
138
256
268
312
265
337
430
462
584
535
499
603
524
544
537
433
530
508
455
436
376
358
308
324
247
263
265
239
252
249
229
335
266
234
215
145
251
180
195
287
261
244
288
327
350
397
289
345
370
409
333
305
452
523
369
211
220
152
63
-27
8
-56
-93
-78
-56
-133
-187
-73
-170
-278
-343
-317
-271
-262
-373
-432
-322
-313
-256
-120
-105
-239
-86
-119
-146
-150
-260
-283
-198
-230
-331
-301
-325
-226
-348
-290
-359
-303
-210
-188
-66
-293
-413
-411
-438
-478
-299
-325
-305
-296
-205
-186
14
-39
-222
-209
-288
-256
-161
-466
-399
-462
-415
-303
-539
-393
-453
-166
-292
174
43
12
-64
212
371
484
446
281
353
298
293
106
186
94
206
252
215
139
232
36
104
146
149
53
9
368
387
370
523
582
674
631
764
792
811
577
732
588
649
700
461
216
97
222
43
22
-185
-385
-276
-238
-296
-264
-404
-285
-381
-239
-219
-134
-186
-64
-16
-122
58
-30
-138
-134
-16
46
-102
-128
-67
86
-15
-139
-67
