110
217
202
397
172
54
440
499
458
479
468
407
446
151
169
348
185
300
357
326
499
418
325
577
414
215
365
372
313
222
324
437
200
384
447
183
410
410
458
692
361
313
560
297
293
494
210
248
188
34
255
151
209
39
191
188
169
216
91
206
301
310
231
455
318
217
290
284
310
178
94
80
119
83
258
176
-178
12
265
12
-14
69
152
229
158
129
28
209
183
168
45
236
240
62
296
101
179
219
434
276
112
142
73
-33
48
-2
147
151
-13
251
36
71
261
86
105
345
121
227
215
135
294
122
270
182
105
80
59
53
86
-111
-27
113
-169
-10
40
-28
98
147
41
107
43
-38
-55
155
204
-20
119
147
121
181
-77
-166
293
153
-302
325
71
-140
42
-68
-67
-174
62
-235
-96
186
-119
-111
418
-63
94
240
109
491
83
66
215
-38
-72
36
-16
-102
13
258
-12
173
-20
70
132
-59
176
197
81
320
235
-26
253
138
88
209
145
0
188
128
-98
-84
-49
-16
-239
-229
-285
-259
-104
-180
-276
-360
-338
-532
-386
-177
-386
-171
-200
-102
-72
-275
-267
-235
-282
-255
-466
-490
-598
-469
-542
-681
-627
-693
-536
-438
-889
-418
-290
-803
-339
159
-180
-104
-5
-307
35
17
-238
-134
-180
-531
-318
-65
-423
-550
-291
-435
-240
-398
-396
-453
-404
-431
-355
-131
-310
-459
81
-192
-266
193
-36
-172
-63
-93
156
113
-281
97
-121
-300
-192
-126
-385
-331
112
-97
-171
-4
-201
-4
36
65
47
48
117
15
175
39
-65
254
-111
-327
9
-54
-181
-46
-143
128
120
-96
169
176
95
179
495
208
42
358
300
62
403
521
266
374
379
473
270
239
443
95
298
363
255
495
217
78
444
489
133
229
280
347
392
384
324
464
533
576
560
473
417
736
408
346
476
384
230
318
388
276
95
149
443
25
215
219
188
268
160
186
382
273
119
424
273
270
398
243
566
56
-170
178
-6
-58
-38
126
-257
-110
-34
-203
-245
-161
134
-237
-99
159
-157
107
52
-21
-182
80
179
-41
99
48
254
-172
14
268
-345
13
101
-556
-77
89
-172
-106
-94
-143
-276
-254
136
-46
-248
225
-106
-209
248
-48
61
3
36
-62
-174
142
188
-298
-247
357
-419
-258
341
-438
-120
-112
-340
-225
-275
-242
-24
33
-320
-24
-82
-29
-104
-55
-217
-233
-102
-191
-6
-97
-274
-182
-250
-582
-55
-196
-146
-274
-366
19
-369
-97
-77
56
39
-121
9
-109
31
-141
319
-66
-130
186
-3
46
8
172
5
-53
-288
-225
-11
24
-252
-42
147
-323
-6
68
-204
-58
27
89
-45
100
34
-22
29
-46
-58
59
-92
-180
82
-83
-166
-176
-280
-386
-91
-145
-140
-384
-550
-274
-314
-608
-546
-255
-4
-424
-327
-345
-387
-348
-322
-353
-739
-446
-593
-742
-713
-738
-825
-1129
-569
-730
-697
-943
-806
-410
-613
-501
-321
-577
-436
-353
-236
-115
-436
-223
-673
-568
-283
-616
-596
-649
-587
-498
-618
-257
-600
-691
-296
-810
-95
-256
-702
-64
-321
-156
-24
24
-176
-256
241
5
-64
-152
51
-354
309
-245
-218
200
-382
-32
-184
49
-16
-203
-5
-246
-205
245
99
-131
-165
205
-16
294
-7
-39
210
-56
243
-21
26
-45
-67
216
1
259
65
9
301
27
324
93
62
173
167
175
70
262
325
420
249
328
249
43
179
93
273
75
79
241
118
182
-20
106
336
120
123
276
260
217
207
389
180
114
464
322
211
316
301
415
103
179
226
67
62
141
-39
-11
32
221
-284
-144
583
-318
-122
296
-3
-302
302
117
-153
309
83
-74
160
517
-130
0
375
-534
79
73
-162
141
-47
-79
-16
-119
139
128
14
239
-39
216
79
-8
-46
15
-8
325
-17
17
409
14
408
-27
100
174
-177
475
-52
-40
88
-104
-102
29
137
184
-46
178
270
-6
315
262
192
31
607
-109
90
466
-50
133
93
319
4
43
409
20
163
224
-249
71
64
177
211
247
233
118
383
186
251
243
37
150
316
170
290
-111
-190
113
141
27
-261
78
107
-361
39
227
-276
41
-2
-185
-82
21
84
29
102
120
-125
-52
-139
-127
-6
-237
157
-139
-304
202
-312
-371
-16
-396
-305
-319
-201
-94
-294
-230
-79
-218
-200
-65
-257
-249
69
-285
-138
-84
-258
220
-462
-124
-224
-220
-306
-395
-119
-464
-523
-259
-273
-348
-105
-399
-1
-652
-570
-432
-932
-329
-219
-669
-181
-386
-576
-48
-577
-291
-534
-419
-280
-573
-600
-784
-735
-770
-730
-857
-508
-987
-706
-333
-738
-200
-426
-657
-294
-221
12
-76
-213
-104
185
-488
88
-601
-607
11
-520
-326
81
-240
-394
-77
-360
-344
-134
40
-340
-251
138
170
-326
335
-166
33
233
225
-296
60
-109
213
-23
-151
73
-338
231
-55
95
-68
73
-80
87
265
-21
52
191
254
132
-18
813
125
266
490
-258
331
202
-57
-250
83
9
-110
163
-6
-123
176
371
-104
766
372
85
691
273
163
586
276
109
789
351
413
692
105
757
332
86
671
-42
360
358
87
554
284
-19
759
452
-246
697
99
86
712
62
346
656
149
198
562
278
338
395
233
259
451
84
198
408
-106
-97
439
-65
168
432
-42
16
345
-117
66
605
-121
374
722
-182
532
329
-94
451
74
66
139
-273
104
24
-166
55
141
-216
-27
373
-466
194
112
-496
292
110
-122
417
-173
-78
458
-64
193
419
-213
363
303
-368
409
-356
-387
413
-538
-147
110
-16
-362
56
-73
-453
142
-363
-186
124
-241
-273
437
-343
-176
280
-248
-153
208
-50
102
6
40
-139
42
-143
192
57
-101
324
-298
563
-20
-176
349
148
-127
316
114
20
-14
346
-163
-97
126
-122
-127
76
91
-253
366
-310
15
-54
-168
145
114
-322
453
-12
-126
289
9
284
97
443
143
56
279
98
48
426
-197
-145
276
-34
-35
-50
-38
82
-64
-83
236
118
18
285
-53
88
307
184
230
30
494
314
-220
517
245
-295
574
-163
-65
224
-108
73
170
34
-271
-38
169
-111
-390
444
-88
-480
157
-706
-693
82
-358
-112
59
-475
-51
-477
-180
92
-180
-410
-109
-441
-668
-232
-656
-716
-793
-903
-587
-471
-614
-426
-644
76
-360
-803
144
-285
-268
313
-208
-284
-239
-497
-188
-150
-852
-206
-406
-1113
-239
-322
-602
-663
-155
-738
-368
-1
-558
-296
-112
-196
-155
292
-201
118
-254
-287
121
-77
-280
-225
-42
-265
-178
25
-247
-270
-118
-71
-357
65
87
-233
285
58
0
221
-248
-81
229
-339
393
-176
-247
306
-154
113
-261
237
-35
187
54
-25
369
96
683
-17
347
475
349
772
410
565
322
427
155
727
558
23
975
279
153
673
72
298
254
284
304
400
384
75
432
591
346
976
458
256
997
196
516
1000
345
832
331
313
632
20
224
735
-42
655
454
-134
706
-386
426
258
133
612
284
262
68
399
-63
373
177
35
402
-94
528
99
43
337
159
81
241
-174
-262
53
-368
283
-277
-132
84
-204
1
-65
-154
89
15
1
196
-386
171
184
-207
40
52
-26
159
-93
-102
-3
-51
-50
-276
56
-20
-380
12
-83
-184
-32
283
-127
-281
24
-506
-237
84
-303
-115
582
-433
87
-107
-596
229
-388
-113
32
-411
-102
77
-78
395
-452
-184
253
-583
177
-606
-4
208
-326
37
-245
-290
91
219
222
154
-43
-338
-50
-54
-238
-230
154
68
-215
191
-707
-119
148
-139
230
54
-172
-137
-125
0
-42
-98
310
-77
9
-152
-13
-101
-187
-39
-387
-67
164
-177
-207
144
-339
-520
-79
-418
-104
135
228
-156
112
-227
-186
309
76
-170
591
83
-48
241
-177
-96
341
-229
161
15
-300
-129
50
-417
-125
29
-519
-65
-115
-33
-17
513
-808
-592
-52
-982
-231
-124
-395
19
-339
-642
-149
-249
-910
394
-1039
-492
20
-1014
-721
-588
-907
-665
47
-348
-972
-152
-524
-722
609
-1033
102
149
-1017
722
-387
-822
-398
-212
-167
-631
-5
-1177
-629
319
-1294
205
-54
-1481
482
-738
-726
168
-772
-589
-244
-301
-630
362
-120
-338
568
151
-629
292
-403
-206
-47
-63
9
-242
-245
-326
55
-310
-323
156
-68
20
-77
-327
-56
346
85
-43
222
-246
-208
23
-289
54
390
-357
294
-164
-129
-172
302
279
-163
364
-175
-22
149
274
723
493
8
668
-108
201
-190
13
750
72
329
731
-815
453
-36
-213
786
-545
387
226
-93
-273
191
-85
72
647
-492
540
303
-117
964
416
90
136
761
30
733
498
347
913
-135
140
417
577
367
490
145
384
73
132
562
398
590
-238
793
63
282
833
-503
687
742
18
469
59
157
-30
443
-65
-300
218
-207
-191
183
-506
398
587
-365
568
-312
328
112
-80
-82
-515
1253
-101
-33
472
-660
335
183
-237
96
274
-303
84
202
-365
165
-225
-128
451
-774
64
242
-231
-236
-131
-98
-407
523
-530
530
335
-901
357
534
-1180
363
282
-729
953
-365
-213
228
-91
-620
-117
577
-843
104
494
-379
564
-305
-183
406
-277
-80
578
178
616
-468
-59
-248
-925
693
-237
13
-32
-249
-503
-425
-197
-305
-15
44
-684
51
45
-887
586
-279
-649
626
-851
-395
1038
-1394
83
1106
-1233
-220
164
-747
198
-203
-481
334
-319
-589
-397
162
-727
198
1309
-1139
628
772
-1035
557
759
-528
-68
527
-878
417
333
-505
706
-191
222
30
-65
-256
-159
511
-641
354
22
-180
-807
139
218
120
-328
-407
423
-859
-411
-781
270
-610
382
-823
-589
721
-971
-561
305
-173
-796
-995
-116
-1553
-275
78
-1474
56
-288
-1349
-256
-472
-1105
163
-1081
-154
-63
-904
-155
88
-1008
-131
85
-553
-267
-416
-479
-88
-1080
-730
-65
-959
-487
-372
-488
-380
-624
204
-353
42
152
356
-228
622
248
-328
1204
-1714
366
-116
-1013
1134
-381
-102
102
-794
-641
435
-49
-464
163
429
-318
78
1284
-964
1025
-889
206
1581
-1042
160
539
66
-1743
1560
-1314
-915
1797
-1125
409
596
-429
-37
350
-143
944
119
495
1146
256
571
375
974
180
304
875
731
134
795
66
392
321
721
270
-124
660
-448
950
421
459
351
604
126
674
-152
757
532
-98
1081
444
502
906
516
809
288
185
827
473
-17
516
779
33
-205
1109
32
363
1138
-357
584
673
-286
1247
550
95
1057
-365
593
540
-635
688
938
-325
441
388
-89
-189
376
72
130
395
96
283
816
462
363
687
-107
1699
90
148
1495
-407
732
1300
-297
127
538
62
451
408
25
408
-87
559
-97
860
375
-241
768
1219
31
-47
1047
-1009
1453
-523
-15
1735
-604
348
251
-156
879
-264
374
1026
-433
1329
-81
102
989
-788
894
51
76
549
-21
-308
366
-8
34
181
60
1048
-360
1624
745
-177
1193
407
-414
141
422
-725
1491
97
257
665
-212
355
-15
129
394
440
-41
608
846
268
-77
87
429
-425
1084
490
313
406
-84
-167
-138
155
-256
337
-134
968
-308
195
490
-394
430
-119
582
767
519
883
68
159
682
-474
-129
427
342
765
499
381
-77
-235
344
558
183
1158
319
636
105
-81
202
581
338
315
557
243
86
-355
978
-1194
-234
350
-111
-65
-300
309
-411
245
250
-5
154
28
-992
32
220
-100
-164
-126
-254
-29
-886
-989
-9
9
-582
814
375
-387
443
-1103
717
-56
-189
911
-222
940
-120
-828
-340
-770
803
-125
925
625
-507
-153
-289
-832
162
-512
189
564
-356
1355
-1187
-825
936
-1360
747
814
-478
600
322
-337
-145
256
328
376
597
405
333
872
28
355
-604
8
165
1271
974
429
755
-98
-228
486
-279
-482
1476
-212
112
1130
-572
-136
648
-209
83
-52
980
916
-133
939
-176
1122
554
13
1177
564
673
222
211
371
301
154
441
834
115
824
1029
-247
608
1380
-152
813
1543
322
570
839
-28
310
1604
60
73
1746
11
652
2075
-453
712
1683
-642
1795
705
-27
1273
-300
655
1315
-214
820
1661
-255
802
-62
808
731
843
505
319
888
-97
-277
1479
494
-261
862
-317
407
899
-587
-261
414
522
397
314
671
-760
298
271
-99
324
-133
680
766
450
435
124
516
-249
-194
527
628
-285
161
202
-187
-245
-334
344
392
282
-148
84
-342
-143
-251
-634
859
298
-133
-122
263
-657
117
645
-6
266
-22
-502
534
307
-980
296
-32
455
488
539
-149
135
-60
-300
781
567
794
-278
94
292
-328
-261
546
380
-296
1102
-267
438
-391
-972
408
301
126
1088
379
-256
349
-541
-27
509
210
-482
600
-409
-311
504
-313
283
371
-179
230
1066
124
80
497
193
254
440
456
93
254
357
-513
-377
43
-512
70
166
-117
452
-105
-617
198
344
-488
382
498
169
462
-37
252
-224
-33
608
440
-119
155
149
-150
18
-143
-259
196
-180
-358
-103
-175
-253
-398
-54
-288
755
103
-629
229
-61
-1029
333
560
-1087
736
-450
-1180
374
-1199
237
335
-828
-816
-330
-1008
-512
-70
-537
-424
-633
-222
-1055
-584
-241
-230
35
-192
-365
-1084
-602
89
-787
13
200
-547
-1054
-175
-349
-490
-256
-88
-5
-426
-776
-600
-401
-906
83
401
-631
-437
192
-1582
-748
957
-702
-553
790
-583
-350
-174
-798
-363
-68
-913
-56
211
-256
-607
-384
-109
-431
-151
540
-62
-137
-256
-859
426
284
-172
-104
-61
-172
-397
-74
15
-382
-796
-411
126
-68
-33
-217
-554
-374
-2
79
293
529
-138
-47
447
-296
329
84
-313
384
710
-133
99
-46
-449
240
120
668
419
-719
-345
-47
-210
-147
374
583
-124
494
646
-473
-210
721
-351
445
1212
100
-197
-216
-690
-61
201
-2
690
175
-368
-32
419
-729
-92
226
-551
664
624
-353
83
456
-569
-15
1387
318
-421
484
-226
-1055
448
538
-596
448
-105
-871
-123
-826
-964
63
183
31
316
-342
-582
42
-464
74
654
980
107
-395
-498
-1065
-264
-588
-76
626
-274
-23
-570
-867
-532
-396
-12
622
94
-97
-187
-652
-698
20
498
-5
781
77
-401
-67
-236
-994
-326
469
-190
-76
178
-542
-748
-88
-394
-207
142
-101
-245
-28
-248
-379
-32
235
262
-48
81
83
-122
-232
-372
-150
19
-222
-102
258
-253
-434
-250
-271
-218
-277
-69
-256
-378
123
-212
-199
86
-200
-411
-179
14
-238
-312
-52
32
-418
-358
19
-73
95
-133
-173
-500
-494
-363
-410
-69
-217
-322
5
-212
-615
40
-208
-271
326
142
-275
116
-284
-553
-149
20
45
43
-56
-325
-124
-431
-334
58
3
-418
-242
219
-338
-193
-184
-238
45
12
-35
-260
-348
-306
-297
-228
186
-346
-656
-713
-812
-804
-745
-272
-457
-582
-675
-579
-799
-589
-469
-335
-362
-343
-690
-863
-878
-473
-643
-644
-511
-929
-908
-870
-687
-345
-353
-439
-522
-409
-447
-771
-254
-479
-459
-115
-124
-749
-580
-458
-688
-217
108
-361
-376
-485
-754
-379
-313
-343
-344
-154
-518
-327
-308
-371
-297
-141
-438
-245
-179
-549
-236
120
-266
-65
-28
-207
-107
-6
-117
-40
145
-3
-138
-70
63
-6
-88
-211
51
-72
-264
-128
-84
-322
-151
-96
137
-135
-468
-131
-195
46
355
77
-51
165
188
-17
259
417
282
306
69
51
236
-33
-74
350
101
-28
349
42
-116
83
62
25
70
11
-85
86
123
141
112
232
284
97
-198
-28
133
-60
-43
-78
-169
-149
-57
-180
-240
-118
-106
-167
-127
-201
-233
-230
26
-18
-174
-66
-149
-233
-8
32
-106
-162
-161
-203
-330
-91
-84
-52
29
-75
-239
-281
-183
3
-20
145
-1
-221
-88
-163
10
218
298
173
163
46
45
364
458
473
545
540
378
239
231
241
437
642
636
471
419
607
617
552
689
528
561
577
384
354
525
575
291
368
194
15
-25
-108
-180
-119
-221
-449
-381
-427
-717
-808
-836
-1003
-1023
-1071
-1172
-1261
-1310
-1446
-1366
-1531
-1500
-1569
-1628
-1636
-1836
-1659
-1618
-1650
-1635
-1693
-1565
-1370
-1500
-1521
-1437
-1287
-1236
-1340
-1314
-1156
-1065
-1067
-926
-816
-938
-900
-735
-471
-411
-443
-303
-226
-129
-47
-166
-61
25
178
246
525
559
352
498
557
740
929
1078
1124
1052
1094
1179
1300
1388
1424
1469
1605
1804
1823
1864
1883
1934
2082
2236
2234
2129
2020
1875
1885
2128
1755
1504
1428
1122
956
714
752
573
283
-7
-281
-633
-895
-1141
-1260
-1373
-1660
-1946
-2352
-2570
-2554
-2520
-2644
-2629
-2650
-2670
-2701
-2513
-2290
-2254
-2164
-1953
-1790
-1836
-1887
-1815
-1428
-1417
-1385
-1541
-1258
-1174
-1198
-1095
-1093
-924
-915
-1165
-902
-696
-960
-1176
-870
-1121
-1237
-1436
-1795
-1628
-1645
-1637
-1793
-2029
-2285
-1990
-2011
-1825
-1925
-2035
-2046
-1968
-1739
-1439
-1515
-1350
-1348
-1003
-749
-471
-261
-177
-1
299
564
898
965
1225
1505
1503
1868
2122
2060
2297
2678
2695
2921
2915
3062
3196
3461
3664
4016
3811
3239
2803
3223
3183
3193
3162
2600
1954
1378
1380
1364
1281
784
230
-399
-802
-1037
-1097
-1153
-1511
-2049
-2376
-2648
-2675
-2644
-2820
-2833
-2834
-2731
-2606
-2554
-2425
-2263
-2016
-1876
-1698
-1619
-1560
-1196
-853
-541
-379
-423
-446
-188
-18
157
377
553
470
297
291
324
500
503
397
306
66
76
115
-95
-84
-144
-411
-588
-847
-1169
-1423
-1556
-1593
-1797
-1980
-2272
-2425
-2467
-2323
-2209
-2344
-2273
-2454
-2384
-2131
-1913
-1608
-1340
-1367
-1284
-939
-566
-60
150
404
490
823
1150
1326
1596
1615
1886
2221
2333
2502
2652
2884
2974
2985
3160
3278
3600
3619
3786
3894
4114
4358
4431
4050
3662
3620
3442
3302
3490
3499
2640
1780
1475
1623
1264
926
502
-47
-968
-1660
-1610
-1404
-1858
-2363
-2731
-2988
-3221
-3122
-2918
-2876
-3013
-3142
-3182
-3033
-2723
-2695
-2441
-2306
-2269
-2233
-2240
-1983
-1658
-1510
-1342
-1421
-1313
-1182
-1103
-825
-553
-448
-549
-565
-509
-441
-331
-328
-256
-346
-655
-759
-665
-718
-763
-1177
-1498
-1816
-1945
-1888
-2050
-2169
-2408
-2629
-2769
-2712
-2521
-2544
-2668
-2589
-2555
-2390
-2133
-1873
-1642
-1428
-1378
-1192
-987
-747
-365
-86
207
447
636
909
1100
1409
1685
1877
2009
2137
2187
2391
2669
2844
2922
3007
3247
3395
3569
3816
3894
4020
4249
4356
4423
4020
3755
3347
3291
3437
3533
3189
2211
1153
832
922
1085
812
287
-229
-1060
-1730
-1580
-1385
-1718
-2152
-2683
-3056
-3220
-3469
-3605
-3494
-3738
-3898
-3905
-3835
-3785
-3480
-3133
-2668
-2919
-2820
-2666
-2314
-1771
-1639
-1557
-1386
-1267
-1249
-1039
-891
-747
-766
-710
-644
-639
-482
-460
-578
-405
-527
-663
-1027
-1148
-1131
-955
-989
-1139
-1516
-1660
-1765
-1507
-1801
-1837
-2082
-2256
-2351
-2319
-2080
-2160
-2089
-2270
-2163
-2172
-1889
-1641
-1313
-1416
-1147
-843
-681
-385
-163
116
304
555
917
1106
1395
1616
1855
2122
2276
2349
2534
2728
2936
3191
3341
3441
3367
3628
3790
4124
4209
4254
4129
4396
4600
4270
3900
3596
3693
3846
3910
3391
2582
1809
1517
1469
1424
1090
552
-146
-852
-1229
-1209
-1351
-1674
-2216
-2756
-3103
-3117
-3017
-2987
-3000
-3091
-3374
-3455
-3203
-3078
-2758
-2391
-2119
-1855
-1848
-1676
-1360
-1043
-902
-804
-676
-725
-735
-544
-204
-177
-43
-319
-325
-190
-195
-24
-109
-234
-208
-394
-631
-591
-674
-934
-1079
-1297
-1538
-1661
-1892
-1889
-1911
-1966
-2084
-2304
-2334
-2396
-2342
-2035
-1879
-1908
-1870
-1732
-1566
-1403
-1186
-899
-596
-415
-110
243
597
1033
1202
1393
1727
1879
2118
2434
2677
2621
2637
2772
2951
3004
3090
3322
3295
3317
3545
3600
3833
3974
3995
4150
4210
4345
4311
3743
2964
2974
3555
3872
3072
2117
1508
1218
981
999
1002
423
-556
-1607
-1809
-1523
-1562
-1958
-2439
-2819
-3363
-3388
-3196
-3070
-3069
-3265
-3378
-3292
-3218
-3107
-2772
-2535
-2311
-2258
-2302
-2180
-1939
-1596
-1377
-1158
-1267
-1290
-1258
-1049
-764
-649
-557
-726
-817
-941
-833
-694
-600
-721
-978
-1161
-1116
-1183
-1167
-1101
-1376
-1670
-1704
-1789
-1822
-1857
-2130
-2157
-2165
-2272
-2326
-2206
-2040
-1925
-1885
-1922
-1806
-1466
-1260
-1011
-743
-544
-354
-139
91
438
749
843
933
1195
1410
1729
1840
2067
2153
1868
1792
2010
2180
2227
2377
2776
2888
3036
2999
3349
3584
3507
3679
3658
3821
3895
3659
3014
2086
2196
2878
3249
2564
1040
536
353
419
9
356
210
-1009
-2136
-2280
-1726
-1687
-2227
-2977
-3328
-3930
-4173
-3892
-3546
-3613
-3861
-4145
-3803
-3645
-3392
-3316
-2918
-2497
-2728
-2558
-2294
-1999
-1464
-1225
-1152
-888
-846
-966
-784
-388
-362
-317
-388
-600
-751
-402
-485
-141
-453
-850
-1267
-1114
-986
-870
-1048
-1325
-1572
-1692
-1686
-1742
-1619
-1710
-1671
-1927
-2055
-1866
-1674
-1470
-1500
-1571
-1392
-1268
-995
-702
-459
-177
93
168
327
726
1013
1370
1617
1655
1674
1875
2002
2244
2637
2868
2729
2692
2837
3050
3233
3375
3446
3389
3364
3567
3880
4129
4159
4335
4355
4471
4462
3916
3170
2663
3338
4229
3796
2333
1482
1403
1284
1063
1370
1436
367
-1153
-1675
-1029
-835
-1292
-2036
-2634
-2871
-3093
-2914
-2670
-2593
-2956
-3305
-3120
-2874
-2732
-2518
-2227
-1859
-1609
-1852
-1931
-1601
-1173
-1030
-956
-906
-873
-926
-876
-453
-319
-252
-591
-859
-862
-773
-699
-643
-694
-990
-1161
-1062
-1240
-1456
-1338
-1442
-1325
-1440
-1749
-1774
-1746
-1694
-1620
-1551
-1779
-1728
-1670
-1620
-1360
-1196
-1270
-1286
-1042
-906
-561
-300
-146
-129
-136
195
555
999
1269
1267
1316
1488
1829
2064
2315
2417
2288
2340
2425
2673
2735
2827
3044
2976
2981
3168
3381
3618
3885
3939
3854
4229
4476
4317
3248
2329
2818
4147
4241
2589
1337
1040
859
670
761
1133
369
-1478
-2404
-1866
-1260
-1448
-2046
-2464
-3026
-3522
-3351
-2975
-2570
-2706
-3016
-2983
-2882
-2630
-2276
-2169
-1743
-1442
-1386
-1438
-1276
-1113
-792
-633
-672
-679
-855
-844
-723
-551
-390
-291
-326
-529
-638
-648
-585
-387
-583
-818
-1073
-1160
-1110
-1072
-1298
-1588
-1733
-1775
-1713
-1691
-1774
-1914
-2231
-2261
-1978
-1836
-1699
-1711
-1895
-1944
-1789
-1603
-1159
-1042
-724
-622
-432
-88
241
349
552
627
859
1104
1241
1194
1088
1257
1400
1605
1559
1639
1684
1676
1696
2462
2479
2387
2263
2866
3161
3580
3720
3888
3916
4070
4216
4113
3129
1875
2331
3703
3877
2151
836
463
231
-329
-59
414
-160
-2122
-2993
-2595
-1792
-1907
-2318
-2774
-3080
-3413
-3261
-2901
-2382
-2341
-2658
-2743
-2486
-2252
-1993
-1695
-1320
-1167
-1274
-1484
-1279
-730
-560
-357
-492
-376
-468
-469
-490
-283
15
-79
-282
-342
-450
-504
-437
-350
-432
-615
-882
-1105
-1083
-1017
-1169
-1112
-1422
-1592
-1703
-1811
-1647
-1579
-1648
-1949
-2002
-1824
-1546
-1274
-1076
-945
-947
-1064
-848
-461
-264
-72
55
20
191
457
543
872
1209
1281
1256
1240
1657
2037
2082
2268
2291
2325
2411
2585
2784
2999
3261
3345
3425
3545
3850
4145
4284
4438
4538
4659
4792
4997
4958
4512
3017
2396
3548
4596
3646
1949
1197
990
321
49
878
1098
-462
-2244
-2532
-1859
-1620
-1812
-2080
-2485
-3054
-3310
-2893
-2322
-2128
-2444
-2654
-2491
-2132
-1955
-1809
-1388
-790
-828
-1148
-997
-595
-193
-162
-80
131
52
-235
-276
-39
114
168
-32
-203
-547
-714
-797
-611
-482
-779
-1157
-1524
-1527
-1414
-1341
-1400
-1537
-1604
-1746
-1899
-1826
-1715
-1791
-1950
-1883
-1846
-1879
-1804
-1494
-1341
-1317
-1310
-1257
-1017
-827
-602
-683
-630
-559
-434
-140
54
379
385
429
521
782
1161
1263
1509
1530
1560
1860
2022
2092
2239
2419
2608
2795
2978
3042
3187
3218
3357
3743
4130
4342
4390
4488
4740
4519
3316
2222
2725
4208
3936
2372
1083
718
123
-520
-37
632
-145
-2188
-3217
-2815
-2197
-2077
-2411
-2763
-3265
-3586
-3371
-2865
-2147
-2040
-2394
-2481
-2102
-1618
-1407
-1104
-672
-452
-453
-439
-295
-84
-34
163
213
49
-151
-326
-313
-272
-291
-449
-628
-1056
-1282
-1404
-1450
-1482
-1376
-1777
-1921
-1893
-1932
-2055
-2066
-2130
-2228
-2312
-2536
-2586
-2557
-2613
-2767
-2704
-2522
-2450
-2387
-2153
-1943
-1378
-1856
-1506
-1193
-747
-660
-588
-519
-428
-286
10
196
177
283
148
202
425
806
824
839
693
1020
1269
1465
1490
1866
1881
2094
2392
2619
2624
3062
3164
3484
3708
3892
4224
4307
4458
4664
4982
4657
3528
2310
2419
3648
3780
2525
1313
632
103
-718
-146
818
457
-1473
-2874
-3011
-2239
-1788
-1926
-1933
-2494
-3165
-3122
-2546
-2083
-1675
-1872
-1962
-1681
-1120
-912
-602
-227
88
89
12
259
499
538
392
443
573
662
470
365
90
11
-5
-83
-186
-597
-970
-1050
-1022
-927
-1023
-1287
-1521
-1535
-1506
-1521
-1626
-1666
-1662
-1781
-1612
-1553
-1446
-1431
-1347
-1121
-949
-652
-550
-569
-471
-460
-257
-84
-47
-36
-40
-111
11
244
423
533
313
368
503
573
708
851
1201
1250
1101
1255
1683
2075
2206
2334
2381
2415
2721
2897
3248
3526
3618
3808
3932
4323
4739
4815
4982
5078
5250
4604
3130
2397
3261
4363
3334
1985
998
347
-477
-768
3
476
-649
-2602
-3270
-3004
-2625
-2530
-2505
-2609
-3237
-3506
-3306
-2479
-1933
-2009
-1910
-1577
-1229
-955
-693
-380
165
421
404
490
819
728
542
516
607
700
430
140
-241
-402
-590
-652
-790
-1021
-1387
-1743
-1926
-1928
-1875
-2055
-2173
-2273
-2244
-2333
-2409
-2526
-2192
-1847
-1660
-1699
-1551
-1585
-1738
-1564
-1192
-922
-945
-852
-971
-807
-640
-423
-287
-241
-253
-301
-227
41
293
359
412
342
300
422
708
925
1040
1216
1238
1169
1401
1625
1785
1888
2037
2438
2609
2842
2944
3115
3408
3700
3992
4146
4457
4556
4620
4806
5089
5190
4154
2694
2061
3053
3499
2697
1726
848
-122
-1284
-1441
-732
-515
-1525
-2825
-3299
-3177
-3228
-3237
-2988
-3058
-3443
-3445
-2752
-2124
-1850
-2055
-1860
-1283
-860
-772
-778
-420
-526
-375
-265
-172
19
-367
-552
-769
-814
-741
-735
-535
-1182
-1673
-1822
-1534
-1788
-1768
-1962
-2184
-2527
-2822
-2832
-2690
-2589
-2478
-2444
-2971
-3149
-2911
-2510
-2153
-1954
-2017
-1936
-1905
-1593
-1307
-1039
-976
-650
-578
-522
-614
-311
-148
52
-8
-130
-293
-153
50
348
486
447
464
343
510
612
782
1088
1356
1592
1730
1780
2100
2275
2371
2640
3304
3635
3793
3708
3775
4135
4633
4796
5141
5409
5303
5364
5684
5644
4542
3116
2517
3561
3907
2801
1787
979
-209
-1185
-1174
-442
-379
-1340
-2425
-2712
-2679
-2488
-2290
-2149
-2250
-2578
-2535
-2141
-1596
-1237
-1059
-899
-449
-39
185
251
661
841
774
902
1228
1499
1198
885
678
424
294
236
58
-393
-958
-1264
-1492
-1511
-1615
-1995
-2103
-2390
-2454
-2497
-2523
-2483
-2378
-2332
-2021
-1664
-1851
-1691
-1475
-1291
-1026
-762
-700
-606
-775
-586
-492
-319
-200
-235
-396
-424
-340
-301
-213
-250
-405
-501
-231
15
135
253
311
388
556
607
961
1242
1499
1582
1713
1954
2299
2539
2745
2876
3018
3340
3604
3938
4213
4337
4359
4492
4600
4931
5135
5321
5586
5371
3897
2387
2248
3204
2975
2369
1457
448
-669
-1761
-1558
-1044
-972
-1929
-2750
-3011
-3060
-3003
-2748
-2559
-2604
-2709
-2415
-1881
-1402
-1224
-1236
-828
-257
185
414
556
689
623
520
789
890
767
564
249
-222
-488
-650
-778
-1090
-1469
-1854
-2207
-2328
-2459
-2674
-2799
-2781
-2751
-2800
-2751
-2648
-2404
-2181
-2082
-1930
-1890
-1795
-1522
-1277
-929
-741
-696
-700
-596
-409
-440
-305
-153
-113
-202
-105
-50
-30
97
-63
-106
-94
74
218
335
397
434
553
646
775
898
1104
1326
1711
1905
1982
2055
2265
2472
2690
3160
3505
3769
3565
3541
3731
3789
4036
4241
4518
4790
4691
4779
5017
4964
4280
3007
1924
1929
2359
1685
1342
516
-426
-1433
-2196
-1982
-1820
-1775
-2249
-2504
-2521
-2851
-2733
-2517
-2299
-2293
-2083
-1584
-1304
-768
-621
-1011
-1048
-626
-441
60
259
147
-284
-207
-311
-350
-111
-324
-556
-834
-1074
-1287
-1435
-1611
-1778
-2071
-2057
-2263
-2249
-2437
-2301
-2468
-2429
-2614
-2385
-2374
-2166
-1932
-1731
-1519
-1425
-1048
-991
-620
-555
-474
-344
-232
-180
124
43
-47
-83
-139
-107
-48
-73
-63
-89
-65
-102
-280
-52
120
207
192
388
665
739
833
1205
1373
1504
1860
2186
2321
2486
2637
2827
3092
3428
3721
3921
4083
4088
4046
4076
4270
4412
4683
4737
4750
4830
5018
5065
4104
2641
1932
2192
2293
2203
1950
1514
661
-463
-1133
-1149
-836
-1022
-1387
-1563
-1519
-1455
-1570
-1839
-1905
-1886
-1669
-1275
-665
-161
-178
-303
-203
-128
4
373
707
932
751
621
585
697
424
-20
-227
-497
-760
-1068
-1079
-1424
-1747
-1965
-2256
-2210
-2410
-2360
-2133
-2173
-2173
-2101
-2040
-2096
-1967
-1517
-1155
-956
-914
-720
-380
-225
-121
-116
-24
163
89
211
330
242
245
143
-117
-107
-56
-31
-5
-51
-149
-290
-145
207
273
326
406
360
643
667
908
1254
1453
1473
1540
1851
1999
2085
2230
2478
2673
2792
2912
3107
3205
3151
3055
3135
3314
3513
3443
3487
3749
3789
4243
3941
3062
1983
1503
1525
1525
1219
991
861
204
-637
-1300
-1177
-1293
-1606
-2029
-1925
-1637
-1462
-1507
-1772
-1758
-2099
-2068
-1632
-1027
-692
-477
-582
-522
-429
-479
-361
-248
-330
-430
-439
-308
-155
-395
-607
-1100
-1374
-1440
-1448
-1425
-1450
-1585
-1796
-1998
-2033
-2151
-2145
-1890
-1796
-1822
-1672
-1592
-1276
-1091
-1176
-1115
-1014
-689
-492
-322
-249
-111
-203
-28
-81
20
46
-86
-143
-277
-392
-510
-445
-479
-443
-710
-423
-461
-388
-469
-545
-149
-222
-365
-141
-177
-129
51
382
385
645
846
956
1441
1593
1516
1559
1718
2008
2463
2402
2569
2600
2595
2553
2622
2488
2457
2541
2734
2869
3049
3115
3104
2699
2009
1363
975
1118
1236
954
1078
838
296
-265
-496
-493
-868
-1287
-1566
-1389
-1482
-1257
-1403
-1487
-1966
-2038
-2036
-1842
-1431
-1227
-1118
-858
-753
-708
-717
-832
-875
-847
-703
-613
-378
-313
-289
-541
-697
-1029
-1284
-1366
-1430
-1512
-1574
-1593
-1471
-1441
-1470
-1464
-1407
-1543
-1599
-1579
-1146
-741
-557
-267
-190
-204
-251
-202
-57
159
388
506
522
461
461
395
201
-171
-496
-277
-159
-137
-157
-258
-133
108
20
-250
-217
191
582
406
336
707
1011
980
840
1105
1142
1319
1490
1457
1360
1509
1832
2028
1980
1799
2144
2148
2097
1942
1993
2441
2490
2566
2730
2960
2971
2946
3084
3409
3724
3522
3000
2163
1666
1566
1502
1367
1089
897
409
-80
-582
-778
-938
-1392
-1789
-1852
-1691
-1638
-1693
-1782
-1754
-1811
-1997
-1832
-1498
-1224
-975
-993
-798
-641
-613
-495
-420
-536
-500
-515
-323
-142
-16
-84
-350
-602
-794
-878
-867
-926
-916
-1041
-1046
-1053
-1005
-859
-820
-919
-1002
-1048
-820
-570
-606
-537
-645
-549
-427
-213
-198
-169
-138
-359
-227
-115
-124
-196
-223
-292
-612
-652
-547
-673
-1032
-1086
-937
-704
-658
-870
-665
-489
-396
-449
-357
-151
-7
62
272
570
605
648
863
1086
1158
1368
1167
1290
1632
1671
1633
1689
2022
2268
2152
1896
1980
2345
2496
2526
2517
2917
3230
3477
3585
3667
3345
2301
1325
1037
1378
1524
1369
1121
868
268
-424
-880
-1096
-1538
-2027
-2297
-2102
-1759
-1643
-1772
-2075
-2437
-2613
-2477
-2016
-1677
-1418
-1183
-896
-587
-402
-285
-401
-601
-840
-714
-506
-234
-13
-33
-292
-733
-759
-971
-1087
-1339
-1484
-1752
-1851
-1740
-1592
-1614
-1660
-1903
-1954
-1753
-1822
-1346
-1120
-756
-761
-906
-887
-840
-848
-742
-605
-655
-929
-999
-1286
-1239
-1077
-1234
-1586
-1718
-1819
-1716
-1622
-1652
-1938
-1725
-1648
-1504
-1090
-1148
-991
-839
-595
-363
11
80
137
328
722
572
885
827
1097
1202
1310
1343
1642
1705
1761
1920
2071
2423
2469
2559
2323
2620
2964
3117
3034
3034
3125
3539
3822
4101
4192
3983
3300
1972
1254
990
1026
1118
618
358
142
-395
-897
-1265
-1642
-2084
-2326
-2328
-2045
-1665
-1397
-1256
-1378
-1610
-1580
-1278
-898
-557
-424
-27
185
350
659
785
865
617
543
442
549
727
772
734
454
132
-137
-238
-492
-814
-930
-1136
-1122
-987
-954
-901
-772
-783
-891
-901
-700
-609
-433
-274
-231
-203
-375
-428
-527
-910
-1074
-1027
-989
-974
-980
-1057
-1126
-1184
-1370
-1434
-1498
-1563
-1645
-1543
-1348
-1410
-1383
-1357
-1186
-916
-657
-384
-66
70
124
378
672
877
853
1166
1356
1523
1939
1998
2030
2010
2144
2196
2180
2240
2314
2560
2586
2719
2770
2845
3040
3255
3464
3641
3790
3852
4056
4341
4148
2962
1618
912
848
831
727
498
218
-411
-1101
-1492
-1792
-2214
-2600
-2955
-2892
-2745
-2190
-1718
-1577
-1529
-1631
-1503
-1082
-701
-508
-224
-58
391
610
870
1034
1068
981
469
307
196
308
107
-186
-691
-1019
-1309
-1434
-1748
-2018
-2374
-2480
-2318
-1986
-1830
-1740
-1600
-1491
-1335
-1350
-981
-811
-654
-577
-549
-641
-690
-782
-909
-1110
-1409
-1476
-1526
-1577
-1691
-1896
-1974
-2120
-2209
-2282
-2252
-2140
-2027
-2057
-1870
-1706
-1571
-1185
-1119
-953
-721
-325
51
338
692
940
1154
1274
1410
1651
1682
1832
2021
2078
2238
2411
2491
2750
2745
2783
2801
2758
2599
2479
2600
2852
2952
3069
3328
3638
4018
3951
3991
3908
2913
1448
379
-29
90
-271
-532
-971
-1356
-2006
-2538
-2503
-2821
-3405
-3682
-3708
-3124
-2899
-2231
-1503
-1451
-1504
-1470
-1169
-836
-408
-456
-324
-26
154
445
635
525
412
-12
-297
-147
-292
-648
-767
-1341
-1623
-1614
-1885
-2099
-2230
-2576
-2506
-2570
-2513
-2368
-2153
-1745
-1512
-1397
-1505
-1257
-905
-673
-701
-565
-670
-648
-601
-452
-691
-1171
-1570
-1814
-2020
-1954
-2313
-2517
-2610
-2612
-2610
-2515
-2427
-2427
-2340
-2125
-1950
-1671
-1432
-1173
-635
-280
78
586
1056
1132
1369
1581
1864
2049
2333
2463
2539
2781
2830
2999
3003
2973
3011
2846
2838
2910
2871
2865
3100
3218
3306
3416
3548
3668
3790
4049
4346
4719
4825
5009
4639
3221
1746
1283
1316
1049
514
-52
-182
-437
-721
-837
-1009
-1323
-1844
-2346
-2438
-2107
-1478
-882
-685
-631
-480
-46
194
446
479
596
785
843
970
1115
1234
1172
931
652
321
-152
-493
-967
-1439
-1851
-2005
-2072
-2062
-2037
-2304
-2238
-2206
-2071
-1888
-1644
-1438
-1130
-1066
-750
-234
-113
-165
-63
6
-202
-356
-605
-881
-1160
-1365
-1478
-1749
-1998
-2122
-2379
-2349
-2458
-2485
-2442
-2517
-2411
-2344
-2113
-1834
-1647
-1285
-995
-850
-646
-210
165
620
919
1081
1384
1548
1721
1919
2036
1971
2073
2286
2372
2401
2499
2480
2490
2341
2219
2347
2320
2562
2589
2781
3040
3169
3495
3682
3745
4074
4304
4760
5018
4511
3527
2002
1155
995
888
193
-457
-574
-699
-940
-1239
-1070
-1243
-1722
-2426
-2738
-2558
-2151
-1789
-1551
-1169
-899
-336
35
271
251
385
560
620
526
511
819
924
811
618
638
524
101
-365
-981
-1486
-1829
-2074
-2044
-2125
-2177
-2169
-2075
-1957
-1846
-1776
-1594
-1338
-1248
-1044
-753
-346
-251
-103
-81
-154
-223
-397
-484
-575
-959
-1736
-2328
-2578
-2456
-2675
-2989
-3091
-3250
-3033
-2818
-2621
-2447
-2431
-2298
-2116
-1805
-1636
-1300
-927
-847
-453
-339
88
238
442
715
945
1368
1204
1046
1349
1663
1457
1431
1384
1495
1473
1529
1511
1443
1479
1740
1957
2150
2051
2425
2612
2940
3306
3741
3923
4276
4753
4968
5414
5183
4143
2472
1463
1305
1213
274
-787
-1075
-868
-1310
-1548
-1549
-1431
-1939
-2714
-2996
-2586
-2172
-1890
-1512
-1205
-665
208
771
951
1019
1142
1224
926
666
596
824
891
700
360
461
300
-254
-534
-1019
-1619
-2014
-2547
-2667
-2556
-2566
-2522
-2201
-1825
-1462
-1229
-939
-632
-522
-361
-125
240
440
658
733
822
661
625
563
357
98
-325
-760
-1236
-1729
-2015
-2115
-2089
-2074
-2163
-2078
-1827
-1520
-1365
-1226
-1087
-1041
-860
-623
-435
13
408
670
887
1305
1614
1652
1645
1630
1692
1673
1485
1521
1701
1613
1657
1623
1732
1774
1961
2066
2205
2426
2414
2699
2689
2850
3174
3410
3718
3886
4265
4665
5063
5274
5447
5766
5869
5268
3732
2275
1771
1458
600
-671
-1206
-1036
-1085
-1676
-1902
-1542
-1441
-1985
-2527
-2487
-2213
-1984
-1644
-1243
-633
-22
704
1045
1305
1802
1859
1842
1303
1096
1234
1118
925
507
457
409
85
-257
-661
-974
-1561
-2154
-2600
-2807
-2928
-2857
-2806
-2652
-2146
-1665
-1196
-777
-325
58
85
116
213
468
571
573
586
422
555
628
413
176
-167
-706
-1237
-1924
-2594
-3013
-3043
-3267
-3432
-3502
-3084
-2549
-2290
-1894
-1536
-1358
-1261
-1136
-962
-682
-421
-37
184
446
828
1022
1119
1160
1093
1064
1066
884
675
698
703
647
770
911
1148
1350
1571
1583
1757
2035
2130
2213
2210
2425
2699
2941
3365
3683
4114
4569
4717
4823
4920
5098
5046
4820
3600
1891
1281
992
223
-930
-1698
-1390
-1552
-2327
-2235
-1662
-1305
-2026
-2582
-2465
-2261
-2166
-1721
-1266
-969
-496
-55
355
895
1339
1745
1590
850
716
790
529
-98
-459
-883
-1060
-1092
-1424
-1849
-2110
-2291
-2297
-3072
-3253
-3319
-3072
-2975
-2827
-2511
-2015
-1469
-922
-509
-59
45
-195
116
290
397
127
35
-131
-170
-89
-119
-429
-584
-919
-1499
-1762
-1935
-2559
-3017
-3663
-3870
-3696
-3437
-3368
-3042
-2581
-2062
-1544
-1200
-1072
-592
-282
-262
42
134
529
800
940
913
961
1024
1109
679
692
547
503
193
-17
104
418
327
548
801
1178
1445
1529
1788
2117
2389
2472
2711
2722
3074
3412
3878
4127
4237
4771
4917
5015
5102
5291
5634
5243
3976
2567
1699
1422
593
-679
-1363
-1330
-1553
-2135
-2073
-1541
-1155
-1292
-1519
-1428
-1275
-990
-672
-689
-589
-127
392
658
871
1506
2042
1975
1527
1449
1657
1403
705
180
-268
-561
-783
-1088
-1223
-1372
-1538
-1852
-2061
-2219
-2410
-2320
-2556
-2602
-2235
-1771
-1350
-887
-276
206
626
775
899
1063
1113
772
588
573
365
207
-23
18
-260
-410
-631
-971
-1300
-1476
-1829
-2088
-2430
-2642
-2878
-3024
-2933
-2763
-2450
-2292
-1914
-1567
-1162
-684
-276
-80
211
393
603
732
787
905
762
685
567
434
403
117
-52
-140
-121
-85
25
337
481
638
884
1124
1453
1702
1839
2044
2184
2420
2657
2926
3132
3451
3687
3991
4181
4456
4796
4886
5001
5052
5456
5576
5278
4203
2628
1666
1042
244
-1207
-2351
-2618
-2806
-3456
-3367
-2642
-2106
-1917
-1997
-1917
-1508
-1106
-854
-980
-966
-635
-169
221
601
1087
1678
1706
1426
1540
1597
1372
643
-25
-550
-1000
-1383
-1725
-2138
-2443
-2532
-2788
-2948
-2820
-2644
-2539
-2645
-2714
-2236
-1896
-1573
-1011
-294
343
716
1095
1476
1829
2032
1915
1704
1332
1006
785
428
-26
-452
-775
-1057
-1395
-1561
-1520
-1763
-2182
-2570
-2835
-2844
-3019
-3152
-3311
-3248
-3048
-2751
-2482
-2088
-1608
-1058
-737
-488
-43
211
177
206
181
-25
-121
-550
-613
-952
-1048
-1047
-679
-828
-877
-622
-342
-350
-113
-121
62
493
610
908
1200
1430
1610
2147
2534
2382
2477
2691
2877
3397
3184
3223
3279
3556
3700
3979
3914
3976
4143
4364
4431
4230
3292
1843
831
560
-353
-1399
-2522
-2687
-2840
-3220
-3152
-2726
-1939
-2031
-1939
-1518
-1144
-815
-607
-794
-790
-714
-224
-204
-87
380
959
1168
1023
1065
1261
1138
634
115
-498
-1078
-1448
-1574
-1852
-2019
-2019
-2015
-1981
-1688
-1359
-1072
-1038
-920
-667
-453
28
372
829
1086
1266
1526
1784
1971
1988
2094
1835
1407
1210
1058
708
107
-238
-488
-770
-1215
-1396
-1279
-1392
-1551
-1540
-1569
-1469
-1381
-1516
-1464
-1206
-1107
-965
-926
-873
-573
-323
-166
-114
164
305
351
402
291
314
205
-28
-84
-166
-301
-484
-494
-436
-349
-330
-144
244
417
477
625
789
1107
1300
1546
1818
1931
2303
2454
2657
2755
2798
2867
3067
3006
2764
2949
3016
3165
3052
2951
2963
3086
3292
3053
3123
3103
3199
2943
2038
988
390
109
-711
-1925
-2639
-2733
-3028
-3393
-3236
-2480
-1998
-1995
-1897
-1454
-917
-525
-493
-653
-578
-306
-123
128
368
777
1265
1344
1262
1319
1471
1522
955
273
-352
-718
-1160
-1632
-1909
-2014
-1986
-2094
-2143
-1758
-1427
-1194
-959
-815
-600
-329
-119
118
437
629
951
1077
1365
1792
1872
1863
1642
1462
1165
868
490
-168
-370
-579
-1075
-1301
-1493
-1471
-1565
-1636
-1711
-1644
-1403
-1259
-1100
-1071
-1022
-838
-584
-496
-274
-249
-337
-322
-366
-310
-424
-529
-666
-713
-709
-763
-713
-609
-579
-598
-523
-459
-325
-408
-472
-323
-102
-95
16
334
498
794
749
933
945
931
1232
1205
1355
1299
1052
1002
1174
1280
1301
1300
1533
1685
1788
1810
2068
2277
2190
2281
2430
2525
2588
2596
2646
2779
2959
2726
2025
1132
301
-201
-934
-1592
-2397
-2980
-3306
-3564
-3560
-2852
-2125
-1962
-2009
-1802
-1028
-617
-590
-535
-744
-510
-144
185
407
779
978
1229
1581
1600
1687
1564
1261
778
383
-50
-528
-927
-1170
-1385
-1512
-1917
-1795
-1614
-1144
-1144
-890
-789
-330
-198
22
243
331
694
814
918
1368
1499
1372
1496
1528
1515
1135
992
859
551
-10
-170
-365
-537
-952
-1054
-1085
-1143
-982
-890
-766
-697
-457
-405
-531
-396
-486
-534
-668
-729
-740
-777
-629
-634
-563
-497
-398
-347
-342
-635
-693
-817
-953
-1080
-1337
-1258
-1285
-1240
-1144
-1096
-801
-581
-530
-372
-102
158
244
278
358
470
637
813
944
1052
1161
1373
1628
1592
1663
1770
1903
2080
2017
2021
2065
2015
2082
2219
2304
2508
2587
2656
2936
2987
3147
3220
3370
3404
2896
2041
1150
732
493
-547
-1521
-2071
-2291
-2545
-2800
-2254
-1764
-1468
-1452
-1212
-727
-230
25
-5
-243
-100
87
264
468
589
1058
1305
1395
1546
1535
1558
1424
1044
483
117
-97
-496
-836
-1330
-1584
-1764
-1685
-1489
-1138
-964
-830
-515
-377
-112
230
263
427
671
732
1011
1274
1618
1851
1811
1932
1889
1663
1551
1190
841
328
-42
-499
-819
-1064
-1422
-1489
-1566
-1593
-1880
-1762
-1515
-1359
-1277
-1231
-1236
-1263
-1066
-1082
-1110
-1185
-1178
-960
-946
-916
-877
-910
-742
-704
-735
-874
-1024
-1221
-1390
-1551
-1634
-1648
-1538
-1420
-1560
-1456
-1099
-885
-612
-430
-193
-134
-6
175
237
310
367
549
580
649
776
954
1141
1040
1119
1225
1300
1368
1300
1254
1396
1564
1648
1764
1870
2015
2284
2407
2426
2631
2763
2792
2764
2900
2997
3182
3029
2474
1798
1233
835
309
-636
-1812
-2255
-2583
-2808
-2826
-2704
-2394
-1949
-1568
-1430
-1021
-919
-651
-480
-710
-574
-492
-462
-251
-268
139
210
419
490
763
739
755
569
42
-387
-569
-734
-935
-1376
-1597
-1578
-1737
-1544
-1605
-1772
-1598
-1299
-1241
-737
-804
-746
-528
-413
-341
138
260
391
624
883
940
821
475
298
223
-22
-408
-741
-988
-1240
-1470
-1618
-1646
-1812
-1706
-1791
-1682
-1754
-1615
-1616
-1399
-1419
-1227
-1126
-963
-876
-549
-399
-284
-41
54
76
23
-100
-15
-40
-264
-456
-477
-683
-957
-882
-1058
-1122
-1210
-1085
-776
-679
-447
-230
-117
86
187
169
193
304
432
589
819
1019
1165
1343
1546
1746
1884
1998
2098
2139
2216
2306
2514
2534
2517
2693
2882
2956
2974
3279
3168
3226
3348
3301
3346
3268
3292
3166
2804
2343
1809
1255
757
145
-673
-1276
-1632
-2035
-2285
-2251
-2144
-1812
-1748
-1480
-1332
-1005
-680
-656
-634
-581
-219
-4
-28
133
344
567
629
782
1067
1087
994
645
542
79
-95
-369
-765
-1162
-1383
-1599
-1578
-1367
-1259
-1158
-931
-756
-582
-467
-263
-226
-116
17
61
358
369
472
581
798
785
700
663
530
384
84
-347
-572
-842
-1160
-1324
-1506
-1535
-1436
-1567
-1493
-1505
-1312
-1120
-1139
-981
-962
-851
-766
-620
-425
-306
-187
9
-28
103
272
325
261
92
111
-5
-281
-425
-462
-484
-661
-835
-735
-761
-626
-542
-442
-340
-223
-124
-81
36
53
207
249
413
622
735
727
757
894
938
925
987
1103
1108
1120
1077
1118
1088
1143
1252
1351
1512
1536
1746
1711
1725
1726
1795
1869
1752
1815
1755
1753
1914
1868
1884
1864
1383
730
180
-84
-706
-1484
-1943
-2282
-2528
-2667
-2455
-2136
-1980
-1562
-1096
-675
-121
179
224
195
335
515
492
337
411
485
598
727
832
570
451
306
103
-111
-364
-811
-1183
-1614
-1982
-2217
-2244
-2087
-2066
-2037
-1788
-1453
-1344
-1094
-946
-923
-760
-573
-390
-314
-124
86
267
600
413
629
765
682
590
716
385
210
-223
-702
-688
-771
-1106
-1411
-1395
-1513
-1344
-1339
-1342
-1353
-1155
-1106
-1066
-940
-1151
-1233
-996
-1015
-818
-671
-665
-694
-378
-490
-364
-486
-660
-839
-898
-875
-1004
-1060
-1231
-1300
-1446
-1173
-1252
-1117
-1045
-845
-692
-582
-536
-395
-585
-646
-402
-244
-146
-227
-116
-210
27
172
62
162
172
435
528
621
703
854
981
1143
1297
1472
1720
1770
1921
2129
2252
2128
2206
2498
2594
2556
2673
2704
2679
2541
2055
1601
1226
904
174
-570
-1160
-1653
-2050
-2286
-2255
-2364
-2116
-1796
-1544
-1008
-666
-409
-145
-79
-106
141
342
462
559
702
923
1062
1265
1443
1609
1668
1594
1387
1383
945
758
268
-120
-292
-608
-486
-602
-396
-188
-143
44
167
532
564
642
773
746
812
615
741
865
865
967
888
765
849
606
291
143
37
-283
-738
-940
-1132
-1366
-1591
-1693
-1577
-1478
-1442
-1414
-1395
-1308
-1073
-974
-1043
-1093
-1042
-771
-770
-621
-535
-507
-274
-248
-218
-91
-99
-235
-321
-470
-707
-660
-722
-805
-833
-889
-796
-684
-580
-496
-335
-352
-370
-343
-271
-245
-319
-329
-342
-412
-518
-529
-440
-429
-483
-407
-509
-378
-232
-442
-332
-261
-89
9
63
79
178
301
292
489
603
681
821
852
908
1023
1037
1033
1185
1330
1450
1589
1902
2092
2170
1982
1621
1208
876
325
-162
-559
-1152
-1422
-1705
-1647
-1533
-1384
-1045
-864
-601
-358
-205
136
117
-3
-96
80
84
210
320
457
669
800
985
1054
1153
1021
846
589
163
-50
-546
-875
-1131
-1474
-1557
-1601
-1671
-1460
-1241
-1267
-1003
-939
-1100
-1209
-932
-923
-875
-565
-508
-214
153
173
373
297
167
239
248
112
-275
-507
-975
-1072
-1402
-1663
-1615
-1820
-2059
-1981
-1726
-1276
-1540
-1425
-1182
-1160
-878
-897
-827
-741
-707
-745
-576
-554
-457
-489
-268
-396
-70
-147
-531
-633
-785
-1234
-1218
-1291
-1617
-1542
-1416
-1441
-1374
-1272
-1230
-846
-614
-423
-358
-260
-236
-74
-34
129
142
307
388
675
737
701
612
802
882
913
1116
903
814
908
710
596
604
680
598
612
609
573
668
584
308
190
84
167
146
-41
-4
112
236
99
242
263
254
378
382
375
401
307
314
368
362
283
231
243
276
382
349
339
359
253
338
285
239
193
121
198
188
64
3
-22
-41
-65
-60
-95
-55
-10
-161
2
132
201
129
91
203
193
155
-22
-107
-99
-91
-203
-257
-311
-452
-568
-675
-837
-785
-808
-804
-971
-906
-961
-967
-987
-942
-750
-915
-778
-842
-886
-932
-928
-809
-716
-727
-621
-565
-491
-405
-472
-214
-131
99
228
378
566
596
689
686
935
1020
992
1065
1115
1081
1110
1360
1242
1219
1310
1250
1233
1182
1192
1149
1260
1258
1318
1428
1516
1561
1679
1837
2023
2279
2438
2622
2591
2322
2105
1879
1651
1176
446
-143
-444
-831
-1190
-1427
-1401
-1446
-1370
-1191
-1079
-822
-609
-432
-385
-250
-104
30
254
267
370
594
916
1046
1044
1208
1034
1070
894
531
166
-94
-468
-884
-1190
-1422
-1369
-1549
-1564
-1577
-1358
-1248
-1020
-780
-639
-519
-463
-81
-5
164
356
659
822
1009
1007
998
1176
1091
965
720
512
250
-85
-419
-653
-885
-1130
-1275
-1243
-1358
-1335
-1260
-1220
-949
-737
-652
-458
-234
-214
-74
-28
-1
111
231
232
254
326
290
104
146
213
37
-140
-404
-791
-909
-1135
-1179
-1260
-1243
-1228
-1077
-778
-587
-534
-388
-326
-236
-85
-69
-227
-220
-22
-74
-145
-304
-224
-43
-119
-95
-38
-91
36
-171
-42
-200
-266
-407
-427
-450
-536
-735
-773
-704
-671
-722
-658
-757
-867
-570
-746
-470
-588
-615
-576
-298
-404
-308
-13
-227
-111
-62
-111
116
46
-12
-265
-107
-146
-99
-185
-300
-394
-252
-212
-399
-187
-464
-404
-319
-366
-503
-407
-415
-487
-432
-123
-310
-188
-132
-223
-79
18
45
167
171
171
181
267
213
270
478
256
500
581
463
477
496
668
630
636
516
540
639
634
793
900
1026
1123
1153
1151
990
1055
988
977
977
809
860
815
791
626
512
567
464
304
282
348
373
381
367
314
162
237
191
249
248
263
233
154
253
185
112
82
167
168
152
151
124
-12
97
91
94
300
129
202
259
194
298
341
247
184
105
-22
-142
-220
-411
-571
-508
-702
-722
-859
-747
-699
-941
-802
-876
-792
-581
-512
-639
-590
-477
-343
-345
-411
-439
-244
-138
-180
-102
-145
-88
-79
-109
-156
-272
-221
-371
-360
-396
-478
-474
-485
-531
-516
-353
-361
-360
-264
-202
-111
-102
-3
81
55
226
234
196
268
271
248
184
140
199
249
200
217
154
140
175
175
4
68
138
76
77
50
272
290
422
416
352
377
416
502
342
391
242
75
79
54
16
-52
-73
-64
-147
-94
-71
-148
-154
-130
-45
-6
4
133
81
169
131
133
78
145
309
240
183
239
278
73
68
-5
-134
-255
-285
-130
-217
-175
-301
-270
-206
-33
-17
-213
-50
-154
-5
-18
105
-36
-22
51
24
107
42
19
-26
-16
-173
-50
-137
-236
-141
-259
-105
-151
-444
-462
-520
-347
-258
-229
-12
-43
-237
-98
-214
-18
-160
-314
-280
-288
-405
-530
-531
-639
-590
-718
-724
-540
-450
-660
-465
-269
49
-73
-95
-72
119
266
350
320
164
-40
-81
-67
-17
-57
-335
-556
-413
-493
-535
-667
-1092
-840
-811
-798
-734
-664
-781
-617
-432
-325
-414
-92
-139
-41
44
11
-72
42
2
-29
-39
-44
-182
-107
-38
-4
17
-85
-347
-335
-255
-326
-236
-424
-359
-346
-180
-277
-109
-129
-124
-157
-56
123
161
23
-19
30
44
66
63
122
14
24
-26
27
70
94
63
110
153
-16
15
11
54
99
-37
-205
-83
-89
-43
-113
-182
-151
-86
-153
-89
38
93
111
210
325
277
157
200
483
428
560
645
667
790
775
760
807
888
1000
976
945
809
876
829
792
778
740
744
597
571
473
444
482
341
307
288
337
321
304
299
390
387
403
368
245
233
350
156
152
363
183
326
274
263
304
372
296
301
430
428
443
401
302
353
428
329
255
197
352
290
46
-21
-81
-89
-133
-183
-167
-251
-275
-194
-322
-270
-275
-299
-212
-219
-112
-174
-72
15
-66
-88
21
97
171
217
316
268
280
211
286
276
145
38
-35
-33
-122
-214
-281
-247
-276
-307
-240
-139
-236
-327
-320
-451
-281
-128
-151
-304
-403
-348
-246
-366
-357
-425
-457
-316
-421
-339
-337
-539
-435
-303
-323
-210
-222
-256
-261
-213
-86
65
52
95
69
187
181
217
301
343
380
408
426
371
412
384
391
280
233
186
221
244
316
243
273
210
192
311
217
192
274
273
237
269
299
262
221
224
288
254
211
202
131
169
114
63
-68
-2
-65
-38
64
35
-115
-283
-251
-293
-88
-146
64
-48
97
-46
-63
174
245
7
-131
-127
-181
-250
-378
-514
-524
-486
-710
-472
-616
-818
-941
-664
-500
-523
-627
-499
-445
-433
-326
-293
-304
-330
-488
-516
-254
-276
-167
-333
-465
-512
-148
-99
-156
-350
-411
-255
-136
38
-95
-221
-341
101
168
6
34
119
27
134
19
65
-45
67
-10
74
128
105
-91
54
-46
-32
135
134
91
66
197
154
368
153
85
113
241
288
332
314
152
221
157
161
336
196
170
221
245
286
403
362
394
448
549
603
574
558
499
610
549
556
618
779
829
697
663
647
547
474
483
447
387
390
424
489
365
211
319
515
500
397
452
520
548
444
452
476
401
397
187
219
226
269
319
145
144
15
78
-28
-67
-58
-34
21
-3
13
72
166
58
213
392
478
486
372
503
454
308
546
390
376
266
292
208
131
-4
-254
-128
10
6
-118
-179
-179
-18
2
54
115
60
165
254
345
377
240
211
156
281
427
464
374
439
363
455
329
299
325
181
238
251
205
175
285
312
262
175
197
142
188
240
294
253
275
172
164
209
245
244
261
286
205
165
182
112
115
190
168
327
247
360
239
389
445
547
527
265
579
629
558
474
370
332
317
293
230
127
16
-10
-82
-111
-89
-292
-388
-338
-266
-372
-357
-503
-497
-427
-186
-158
-209
-103
-100
-11
18
-46
61
47
105
77
46
-2
-133
-75
-129
-95
-185
-106
-144
-283
-114
-7
62
7
-6
-22
-70
-32
-10
65
136
301
310
205
231
240
295
292
273
224
277
304
294
225
116
75
8
183
117
171
185
-227
-168
-87
-201
-89
-67
-42
-123
64
-108
24
57
-236
-165
-182
-229
-250
-335
-398
-450
-387
-539
-559
-435
-573
-616
-389
-132
-155
-345
-251
28
117
153
-84
-42
-183
-81
-149
-292
-461
-365
-460
-255
-355
-584
-518
-547
-615
-499
-338
-494
-651
-399
-264
-346
-187
-297
-321
-104
-95
-250
-90
-239
-250
-293
-26
-159
-6
-64
-154
-202
-87
-336
-211
-209
-164
28
-95
2
-99
-32
69
97
96
19
125
172
34
69
30
77
15
-46
-42
-11
-37
-45
67
237
236
250
217
289
382
360
392
406
416
476
521
521
653
750
759
720
701
682
681
670
676
597
620
539
570
695
621
498
625
783
645
587
661
732
628
714
713
716
660
708
722
573
679
721
779
583
424
369
437
407
243
348
307
271
211
222
216
188
182
94
171
187
225
287
306
322
312
299
229
188
164
71
-9
-45
-130
-58
-121
-239
-184
-220
-107
-147
-120
-110
-208
-31
-134
-45
112
-85
-155
-160
-102
-34
-71
-120
-27
-23
-59
4
-101
-77
-60
22
52
-8
-97
-21
49
-3
40
103
128
82
106
239
235
342
348
258
246
229
390
260
309
270
357
311
193
295
218
285
167
168
245
111
170
55
-2
25
86
113
117
72
123
88
4
100
226
290
79
88
101
132
154
123
175
125
181
269
298
458
507
505
518
496
511
519
498
419
399
374
236
196
218
265
300
156
138
58
57
70
7
46
21
121
41
-53
130
165
171
165
195
110
160
119
75
200
81
-92
-68
-55
-23
55
-102
-76
-43
-147
-216
-289
-267
-275
-239
-269
-332
-304
-244
-206
-203
-436
-463
-403
-586
-309
-537
-331
-178
-177
-345
-246
-378
-233
-186
-164
-301
-438
-475
-513
-371
-429
-501
-586
-387
-487
-433
-432
-288
-77
-275
-504
-63
-145
-249
-92
-25
-172
-180
-357
-536
-491
-432
-460
-396
-350
-360
-336
-250
-144
-99
-276
-413
-230
-185
-95
-75
-92
-107
94
43
16
-13
50
-109
158
31
-124
-289
-104
-173
-160
-219
-310
-225
-258
-188
-224
-58
-9
-35
-149
58
105
123
82
-194
34
139
-1
-76
-3
-44
-69
2
-163
-84
-130
-32
-37
105
184
222
204
247
164
114
94
130
213
116
130
100
195
173
209
203
246
171
123
163
145
79
84
135
175
224
277
249
306
408
404
280
382
522
546
474
367
372
365
304
306
360
465
335
359
348
381
365
239
228
319
262
211
314
356
387
337
435
476
576
519
305
445
417
459
553
418
370
349
216
253
173
10
-13
-166
-44
0
-53
79
-98
52
-36
-59
122
87
121
-3
-34
51
146
22
-78
-140
-93
-18
-64
-110
8
-21
120
112
64
66
67
125
29
92
177
239
193
131
123
166
107
85
10
-22
-64
-124
-79
-114
-253
-369
-385
-489
-404
-447
-358
-436
-468
-363
-346
-251
-293
-334
-278
-233
-359
-206
-226
-124
-148
-116
-78
19
-50
-70
172
59
-9
-81
-94
24
-155
-134
-99
-212
-127
-201
-119
-88
-202
-67
-112
-211
-136
-94
-113
-108
-8
-36
-74
-105
-177
-53
-96
-32
-22
-58
17
-18
-107
-13
22
-40
-15
-37
30
-47
71
77
86
192
128
111
82
120
97
18
-20
-103
-53
-44
-86
-266
-316
-191
-250
-249
-88
-63
-48
-127
-172
-140
-78
-105
24
77
-85
-201
-343
-451
-388
-390
-220
-126
-230
-297
-428
-259
-329
-389
-532
-672
-562
-586
-663
-768
-930
-868
-963
-736
-736
-743
-841
-620
-311
-212
-543
-429
-296
-294
-185
-231
-137
-233
-413
-606
-556
-446
