-238
158
-702
315
294
-576
216
377
-657
222
406
-407
416
184
-832
76
269
-358
6
356
-452
-325
238
-592
-296
223
-735
-101
638
-526
-98
5
-525
25
63
-359
52
339
-248
-165
463
-312
-4
666
-318
574
-55
-259
-40
-305
309
-71
88
39
-499
521
-154
-539
647
-811
84
414
-530
-3
253
81
-35
603
210
-109
556
314
-505
680
-488
-229
884
-106
-286
392
-173
-212
513
-224
-188
406
-4
-488
609
-481
-783
248
-43
-235
60
250
-866
-123
121
-906
194
-358
-1267
-309
22
-1202
-240
-730
-935
-78
-595
-958
-57
-378
-1010
-100
69
-212
-174
177
-436
191
89
-613
-169
-372
-659
-272
-134
-676
-363
-327
-1048
-333
-389
-944
-625
356
-1071
-160
547
-1062
-29
312
-979
316
81
-596
490
11
-77
421
-156
-138
-317
-103
22
-345
163
-1046
11
-214
-367
125
-434
259
-224
181
111
40
-57
216
-28
-169
646
-249
134
229
-218
259
180
-36
338
-47
-227
379
-233
65
138
-9
234
325
-176
214
362
189
694
428
262
879
493
-57
838
127
157
1198
62
310
898
194
572
625
72
609
724
69
762
796
390
636
886
505
890
781
665
754
799
1142
721
889
954
673
627
441
789
106
634
829
20
1059
657
353
747
36
413
857
-93
404
691
329
931
815
131
577
659
407
881
263
504
778
-11
574
222
-49
365
627
66
325
153
58
462
121
115
371
475
-3
578
-32
174
821
57
599
545
73
696
168
-346
705
-223
-372
543
-428
525
204
-261
537
-218
-52
225
64
121
195
70
143
324
-232
-189
132
135
-575
79
-384
-464
682
-457
-145
310
-691
7
-121
-446
137
-307
-401
-315
-349
-190
-126
-103
-106
-664
516
155
-695
241
-392
-769
607
-590
-672
490
-994
-634
300
-701
-662
305
-619
272
38
-653
-129
-65
-220
-24
267
-361
345
135
-385
699
-672
-15
708
-551
133
412
-292
-458
118
-395
-441
186
-127
-347
13
-467
129
333
-91
37
-6
-153
-92
369
255
-176
126
273
-271
-46
410
-154
-50
319
-124
-192
373
-438
15
-201
226
557
-495
574
-160
-566
232
-188
-460
133
11
205
43
194
257
87
428
-240
-268
-196
-372
-516
201
-490
-531
-808
-241
-464
-503
66
-565
174
177
-534
-355
6
-77
293
318
242
-378
-153
31
-291
287
-452
-212
-315
-9
326
-623
201
-482
-536
373
-95
145
81
-305
233
573
369
-77
89
538
-184
453
605
-212
497
280
-257
129
161
127
255
-33
181
312
-127
379
330
-215
119
418
187
41
448
132
565
413
-130
481
-43
-94
529
118
-115
285
264
-13
274
-56
-378
815
304
-258
543
-307
392
-153
531
581
-37
768
65
390
583
528
383
571
687
-63
-44
714
-441
156
347
-201
950
-144
-379
750
-66
467
810
307
265
807
-89
383
967
-85
255
571
407
256
801
471
518
273
47
614
145
-82
649
-265
76
670
-94
143
618
30
399
522
-374
195
292
265
547
-5
69
881
-131
348
357
-442
794
-6
-436
967
-343
-61
877
161
-4
347
211
-87
528
379
93
485
444
-115
475
338
260
719
-61
370
490
60
772
134
376
689
-32
119
347
302
401
961
-68
516
798
71
787
438
42
201
419
439
446
79
439
795
155
722
223
49
391
226
445
64
192
-166
387
360
107
464
233
-170
532
213
-256
603
121
360
385
-125
463
70
238
193
157
-183
344
603
-297
335
10
-49
-4
-18
287
139
225
92
281
792
179
263
321
-186
330
339
484
-98
29
-163
191
-500
-172
268
-537
267
-140
17
-163
-412
141
-323
88
-251
81
196
-432
85
20
-212
-614
454
-273
25
498
-274
-267
212
-200
-804
150
-365
-777
153
-607
-365
-9
-1019
-196
187
-661
13
-504
-888
-252
-940
-321
-338
-540
-258
-572
1
-643
-356
-901
-866
-162
-1192
-582
-511
-1088
-838
-728
-1149
-797
-1225
-1042
15
-648
-687
-240
-759
-635
-182
-86
-964
-542
-2
-501
-383
-372
-441
-607
-611
-274
-547
-329
-581
-370
-492
-225
-577
-393
126
-737
178
-77
-538
-49
-55
223
473
-48
174
274
-185
334
558
-79
290
-195
-291
309
136
-80
273
47
-141
62
-169
486
152
139
530
471
76
364
183
-36
725
-85
488
348
-66
447
-198
157
80
113
656
540
958
644
-223
328
224
220
701
771
751
708
314
703
363
665
852
595
919
429
483
532
410
741
360
580
393
66
412
687
338
747
466
424
627
744
614
372
1163
329
512
1146
432
87
840
316
611
760
312
893
135
353
362
12
588
188
584
497
395
183
529
219
165
483
-56
411
228
447
677
283
269
-162
196
11
-64
590
144
-408
186
-84
-144
200
-164
400
186
-398
-22
363
-308
-158
404
-97
465
-395
-218
72
-656
213
-467
-70
325
-128
-509
-229
-354
-55
21
-265
206
-279
-553
-718
687
217
-243
585
-127
-334
442
-234
-14
248
-578
-46
283
-71
-286
384
-289
-392
145
-38
-375
66
-228
-404
402
-272
-369
-196
34
-266
-186
815
-866
408
666
-266
790
-126
100
-195
311
-211
69
-213
-481
226
-140
48
471
-365
-392
711
-170
-167
1123
-19
-140
839
-101
134
266
194
-6
146
458
-387
672
731
-214
180
-185
-271
115
-232
186
67
-2
30
18
-296
247
446
-79
342
478
381
389
356
219
236
47
362
608
218
-313
55
190
49
208
73
-174
-113
218
-243
543
-190
-552
776
-293
215
266
-743
-59
-224
-386
-374
-684
-105
-542
-332
108
-638
-592
293
-818
-1117
-243
-662
-367
-317
-1137
-428
-784
-855
-643
-642
-507
-1088
8
-514
-1396
-119
-413
-803
320
135
-930
-505
-582
-796
-853
-799
-29
-828
-750
72
-1448
-629
-190
-1567
314
-195
-572
375
-744
-264
610
-1171
-53
84
-1176
601
-650
-203
377
-1249
-61
-48
-193
-742
-288
-168
-1086
718
-705
-723
119
-664
-78
-37
-435
1228
-713
-434
836
-757
410
821
-630
-180
822
-612
-360
544
-517
460
786
-667
7
-298
-219
761
32
137
1254
-261
413
517
-166
653
-54
271
570
583
883
744
684
364
36
-29
470
-242
1031
454
268
625
-582
1532
-60
314
1332
-116
812
1171
200
1462
9
643
781
-1023
1181
355
-365
1083
97
240
696
250
577
345
1510
27
357
1157
-151
-468
999
165
-456
1273
58
119
721
-62
240
656
300
742
133
437
253
195
286
-936
114
117
-1611
502
480
-737
1068
-329
-654
1177
-813
80
1218
-674
-320
503
-321
127
460
-389
-668
333
-431
-5
536
-432
-541
17
-865
-118
563
-792
224
236
-1028
-45
-602
38
536
-1472
-306
-442
-893
-187
-326
74
-128
201
-167
-280
-164
-362
-317
-539
-616
75
110
-158
-541
-318
-254
-887
134
454
-179
-45
-409
208
-1123
-240
188
-1430
-153
-657
-443
-144
-1009
-362
-588
109
-826
-169
68
-1083
-128
-103
-94
127
-193
-259
85
-349
-53
217
-447
-30
-59
-887
41
-94
-366
-266
390
-82
-301
303
-563
-161
495
-641
-59
785
-497
51
-209
-334
728
-660
712
263
-42
786
-1229
-115
299
-657
252
627
-563
439
70
-437
-134
147
-53
174
257
-597
540
238
176
194
-248
524
-824
138
19
-1813
-127
-392
-503
-430
-194
-418
-546
97
-78
-169
261
90
-363
-426
344
-1209
136
121
-744
-189
-1652
-252
-878
-1214
-285
-764
-231
-517
-711
221
-1318
497
410
-1898
1532
-901
-356
754
-1558
546
-313
-67
-213
-976
195
37
-622
54
71
-15
-439
-89
-573
-590
-107
-331
-640
-165
-45
35
751
-900
-567
250
-550
-37
1189
263
-34
-397
-364
-317
-186
-124
-341
-297
102
-460
-760
456
-201
-1018
187
-263
-569
645
-683
797
244
-175
486
-624
-277
733
15
97
745
415
-621
260
61
-1138
323
-309
258
867
73
50
377
338
-711
271
-392
-685
1116
219
-227
856
52
-316
749
-27
9
1175
214
828
813
450
539
-172
72
629
543
655
396
429
297
-128
-296
585
599
709
632
811
65
65
735
-42
186
493
722
134
981
307
-96
551
-4
-389
559
181
787
755
509
469
228
-42
-9
757
-20
-878
404
238
-736
937
-425
-451
855
-762
-609
1224
-365
216
224
-226
549
-254
622
-77
162
-433
-174
98
647
-197
-135
-129
98
-171
-539
1004
-506
89
381
43
-14
162
-123
336
179
418
-223
429
473
-747
-468
215
-314
347
291
-1197
956
113
-1035
741
471
175
50
648
1018
-288
255
1065
-489
362
107
-810
567
226
-219
87
1159
-107
-93
643
-405
-1004
271
151
376
-38
-405
-351
-492
203
-100
-4
183
389
-66
26
-383
50
-292
363
145
110
490
-532
-290
374
-762
-530
149
557
-115
-26
65
-1439
-295
-233
-709
467
525
-325
-250
-738
60
-104
-127
729
-449
51
38
-673
641
378
-25
527
-571
-12
-680
136
-48
-521
572
168
-735
-274
383
-1168
498
-96
-454
919
-329
133
749
-305
-797
353
-897
-118
69
-108
-93
-453
458
-235
-786
68
-283
-1324
628
8
-1491
87
-602
-1353
63
-182
-1294
220
-245
-1377
-222
296
-611
-327
-483
-526
722
-773
188
527
-1358
-29
868
-953
-184
542
-1155
144
385
-859
133
-400
-522
48
242
-31
86
-259
-310
409
-483
-156
393
-73
-878
683
-486
-384
-380
-985
-586
-36
446
715
765
38
227
82
601
140
-102
752
124
988
100
423
561
361
479
503
-403
-229
475
-496
455
151
227
365
310
92
837
-19
-118
1204
614
538
1180
358
335
907
956
-107
955
254
-525
1247
794
99
1042
-126
9
214
-505
1132
231
226
1316
-9
-84
208
600
-5
834
742
-173
907
556
934
1173
501
431
556
879
567
48
802
513
-28
568
38
85
668
-106
-393
340
-86
304
1573
-87
602
287
198
1075
349
543
573
161
-379
158
-243
-754
885
1092
-921
1135
-216
-1036
127
-396
470
734
633
326
375
-313
-611
-52
-61
172
580
717
1208
445
-279
-581
-1195
633
553
-682
454
-325
-292
-586
-552
-210
-254
448
-634
1039
160
-577
485
6
-751
284
1070
-866
908
971
-191
-378
661
514
-736
312
223
-435
-191
936
43
-754
561
579
-31
-539
637
266
342
735
-421
-177
143
507
-317
1202
-171
684
263
-886
615
-67
-122
709
722
22
630
-211
94
99
232
336
-539
473
658
-898
36
464
-90
749
-104
-182
1106
401
326
346
285
-68
-9
930
364
-53
1290
-237
439
-24
-211
276
1336
-150
256
902
-342
1511
-84
347
1095
-29
444
972
-93
1093
8
-476
519
40
374
-623
666
196
-697
1298
-625
-1139
753
-189
-499
1494
-247
-750
913
-69
-167
649
21
-332
225
242
-18
-74
153
-895
-745
360
-597
-180
-44
-604
198
-616
-1445
-650
-1610
-982
421
49
-160
-395
-363
-799
158
-596
585
83
-711
481
396
-368
49
-225
-1602
75
-126
-804
-280
-80
-764
254
-180
-415
-208
-131
-239
395
586
-21
431
469
-777
-483
471
-538
-196
-13
167
-312
-247
-454
-571
-262
-297
-212
328
-123
-43
-426
-202
132
-206
-162
478
225
655
-435
335
891
-788
-49
1037
825
-327
900
550
-860
-131
-443
-596
740
-39
66
106
133
81
-476
488
663
789
872
413
845
91
130
674
-358
644
602
505
1279
857
-381
-622
773
135
-234
2117
439
-280
1880
212
-88
1266
-93
509
1116
383
1125
382
-36
705
104
832
1026
322
227
1395
335
606
1697
134
279
1114
377
-279
1179
398
-256
1464
743
157
682
311
832
887
482
487
199
-193
994
252
155
825
372
242
474
914
505
-558
821
335
-795
1354
-95
-513
893
43
-23
424
-166
164
550
358
78
-7
311
14
362
854
-848
392
340
-599
-157
303
-191
-301
261
-461
-41
127
-164
-372
-333
-212
-395
-141
-4
560
63
9
581
110
-189
223
516
-557
24
55
-471
-23
-458
-440
40
-525
-579
319
-490
-248
248
-719
-22
40
-240
-268
-393
-513
-161
-75
-1
70
152
-157
-86
13
-340
-355
-681
-517
-716
-762
118
-50
-583
-309
-85
-398
-363
91
42
95
204
-361
-526
-161
-538
-610
9
79
-485
-312
67
-701
-673
-837
-477
-110
64
-566
-177
213
-969
-633
129
-349
-22
412
-270
-108
152
-270
-484
-512
-51
-46
-651
199
170
-771
141
180
-780
-539
136
-213
-171
257
168
-454
-266
-63
-612
228
847
-226
-557
445
-832
-811
88
-646
-526
-236
-502
78
-442
-278
-249
-508
-105
-75
-67
530
52
-933
-1464
-1112
-455
-727
163
-503
-1219
-602
-877
-1042
-289
-799
-739
-453
-431
-11
-567
-770
64
-17
-58
398
384
-276
-373
-199
-845
-130
360
-423
-252
119
-633
-457
-657
-961
-736
-745
-694
33
-397
-1384
-364
-544
-1213
-306
41
-1141
-689
524
-362
-496
170
-876
-327
465
-155
-183
714
93
-446
218
-803
-1279
-573
-423
-471
20
-210
-974
-1203
-579
-824
-699
61
51
104
-418
-41
-228
-191
504
365
173
616
-19
50
253
-593
-419
-109
-303
-404
-234
-192
-213
-457
-337
-56
-777
-439
71
-53
336
555
633
331
274
250
298
970
763
-64
624
563
-255
462
233
-347
314
340
-328
182
144
-397
-617
325
-31
-20
466
-162
-281
160
-434
-329
661
171
-101
158
122
-174
-255
-11
-193
-35
454
625
173
681
-270
-637
344
228
8
208
117
-386
71
-346
-340
46
205
-113
307
12
-547
-31
-54
6
119
-151
-599
-81
-320
-336
-356
-52
-331
-264
251
3
512
517
366
60
16
171
103
297
638
268
129
274
-142
-463
-213
-86
-37
431
131
-200
-290
-321
-300
-1
150
47
354
162
67
250
-143
-205
211
228
2
38
-79
-212
-264
-33
-432
-385
-84
-165
18
160
-115
-491
-218
-245
-317
-231
-148
-221
-229
-105
-427
-470
-250
-559
-303
-330
-333
-420
-708
-676
-524
-267
-311
-336
-377
-550
-598
-339
-440
-528
34
-181
-180
4
-400
-518
-505
-296
-211
-124
-95
-352
-693
-632
-642
-849
-252
-106
-651
-507
-340
-743
-452
-158
-504
-451
-192
-508
-534
-156
-240
-349
-230
-446
-533
-330
-423
-620
-493
-578
-710
-505
-899
-859
-989
-1037
-934
-841
-781
-694
-659
-713
-539
-644
-463
-226
-339
-525
-557
-915
-684
-527
-679
-751
-486
-719
-921
-889
-713
-916
-447
-454
-929
-515
-135
-152
-442
-418
-532
-389
-199
-25
-304
-298
-398
-456
-237
-171
-191
-129
-434
-425
-443
-490
-737
-650
-506
-591
-302
-372
-382
-351
-1
-320
-378
-199
-55
-31
221
176
138
72
169
88
386
503
457
471
411
331
435
179
53
26
145
222
104
191
-201
-181
-338
-235
-45
18
127
42
-128
-22
186
118
101
243
62
-34
74
140
124
150
28
-26
1
-8
-62
-86
4
43
-13
85
43
-28
98
-59
-30
87
129
126
64
42
122
84
114
322
198
-19
-64
16
-40
107
240
290
341
64
128
20
61
229
381
337
307
465
366
237
109
55
93
91
70
167
142
195
251
88
-96
0
99
215
196
161
107
191
188
273
369
202
249
152
209
262
398
613
596
554
470
318
191
347
504
678
524
252
112
208
155
99
125
380
276
184
150
147
336
244
285
386
260
316
222
97
24
-137
63
-89
12
-42
-434
-429
-447
-486
-343
-452
-505
-655
-667
-701
-795
-714
-673
-647
-708
-734
-647
-591
-593
-621
-573
-546
-660
-768
-749
-692
-665
-590
-670
-716
-734
-797
-798
-804
-708
-625
-611
-661
-646
-609
-621
-564
-451
-372
-419
-588
-578
-459
-308
-235
-77
-225
-514
-437
-324
-238
-160
-67
-10
-86
-57
-22
56
311
473
609
666
910
880
926
1178
1172
1213
1258
1287
1113
1295
1466
1526
1482
1392
1442
1453
1411
1238
1230
1324
1389
1413
1466
1576
1563
1411
1562
1554
1558
1754
1792
1632
1683
1637
1517
1408
1424
1439
1099
1050
746
355
81
-31
-300
-602
-783
-922
-1026
-1137
-1284
-1632
-1673
-1944
-2233
-2476
-2581
-2802
-2886
-2898
-3090
-3165
-3291
-3451
-3410
-3097
-3019
-3142
-2925
-2818
-2831
-2548
-2358
-2363
-2191
-1932
-1675
-1501
-1499
-1485
-1356
-1072
-1205
-1034
-1149
-1336
-1225
-1101
-974
-1003
-1069
-1001
-986
-943
-909
-765
-700
-656
-404
-353
-240
-260
27
-53
278
627
627
386
681
745
940
1267
1117
928
1148
1186
1308
1652
1668
1718
1651
1766
1835
1920
2014
2191
2376
2553
2570
2617
2689
2737
2818
2974
3138
3367
3373
3460
3061
2443
1929
2091
2324
2135
2134
1738
967
139
-349
-265
71
-240
-768
-1264
-1704
-2066
-2158
-1864
-2022
-2259
-2475
-2656
-2703
-2564
-2440
-2302
-2217
-2225
-2123
-1998
-1729
-1673
-1553
-1300
-1163
-1004
-948
-1027
-949
-880
-715
-483
-390
-422
-662
-794
-809
-791
-794
-757
-767
-939
-1062
-1297
-1332
-1320
-1453
-1514
-1528
-1755
-1920
-1797
-1833
-1776
-1574
-1566
-1491
-1493
-1535
-1325
-985
-834
-876
-670
-484
-355
-250
72
130
332
525
657
855
984
1134
1427
1595
1730
1840
1956
2192
2213
2239
2584
2651
2779
2859
2756
2895
3010
3287
3443
3463
3633
3637
3619
3775
3841
4040
3531
2491
1754
1917
2737
2865
1872
767
190
-269
-822
-616
-61
-289
-1562
-2728
-2918
-2602
-2597
-2676
-2765
-2974
-3366
-3775
-3538
-3264
-3209
-3029
-2952
-2832
-2944
-3021
-2857
-2524
-2069
-1618
-1441
-1327
-1365
-1534
-1297
-778
-477
-366
-440
-815
-928
-983
-942
-871
-762
-1146
-1588
-1672
-1779
-1929
-2092
-1916
-2151
-2409
-2406
-2521
-2670
-2700
-2664
-2626
-2704
-2653
-2491
-2503
-2416
-2224
-2022
-1810
-1624
-1531
-1268
-1151
-904
-666
-384
-50
37
278
271
571
924
1129
1298
1450
1573
1793
2002
2237
2451
2557
2575
2605
2867
3008
3105
3129
3215
3389
3547
3486
3582
3956
4067
4142
4196
4194
4318
4276
4364
4102
3157
2629
2731
3261
3566
2933
1630
832
327
-128
8
177
-100
-1153
-2596
-3209
-3245
-2935
-2980
-3235
-3752
-4249
-4395
-3992
-3987
-3721
-3516
-3577
-3332
-3060
-2970
-3186
-2856
-2434
-1981
-1745
-1481
-1542
-1821
-1952
-1466
-994
-840
-1019
-1234
-1572
-1595
-1236
-938
-934
-951
-1357
-1579
-1595
-1542
-1675
-1738
-1716
-2012
-1962
-2390
-2443
-2498
-2458
-2581
-2341
-2474
-2712
-2508
-2465
-2510
-2276
-2360
-2081
-1979
-1940
-1808
-1526
-1305
-1132
-810
-572
-300
-190
113
401
690
914
973
1216
1439
1477
1612
1706
2030
2116
2072
2136
2361
2334
2561
2657
2809
3003
3012
3188
3328
3592
4013
4152
4232
4473
4361
4569
4980
5105
4656
3659
2699
2758
3621
3912
3098
1814
849
433
34
253
501
142
-924
-2394
-3067
-2724
-2281
-2521
-3068
-3265
-3444
-3765
-3805
-3565
-3279
-3316
-3362
-3310
-3122
-3047
-3047
-2785
-2196
-1723
-1778
-1605
-1547
-1427
-1298
-1071
-506
-193
-250
-429
-545
-448
-218
-62
-120
-334
-505
-679
-663
-676
-732
-1032
-1169
-1297
-1475
-1728
-1789
-1831
-2034
-2165
-2263
-2115
-2163
-2254
-2416
-2314
-2183
-2001
-1848
-1683
-1715
-1637
-1441
-1092
-880
-790
-444
-349
-106
37
397
769
837
920
970
1216
1591
1765
1857
1839
1990
2189
2342
2616
2640
2643
2938
3115
3115
3176
3205
3320
3519
3599
3799
3835
3788
3944
4070
4458
4711
4411
3745
2401
1622
2246
3531
3756
2149
503
-91
-240
-379
-102
208
-349
-2178
-3590
-3373
-2713
-2546
-3185
-3713
-3834
-4147
-4558
-4494
-4061
-3733
-3815
-3886
-3854
-3607
-3471
-3386
-2870
-2260
-1859
-1946
-1965
-1677
-1591
-1464
-1135
-780
-611
-843
-1152
-1049
-837
-610
-676
-870
-911
-977
-999
-1224
-1306
-1189
-1395
-1575
-1608
-1793
-1908
-2077
-2170
-2046
-1960
-2017
-2087
-2200
-2155
-2166
-2126
-2007
-1879
-1920
-1973
-1849
-1615
-1415
-1083
-1145
-1111
-1026
-755
-424
-145
223
463
623
521
972
1189
1235
1165
1446
1547
1522
1272
1378
1658
1650
1724
1746
2004
2033
1882
1927
2295
2677
2732
2581
3028
3425
3769
4036
4250
4209
4097
3169
2288
2137
3014
3602
2943
1352
371
153
-97
-355
19
5
-905
-2453
-3485
-2940
-2231
-2351
-3230
-3364
-3534
-3871
-4114
-3818
-3492
-3183
-3349
-3312
-3385
-3215
-3060
-2632
-2232
-1637
-1559
-1848
-1920
-1526
-930
-787
-457
-428
-585
-482
-580
-446
-64
34
-216
-331
-448
-672
-713
-842
-732
-698
-854
-1219
-1360
-1406
-1597
-1571
-1417
-1428
-1543
-1857
-1901
-1830
-1737
-1719
-1766
-1780
-1791
-1717
-1469
-1234
-1134
-1020
-932
-652
-515
-557
-369
34
199
301
537
679
744
771
1169
1370
1301
1407
1511
1601
1763
1940
2043
2080
2191
2373
2469
2663
2897
3200
3200
3278
3534
3639
3787
3928
4045
4238
4614
4565
4044
3001
1972
2258
3504
3935
2692
888
222
321
65
61
425
177
-1230
-2794
-3296
-2660
-2295
-2761
-3290
-3756
-4117
-4360
-4347
-4010
-3750
-3737
-3807
-3703
-3664
-3514
-3251
-2615
-2029
-1791
-1780
-1810
-1659
-1210
-716
-549
-245
-210
-293
-336
-241
91
325
242
26
-193
-257
-184
-92
-304
-609
-632
-668
-937
-882
-1050
-1341
-1479
-1529
-1354
-1441
-1623
-1871
-1906
-1752
-1640
-1703
-1679
-1646
-1731
-1532
-1297
-1291
-1143
-1279
-1087
-682
-685
-355
-357
-221
-50
90
449
617
949
936
999
1288
1462
1588
1607
1631
1727
1799
1859
2359
2432
2360
2485
2529
2983
3262
3299
3240
3500
3675
3967
4322
4628
4858
4870
4559
3530
2547
2638
3906
4490
3245
1318
497
444
250
38
433
475
-1107
-2836
-3482
-2738
-2100
-2494
-3125
-3543
-3696
-4052
-4099
-3737
-3238
-3051
-3117
-3124
-3053
-2994
-2727
-2155
-1658
-1198
-1184
-1388
-1450
-1134
-555
-372
-228
-4
-149
-321
-478
-470
-293
-420
-530
-750
-828
-613
-969
-1119
-1078
-887
-1013
-1606
-1906
-2106
-2071
-2177
-2349
-2246
-2513
-2961
-3061
-2962
-2774
-2821
-2809
-2963
-2507
-2305
-2418
-2235
-1712
-1737
-1576
-1151
-835
-813
-694
-533
-370
63
39
-26
42
132
483
771
802
830
522
744
1070
1541
1603
1584
1802
2121
2132
2576
2681
2982
3273
3352
3462
3769
3930
4089
4449
4817
5020
4888
4630
3315
2349
2740
4111
4473
3201
1389
587
343
196
345
896
635
-955
-2617
-2994
-2433
-1757
-2221
-2626
-2761
-3508
-3978
-3866
-3044
-2568
-2402
-2744
-2858
-2605
-2508
-2027
-1308
-990
-644
-552
-450
-337
-291
222
580
989
1027
697
506
557
814
1082
1079
838
573
285
206
106
-178
-273
-342
-503
-906
-1067
-1041
-1173
-1416
-1352
-1455
-1559
-1667
-1938
-1857
-1815
-1716
-1590
-1366
-1380
-1433
-1543
-1492
-1099
-996
-906
-786
-578
-424
-256
123
422
614
622
739
974
1086
1381
1509
1685
1826
1834
1863
2079
2335
2242
2155
2269
2522
2645
2800
2928
3010
3111
3290
3378
3697
3970
4285
4493
4631
4928
5245
5037
3839
2378
2048
3392
4522
3600
1620
470
80
-184
-264
513
871
-576
-2769
-3859
-3170
-2304
-2483
-2788
-3245
-3687
-4258
-4234
-3412
-2737
-2731
-3004
-2974
-2856
-2688
-2397
-1792
-1271
-987
-866
-860
-918
-677
-302
41
307
371
323
1
-199
-194
68
319
276
12
-567
-836
-1047
-1209
-1184
-1202
-1208
-1561
-1987
-2169
-2350
-2263
-2068
-1896
-1953
-2463
-2591
-2461
-2278
-2008
-1903
-1720
-1758
-1863
-1700
-1272
-824
-714
-632
-443
-342
-258
-53
318
512
730
909
965
1067
1119
1266
1458
1601
1815
1662
1541
1704
1957
2282
2429
2670
2789
2617
2670
2970
3371
3638
3693
4006
4380
4623
4967
5146
5205
5482
5709
5056
3264
2310
3264
4651
4464
2626
1128
442
-269
-629
86
927
205
-2160
-4057
-4068
-3050
-2608
-2765
-2905
-3423
-4536
-4825
-4321
-3326
-2844
-3252
-3331
-3187
-3190
-3134
-2681
-2172
-1590
-1417
-1269
-1338
-1227
-959
-463
-162
193
266
103
-291
-288
-233
-99
-15
-205
-725
-1208
-1522
-2032
-2308
-2284
-2007
-2195
-2523
-3184
-3591
-3617
-3237
-2715
-2287
-2614
-3227
-3499
-3071
-2493
-1968
-1758
-1721
-1773
-1658
-1576
-1302
-957
-855
-796
-396
-427
-311
-179
-79
442
477
441
421
559
459
473
742
1234
1301
1246
1184
1470
1563
1631
1987
2441
2684
2652
2678
2922
3184
3703
4029
4440
4546
4882
5175
5640
6053
6032
5375
3543
2612
3464
4920
4835
3082
1278
441
-392
-746
100
1005
165
-2130
-3788
-3938
-3307
-2834
-2811
-3048
-3606
-4497
-4497
-3815
-3067
-2835
-2645
-2296
-2156
-1972
-1701
-1358
-815
-172
266
474
744
855
616
597
889
1405
1519
1262
896
433
191
139
52
-17
-386
-819
-1313
-1536
-1593
-1670
-1623
-1730
-1968
-2248
-2500
-2700
-2386
-2197
-2016
-2000
-2200
-2209
-2275
-2102
-1748
-1485
-1218
-1043
-998
-1022
-891
-383
-143
30
63
221
239
302
641
710
911
1027
1046
1041
986
1075
1221
1381
1439
1414
1482
1535
1675
1930
2034
2438
2471
2530
2771
3141
3580
3724
4163
4535
4801
4991
5302
5803
6130
5956
4715
3075
2327
3279
4376
4057
2604
810
-323
-1410
-1686
-764
44
-1007
-3216
-4638
-4779
-4422
-3962
-3566
-3662
-3861
-4615
-4666
-4084
-3385
-2871
-2768
-2482
-2045
-1802
-1445
-1302
-1205
-666
-219
338
818
927
465
151
201
469
944
770
392
-156
-531
-667
-605
-469
-696
-1126
-1689
-2113
-2329
-2392
-2291
-2389
-2798
-3196
-3288
-3061
-2985
-2810
-2589
-2628
-2595
-2362
-2329
-1925
-1537
-1339
-1144
-983
-846
-798
-617
-483
-307
-240
-95
104
160
102
-13
173
391
447
296
314
271
371
380
675
866
927
959
1050
1088
1185
1641
1809
2238
2539
2761
3193
3613
3848
3869
4225
4683
4977
5146
5330
5682
5987
5833
4875
2698
1746
2638
3764
3516
2308
1094
-509
-1979
-2269
-1384
-265
-843
-2690
-4075
-4341
-4269
-4446
-4108
-3726
-3631
-4258
-4228
-3956
-3313
-2955
-2657
-2344
-1730
-1175
-621
-363
-144
85
419
927
1784
2086
1602
1198
927
977
1242
1416
1201
707
36
-311
-545
-580
-921
-1074
-1542
-2079
-2542
-2606
-2492
-2268
-2370
-2681
-2697
-2677
-2936
-2574
-2099
-1818
-1745
-1791
-1871
-1557
-1224
-1181
-1005
-967
-802
-755
-582
-364
-298
-517
-436
-226
7
217
124
172
127
-30
109
337
413
575
625
668
781
785
1084
1230
1420
1370
1572
1961
2343
2589
2862
2996
3290
3797
4077
4247
4576
5061
5251
5543
5910
6216
6330
5991
4712
2959
2132
3018
3940
3604
2109
787
-303
-1694
-2388
-1646
-931
-1554
-3086
-3972
-3946
-3843
-4086
-4059
-3557
-3484
-3575
-3209
-2368
-1830
-2020
-2119
-1654
-1050
-386
119
557
583
359
287
859
1383
1619
1503
1205
998
874
849
780
692
294
-274
-382
-162
-324
-788
-1153
-1368
-1674
-1748
-1784
-1650
-1753
-1912
-2063
-2314
-2234
-2193
-1916
-1633
-1589
-1439
-1327
-1299
-1214
-1026
-766
-702
-575
-429
-291
-297
-366
-342
-242
-323
-307
-125
2
16
-100
-253
-316
-278
25
182
319
508
547
495
560
760
992
1175
1407
1606
1943
2232
2270
2547
2764
3181
3445
3707
3992
4133
4078
4208
4460
5014
5109
4927
5196
5179
4312
2654
1811
2200
2654
2240
1635
1233
622
-857
-2036
-1820
-1371
-1847
-2981
-3087
-2787
-2847
-3465
-3760
-3768
-3767
-3816
-3366
-2526
-1992
-2000
-2154
-2072
-1846
-1207
-525
208
536
671
624
659
909
1181
1038
939
954
974
1113
918
663
319
-151
-591
-621
-571
-498
-636
-1096
-1472
-1827
-1922
-2007
-1845
-1783
-1960
-2087
-2221
-2177
-2062
-1801
-1651
-1620
-1561
-1338
-1039
-982
-1117
-1323
-1454
-1602
-1381
-1142
-1227
-1262
-1536
-1733
-1410
-1473
-1317
-1270
-962
-771
-486
-799
-915
-427
-177
-117
114
340
330
540
729
660
703
921
1151
1443
1801
2112
2358
2500
2341
2512
2829
3073
3037
3440
3455
3787
3937
4196
4195
4181
4248
4092
3569
2326
1297
1693
2076
1902
1611
1206
721
-255
-1185
-1327
-876
-1372
-2088
-2262
-1932
-2167
-2185
-2555
-2593
-2723
-2891
-2559
-1885
-1413
-1211
-993
-915
-907
-896
-572
-372
-4
447
716
842
1150
1334
1289
914
783
996
964
987
945
735
461
196
127
143
50
-67
-75
-244
-466
-552
-438
-606
-792
-845
-857
-719
-712
-842
-750
-697
-620
-773
-746
-626
-606
-673
-734
-609
-586
-769
-869
-1035
-1002
-1038
-997
-851
-1157
-868
-630
-650
-637
-647
-577
-408
-486
-197
119
95
458
610
801
782
854
1115
1045
1103
1248
1281
1516
1866
1860
1808
1872
1653
1675
1608
1642
1902
2050
2153
2227
2326
2312
2357
2492
2713
2938
3051
2652
1881
1205
966
1143
1209
962
837
476
-159
-807
-991
-977
-1474
-1912
-2109
-2114
-1860
-2090
-2038
-2096
-2306
-2535
-2523
-1978
-1690
-1483
-1158
-900
-881
-680
-481
-294
-379
-248
13
91
441
647
712
439
64
75
27
116
233
9
-12
-93
-81
41
-2
-74
-100
-428
-526
-488
-497
-336
-462
-566
-718
-740
-819
-864
-794
-824
-842
-1012
-1211
-869
-966
-1075
-1180
-1294
-922
-981
-1104
-1078
-1012
-702
-568
-666
-796
-771
-466
-207
11
-273
-179
303
422
374
174
284
598
823
654
618
991
1174
1132
1086
1166
1310
1192
1225
1416
1524
1732
1785
1429
1358
1542
1630
1595
1702
1737
1834
1882
2025
2023
2088
2204
2221
2368
2326
2224
1609
1017
1056
1081
962
484
162
69
-76
-524
-605
-476
-834
-1253
-1594
-1526
-1542
-1527
-1692
-1845
-1998
-2036
-1918
-1761
-1634
-1408
-1609
-1378
-1003
-918
-842
-536
-181
-217
-245
-139
-77
130
217
8
-108
-370
-478
-711
-909
-902
-913
-1113
-1060
-970
-820
-1053
-1090
-1312
-1382
-1383
-1219
-1296
-1277
-975
-1025
-956
-787
-903
-1100
-888
-476
-677
-1050
-667
-1009
-1051
-1015
-1017
-1232
-786
-938
-857
-843
-806
-595
-528
-818
-662
-151
-77
-33
-213
-237
215
613
567
449
357
549
448
680
765
849
626
675
951
939
844
1217
1356
1279
1589
1502
1686
1719
1767
1860
1827
1790
1973
2362
2486
2391
2528
2696
2497
2613
2688
2751
2370
1753
1295
1247
1468
1475
1402
1298
1293
920
522
465
484
198
-167
-245
-104
20
1
98
33
-81
-146
-157
115
233
428
512
447
445
608
585
462
388
208
292
467
633
580
475
463
221
-94
-143
-250
-467
-529
-338
-338
-398
-494
-574
-725
-892
-1084
-952
-768
-737
-601
-543
-396
-557
-739
-792
-848
-615
-641
-475
-85
-198
-568
-667
-600
-611
-1001
-1039
-741
-439
-417
-537
-593
-518
-76
-114
-376
-361
-209
-321
49
396
356
326
518
619
251
77
334
352
567
801
739
721
427
598
779
659
705
800
985
1036
925
627
996
1419
1245
1213
1300
1538
1545
1435
1623
1856
2094
2136
2169
2363
2324
2228
1856
1420
1232
1306
1293
1220
982
718
536
569
280
44
-301
-509
-526
-618
-509
-341
-399
-594
-555
-610
-713
-699
-546
-554
-536
-625
-436
-388
-362
-325
-368
-587
-784
-643
-451
-344
-347
-595
-637
-574
-596
-643
-677
-690
-667
-652
-523
-372
-567
-724
-882
-980
-835
-709
-725
-648
-482
-271
-416
-581
-526
-437
-480
-545
-517
-274
-357
-549
-470
-429
-454
-866
-906
-502
-195
17
-103
-258
-487
-563
-51
-139
-417
-598
-72
65
-21
-180
-310
-52
84
-6
494
329
44
101
598
868
529
572
681
765
1323
1439
1051
1082
963
1137
1270
1230
1083
1190
1224
1553
1806
1860
1858
2084
2348
2264
2346
2613
2745
2962
3060
3072
2495
1953
1268
1279
1210
1027
1036
732
666
407
232
-107
-519
-1048
-1270
-1104
-845
-785
-444
-604
-878
-950
-926
-1020
-761
-767
-839
-702
-515
-355
-381
-385
-559
-496
-606
-920
-831
-664
-535
-427
-455
-518
-613
-621
-655
-844
-833
-837
-539
-125
-287
-378
-656
-789
-749
-657
-437
-518
-479
-406
-40
23
50
5
-263
-261
-298
-205
-242
-201
-81
208
226
-38
-16
-84
-174
-303
-160
-96
-68
68
63
98
66
69
164
237
438
584
481
495
496
702
753
761
1044
1129
1180
1377
1428
1397
1495
1387
1612
1737
1780
1915
1711
1758
2198
2522
2519
2402
2213
2510
2682
2766
2848
3059
3203
3423
3632
3654
3706
3573
3116
2482
1975
1724
1833
1927
1583
1060
558
120
-42
-322
-634
-1170
-1421
-1406
-1351
-1147
-1111
-1160
-1223
-1427
-1289
-989
-597
-452
-252
-110
-40
284
486
665
446
385
271
323
349
226
236
180
-5
-300
-431
-472
-640
-778
-869
-931
-790
-892
-638
-584
-500
-640
-684
-508
-355
-270
-362
-163
-190
-44
-13
-106
-202
-334
-405
-457
-513
-533
-495
-787
-813
-1071
-1263
-1323
-1364
-1285
-1234
-949
-899
-917
-861
-800
-736
-805
-665
-396
-98
12
-46
97
437
464
502
546
628
640
680
728
895
1171
1307
1488
1339
1356
1526
1636
1746
1742
1913
2248
2376
2545
2547
2791
2979
2872
2908
3046
3303
3510
3773
4011
4306
4119
3326
2141
1185
980
858
811
715
404
16
-463
-973
-1546
-1901
-2618
-3010
-3078
-2934
-2485
-2104
-2091
-1812
-2127
-2115
-1633
-1200
-1007
-1113
-579
-327
90
554
754
552
536
334
304
185
379
384
-80
-379
-485
-608
-818
-1102
-1327
-1446
-1773
-1493
-1803
-1703
-1635
-1312
-1204
-1092
-1370
-1371
-1045
-826
-701
-507
-336
-319
19
179
225
48
-132
-294
-211
-406
-487
-710
-851
-1192
-1219
-1261
-1316
-1593
-1529
-1685
-1547
-1341
-1179
-1074
-972
-617
-511
-118
128
186
384
748
928
1304
1279
1288
1300
1413
1423
1576
1541
1510
1586
1657
1711
2001
2069
2196
2377
2470
2551
2490
2625
2760
2899
3230
3528
3579
3933
4193
4351
4412
4514
4705
4796
4785
4320
2995
1842
1223
1094
1131
838
522
-95
-577
-1067
-1389
-1554
-1982
-2608
-2802
-2589
-2200
-1835
-1623
-1534
-1451
-1243
-906
-452
-104
121
413
765
1092
1303
1495
1743
1635
1312
1080
1058
1091
760
460
70
-295
-594
-737
-683
-902
-1295
-1497
-1606
-1555
-1345
-1364
-1206
-1134
-1091
-1123
-727
-575
-476
-363
-234
60
-95
168
60
230
258
53
-92
-412
-564
-643
-874
-1180
-1369
-1516
-1646
-1747
-1899
-2170
-2252
-2258
-2143
-1908
-1741
-1458
-1043
-758
-538
-286
121
424
580
794
1119
1217
1408
1641
1803
1926
1893
1916
1922
1934
1874
1997
2075
2022
2157
2112
2142
2278
2331
2447
2515
2672
2880
3103
3313
3655
3962
4190
4249
4393
4448
4565
4804
4503
3229
1740
719
528
802
378
-412
-914
-1559
-1939
-2235
-2479
-2824
-3283
-3703
-3596
-3037
-2570
-2162
-1760
-1439
-1159
-635
-222
157
365
511
647
1003
1426
1633
1540
1431
1160
886
746
489
197
-248
-673
-1120
-1224
-1403
-1451
-1398
-1540
-1787
-1898
-1702
-1456
-1267
-1177
-918
-673
-311
11
186
418
476
550
590
669
751
601
483
390
109
-25
-454
-770
-1207
-1463
-1621
-1644
-1863
-2250
-2410
-2441
-2505
-2704
-2522
-2502
-2371
-2125
-1792
-1549
-1017
-783
-514
-59
60
60
291
274
578
668
622
545
669
541
601
720
809
641
528
836
972
1130
865
1084
1320
1503
1465
1626
1494
1807
2240
2423
2523
2856
3008
3333
3802
4093
4044
4176
4279
4333
3892
2640
1247
16
-391
-587
-936
-1611
-2177
-2585
-2762
-3078
-3235
-3475
-3847
-4296
-4008
-3701
-2896
-2236
-1606
-1034
-544
124
667
1053
1079
1167
1519
1806
1933
2168
2169
2029
1747
1425
825
365
-125
-531
-1110
-1562
-1868
-2039
-1897
-1819
-1703
-1743
-1691
-1450
-1157
-761
-369
-128
183
647
1058
1323
1703
1843
2039
2065
1861
1788
1483
1156
960
725
423
138
-179
-478
-922
-1257
-1429
-1387
-1384
-1600
-1528
-1482
-1277
-1211
-1027
-813
-675
-455
-120
118
382
757
975
1102
1211
1456
1531
1429
1445
1281
1275
1285
1202
1219
1086
1029
980
1018
1099
1085
969
992
1089
1203
1411
1573
1836
2052
2133
2291
2554
2589
2839
2963
3281
3447
3683
4182
4393
4548
4597
4563
4403
3677
2168
513
-473
-898
-1396
-2201
-2847
-3196
-3341
-3315
-3402
-3472
-3529
-3784
-3872
-3678
-3034
-2267
-1522
-757
-129
523
1100
1752
1915
2158
2048
1867
1802
1612
1578
1335
1150
969
393
-62
-516
-1169
-1704
-2414
-2788
-2924
-2844
-2720
-2613
-2340
-1874
-1519
-1045
-502
-274
176
563
956
1331
1775
2028
2090
2296
2114
1926
1638
1243
907
385
-29
-581
-1014
-1396
-1751
-1955
-2253
-2394
-2711
-2773
-2651
-2540
-2335
-2160
-1847
-1561
-1323
-921
-562
-296
-31
88
268
482
567
779
886
941
857
780
563
461
417
296
311
93
-93
-144
-90
25
79
-54
65
326
450
565
653
879
1184
1357
1543
1967
2344
2484
2687
2769
3122
3421
3540
3723
3829
4191
4306
4447
4463
4475
4113
3018
1516
-21
-1135
-1705
-2393
-3001
-3280
-3520
-3548
-3498
-3301
-3182
-3237
-3318
-3353
-3306
-2796
-1932
-1269
-716
132
565
1205
1736
2125
1961
1742
1231
1200
1137
432
252
160
-96
-195
-708
-1285
-1762
-2473
-2928
-3265
-3373
-3313
-3095
-2866
-2289
-1719
-948
-554
-110
302
868
1159
1436
1630
1776
1855
2065
2073
1988
1524
1186
831
525
-154
-683
-1245
-1920
-2126
-2385
-2515
-2792
-2666
-2843
-2513
-2473
-2321
-2003
-1706
-1382
-1020
-746
-413
-38
114
334
460
719
612
414
352
141
7
-175
-489
-659
-941
-1060
-1112
-1329
-1152
-1127
-991
-898
-736
-588
-294
89
227
371
627
1025
1507
1811
2159
2397
2547
2750
2806
2921
3118
3170
3263
3369
3479
3492
3604
3784
3858
3998
4032
4061
4025
3927
3367
2186
968
4
-1004
-1672
-2062
-2474
-2757
-2875
-2668
-2275
-2015
-1853
-1810
-1841
-1793
-1527
-1092
-404
81
701
1287
1914
2435
2723
2955
2897
2582
2319
1871
1489
1224
750
305
44
-120
-404
-726
-1034
-1431
-1741
-1993
-1908
-1861
-1591
-1198
-711
-214
250
887
1420
1851
2012
2220
2284
2254
2012
1918
1766
1494
1243
824
332
-20
-383
-1059
-1432
-1889
-2364
-2580
-2866
-3087
-3034
-3133
-2963
-2668
-2509
-2176
-1694
-1421
-1271
-1011
-734
-504
-293
-119
-25
106
124
164
66
-138
-339
-501
-778
-1028
-1171
-1340
-1392
-1404
-1480
-1475
-1303
-1136
-948
-723
-515
-333
-285
45
296
456
701
848
1173
1232
1096
1209
1371
1465
1519
1543
1545
1386
1351
1440
1530
1683
1720
1897
2125
2189
2550
2879
3045
3101
2942
2150
1233
200
-548
-1190
-1969
-2399
-2838
-2892
-2981
-2786
-2452
-2197
-2166
-2046
-1974
-1819
-1563
-1066
-459
-104
448
1059
1709
2184
2503
2689
2798
2527
2240
1861
1450
915
423
109
-233
-363
-512
-680
-892
-1171
-1355
-1651
-1705
-1835
-1838
-1715
-1496
-987
-930
-351
145
539
852
1015
1109
1166
1029
649
548
52
-8
-208
-308
-568
-764
-1353
-1460
-1801
-2369
-2576
-2782
-2993
-3153
-2851
-2507
-1807
-1688
-1542
-722
-167
54
203
19
208
370
368
224
219
201
146
185
245
-24
-287
-630
-914
-1137
-1487
-1751
-1941
-1906
-1804
-1580
-1466
-1311
-940
-688
-661
-364
-258
-183
-308
-4
49
243
376
506
615
849
946
1048
1094
828
829
896
899
929
1201
1307
1600
1835
2161
2374
2745
2742
2959
3130
3430
3614
3751
3857
3466
2914
2174
1618
1083
394
-512
-1154
-1592
-1833
-1882
-1804
-1540
-1498
-1493
-1456
-1317
-1080
-623
-217
60
201
447
1032
1661
1951
2106
2312
2407
2260
1983
1685
1163
645
73
-333
-705
-1106
-1176
-1244
-1473
-1837
-2005
-2038
-2076
-2091
-2204
-2035
-1721
-1287
-734
-91
400
819
1243
1394
1614
1711
1735
1563
1250
889
808
616
390
180
-275
-366
-700
-1088
-1320
-1480
-1653
-1827
-1955
-1847
-1723
-1622
-1422
-1091
-688
-420
-177
-67
49
118
78
187
103
85
166
46
6
-132
-235
-468
-842
-1042
-1161
-1384
-1542
-1736
-1733
-1751
-1455
-1202
-930
-606
-343
-76
92
382
539
698
705
1042
1099
1232
1406
1496
1550
1569
1507
1474
1451
1409
1376
1186
1193
1256
1246
1367
1603
1809
2017
2089
2309
2366
2445
2551
2500
2692
2922
3283
3472
3486
3140
2322
1481
1001
425
-614
-1636
-2122
-2518
-2867
-2594
-2403
-1948
-1682
-1598
-1234
-1103
-1111
-830
-528
-433
-406
6
495
834
1120
1617
1918
1819
1603
1474
1090
449
-185
-786
-1115
-1531
-1605
-1569
-1676
-1829
-1731
-1606
-1490
-1484
-1358
-1425
-1370
-1063
-968
-512
-87
412
676
946
1238
1296
1348
1332
1115
820
413
-53
-309
-559
-848
-1005
-1108
-1281
-1353
-1374
-1550
-1697
-1802
-1928
-2020
-1883
-1914
-1602
-1582
-1434
-1010
-771
-561
-416
-123
-97
62
-132
-56
-46
-6
-288
-323
-197
-284
-308
-363
-255
-486
-527
-752
-943
-1056
-1122
-1101
-772
-443
-52
-262
21
193
424
472
279
205
-55
22
5
-227
-276
-310
-319
-8
48
33
-216
-163
-341
-115
-28
-7
-153
42
268
501
755
856
900
1191
1326
1545
1688
1765
1867
1989
2021
1883
1911
1529
1336
995
808
326
-43
-170
-470
-630
-505
-759
-943
-928
-1053
-1042
-972
-1088
-948
-847
-862
-608
-305
-112
78
153
306
554
841
744
628
598
517
336
108
78
121
170
-30
-54
-74
-190
-159
-239
-238
-189
-184
-74
-24
92
295
454
744
907
1118
1287
1372
1345
1236
1141
1094
973
772
698
532
412
230
170
49
-201
-303
-409
-462
-513
-446
-405
-303
-257
-179
-208
-87
17
23
109
116
264
300
388
406
429
401
375
348
196
168
108
-17
-24
-88
-142
-192
-90
-232
-441
-544
-416
-409
-416
-301
-270
-24
183
232
252
140
232
316
423
482
559
912
936
1030
993
1104
1165
1141
1214
1308
1430
1624
1860
2253
2649
2822
2585
2119
1534
962
542
-399
-1181
-1843
-2261
-2569
-2608
-2421
-2065
-1799
-1604
-1363
-1094
-699
-601
-548
-582
-599
-474
-238
127
353
673
982
1192
1394
1363
1483
1196
615
80
-447
-620
-807
-1072
-1297
-1233
-1034
-853
-515
-291
-76
-148
-3
147
175
420
627
876
1083
1347
1533
1976
2104
1971
1817
1523
1101
627
344
-54
-514
-904
-1218
-1466
-1578
-1470
-1277
-1201
-1110
-1021
-1049
-1100
-879
-752
-660
-434
-272
-124
76
225
459
683
679
553
623
573
403
161
-106
-281
-465
-487
-587
-634
-691
-730
-606
-569
-634
-510
-455
-426
-386
-357
-360
-177
-143
12
161
211
214
24
-93
-381
-315
-419
-536
-433
-277
-355
-333
-290
-258
-215
-136
-16
-91
-193
-187
-158
-148
-161
-435
-452
-353
-362
-338
-184
-159
113
-201
-73
-24
-194
-394
-366
-246
-380
-391
-499
-538
-318
-294
-315
-217
-534
-422
-480
-418
-395
-311
-403
-231
-218
125
164
135
97
-94
-2
3
-228
-294
-609
-692
-433
-584
-624
-842
-780
-965
-914
-981
-1049
-1197
-1132
-1239
-1157
-1264
-1321
-1256
-1212
-919
-761
-720
-744
-626
-653
-475
-305
-246
-304
-356
-357
-288
-204
-208
-289
-364
-311
-128
-159
-161
-112
-100
-112
-59
6
-57
-84
-161
-8
197
244
239
372
416
326
315
446
561
467
469
545
594
554
563
493
504
508
664
655
590
717
782
882
905
1048
1236
1153
1273
1488
1711
1874
2007
2339
2600
2763
2880
3082
3281
3420
3529
3523
3100
2371
1647
896
22
-669
-1340
-2078
-2462
-2711
-2532
-2044
-1586
-1329
-665
-287
-56
457
608
674
756
790
879
1154
1452
1824
1911
2011
1920
1879
1795
1562
1135
366
-451
-924
-1364
-1790
-2207
-2216
-2206
-2178
-1859
-1673
-1200
-950
-619
-372
-137
98
461
700
761
1013
1099
1196
1430
1494
1572
1445
1177
833
364
-65
-508
-873
-1223
-1479
-1689
-1701
-1671
-1553
-1480
-1280
-1082
-882
-721
-395
-231
-4
125
153
229
334
526
521
468
566
476
364
246
153
22
-285
-697
-916
-1181
-1444
-1540
-1596
-1647
-1585
-1595
-1402
-1352
-1184
-788
-692
-504
-397
-283
-265
-276
-239
-111
-139
-183
-1
-8
-124
-158
-109
-173
-157
-112
-201
-255
-358
-232
-184
-124
-107
7
159
231
331
466
591
603
523
601
596
551
468
452
384
358
353
381
453
363
171
74
-17
-137
-258
-335
-275
-146
-258
-303
-157
-49
190
283
539
466
283
258
312
405
384
547
422
432
469
491
257
303
361
340
92
59
-100
-175
-363
-464
-616
-766
-755
-773
-706
-681
-524
-131
-70
-374
46
-175
-210
-143
-207
-443
-684
-926
-983
-943
-1086
-1202
-1149
-1270
-1228
-1063
-971
-1042
-1109
-1211
-1156
-1015
-1098
-1263
-1067
-800
-816
-652
-660
-638
-696
-562
-804
-756
-925
-1000
-1157
-992
-1099
-937
-920
-982
-842
-628
-567
-517
-384
-509
-354
-170
-139
-37
129
49
222
355
513
522
474
461
499
477
429
385
194
142
232
155
128
163
212
158
147
205
237
262
385
327
387
535
632
816
1159
1358
1529
1798
2030
2117
2288
2463
2408
2497
2587
2747
2658
2217
1626
1144
899
265
-676
-1233
-1375
-1667
-1988
-1844
-1583
-1253
-948
-717
-193
112
476
732
943
966
1091
1266
1352
1457
1546
1635
1777
1822
1734
1478
1125
817
443
-73
-568
-955
-1275
-1522
-1705
-1853
-1554
-1338
-1130
-681
-452
-232
-25
189
336
582
786
1032
1103
1251
1246
1338
1462
1563
1366
1147
921
667
433
57
-353
-890
-946
-1026
-1139
-1195
-1299
-1042
-787
-614
-436
-187
-3
239
455
664
723
843
1006
1101
1146
1157
1268
1360
1263
1213
1027
898
757
447
259
-29
-144
-393
-507
-585
-663
-647
-489
-387
-376
-260
-124
139
275
384
534
368
371
482
510
561
541
511
469
333
89
147
53
-103
-253
-600
-736
-874
-879
-916
-933
-874
-874
-726
-496
-408
-325
-288
-73
-46
-165
-112
113
76
-137
-74
-140
-101
-190
-156
-158
-290
-505
-625
-638
-950
-1059
-1122
-1226
-1269
-1297
-1255
-1245
-1089
-928
-1079
-862
-636
-570
-578
-542
-522
-399
-370
-296
-247
-177
-54
-6
17
-54
-87
-44
-56
-336
-224
-383
-544
-648
-508
-411
-461
-451
-593
-699
-362
-348
-252
-126
-23
171
90
182
196
161
-21
48
72
23
-317
-344
-378
-358
-429
-711
-662
-678
-768
-503
-677
-331
-390
-515
-352
-100
153
-82
14
227
325
333
438
144
90
189
414
248
420
206
339
373
269
62
56
134
-9
-20
170
13
38
110
-142
-31
114
-91
-36
47
-124
7
-188
-293
-566
-457
-630
-492
-586
-550
-723
-573
-497
-479
-605
-620
-538
-315
-230
-305
-294
-324
-74
66
-32
3
102
-105
-148
-41
163
-142
-131
-162
-198
70
60
-92
-149
-245
-167
-184
-214
-154
-116
-89
-160
-131
30
126
215
220
138
51
69
222
143
273
325
301
382
356
322
377
413
457
323
334
452
555
496
507
620
556
635
565
594
601
683
687
711
671
649
604
356
400
477
462
444
238
349
367
141
143
31
121
110
-19
107
271
86
134
143
128
76
100
196
170
128
161
196
148
141
67
-46
-16
3
-77
-9
28
1
-34
-146
11
155
209
39
-161
-82
77
-27
-37
-131
-127
-64
-141
-97
-202
-231
-358
-386
-380
-469
-594
-659
-753
-700
-555
-529
-505
-590
-517
-442
-482
-394
-387
-173
-328
-239
-169
-99
60
11
220
361
332
251
274
159
253
345
219
142
87
175
103
60
-31
-174
-179
-178
-215
-266
-261
-261
-199
66
-136
-3
83
57
167
267
233
291
505
438
492
581
594
495
404
437
536
459
446
412
440
389
388
362
288
409
375
343
400
405
372
424
510
613
670
596
682
730
795
646
639
661
637
664
543
417
474
279
163
12
-276
-338
-607
-794
-1012
-963
-1071
-1048
-1041
-1005
-787
-765
-682
-627
-409
-212
-215
-113
-91
-397
-325
-270
-119
-121
-76
-173
-157
-164
-310
-244
-436
-674
-815
-898
-954
-1215
-1412
-1450
-1627
-1439
-1351
-1167
-1015
-907
-790
-552
-143
-385
-310
120
101
437
198
153
114
232
225
184
36
-284
-419
-424
-632
-612
-768
-1036
-1051
-1055
-1028
-1102
-1041
-931
-737
-561
-531
-463
-275
-263
5
80
79
-125
233
38
213
316
225
56
91
-10
32
126
-56
-205
-69
-59
-20
67
-15
-97
-4
129
63
111
217
248
131
71
-43
170
102
32
165
152
-2
20
-11
17
20
71
87
130
158
192
226
214
198
232
319
294
360
384
394
409
405
284
300
305
236
202
109
53
64
36
-58
-217
-330
-265
-282
-449
-465
-345
-456
-569
-406
-411
-381
-286
-181
-38
68
259
247
223
232
286
221
242
208
147
113
25
11
55
170
140
246
231
304
385
291
375
496
568
429
347
409
416
493
364
303
254
191
140
64
38
-50
-132
-190
-340
-437
-324
-187
-176
-257
-199
-67
92
65
49
73
45
201
275
183
235
241
429
454
566
602
605
575
456
434
343
319
462
233
92
124
113
171
227
199
189
292
239
176
133
-43
37
23
33
94
14
5
-103
-153
-252
-57
-145
-123
-156
-279
-338
-388
-257
-373
-362
-398
-446
-463
-474
-305
-308
-166
-240
-357
-408
-311
-223
-173
-292
-288
-273
-448
-309
-248
-261
-334
-325
-259
-400
-391
-368
-458
-424
-411
-380
-415
-539
-320
-311
-313
-268
-247
-191
-233
-226
-131
-150
-72
-129
-173
-81
-6
173
247
306
425
453
602
626
525
512
557
652
528
542
454
399
238
278
290
305
250
173
191
228
39
170
168
158
318
175
398
292
61
-44
159
-89
86
254
242
114
149
268
220
352
68
-137
-219
-403
-553
-826
-840
-1173
-1212
-1262
-1325
-1073
-1159
-1151
-1046
-618
-584
-628
-517
-171
-215
129
167
66
39
191
223
185
180
48
-198
-94
-202
-312
-323
-577
-660
-609
-683
-806
-934
-1034
-867
-592
-401
-406
-297
-289
-233
19
90
57
222
-64
116
241
337
173
400
258
416
302
195
72
1
22
-77
-46
-251
-294
-365
-268
-391
-218
-168
-194
-194
-202
-136
-33
-53
17
-28
176
273
288
419
408
623
737
739
833
878
829
696
671
704
650
408
392
474
592
505
392
348
258
242
399
328
334
300
371
434
458
311
385
709
667
483
557
604
747
643
585
654
450
430
279
269
278
262
319
283
324
248
255
154
107
98
-6
0
10
23
19
91
78
50
5
138
160
195
218
206
236
159
225
220
262
88
18
-73
-55
-53
-81
-33
-6
-15
-196
-40
-92
-99
80
152
38
91
231
299
313
194
169
341
322
385
406
270
216
172
98
59
-33
18
19
-1
-70
-239
-102
-109
-172
-64
73
-67
-139
-128
-72
38
-77
-25
80
189
131
161
124
-14
86
130
27
14
29
224
207
170
210
189
213
157
102
132
156
228
86
56
235
137
143
37
212
26
-118
27
-20
-160
-159
-208
-166
-146
-238
-219
-176
-112
-114
-2
24
-125
-191
8
37
-59
-109
7
-112
-184
-297
-274
-289
-347
-328
-422
-518
-483
-434
-523
-424
-483
-510
-503
-475
-304
-209
-99
-139
-202
-58
-28
-82
-32
-26
-81
-6
-8
51
-56
-110
-78
-192
-161
-235
-118
-78
-137
-106
-117
-109
-156
-18
-7
-3
67
-215
-304
-178
-102
0
-44
40
60
33
51
87
-88
-225
-158
-193
-164
-277
-402
-469
-362
-605
-372
-391
-393
-568
-405
-517
-349
-271
-412
-374
-4
-73
-184
-258
-322
-88
-195
-232
-415
-328
-364
-325
-369
-344
-509
-348
-412
-279
-187
-249
-159
-184
-180
82
92
150
87
265
229
208
185
35
-151
-91
-62
-200
-3
-168
-265
-197
-136
-299
-106
-415
-298
-131
31
-48
-26
-80
6
-24
-135
-62
-224
-101
-229
-140
-246
-206
-290
-320
-308
-331
-233
-276
-477
-283
-192
-198
-19
-153
31
-38
17
190
230
265
183
302
186
321
436
440
399
230
327
199
106
56
169
175
203
241
209
302
286
324
496
466
441
563
745
637
566
705
662
528
522
568
532
