-219
-194
-159
-132
-165
-200
-273
5
99
81
66
222
270
191
332
507
509
578
688
634
745
749
855
863
875
920
971
1014
1102
1194
1161
1210
1304
1358
1491
1390
1646
1797
1774
1747
1480
1666
1780
1683
1641
1613
1454
1359
1216
1195
1119
969
850
714
483
279
128
32
-13
-292
-410
-444
-758
-920
-1011
-1135
-1143
-1282
-1305
-1421
-1516
-1525
-1485
-1577
-1604
-1678
-1697
-1608
-1617
-1660
-1655
-1567
-1566
-1471
-1414
-1245
-1299
-1243
-1203
-1046
-1001
-845
-850
-836
-678
-734
-641
-729
-669
-590
-597
-517
-519
-448
-351
-339
-404
-393
-265
-128
-66
-9
22
109
243
273
328
443
509
644
731
822
997
1123
1249
1119
1091
1161
1308
1573
1656
1787
1732
1893
1962
1934
1902
1735
1730
1826
1769
1669
1437
1223
1175
1092
1079
1174
1146
721
150
-228
-368
-449
-647
-702
-1010
-1240
-1120
-1425
-1493
-1322
-1503
-1619
-1495
-1250
-1434
-1353
-1161
-1383
-992
-883
-880
-488
-507
-498
-133
-90
-24
218
233
134
201
223
313
317
116
8
-350
-190
19
-285
-508
-598
-635
-906
-977
-1094
-1196
-1394
-1517
-1412
-1750
-1928
-2118
-2139
-2176
-2278
-2413
-2407
-2327
-2378
-2142
-2094
-2178
-2004
-2006
-1999
-1814
-1375
-1294
-1449
-1129
-858
-778
-644
-463
-253
-127
0
223
308
522
646
730
861
1049
1280
1478
1542
1712
1899
1941
2108
2427
2634
2563
2714
2851
2875
2727
2690
2739
2762
2436
2293
1901
1349
1124
1144
1251
744
189
-258
-368
-559
-909
-1011
-1220
-1510
-1810
-1844
-1712
-1770
-1888
-1927
-1766
-1659
-1721
-1691
-1477
-1454
-1283
-1135
-1078
-933
-864
-702
-538
-445
-251
-110
-124
-44
117
88
144
304
345
404
298
266
301
146
-11
-49
-69
-213
-377
-467
-826
-1009
-1202
-1406
-1542
-1646
-1750
-1937
-2094
-2151
-2294
-2364
-2273
-2261
-2215
-2171
-2028
-1921
-1954
-1829
-1624
-1527
-1310
-1090
-1024
-906
-732
-561
-372
-229
-36
33
241
466
520
732
890
1157
1289
1393
1546
1655
1676
1773
1979
2182
2242
2277
2527
2619
2779
2889
2870
2999
3171
3278
3290
3217
2991
2665
2769
2967
2627
2057
1661
1503
1458
1289
946
502
360
79
-212
-456
-502
-613
-1077
-1333
-1421
-1368
-1453
-1669
-1715
-1793
-1767
-1795
-1819
-1697
-1657
-1654
-1656
-1431
-1302
-1229
-1147
-976
-861
-645
-522
-494
-224
-183
-189
-134
103
24
-54
-83
-162
-40
-184
-369
-452
-514
-645
-794
-912
-1067
-1531
-1553
-1411
-1448
-1632
-1787
-1857
-2052
-2065
-2000
-1860
-1901
-1961
-1933
-1730
-1624
-1745
-1558
-1307
-1435
-1396
-1147
-918
-935
-908
-609
-280
-338
-354
209
322
166
589
997
671
1104
1304
1121
1620
1539
1506
1882
2130
2153
2268
2522
2571
2833
3012
3038
3088
3196
3504
3787
3735
3570
3589
3664
3363
3227
3521
3369
2638
2237
2184
2176
1925
1355
893
493
225
59
-112
-304
-612
-1041
-1233
-1353
-1320
-1421
-1750
-1806
-1829
-1751
-1684
-1710
-1488
-1382
-1383
-1377
-992
-748
-820
-842
-412
-399
-324
-11
-134
-7
211
259
183
395
576
460
417
499
362
267
-163
43
-122
-260
-395
-592
-705
-1023
-1219
-1092
-1190
-1488
-1681
-1840
-1961
-1984
-1874
-1939
-2013
-2128
-2065
-1985
-1798
-1711
-1607
-1558
-1352
-1187
-1052
-778
-746
-545
-452
-273
-21
71
214
268
365
551
760
913
1075
1193
1258
1415
1627
1583
1635
1673
1878
2158
2186
2327
2421
2449
2646
2778
2943
2935
2813
3055
3273
3311
3049
2776
2791
2894
2666
2377
1997
1627
1526
1278
944
643
332
181
-97
-470
-693
-792
-884
-1300
-1397
-1244
-1264
-1397
-1474
-1400
-1464
-1471
-1420
-1323
-1301
-1425
-1356
-1026
-814
-714
-585
-505
-281
-137
-159
56
74
235
225
287
457
553
556
576
551
540
598
274
55
67
63
-158
-304
-381
-582
-868
-960
-793
-731
-895
-1214
-1333
-1306
-1129
-1006
-975
-1113
-1054
-1019
-889
-736
-695
-584
-494
-403
-404
-169
-24
-26
208
295
231
499
661
657
845
892
926
1156
1388
1535
1638
1780
1796
2016
1967
2012
2180
2287
2430
2544
2664
2657
2672
2980
3273
3201
3159
3396
3428
3231
3071
2949
2989
2925
2661
2277
2026
1837
1853
1667
1101
769
520
246
-132
-376
-421
-708
-1199
-1535
-1512
-1497
-1615
-1815
-1928
-1824
-1824
-1822
-1778
-1630
-1484
-1434
-1255
-938
-817
-646
-615
-559
-334
-214
-13
124
195
248
246
220
312
565
557
549
429
375
287
-49
113
152
-9
-472
-720
-549
-589
-892
-1294
-1195
-999
-1002
-1230
-1383
-1669
-1847
-1692
-1559
-1611
-1511
-1555
-1635
-1602
-1378
-1155
-1051
-1073
-976
-635
-457
-481
-486
-198
12
111
199
310
623
726
592
778
892
885
994
1199
1424
1452
1581
1573
1665
1843
1997
2166
2276
2247
2387
2768
2703
2899
3005
3262
3341
3212
2957
2856
2909
2934
2589
2138
2049
1604
1466
1172
900
646
113
-211
-488
-665
-1008
-1312
-1427
-1656
-1775
-1872
-2062
-1870
-2088
-2107
-2069
-1938
-1775
-1811
-1711
-1708
-1518
-1353
-1137
-1025
-846
-659
-463
-306
-182
-38
187
358
282
447
617
722
691
662
604
621
629
395
347
319
130
-44
-263
-307
-482
-899
-1171
-1057
-1201
-1366
-1396
-1559
-1661
-1788
-1707
-1684
-1594
-1664
-1611
-1492
-1455
-1250
-1110
-986
-988
-929
-691
-570
-439
-368
-248
-117
-29
55
252
248
326
495
515
573
669
887
1086
1240
1488
1602
1640
1786
1809
1997
2255
2469
2506
2574
2640
3032
3105
3201
3335
3236
3279
3234
3005
2952
3023
2722
2467
2134
1772
1548
1335
1130
730
197
-35
-314
-620
-858
-1158
-1353
-1547
-1902
-1969
-1943
-2004
-2038
-2049
-1955
-2011
-1982
-1763
-1592
-1418
-1329
-1063
-903
-659
-469
-252
-135
-31
265
408
640
785
950
851
849
956
789
575
506
594
476
274
57
-113
-454
-694
-694
-696
-681
-1247
-1523
-1212
-1316
-1429
-1506
-1571
-1718
-1879
-1828
-1776
-1713
-1608
-1708
-1649
-1459
-1327
-1140
-1079
-989
-904
-707
-553
-338
-247
-245
-98
37
263
265
337
450
539
542
647
867
1023
1223
1344
1246
1258
1348
1363
1515
1674
1944
1959
2153
2388
2542
2718
2893
3082
3210
3452
3430
3477
3288
3193
3319
3070
2619
2315
2046
1751
1624
1460
959
475
49
-448
-766
-889
-935
-1116
-1572
-1882
-1800
-1925
-2078
-1926
-1745
-1826
-1942
-1816
-1488
-1346
-1350
-902
-707
-781
-224
-48
-107
333
513
390
467
851
910
870
907
991
1105
1075
901
808
819
940
680
403
202
-131
-134
-167
-338
-598
-941
-1414
-1765
-1739
-1463
-1290
-1679
-2139
-2195
-2022
-1805
-1626
-1539
-1502
-1395
-1271
-1121
-1090
-873
-898
-848
-574
-444
-177
-131
-96
5
56
41
264
371
181
195
450
624
647
694
789
888
1009
1297
1436
1478
1615
1756
2181
2155
2100
2453
2522
2711
2858
3142
3216
3200
3396
3452
3383
3224
3206
3072
2728
2271
1964
1745
1431
1286
893
440
-95
-482
-790
-941
-1071
-1175
-1476
-2016
-2246
-2251
-2118
-2207
-2340
-2157
-1990
-2022
-1953
-1696
-1458
-1328
-1163
-1009
-764
-559
-375
-159
102
307
421
621
811
897
793
729
762
769
672
634
504
383
244
-102
-442
-631
-660
-803
-1251
-1531
-1680
-1912
-2055
-2001
-1982
-2104
-2141
-2320
-2181
-1966
-1916
-1886
-1777
-1642
-1636
-1467
-1355
-1270
-1223
-1117
-998
-699
-681
-812
-690
-574
-475
-521
-444
-376
-202
-51
-69
127
116
207
374
496
730
959
922
1015
1171
1242
1388
1723
1900
1977
2039
2169
2352
2540
2878
3189
3393
3561
3707
3615
3306
3281
3374
3366
2983
2560
2207
1770
1663
1367
1107
587
-201
-610
-892
-972
-1134
-1386
-1912
-2199
-2263
-2217
-2171
-2280
-2172
-2019
-1965
-2146
-1788
-1551
-1276
-1056
-886
-527
-416
-80
130
328
458
483
678
733
732
718
748
728
582
520
319
190
-28
-358
-454
-413
-558
-864
-1036
-1285
-1583
-1730
-1913
-1916
-1953
-2153
-2167
-2223
-2144
-2067
-2029
-1990
-1795
-1642
-1531
-1476
-1304
-1173
-1127
-1080
-881
-774
-655
-590
-577
-481
-436
-379
-286
-259
-350
-291
-313
-223
-180
-118
-45
-16
112
326
485
765
881
939
1108
1342
1744
2101
2260
2333
2545
2845
3068
3711
3967
3910
3746
4147
4607
4168
3869
4087
3805
3234
2825
2395
2052
1915
1749
1208
684
101
-512
-1021
-1369
-1217
-1335
-1768
-2180
-2355
-2166
-2061
-2159
-2287
-2060
-1804
-1637
-1426
-1105
-928
-761
-664
-353
110
313
573
713
757
906
980
1025
1137
1274
1231
888
904
829
799
588
239
25
-323
-543
-657
-916
-1199
-1402
-1814
-1942
-2019
-2278
-2323
-2228
-2257
-2148
-2285
-2246
-2015
-1796
-1748
-1758
-1518
-1323
-1157
-1170
-998
-922
-864
-665
-657
-426
-456
-421
-544
-563
-509
-483
-592
-572
-446
-290
-320
-255
-96
-31
154
267
493
727
1033
1037
1047
1196
1464
1712
1790
1992
2280
2457
2656
2897
3079
3171
3297
3419
3619
3699
3665
3312
3065
3021
2655
2155
1617
1239
1066
739
217
-139
-659
-1129
-1619
-1919
-1966
-2105
-2393
-2701
-2781
-2794
-2831
-2674
-2444
-2120
-1878
-1842
-1632
-1262
-896
-616
-445
-121
200
369
715
760
939
1073
1073
1113
1143
1098
864
813
727
565
226
-26
-257
-340
-734
-1251
-1365
-1248
-1415
-1779
-1844
-1865
-1837
-1938
-1922
-1914
-1903
-1715
-1675
-1501
-1323
-1125
-1032
-961
-859
-678
-571
-358
-318
-265
-226
-318
-242
-290
-70
-11
36
39
-33
-39
-60
2
56
66
120
253
315
380
447
684
966
1199
1394
1573
1712
1703
1906
2336
2288
2724
3032
3141
3395
3688
3971
4193
4276
4368
4690
4685
4278
3729
3518
3181
2723
2028
1668
1611
1096
543
-55
-492
-907
-1491
-1835
-1899
-1934
-2199
-2523
-2464
-2388
-2369
-2341
-2123
-1788
-1522
-1447
-1289
-986
-686
-514
-314
76
451
548
650
919
997
1095
949
878
954
1004
896
676
560
436
194
-278
-661
-886
-924
-1138
-1470
-1491
-1603
-1989
-2161
-2081
-2077
-2103
-2083
-2054
-1742
-1478
-1551
-1566
-1440
-1219
-991
-732
-686
-631
-496
-172
-172
-418
-271
-139
-230
-400
-505
-474
-275
-492
-830
-463
-830
-971
-537
-587
-465
-656
-614
-181
101
251
288
677
1137
1137
1204
1498
1776
2009
2271
2340
2578
2853
2902
3008
3175
3498
3621
3673
3675
4011
4008
3419
2846
2744
2582
2129
1571
1131
940
571
71
-454
-724
-1237
-1675
-1916
-2142
-2180
-2537
-2657
-2682
-2509
-2449
-2365
-2023
-1743
-1605
-1383
-1129
-679
-342
-245
-1
224
453
805
1116
986
1031
1132
915
987
944
641
577
191
25
-188
-567
-897
-1097
-1314
-1583
-1905
-2148
-2149
-2210
-2254
-2378
-2339
-2201
-1970
-2047
-1886
-1632
-1468
-1281
-1304
-1143
-1024
-1050
-978
-780
-670
-656
-717
-829
-791
-892
-948
-1055
-1175
-1150
-1127
-1125
-1260
-1302
-1310
-1384
-1203
-1050
-959
-965
-827
-671
-505
-293
-154
217
366
585
801
875
1180
1453
1642
1652
1802
2132
2394
2538
2579
2764
2853
3075
3218
3380
3540
3412
2895
2409
2204
1989
1486
873
651
471
59
-568
-915
-1409
-1805
-2420
-2680
-2556
-2659
-2745
-2737
-2699
-2690
-2503
-2477
-2206
-1775
-1591
-1303
-932
-538
-292
-274
-103
41
372
540
637
690
750
716
462
434
431
317
55
-21
-70
-191
-451
-634
-677
-724
-992
-1256
-1472
-1568
-1479
-1501
-1561
-1508
-1529
-1541
-1491
-1436
-1464
-1292
-1356
-1122
-865
-932
-789
-772
-797
-714
-963
-874
-789
-847
-781
-836
-679
-864
-1083
-1042
-1021
-1101
-945
-948
-979
-763
-832
-751
-729
-592
-359
-87
50
195
491
628
899
1042
1164
1306
1544
1767
1922
1975
2097
2227
2354
2457
2563
2608
2718
2697
2718
2763
2947
2978
2640
2201
1887
1610
1312
847
536
362
159
-74
-549
-936
-1273
-1616
-2021
-2247
-2329
-2229
-2256
-2370
-2369
-2419
-2332
-2342
-2228
-2112
-1748
-1441
-1166
-1075
-1011
-424
-487
-492
18
37
86
392
672
675
389
610
593
227
145
365
261
-275
-184
-295
-754
-670
-993
-1319
-1206
-1099
-1324
-1430
-1248
-1344
-1449
-1438
-1656
-1592
-1403
-1307
-1349
-1212
-1012
-1063
-1144
-1239
-947
-1006
-1108
-889
-808
-826
-1149
-1104
-950
-888
-866
-899
-953
-1082
-977
-962
-835
-828
-813
-674
-644
-273
-159
55
210
188
492
502
743
586
911
1017
1319
1384
1178
1594
1427
1611
1713
1752
1806
1905
2102
2181
2391
2407
2514
2633
2398
2325
2227
2114
1780
1856
1602
1252
1028
803
529
385
175
18
-112
-485
-604
-811
-1023
-1106
-1100
-1303
-1480
-1494
-1479
-1317
-1303
-1278
-1305
-1162
-934
-930
-722
-700
-674
-569
-528
-506
-495
-255
-244
-141
-204
-162
29
-90
-111
-148
-128
-37
-100
-192
-147
-63
-90
-92
-31
-74
-16
-108
-359
-368
-262
-381
-352
-367
-383
-338
-413
-421
-482
-534
-585
-623
-684
-846
-866
-845
-908
-1099
-1067
-1203
-1051
-961
-1039
-1172
-1142
-1063
-925
-943
-1020
-871
-683
-429
-500
-546
-336
-108
-11
-13
56
399
593
542
523
668
848
994
1128
1180
1318
1373
1463
1428
1328
1452
1542
1615
1437
1319
1545
1753
1810
1566
1473
1645
1621
1646
1664
1556
1610
1434
1238
976
874
716
610
343
147
275
-11
-36
-357
-573
-582
-893
-965
-1150
-1123
-949
-1115
-852
-791
-880
-825
-705
-759
-838
-551
-563
-364
-359
-216
-212
-163
-200
-286
-307
-379
-332
-338
-402
-438
-398
-406
-370
-450
-487
-451
-386
-470
-379
-282
-158
-40
-9
-12
-97
-123
-39
-369
-352
-171
-154
-170
-329
-516
-609
-450
-535
-620
-664
-708
-656
-675
-652
-631
-676
-716
-509
-610
-593
-361
-475
-244
-201
-367
-373
-161
18
109
320
339
353
411
469
405
596
722
665
711
809
1123
1241
1375
1091
1104
1365
1431
1583
1579
1433
1356
1531
1750
1548
1252
1293
1567
1649
1260
1027
768
757
982
859
722
305
-46
-207
-233
-167
-184
-226
-549
-836
-784
-726
-969
-1171
-991
-807
-972
-1057
-1085
-709
-587
-789
-695
-341
-302
-441
-427
-299
-150
-4
-61
-186
71
26
25
62
19
75
-4
-168
-139
-103
-325
-333
-334
-212
-187
-294
-294
-409
-389
-497
-521
-410
-628
-561
-333
-460
-573
-452
-624
-698
-617
-494
-520
-897
-1002
-648
-621
-1110
-1195
-1044
-711
-815
-1142
-1095
-786
-517
-670
-684
-476
-264
-137
-147
66
213
413
488
535
769
893
1127
1289
1367
1270
1339
1293
1497
1530
1338
1321
1519
1586
1538
1605
1651
1777
1767
1552
1740
1714
1556
1646
1633
1666
1592
1482
1309
1183
1031
814
636
377
242
132
-29
-83
-236
-244
-284
-506
-604
-602
-629
-743
-672
-644
-576
-528
-464
-367
-304
-181
-45
-61
112
70
82
116
121
191
45
5
-25
-120
-155
42
-12
-98
-230
-210
-336
-311
-357
-380
-391
-592
-521
-680
-633
-592
-641
-616
-763
-745
-861
-998
-968
-820
-877
-997
-892
-869
-1075
-1274
-1000
-977
-1169
-979
-967
-947
-850
-793
-816
-736
-599
-881
-727
-246
-115
-524
-298
-190
-14
329
133
-14
299
404
340
646
992
855
803
996
1119
1159
1281
1501
1306
1357
1248
1445
1722
1545
1561
1550
1243
1428
1568
1494
1557
1591
1700
1549
1415
1541
1529
1422
1116
1039
1089
1123
887
466
412
257
220
-41
-33
-48
-214
-361
-399
-531
-724
-555
-655
-780
-761
-621
-451
-426
-410
-302
-332
-181
-85
36
177
262
235
166
230
184
200
149
63
-41
-113
-13
-196
-288
-297
-471
-650
-824
-850
-939
-1036
-1094
-1154
-1043
-806
-906
-1124
-925
-739
-1047
-924
-973
-1097
-905
-1045
-1016
-801
-888
-1120
-1152
-838
-1137
-935
-1101
-877
-721
-807
-353
-671
-177
-206
-153
166
232
533
638
619
805
938
1084
1460
1268
1375
1492
1574
1842
1623
1835
1679
1974
1787
1816
1946
1774
1985
1840
1970
2306
2333
2280
2587
2622
2524
2405
2276
2022
1689
1503
1350
1107
581
119
-450
-578
-707
-1085
-1174
-1448
-1588
-1508
-1521
-1757
-1742
-1706
-1643
-1410
-1270
-750
-633
-374
-140
129
46
234
773
939
891
1072
1091
931
1091
796
892
677
512
402
265
165
-21
-193
-475
-683
-864
-997
-1114
-1206
-1442
-1719
-1956
-2367
-2239
-1953
-1880
-2036
-2188
-2131
-2093
-1946
-1990
-2067
-2111
-2067
-1856
-1783
-1638
-1666
-1709
-1702
-1805
-1704
-1597
-1510
-1494
-1414
-1366
-1246
-1033
-875
-863
-993
-717
-566
-299
7
83
369
609
851
884
1165
1299
1481
1609
1830
2095
2191
2310
2403
2601
2596
2614
2475
2621
2564
2568
2638
2757
2890
2780
2795
2589
2505
2130
1631
1001
438
89
-225
-655
-948
-945
-1200
-1564
-1826
-1883
-2057
-2341
-2531
-2238
-2124
-1959
-1488
-1167
-810
-490
-240
-32
291
434
730
1006
1251
1418
1411
1487
1421
1284
1110
834
627
478
236
52
-222
-296
-567
-911
-979
-1160
-1313
-1450
-1450
-1412
-1533
-1614
-1590
-1478
-1517
-1520
-1518
-1513
-1382
-1253
-1252
-1330
-1428
-1482
-1640
-1779
-1709
-1794
-1773
-1872
-2033
-2224
-2344
-2345
-2230
-2441
-2406
-2246
-2085
-1792
-1701
-1436
-1277
-1066
-747
-630
-356
-47
196
584
762
1140
1298
1419
1585
1816
2006
2032
2042
2161
2181
2148
2217
2188
2246
2184
2214
2228
2407
2557
2726
2899
2966
3199
3319
3304
3023
2419
1743
1208
749
147
-589
-881
-816
-956
-1431
-1692
-1802
-1932
-2314
-2537
-2324
-2042
-1782
-1529
-916
-398
37
394
520
880
1042
1174
1390
1512
1618
1514
1354
1212
1293
1066
558
104
-254
-433
-609
-973
-1282
-1149
-1071
-1410
-1473
-1184
-1326
-1486
-1422
-1190
-1040
-782
-493
-294
-240
-340
-227
-288
-289
-332
-629
-901
-1007
-1097
-1267
-1387
-1821
-1988
-1972
-2019
-2168
-2440
-2585
-2607
-2412
-2172
-1878
-1704
-1701
-1430
-1090
-736
-552
-339
15
256
469
716
1017
1196
1343
1521
1614
1681
1816
1975
2010
2190
2289
2525
2401
2448
2707
2495
2558
2600
2779
2714
3155
3266
3145
3503
3430
3631
3527
3340
2919
2346
1605
896
382
-586
-1081
-1168
-1142
-1612
-1918
-1902
-1834
-2112
-2450
-2358
-2128
-2002
-1660
-1103
-641
-97
385
618
815
964
1083
1309
1262
1166
1146
1065
1037
903
726
448
73
-270
-715
-1195
-1456
-1494
-1519
-1751
-1680
-1556
-1550
-1641
-1462
-1297
-1373
-1312
-1296
-1058
-870
-834
-756
-639
-511
-421
-592
-955
-1258
-1384
-1525
-1715
-1740
-1926
-2072
-2042
-2081
-2197
-2326
-2381
-2397
-2299
-2144
-1941
-1722
-1490
-1347
-940
-762
-627
-371
-211
30
266
653
945
1129
1332
1467
1589
1756
1854
2047
2077
2044
2129
2144
2180
2274
2338
2410
2401
2522
2549
2630
2826
2997
3261
3459
3527
3677
3786
3802
3500
3008
2388
1707
997
3
-696
-805
-746
-1173
-1534
-1711
-1454
-1597
-2032
-1869
-1696
-1623
-1511
-1087
-673
-40
590
1009
1342
1446
1633
1613
1468
1508
1407
1299
1204
1081
961
583
585
31
-494
-935
-1359
-1394
-1830
-1983
-1933
-1755
-1524
-1406
-1265
-1091
-869
-736
-593
-369
-171
-22
-48
-226
-215
-112
-44
-342
-805
-1170
-1424
-1649
-1847
-2059
-2350
-2431
-2568
-2648
-2560
-2466
-2313
-2403
-2382
-2134
-1768
-1552
-1367
-1145
-887
-576
-309
-74
118
278
351
503
500
583
750
903
1018
1121
1149
1161
1309
1426
1444
1489
1635
1606
1748
2013
2168
2340
2476
2641
2896
3213
3519
3709
3976
3912
3850
3597
3123
2612
1824
1010
-52
-699
-1338
-1656
-1650
-1862
-2313
-2229
-1831
-2521
-2377
-1971
-2019
-1894
-1556
-928
-175
489
680
946
1325
1682
1779
1747
1506
1274
1141
862
558
336
177
-52
-275
-518
-869
-1105
-1220
-1434
-1788
-1726
-1585
-1436
-1256
-917
-498
-227
110
276
381
483
585
525
381
484
293
432
243
-64
-362
-755
-919
-1270
-1559
-2004
-2054
-2119
-2188
-2270
-2104
-1850
-1744
-1878
-1710
-1535
-1265
-1197
-988
-774
-579
-352
-159
29
184
478
360
527
673
655
680
730
822
950
1091
1287
1417
1517
1587
1555
1731
1762
1791
1928
1914
2143
2235
2444
2657
2834
2971
3114
3193
3258
3258
3071
2768
1976
1156
394
-407
-1308
-1746
-1896
-2239
-2633
-2563
-2265
-2327
-2605
-2708
-2547
-2342
-2138
-1906
-1390
-762
-173
178
526
886
1233
1401
1157
1025
788
555
252
-55
-195
-394
-681
-984
-1361
-1668
-2019
-2351
-2620
-2875
-2831
-2862
-2636
-2346
-1880
-1443
-1154
-809
-503
-310
-238
-100
-42
-204
-373
-213
-441
-553
-678
-872
-1160
-1630
-2079
-2369
-2537
-2892
-3154
-3250
-3123
-3057
-2851
-2708
-2623
-2331
-2187
-2111
-1908
-1694
-1381
-1123
-949
-600
-365
-267
-27
143
195
156
173
174
198
319
304
369
537
684
895
1095
1124
1169
1331
1480
1404
1712
1852
2002
2314
2366
2698
3077
3258
3131
3471
3461
3434
3038
2550
1902
1042
-44
-1025
-1355
-1613
-1853
-2432
-2648
-2427
-2357
-2373
-2203
-2117
-2035
-1951
-1773
-1282
-604
18
402
959
1401
1795
1998
1898
1794
1556
1071
635
408
5
-259
-451
-759
-1102
-1339
-1525
-1686
-2093
-2277
-2554
-2491
-2201
-1944
-1483
-1231
-774
-438
-136
199
313
481
482
206
199
109
-34
-246
-510
-677
-950
-1337
-1679
-2053
-2409
-2790
-2995
-3234
-3179
-3014
-2672
-2599
-2489
-2010
-1960
-1963
-1673
-1290
-1231
-1213
-832
-390
-233
-240
31
366
192
160
436
382
110
167
461
285
332
634
482
509
879
974
1071
1125
1305
1470
1626
1858
1908
1860
2189
2639
2732
2801
3008
3076
2798
2823
2876
2318
1586
716
-419
-1186
-1382
-1588
-1861
-2149
-2405
-2399
-2112
-1875
-1595
-1465
-1687
-1752
-1512
-914
-350
2
496
703
1206
1657
1896
2055
1700
1350
861
476
77
65
-239
-666
-798
-1104
-1317
-1520
-1524
-1799
-2198
-2352
-2214
-2086
-1867
-1463
-1108
-909
-397
-323
-38
448
541
519
405
428
347
230
131
-89
-392
-645
-965
-1321
-1573
-1779
-2144
-2397
-2574
-2600
-2505
-2470
-2358
-2238
-1961
-1743
-1586
-1321
-1065
-764
-620
-428
-206
7
178
247
417
532
642
633
600
569
594
624
562
585
634
728
873
1015
1062
1112
1279
1359
1452
1511
1811
2045
2329
2556
2761
3024
3259
3290
3272
3164
3185
3163
2559
1476
219
-583
-982
-1351
-1850
-2228
-2367
-2279
-2166
-2058
-1692
-1410
-1421
-1645
-1567
-1182
-692
-162
137
533
1035
1528
2002
1936
1836
1616
1254
719
249
14
-285
-606
-993
-1110
-1207
-1214
-1176
-1409
-1725
-1860
-1967
-1867
-1652
-1456
-1112
-788
-412
67
405
540
630
508
263
147
-23
-314
-509
-730
-838
-1027
-1257
-1476
-1726
-1952
-2374
-2567
-2608
-2703
-2674
-2668
-2306
-2212
-2004
-1693
-1527
-1276
-932
-938
-877
-663
-537
-396
-89
-51
-19
329
304
462
431
432
380
419
358
399
405
374
719
963
1206
1361
1458
1530
1598
1708
1836
2019
2216
2274
2568
2883
3075
3065
3172
3186
3218
3162
2800
2136
1243
240
-522
-943
-1347
-1605
-2000
-2141
-1865
-1558
-1381
-1265
-1108
-1178
-1369
-1276
-797
-221
112
393
688
1271
1902
2240
2309
2043
1755
1360
1016
739
413
199
-198
-533
-632
-648
-527
-726
-1043
-1361
-1611
-1516
-1438
-1395
-1344
-994
-863
-475
70
484
1096
922
662
630
838
890
414
-18
-161
-435
-580
-651
-935
-1342
-1766
-2063
-2210
-2178
-2157
-2103
-2144
-2172
-2048
-1765
-1280
-1145
-988
-616
-233
-128
-142
87
334
610
583
616
788
971
903
846
865
988
874
866
891
831
810
889
908
1067
1221
1377
1709
1719
1869
2022
2288
2501
2655
2923
2962
3191
3313
3336
3416
3289
3455
3206
3081
2413
1280
228
-340
-568
-1214
-1681
-2258
-2394
-1872
-1594
-1378
-1298
-952
-885
-1119
-932
-481
64
360
485
768
1436
2051
2134
2211
2018
1774
1532
993
552
82
-272
-765
-1122
-1289
-1227
-1132
-1426
-1546
-1623
-1570
-1598
-1532
-1327
-1237
-1055
-602
-215
221
669
811
784
454
118
76
102
-154
-653
-1004
-1042
-1154
-1391
-1680
-1842
-2088
-2313
-2409
-2531
-2659
-2401
-2329
-2417
-2210
-1638
-1397
-1276
-959
-717
-569
-492
-379
-351
-203
-87
0
166
417
531
624
568
549
684
691
747
803
746
787
866
1117
1181
1368
1580
1698
1980
2176
2382
2434
2521
2781
2905
2960
3132
3185
3222
3193
3190
3245
2842
2014
1109
301
-369
-842
-1359
-1910
-2276
-2119
-1861
-1657
-1357
-1108
-1089
-1046
-1010
-746
-265
116
435
587
1122
1631
2126
2434
2392
2207
1943
1550
1192
834
298
-121
-631
-1057
-1097
-1045
-938
-1020
-1132
-1222
-1247
-1219
-1232
-1102
-957
-805
-613
-263
299
581
655
797
547
650
650
518
202
-346
-565
-860
-1055
-1299
-1544
-1549
-1830
-1984
-1994
-2083
-2242
-2326
-2377
-2248
-1957
-1819
-1437
-1293
-1075
-745
-516
-277
-174
-30
86
202
364
424
560
583
609
664
753
751
638
688
587
658
747
814
763
861
1078
1234
1426
1652
1784
1989
2155
2304
2566
2688
2875
2868
2957
2991
2961
2887
2722
2604
2202
1333
361
-78
-493
-1055
-1801
-2299
-2425
-2303
-2236
-1779
-1364
-1233
-1225
-1009
-547
-660
-70
327
223
819
1200
1476
2146
2320
1943
1892
1861
1459
1027
694
70
-470
-715
-976
-1123
-1114
-1053
-1088
-1266
-1180
-1003
-1104
-1065
-835
-466
-345
13
600
900
1135
1363
1551
1479
1531
1432
1125
659
144
-296
-505
-718
-1071
-1083
-1413
-1497
-1431
-1492
-1659
-1530
-1557
-1506
-1411
-1150
-887
-485
-68
179
641
694
901
982
1035
993
983
1310
1260
1176
1009
1149
1314
1124
1341
1061
1190
1380
1250
1273
1347
1493
1687
1760
1862
2163
2410
2698
2847
2941
3089
3137
3270
3312
3245
3273
3340
3438
3316
2987
2306
1456
662
158
-345
-991
-1575
-1952
-1876
-1622
-1341
-1116
-774
-614
-533
-447
-211
126
260
399
509
737
1304
1733
1867
1912
1722
1588
1429
1105
579
82
-472
-912
-1139
-1250
-1250
-1230
-1199
-1237
-1154
-1074
-1047
-1111
-1138
-1099
-1113
-756
-433
-131
389
569
700
727
815
709
413
-8
-392
-729
-1064
-1329
-1422
-1607
-1702
-1622
-1898
-1929
-2184
-2196
-2092
-2265
-2139
-2022
-1588
-1300
-969
-635
-347
-123
129
296
450
532
543
547
550
616
688
722
664
790
761
778
789
792
672
628
680
682
713
905
1083
1199
1391
1732
2011
2254
2335
2415
2568
2724
2692
2596
2617
2527
2427
1872
1077
578
24
-637
-1251
-1644
-2052
-2321
-2379
-1930
-1747
-1615
-1313
-1107
-931
-909
-334
-116
59
189
464
771
1112
1450
1522
1496
1356
1196
916
562
106
-337
-829
-1061
-1306
-1423
-1513
-1656
-1737
-1727
-1698
-1752
-1618
-1546
-1266
-1065
-877
-461
-36
199
485
658
777
762
585
428
84
-123
-616
-808
-935
-1245
-1396
-1539
-1615
-1739
-1843
-1913
-1826
-1875
-1825
-1657
-1438
-1200
-1008
-728
-434
-74
170
249
288
327
415
421
463
523
631
726
697
683
769
736
672
785
750
779
725
773
844
977
1251
1509
1781
2003
2145
2391
2694
2744
2704
2724
2770
3015
3010
2826
2598
2254
1474
718
254
-236
-626
-1248
-1815
-1881
-1946
-1886
-1685
-1474
-1237
-1110
-979
-817
-482
-212
2
-35
100
395
778
1078
1274
1418
1288
1196
959
527
251
-220
-718
-920
-1002
-1308
-1284
-1246
-1351
-1299
-1382
-1262
-1039
-1081
-1089
-903
-836
-618
-105
182
189
313
811
853
703
783
301
100
-59
-357
-653
-1050
-910
-1149
-1294
-1246
-1350
-1402
-1574
-1377
-1476
-1368
-1332
-1282
-970
-756
-448
-284
-19
231
359
433
504
520
506
584
590
475
693
845
817
676
732
824
823
889
911
820
778
878
1012
1047
1249
1570
1801
2037
2204
2395
2713
2703
2633
2747
2680
2796
2640
2273
1545
829
404
-4
-479
-1041
-1368
-1476
-1470
-1574
-1369
-1141
-1011
-887
-799
-574
-245
-95
22
-20
74
501
836
935
1050
1165
1143
1146
879
744
538
120
-330
-653
-783
-839
-908
-1078
-1233
-1045
-971
-1002
-878
-773
-655
-545
-319
-99
198
480
643
640
755
933
1029
873
694
309
41
-84
-374
-485
-713
-916
-949
-1101
-1121
-1118
-1172
-1043
-945
-1046
-790
-708
-619
-431
-240
-20
117
340
475
482
594
571
634
587
504
369
384
390
280
420
297
608
436
551
748
568
626
747
842
1031
1306
1412
1453
1634
1927
2097
2251
2244
2256
2305
2382
2369
2332
1817
1062
511
142
-161
-747
-1397
-1657
-1697
-1689
-1636
-1443
-1094
-1035
-1157
-1009
-869
-400
-389
-574
-475
-250
101
216
376
436
497
532
417
72
-146
-404
-817
-1113
-1471
-1542
-1543
-1613
-1623
-1660
-1583
-1331
-1182
-1102
-815
-791
-678
-608
-500
-324
-20
183
228
369
563
626
538
220
-16
-158
-286
-514
-788
-866
-951
-723
-715
-729
-744
-744
-539
-327
-361
-560
-542
-262
47
-119
34
695
560
434
555
726
930
839
856
614
523
489
411
581
675
755
797
908
926
1089
1098
1037
1010
1151
1392
1480
1635
1731
2024
2132
2112
2179
2233
2251
2231
2333
2233
1858
1243
837
680
333
-185
-477
-606
-767
-718
-650
-407
-358
-324
-474
-334
-143
-284
-154
-38
21
-72
137
85
351
366
499
646
476
372
142
-60
-348
-693
-1020
-807
-1041
-997
-1110
-1013
-725
-751
-604
-669
-636
-570
-607
-497
-472
-259
-67
-59
25
292
527
532
362
387
314
240
-7
-216
-190
-254
-347
-344
-390
-423
-422
-440
-363
-235
-197
-405
-386
-285
-191
-40
-38
104
124
233
461
567
580
467
458
381
350
362
330
408
466
286
369
515
575
625
668
756
783
877
788
857
1046
1178
1282
1196
1266
1351
1422
1411
1385
1518
1378
984
719
417
251
-98
-380
-630
-724
-642
-800
-721
-603
-560
-576
-482
-510
-347
-274
-329
-420
-499
-382
-293
-265
-214
-92
20
25
-5
-10
-159
-368
-765
-954
-1108
-1125
-1138
-1288
-1218
-1180
-1027
-921
-872
-724
-604
-589
-514
-523
-496
-360
-302
-387
-118
119
139
123
88
72
-30
-136
-231
-349
-324
-485
-421
-335
-314
-260
-153
-37
-181
-127
-66
-165
-151
-82
-110
-115
285
363
389
437
522
515
461
543
456
327
131
55
66
66
-13
47
57
103
138
79
213
128
266
354
428
419
411
410
378
497
674
608
647
726
677
497
203
55
-133
-312
-552
-826
-921
-941
-908
-863
-842
-749
-659
-547
-463
-473
-418
-508
-559
-497
-482
-359
-330
-327
-368
-386
-326
-409
-374
-437
-678
-691
-940
-1164
-1285
-1373
-1424
-1413
-1345
-1284
-1087
-1157
-1201
-1055
-999
-740
-603
-365
-280
-295
-447
-308
-211
-229
-302
-393
-351
-370
-167
-44
-264
-353
-367
-324
-187
-125
-84
-59
85
129
139
362
545
523
442
503
414
331
277
367
547
738
674
505
477
432
452
435
282
208
217
144
154
35
-28
54
190
325
317
397
541
573
630
551
738
492
512
575
418
458
517
492
440
501
490
442
365
365
237
257
244
195
200
171
185
153
94
70
105
127
112
11
-27
-142
-191
-272
-290
-239
-250
-235
-131
-81
-217
-268
-188
-183
-313
-343
-430
-509
-569
-603
-630
-695
-597
-673
-698
-647
-557
-528
-529
-603
-450
-239
-203
-77
-58
112
104
169
265
289
390
449
515
469
558
695
592
663
687
710
791
762
770
862
854
781
714
758
826
811
751
694
776
914
882
850
841
926
843
