-235
-206
-272
-138
-112
-279
-299
-204
7
4
-37
-107
-93
-53
-82
-137
-163
-168
-69
18
-53
-59
-49
-98
-22
65
13
-150
-17
45
131
54
116
99
66
161
125
31
-44
4
-64
-52
-35
59
42
133
211
180
285
216
165
163
215
186
100
87
22
33
53
36
55
77
119
112
86
-71
19
145
211
169
103
178
60
67
-25
39
60
19
25
9
-51
29
66
59
39
46
-122
-78
2
121
123
64
100
131
106
113
81
92
216
309
114
65
195
-27
-7
213
182
32
50
145
188
22
77
174
70
118
82
171
178
63
160
34
14
45
48
66
0
43
-24
87
76
6
-24
-78
-150
-127
-93
-114
-74
-11
-83
-29
-15
-93
-105
-150
-133
-86
-212
-141
-40
-83
-123
-119
-138
-187
-124
-152
-259
-302
-219
-106
-192
-257
-288
-218
-312
-351
-293
-175
-117
-170
-183
-145
-129
-140
-18
-135
-208
-62
-128
-163
-37
-79
-77
-71
-117
-239
-198
-170
-189
-221
-263
-148
-89
-137
-132
-111
-125
-154
-105
-78
-207
-156
5
1
-69
-77
-156
-124
-104
-66
-114
-270
-259
-250
-253
-288
-310
-414
-345
-274
-352
-321
-251
-258
-290
-297
-242
-197
-232
-207
-156
-204
-196
-213
-336
-368
-312
-273
-320
-321
-297
-315
-368
-364
-432
-324
-349
-362
-311
-404
-319
-350
-264
-262
-229
-253
-288
-291
-282
-343
-329
-236
-366
-430
-376
-350
-394
-469
-504
-420
-475
-413
-302
-361
-310
-338
-257
-204
-311
-355
-354
-360
-301
-265
-213
-220
-342
-353
-292
-386
-352
-304
-326
-185
-291
-307
-505
-513
-461
-447
-393
-414
-349
-391
-243
-332
-348
-377
-394
-252
-264
-270
-382
-335
-310
-444
-507
-472
-275
-354
-428
-367
-172
-197
-310
-229
-260
-42
11
-140
-20
-180
-116
-217
-98
-87
-183
-46
-118
-181
-159
2
-87
-193
-173
-154
-202
-260
-142
-218
-223
-145
-82
-73
-122
-21
8
-8
-58
78
70
-51
-69
-136
-107
-82
-11
-16
-33
-55
-27
-17
0
0
-7
-122
-137
-41
-89
-128
-100
-78
-3
-11
-27
-105
17
74
29
62
-94
53
99
65
-33
1
2
-34
-7
-48
9
-9
146
16
-38
12
-52
80
82
47
28
-11
-15
-49
-68
-18
-38
-119
-49
-76
-40
-4
-93
-52
-96
-76
-260
-229
-212
-214
-218
-159
-140
-221
-200
-186
-119
-121
-108
-142
-71
-37
-164
-158
-176
-220
-186
-259
-277
-266
-192
-203
-195
-232
-312
-284
-162
-218
-172
-161
-218
-141
-10
-69
-130
-9
-236
-255
-306
-275
-197
-159
-186
-89
-162
-254
-164
-388
-327
-293
-188
-389
-417
-377
-343
-253
-390
-361
-334
-334
-242
-331
-266
-238
-188
-125
-222
-213
-176
-201
-241
-261
-348
-330
-288
-341
-358
-435
-431
-435
-499
-509
-514
-419
-267
-127
-248
-203
-205
-224
-254
-375
-319
-319
-317
-278
-328
-363
-327
-294
-389
-449
-403
-167
-203
-247
-178
-149
-129
-196
-154
-238
-176
-217
-163
-172
-185
-265
-378
-310
-177
-194
-284
-268
-500
-458
-295
-311
-398
-432
-380
-360
-327
-327
-286
-264
-217
-287
-347
-333
-327
-235
-174
-187
-274
-229
-290
-367
-323
-344
-338
-391
-499
-397
-353
-334
-412
-445
-437
-391
-336
-421
-345
-345
-276
-277
-310
-279
-192
-160
-170
-224
-186
-123
-53
-152
-118
-232
-332
-363
-338
-361
-427
-321
-305
-318
-531
-422
-469
-448
-332
-324
-202
-92
-201
-210
-234
-162
-145
-153
-220
-341
-239
-269
-364
-381
-314
-321
-229
-211
-308
-349
-95
7
-99
-109
-52
127
102
154
24
217
137
97
75
80
164
49
45
-10
-27
-20
-11
-117
-97
13
-27
-32
122
107
-8
30
109
133
163
143
106
138
228
292
296
275
280
293
227
250
259
172
215
200
121
157
290
271
251
159
215
97
125
155
155
155
175
223
144
206
201
324
339
240
274
259
230
250
357
244
249
287
75
39
36
102
165
245
168
301
226
264
322
233
188
109
224
153
169
206
186
371
273
331
195
104
94
-6
42
72
118
52
32
14
2
-58
-44
89
37
101
111
110
94
75
170
105
138
110
82
13
-66
-51
-17
-58
-118
-136
-136
-89
-137
-147
-92
-143
-134
-30
-129
-143
-89
-48
-36
-24
36
-55
-71
-123
-12
35
-73
-109
-190
-160
-58
-162
-171
-223
-162
-155
-125
-96
-103
-36
-179
-219
-178
-92
-17
-80
-71
19
-12
-1
5
-33
-71
-74
-50
-8
-59
10
26
-56
-170
-87
-25
-129
-74
-136
-14
-38
-20
127
117
73
16
60
116
84
15
83
-8
-84
39
26
35
35
85
72
-17
63
-21
13
7
-40
-77
13
40
55
31
102
125
-23
68
201
68
32
148
104
29
126
115
38
66
73
30
98
88
63
161
120
68
45
117
150
109
92
97
89
177
137
174
213
149
90
83
56
33
23
27
-110
-164
66
71
-25
-40
74
109
78
202
82
51
84
142
105
144
257
163
172
180
103
115
152
154
88
-6
131
137
43
166
120
140
181
98
69
-109
-66
-78
-30
-13
-32
6
-141
37
23
-33
-112
-99
-50
-79
72
-50
-48
-151
-100
-201
-220
-252
-216
-307
-107
130
-22
-51
-61
9
-46
-9
57
99
54
106
80
67
-38
-31
-6
-98
-185
-100
-40
-78
-57
37
-1
-32
36
94
229
244
286
296
318
395
320
318
312
313
311
257
313
270
294
329
300
282
244
221
244
278
274
229
247
228
233
307
274
313
357
389
458
348
329
354
231
323
281
178
214
197
300
185
214
244
174
82
80
69
33
98
164
143
118
66
188
303
331
331
307
208
285
262
197
280
155
230
254
111
184
183
110
20
212
229
143
230
232
322
194
144
244
264
265
238
269
182
162
86
27
116
66
67
-14
56
-6
-26
105
122
253
150
25
25
-17
18
69
214
164
187
205
156
79
113
19
90
110
5
-71
6
5
-56
-67
-140
-121
-72
52
-43
85
220
249
158
139
209
330
367
168
244
294
297
304
357
280
144
156
137
120
66
83
8
-44
97
-71
-100
-64
-136
-67
-40
-60
-187
-53
-85
-126
-75
-137
-155
-152
-96
-203
-133
-190
-151
-200
-256
-152
-247
-187
-141
-309
-302
-263
-221
-250
-194
-120
-299
-284
-347
-283
-208
-255
-156
-221
-260
-320
-333
-359
-512
-410
-422
-357
-366
-365
-283
-374
-302
-370
-283
-125
-109
-110
-154
-229
-185
-167
-179
-45
-3
-81
-68
28
56
193
243
192
248
263
266
119
142
203
263
312
314
345
314
506
430
576
728
745
758
672
841
857
908
813
708
841
911
903
865
888
854
800
915
796
722
699
570
602
561
584
594
603
617
378
234
304
223
34
105
77
1
-92
-180
-184
-161
-298
-253
-332
-430
-487
-762
-851
-836
-817
-781
-887
-944
-893
-955
-920
-849
-858
-849
-805
-760
-745
-652
-668
-840
-748
-728
-825
-913
-898
-846
-867
-891
-807
-762
-744
-563
-739
-599
-582
-485
-337
-264
-213
-123
66
154
169
215
288
394
484
520
561
503
467
479
593
520
540
618
598
689
655
772
867
875
1070
1001
1100
1069
1180
1208
1150
1118
1254
1381
1289
1450
1459
1459
1478
1422
1382
1467
1454
1562
1507
1360
1321
1151
1101
1053
960
958
936
818
644
550
355
326
358
314
174
-7
-105
-204
-295
-539
-550
-527
-663
-674
-693
-801
-662
-846
-816
-625
-741
-900
-886
-836
-826
-891
-917
-943
-1042
-1024
-1032
-1123
-1125
-1177
-1140
-1290
-1222
-1235
-1316
-1218
-1117
-1051
-1087
-1019
-854
-882
-840
-652
-622
-447
-373
-338
-359
-357
-230
-141
-134
12
-9
29
-3
-2
109
11
-30
21
57
41
138
62
170
145
196
209
139
322
275
409
570
593
540
596
656
716
918
1047
1197
1263
1280
1383
1523
1632
1739
1775
1748
1943
1949
1973
2013
2002
1933
1891
1983
1916
1942
1843
1528
1297
1114
1066
1036
894
677
388
131
87
7
-27
-181
-429
-534
-628
-636
-760
-797
-893
-1011
-1024
-977
-998
-1030
-1107
-1169
-1280
-1238
-1274
-1427
-1463
-1520
-1419
-1479
-1450
-1619
-1685
-1532
-1588
-1486
-1339
-1218
-1175
-1223
-1067
-1052
-1019
-1004
-1043
-1009
-894
-729
-547
-424
-327
-257
-264
-168
-149
-139
-86
-47
-57
-80
-161
-145
-80
-144
-223
-189
-140
-248
-334
-264
-251
-263
-231
-249
-221
-232
-167
-141
-94
-101
-174
-100
-29
-50
28
172
229
257
375
471
629
957
958
1213
1425
1553
1652
1791
1927
2099
2105
2141
2314
2241
2366
2273
2407
2448
2384
2244
2304
2053
1791
1660
1352
1278
1121
1023
872
577
358
103
-17
-143
-189
-183
-405
-355
-485
-585
-749
-801
-856
-1065
-1074
-1108
-1152
-1244
-1260
-1378
-1501
-1521
-1405
-1549
-1548
-1586
-1648
-1692
-1718
-1711
-1551
-1474
-1526
-1392
-1329
-1217
-1109
-1027
-1027
-927
-728
-702
-606
-435
-391
-326
-219
-255
-200
-159
-88
-49
72
234
303
442
405
402
383
396
361
499
425
344
211
212
153
145
62
74
-83
-225
67
47
-12
27
38
-20
147
148
209
464
540
508
644
792
946
1080
1250
1393
1419
1631
1806
1940
2009
1950
2062
2234
2300
2478
2581
2761
2918
2814
2798
2822
2709
2545
2534
2549
2324
2046
2072
1947
1815
1597
1220
1136
836
765
730
431
174
30
-74
-78
-292
-516
-624
-732
-764
-924
-1015
-1102
-1191
-1237
-1147
-1223
-1126
-1143
-1254
-1320
-1248
-1128
-1428
-1434
-1466
-1417
-1429
-1449
-1368
-1419
-1524
-1443
-1243
-1199
-1107
-1058
-946
-883
-702
-582
-552
-469
-209
-159
-61
2
77
332
243
289
303
352
428
274
291
325
312
258
168
120
135
102
100
16
-64
31
-76
35
24
87
54
-18
191
64
98
164
336
286
412
484
538
621
686
860
1003
1003
1122
1425
1437
1631
1752
1895
1953
2081
2337
2379
2487
2593
2746
2609
2530
2523
2577
2507
2345
2215
2211
1914
1682
1671
1452
1425
1084
775
765
718
413
284
32
-196
-249
-441
-453
-592
-732
-880
-976
-1026
-1044
-1226
-1338
-1369
-1496
-1422
-1424
-1472
-1584
-1692
-1648
-1597
-1650
-1607
-1500
-1476
-1580
-1521
-1418
-1286
-1268
-1253
-1062
-1149
-1035
-858
-834
-744
-566
-562
-412
-253
-229
-33
93
208
200
329
418
555
607
551
498
655
675
575
534
526
569
409
334
183
130
75
10
-26
-71
-23
-55
-249
-55
-79
40
97
-28
-78
-18
179
216
228
196
425
516
670
816
868
877
1191
1444
1486
1734
1911
2057
2060
2195
2370
2373
2555
2532
2746
2868
2904
2829
2587
2708
2660
2594
2472
2485
2379
2115
2003
1921
1856
1547
1411
1230
956
845
553
363
172
14
-111
-304
-450
-543
-723
-873
-852
-964
-1065
-1221
-1307
-1224
-1185
-1206
-1288
-1284
-1214
-1306
-1489
-1439
-1347
-1413
-1462
-1452
-1530
-1417
-1436
-1477
-1278
-1141
-1059
-982
-833
-710
-493
-354
-255
-98
75
189
272
378
543
643
587
634
717
801
781
871
876
809
849
635
496
482
465
460
365
331
169
118
18
103
110
-5
159
91
173
207
232
290
322
320
323
453
465
567
684
708
796
813
910
1026
1094
1265
1356
1621
1744
1868
2009
2089
2223
2333
2620
2590
2676
2779
2878
2886
2806
2763
2661
2587
2535
2521
2316
2092
1775
1526
1404
1075
1060
909
703
406
141
-133
-192
-395
-622
-603
-671
-721
-1046
-1166
-1181
-1357
-1560
-1623
-1771
-1682
-1607
-1803
-1798
-1784
-1800
-1797
-1943
-1818
-1802
-1857
-1782
-1731
-1682
-1582
-1498
-1396
-1264
-1266
-1163
-1018
-784
-690
-663
-653
-573
-367
-330
-202
8
172
181
144
184
206
284
323
373
413
546
455
297
275
309
266
144
74
8
-76
-101
-154
-245
-335
-425
-520
-580
-493
-524
-558
-602
-508
-556
-495
-424
-297
-192
-136
54
158
276
390
500
683
790
849
987
1070
1241
1462
1620
1720
1781
2039
2280
2454
2653
2750
2962
3102
3083
3048
3077
3116
2957
2941
2847
2625
2321
1958
1705
1584
1425
1256
1039
720
314
170
12
-226
-422
-693
-822
-1031
-969
-1016
-1156
-1131
-1292
-1454
-1532
-1492
-1481
-1573
-1589
-1522
-1619
-1658
-1812
-1911
-1930
-1879
-1962
-1933
-1764
-1718
-1739
-1820
-1671
-1522
-1562
-1323
-1125
-979
-856
-819
-791
-668
-616
-417
-327
-59
135
129
322
424
495
451
393
449
589
654
591
500
346
269
274
154
128
128
-69
-152
-158
-305
-234
-317
-402
-448
-484
-497
-364
-242
-275
-243
-198
-40
169
194
376
503
598
743
841
1055
1290
1482
1508
1688
1850
2003
2295
2478
2559
2716
2902
2989
3154
3184
3277
3294
3357
3280
3163
3183
3073
3058
2924
2591
2228
1972
1763
1504
1435
1364
1139
810
540
338
209
-50
-296
-402
-497
-557
-697
-752
-853
-1066
-1300
-1488
-1556
-1505
-1563
-1619
-1683
-1762
-1637
-1717
-1902
-1872
-1801
-1879
-1789
-1666
-1561
-1594
-1633
-1530
-1420
-1433
-1361
-1207
-1001
-893
-850
-716
-723
-642
-552
-446
-333
-204
-54
-14
116
98
142
231
183
232
219
277
258
137
230
38
-157
-221
-377
-455
-424
-594
-734
-775
-811
-850
-1064
-1141
-1008
-1053
-1014
-936
-934
-797
-680
-631
-594
-354
-99
-30
47
221
433
618
657
861
1077
1285
1452
1435
1717
1855
2148
2280
2368
2627
2731
3067
3222
3266
3261
3293
3200
3154
3044
3035
2979
2812
2436
1978
1740
1542
1362
1221
923
524
145
-15
-128
-427
-675
-859
-1019
-1006
-1127
-1213
-1329
-1545
-1773
-2021
-1959
-1969
-2017
-2082
-2079
-1999
-1979
-1933
-2096
-2223
-2253
-2361
-2358
-2251
-2162
-2309
-2256
-2181
-2215
-2079
-1907
-1747
-1703
-1522
-1306
-1102
-955
-848
-734
-478
-330
-204
-146
-94
16
27
23
161
104
166
215
257
146
-17
125
54
-43
-172
-247
-391
-429
-632
-633
-580
-691
-740
-849
-837
-795
-952
-798
-775
-833
-709
-702
-676
-508
-313
-221
-35
53
262
379
599
772
841
1291
1471
1699
1963
2125
2251
2235
2535
2660
2863
3092
3159
3106
3041
2923
2832
2727
2645
2786
2804
2537
2061
1653
1381
1272
1017
931
615
219
-28
-122
-285
-428
-842
-1205
-1246
-1298
-1356
-1410
-1527
-1650
-1878
-2127
-2078
-1968
-2210
-2439
-2283
-2162
-2058
-2219
-2389
-2241
-2323
-2435
-2381
-2269
-2171
-2130
-1988
-1936
-1903
-1899
-1867
-1734
-1536
-1263
-1159
-958
-812
-734
-596
-520
-383
-226
-23
2
97
217
290
313
363
361
267
295
270
199
222
102
54
46
-47
-81
-280
-363
-566
-655
-776
-818
-770
-842
-890
-796
-767
-616
-495
-388
-245
62
323
344
515
523
782
991
1129
1433
1634
1788
1947
2188
2287
2489
2654
2760
3132
3385
3580
3582
3558
3499
3286
2952
2626
2845
3025
2990
2873
2565
2273
1854
1231
796
811
926
708
306
117
29
46
-298
-854
-1140
-1096
-1191
-1342
-1160
-1033
-1308
-1660
-1870
-1918
-2061
-2332
-2485
-2382
-2238
-2243
-2391
-2473
-2697
-2754
-2876
-2889
-2634
-2647
-2638
-2515
-2309
-2024
-1973
-2077
-1996
-1739
-1516
-1383
-1052
-755
-603
-637
-553
-415
-325
-167
-40
7
32
187
89
-37
-99
-224
-257
-386
-466
-440
-491
-602
-605
-747
-792
-906
-919
-1113
-1138
-1059
-1089
-918
-984
-905
-940
-811
-625
-613
-580
-288
-41
158
366
565
865
1199
1415
1735
2254
2667
2963
2901
3120
3587
3860
4205
4308
4817
4932
5160
5579
5623
5168
3517
1252
383
1567
2737
2732
1690
798
283
-549
-1973
-2418
-1415
-494
-839
-1058
-271
218
-295
-1690
-1981
-1190
-828
-799
-444
243
194
-868
-1787
-2020
-2167
-2616
-2839
-2426
-1983
-2053
-2923
-3493
-3767
-4084
-4262
-3993
-3151
-2562
-2335
-2315
-2243
-2050
-1894
-1934
-1332
-454
184
461
600
551
226
-42
243
420
537
530
387
159
-342
-748
-1165
-1222
-1307
-1165
-822
-689
-1037
-1429
-1984
-2174
-2097
-1840
-1438
-1115
-1082
-1364
-1581
-1704
-1667
-1848
-1603
-1103
-560
-250
-363
-359
-521
-512
-165
305
978
1491
2152
2432
2307
2176
2164
2619
3093
3462
3933
4493
4710
4623
4400
4460
5029
5699
6001
6010
6236
6511
5850
3339
-38
-1628
-515
1329
1525
252
-504
-928
-2132
-3781
-4015
-2426
-1068
-704
-309
744
955
-470
-1790
-1851
-1043
-520
-404
-112
237
-246
-1434
-2672
-3318
-3497
-3380
-2928
-2393
-1933
-2050
-2660
-3243
-3491
-3338
-2677
-1736
-877
-89
129
5
-230
-194
171
457
954
1353
1804
1739
1139
436
-354
-913
-1207
-863
-358
-237
-744
-1354
-1853
-2261
-2337
-2212
-1799
-1154
-690
-602
-971
-1430
-1789
-1997
-1791
-1235
-855
-572
-740
-1097
-1384
-1532
-1593
-1628
-1135
-563
-58
151
170
121
183
312
944
1875
2453
2930
3330
3462
3210
2865
3166
3786
4187
4476
4800
5026
5065
4822
4697
4882
5292
5618
5739
5749
5732
5637
5137
3098
-205
-2407
-1853
93
721
-330
-836
-957
-1862
-3542
-3950
-2784
-1421
-560
79
1001
1020
-164
-1695
-2066
-1608
-1226
-1131
-1057
-666
-672
-1459
-2793
-3508
-3622
-3624
-3376
-2791
-1898
-1584
-1960
-2570
-2916
-2725
-2520
-1964
-1057
-135
137
-183
-251
-314
-349
-440
-424
-259
66
7
-650
-1149
-1549
-1772
-1886
-1761
-1453
-1361
-1671
-1835
-1946
-1982
-1874
-1901
-1681
-1379
-1060
-1054
-1368
-1575
-1805
-2029
-2121
-1773
-1193
-912
-844
-1144
-1214
-1114
-1085
-852
-433
-155
91
371
469
487
501
776
1272
2076
2931
3318
3417
3514
3859
3969
3832
3953
4376
4804
4871
4849
5006
5129
5081
4968
4803
4924
5414
5714
5237
2713
-1144
-3499
-2603
-470
-322
-1008
-641
-105
-1233
-2947
-2978
-1843
-1113
-593
505
1529
1634
754
-396
-973
-1547
-1892
-1877
-1420
-614
-435
-1082
-2183
-2885
-3410
-3797
-3639
-2806
-1914
-1516
-1440
-1636
-1835
-2136
-2261
-1961
-1364
-729
-102
303
277
5
-763
-1448
-1595
-1095
-711
-735
-910
-1148
-1659
-2124
-2318
-2359
-1978
-1445
-992
-1026
-966
-1097
-1351
-1620
-1860
-1650
-1225
-858
-948
-1133
-1422
-1992
-2351
-2191
-1765
-1322
-1092
-843
-554
-415
-547
-819
-632
-180
94
580
1228
1534
1593
1685
1962
2367
2745
2969
3221
3640
4002
4009
4146
4269
4154
4218
4293
4864
5288
5417
5563
5342
5089
5069
5380
5401
3788
-26
-3141
-2865
-730
-294
-1342
-950
300
-230
-1754
-2100
-1036
-446
-501
-69
1160
2116
1922
762
-388
-862
-1428
-1980
-1826
-1036
-706
-1018
-1517
-1864
-2154
-2992
-3580
-3271
-2340
-1714
-1466
-1198
-1174
-1509
-1983
-1973
-1696
-1278
-712
-207
132
179
48
-497
-1115
-1373
-1415
-1436
-1324
-1111
-1068
-1203
-1448
-1826
-1832
-1492
-1382
-1229
-825
-574
-583
-739
-1105
-1302
-1114
-819
-1016
-1221
-1089
-1089
-1208
-1134
-981
-934
-1153
-1068
-661
-198
-18
-51
-7
78
474
571
641
889
1481
1987
2171
2644
3179
3502
3418
3184
3279
3286
3331
3851
4312
4352
4108
3825
3652
4012
4463
4849
5035
5135
5225
5408
5676
4108
285
-3172
-3471
-1558
-933
-1418
-886
-165
-717
-1532
-1665
-1581
-1724
-1648
-590
1139
2317
2241
941
-193
-734
-1290
-2070
-2197
-1595
-1007
-835
-1085
-1264
-2200
-3283
-3789
-3632
-3005
-2490
-1872
-1211
-907
-1023
-1541
-2107
-2143
-2027
-1821
-1223
-453
-122
-243
-833
-1348
-1631
-2123
-2310
-2164
-1821
-1582
-1199
-1101
-1273
-1585
-1677
-1681
-1856
-1415
-1016
-803
-767
-877
-1014
-1096
-1264
-1630
-1822
-1660
-1411
-1247
-1096
-787
-544
-548
-565
-451
-225
-13
37
266
612
951
1161
1266
1480
1754
2078
2397
3061
3701
3991
4087
4208
4277
3976
3728
3991
4473
4558
4806
5467
5760
5642
5347
5230
5584
5800
4279
287
-3405
-3423
-1512
-1204
-2005
-1468
-338
-551
-1018
-839
-1153
-1733
-1378
-55
1234
1960
1785
735
198
-41
-926
-2213
-2814
-2305
-1661
-1578
-1438
-1410
-2017
-2928
-3343
-3248
-3202
-2954
-2349
-1606
-932
-831
-1189
-1429
-1674
-1800
-1535
-1340
-978
-800
-642
-425
-736
-1225
-1995
-2468
-2452
-2030
-1681
-1428
-1210
-812
-777
-1069
-1169
-1279
-1431
-1401
-763
-545
-670
-655
-808
-990
-1447
-1594
-1790
-1792
-1739
-1192
-687
-455
-298
-477
-275
-133
-123
183
557
983
1353
1754
2040
2087
2127
2317
2659
2853
3412
3761
3895
4192
4550
4543
4355
4635
4493
4157
4174
4695
5064
5344
5624
5640
5443
5554
5963
5311
2511
-1564
-3437
-2132
-795
-1625
-2297
-954
79
-277
-704
-1016
-1564
-1627
-738
416
1049
1296
1337
1124
831
71
-1277
-2158
-1810
-1429
-1440
-1296
-760
-673
-1595
-2281
-2442
-2790
-3136
-2924
-2085
-1179
-768
-768
-1070
-1147
-1306
-1466
-1634
-1481
-957
-503
-277
-323
-412
-911
-1535
-2069
-2251
-2157
-2021
-1670
-1167
-928
-877
-893
-1426
-1912
-2065
-1950
-1643
-1384
-1162
-708
-533
-610
-1144
-1698
-1930
-2092
-1682
-1169
-605
-421
-294
59
368
431
96
114
408
846
1236
1377
1631
1943
2331
2678
2968
3121
3303
3595
3858
4204
4204
4212
4471
4592
4261
4243
4507
4781
5033
5272
5489
5603
5776
4652
843
-3313
-4137
-2482
-1779
-2682
-2388
-658
281
364
-117
-1215
-1979
-1697
-708
-24
545
1223
1563
1286
574
-382
-1801
-2735
-2797
-2419
-1947
-1373
-751
-1021
-1707
-2113
-2478
-3109
-3515
-3080
-2237
-1377
-962
-736
-555
-552
-760
-1275
-1843
-1952
-1606
-1128
-936
-774
-826
-989
-1553
-2205
-2521
-2763
-2840
-2709
-2201
-1522
-1177
-1191
-1297
-1607
-1721
-1728
-1866
-1875
-1695
-1099
-647
-642
-892
-1183
-1639
-2099
-2255
-1850
-1127
-780
-413
-30
487
684
624
699
660
661
984
1875
2434
2757
3082
3489
3486
3174
3278
3476
3625
3639
4079
4466
4503
4396
4384
4346
4432
4793
4919
4873
5176
5698
6181
5410
2125
-2362
-4171
-2687
-2048
-3085
-3133
-1309
268
419
5
-878
-1742
-1765
-1050
-787
-384
577
1289
1251
750
27
-1207
-2240
-2562
-2500
-2292
-1482
-658
-705
-757
-854
-1101
-2085
-2891
-2600
-1964
-1324
-992
-767
-239
115
-78
-939
-1574
-1604
-1613
-1263
-1035
-672
-558
-497
-620
-1183
-1961
-2810
-2952
-2745
-2422
-1641
-1140
-950
-628
-686
-1016
-1649
-2184
-2126
-1949
-1274
-701
-646
-653
-763
-893
-1532
-1920
-1866
-1504
-1114
-548
127
561
682
975
1088
919
1000
1347
1720
2263
2767
3113
3418
3760
3931
3596
3363
3558
3820
3828
4070
4472
4807
4913
4923
4899
4953
5034
5036
4815
5222
6105
5813
3245
-940
-3416
-3099
-2528
-3264
-3652
-2239
-406
347
306
-254
-1122
-1482
-1154
-916
-862
198
1268
1564
1361
788
-185
-1534
-2383
-2684
-2424
-2000
-1359
-924
-614
-555
-974
-1814
-2678
-2681
-2198
-1804
-1419
-769
-219
180
169
-287
-816
-1426
-1627
-1477
-1066
-792
-789
-657
-567
-875
-1657
-2175
-2713
-3070
-2937
-2468
-2078
-1669
-1071
-768
-906
-1217
-1591
-2049
-2338
-1960
-1568
-1293
-924
-744
-862
-1194
-1505
-1672
-1672
-1463
-1010
-482
-94
450
739
883
939
915
1061
1344
1945
2353
2940
3585
4047
4030
3981
4075
4090
4116
4465
4596
4474
4855
5175
4918
4778
5216
5205
4817
4907
5321
4915
3085
-297
-3298
-3517
-2499
-2732
-3432
-2619
-787
232
222
-304
-1141
-1543
-1087
-712
-777
-412
671
1128
630
-19
-634
-1711
-2674
-2876
-2687
-2395
-2058
-1608
-1303
-1060
-1044
-1734
-2558
-2570
-1995
-1733
-1544
-1107
-466
61
289
67
-393
-1087
-1586
-1641
-1494
-1353
-1445
-1127
-855
-1025
-1353
-1895
-2546
-2789
-2635
-2516
-2354
-2059
-1539
-1144
-997
-1041
-1458
-1971
-2167
-1908
-1824
-1599
-1577
-1489
-1360
-1405
-1481
-1800
-1812
-1667
-1453
-937
-410
13
274
774
1011
1175
1433
1807
2207
2238
2639
3217
3836
3985
3949
4012
4075
4174
4250
4242
4311
4443
4570
4648
4873
5173
5271
5316
4991
4865
4796
3597
308
-2775
-3579
-2614
-2527
-3491
-2945
-1169
255
275
-301
-987
-1228
-974
-740
-864
-460
399
884
729
17
-771
-1601
-2712
-3206
-3088
-2613
-2132
-1694
-1261
-780
-829
-1468
-2257
-2451
-2070
-1577
-1078
-696
-37
509
665
303
-102
-539
-929
-916
-919
-1052
-1151
-940
-957
-1199
-1502
-1995
-2504
-2617
-2275
-2249
-2007
-1707
-1318
-956
-743
-891
-1123
-1378
-1571
-1601
-1633
-1492
-1538
-1674
-1452
-1302
-1534
-1722
-1820
-1373
-1101
-851
-569
-184
409
1031
1485
1646
1851
2106
2453
2757
3027
3558
4355
4960
5106
4828
4990
5066
4947
4784
4782
5079
5193
5266
5457
5757
5765
5396
5078
4748
3643
1220
-1812
-3088
-2534
-2041
-2264
-2260
-1117
6
495
41
-586
-1080
-1071
-717
-467
-103
241
744
496
-72
-762
-1591
-2577
-3103
-2930
-2777
-2385
-2022
-1660
-1433
-1310
-1488
-1953
-2106
-2059
-1666
-1292
-994
-523
-251
169
472
234
-239
-667
-932
-1180
-1144
-1198
-1325
-1158
-915
-977
-1358
-1789
-2118
-2312
-2312
-2209
-2162
-2011
-1603
-1159
-1075
-1201
-1475
-1659
-1758
-1630
-1483
-1469
-1346
-1245
-1288
-1385
-1469
-1659
-1462
-1223
-1140
-761
-312
16
418
826
1317
1623
1639
1925
2314
2850
3270
3699
4120
4378
4733
4923
4990
5001
5242
5360
5242
5193
5153
5442
5845
6026
5928
5844
5797
4968
2877
-477
-2916
-3156
-2333
-2327
-2625
-1856
-467
298
-6
-714
-1377
-1587
-1171
-819
-540
140
1021
1188
588
-206
-1052
-2021
-2833
-3111
-2956
-2519
-2288
-2079
-1739
-1734
-1918
-2366
-2867
-2855
-2400
-1753
-1338
-920
-288
376
624
434
171
-235
-395
-321
-431
-569
-651
-679
-804
-1091
-1596
-2120
-2559
-2824
-2721
-2546
-2414
-1931
-1796
-1634
-1407
-1528
-1606
-1684
-1825
-1684
-1386
-1292
-1426
-1551
-1510
-1670
-1875
-1932
-1963
-1824
-1561
-1205
-817
-497
-302
7
367
627
1001
1360
1865
2460
3168
3583
3971
3925
3968
4287
4539
4520
4561
4974
5127
5333
5711
5976
6194
6168
6113
6170
5781
4684
1912
-1399
-3226
-2858
-1969
-2301
-2677
-1627
-90
191
-419
-1127
-1349
-1106
-930
-761
-324
343
875
813
144
-563
-1399
-2335
-3049
-3013
-2691
-2371
-2239
-2111
-1898
-1933
-2319
-2904
-3176
-2896
-2355
-1819
-1314
-731
20
500
513
320
199
71
90
191
52
3
-215
-418
-784
-1354
-1979
-2390
-2493
-2454
-2350
-2164
-1947
-1865
-1848
-1823
-1820
-1882
-1526
-1369
-1315
-991
-724
-935
-1162
-1424
-1565
-1602
-1730
-1666
-1490
-1177
-1129
-1129
-893
-700
-492
-205
185
785
1430
2002
2397
2857
3362
3811
4043
4090
4179
4406
4734
4890
5139
5457
5480
5393
5412
5634
5923
6065
6079
6109
6267
5873
3949
526
-2294
-2921
-2320
-2201
-2569
-1897
-369
508
274
-464
-1122
-1464
-1492
-1264
-861
-325
409
771
387
-152
-874
-1936
-2848
-3318
-2976
-2513
-2181
-1886
-1730
-1611
-1952
-2578
-3167
-3336
-2859
-2287
-1824
-1378
-911
-274
132
130
-79
-253
-297
-38
289
173
-116
-243
-246
-522
-1149
-1894
-2378
-2688
-2704
-2572
-2449
-2110
-1895
-1749
-1718
-1658
-1683
-1610
-1690
-1629
-1277
-1237
-1407
-1681
-1753
-1811
-1870
-1857
-1648
-1277
-973
-1037
-905
-680
-612
-285
-12
476
952
1393
2171
2753
3012
3164
3402
3585
3663
4062
4232
4247
4765
5150
5286
5357
5378
5167
5572
6002
6101
6052
5917
5940
5131
2576
-1254
-3497
-2983
-1822
-2356
-2631
-1462
160
387
-512
-1382
-1894
-2020
-1717
-1340
-1009
-130
505
289
-400
-863
-1583
-2653
-3120
-2952
-2414
-1950
-1628
-1265
-1488
-1721
-2213
-3141
-3705
-3281
-2616
-2175
-1668
-1128
-621
-365
-467
-771
-1031
-1048
-863
-454
-99
95
-82
-418
-634
-1105
-1852
-2325
-2511
-2453
-2309
-2252
-1992
-2103
-2226
-2311
-2292
-2287
-2176
-1849
-1728
-1692
-1389
-1430
-1666
-1946
-2220
-2257
-2062
-1833
-1454
-1149
-1038
-742
-568
-382
-268
-350
-4
359
1032
1592
2172
2690
3173
3579
3661
3657
3889
4387
4465
4660
4890
5022
5291
5621
5745
5792
5823
6169
6389
6102
6154
5837
4200
896
-2403
-3481
-2222
-1493
-2159
-1889
-490
578
233
-704
-1535
-1833
-1581
-1049
-493
116
872
1153
629
-111
-830
-1781
-2594
-2838
-2336
-1683
-1187
-1129
-1165
-1325
-1749
-2537
-3257
-3268
-2654
-1712
-1211
-840
-363
-146
-137
-230
-536
-763
-639
-218
184
294
80
-141
-287
-779
-1437
-2097
-2403
-2383
-2437
-2072
-1858
-1808
-1691
-1767
-1835
-1896
-1838
-1741
-1666
-1295
-978
-994
-1318
-1658
-1611
-1669
-1824
-1734
-1406
-964
-717
-627
-471
-171
-90
33
367
623
1036
1572
2061
2580
3252
3914
4077
3972
4044
4325
4274
4198
4408
4621
4733
5017
5359
5724
6050
6289
6394
5926
5624
5793
5365
2980
-1094
-3836
-3088
-1446
-1620
-2352
-1654
-245
96
-680
-1591
-2168
-2061
-1351
-826
-307
402
686
319
-510
-1247
-1993
-2742
-3119
-2832
-2074
-1513
-1206
-1613
-1995
-2034
-2449
-3091
-3548
-3060
-1856
-934
-670
-574
-484
-379
-451
-592
-571
-427
-263
-125
237
153
-319
-846
-1351
-1657
-1987
-2269
-2542
-2604
-2313
-2011
-2123
-2382
-2313
-2227
-2230
-1905
-1639
-1704
-1671
-1376
-1208
-1434
-1892
-2109
-2108
-2037
-1827
-1696
-1508
-1156
-980
-882
-603
-192
-200
-95
424
1003
1496
1873
2329
2585
3211
3872
4107
4205
4191
4444
4773
5239
5305
5182
5303
5394
5596
5795
5936
6134
6526
6433
6149
6039
4486
528
-3671
-4469
-2553
-1465
-2077
-2206
-1079
-123
-426
-1550
-2773
-3030
-2072
-1140
-467
215
794
598
-265
-1329
-2113
-2900
-3433
-3222
-2536
-1832
-1384
-1723
-2393
-2747
-2996
-3411
-3897
-3651
-2556
-1371
-723
-730
-882
-802
-672
-605
-515
-580
-388
-196
60
134
-561
-1314
-2026
-2475
-2617
-2501
-2382
-2439
-2393
-2092
-1950
-2142
-2562
-2908
-2677
-2314
-1849
-1426
-1622
-1692
-1479
-1550
-2068
-2491
-2591
-2393
-2171
-1749
-1309
-1124
-1127
-1112
-831
-786
-790
-565
33
670
1412
2003
2176
2504
3079
3503
3774
4108
4360
4524
4956
5425
5620
5558
5456
5563
5668
6023
6278
6202
6026
6327
6588
6537
5741
3115
-818
-3163
-2452
-899
-830
-1389
-1116
-274
-98
-996
-2139
-2617
-2215
-1472
-618
44
593
415
-197
-1069
-1927
-2400
-2824
-2851
-2394
-1507
-1060
-1152
-1732
-2428
-2926
-3131
-3188
-3194
-2500
-1478
-553
-585
-1177
-1206
-966
-617
-355
-121
113
446
632
591
264
-428
-1047
-1551
-1463
-1064
-917
-1155
-1211
-1198
-1463
-1661
-1814
-1983
-1886
-1338
-967
-973
-1155
-1310
-1468
-1464
-1492
-1830
-1883
-1591
-1334
-1274
-1357
-1316
-1232
-1291
-1220
-803
-345
-38
209
577
864
1168
1326
1664
2379
3031
3644
3876
3837
4030
4414
4818
5199
5050
5274
5600
5534
5626
5920
6199
6378
6477
6270
6035
5607
3670
-370
-3358
-2686
-510
32
-959
-1137
-757
-878
-1696
-2611
-2959
-2411
-1063
-329
401
858
674
-383
-1628
-2149
-2261
-2287
-2012
-1329
-983
-930
-1414
-2211
-3190
-3855
-3902
-3409
-2820
-2356
-1585
-1230
-1247
-1728
-2108
-1828
-1091
-353
295
712
742
661
260
-367
-1026
-1402
-1378
-1160
-961
-840
-907
-1444
-1858
-2191
-2259
-2187
-1957
-1651
-1411
-1065
-1000
-1319
-1793
-1899
-1805
-1798
-1541
-1472
-1492
-1362
-1404
-1431
-1443
-1375
-1283
-1149
-598
-166
7
-44
-88
24
445
1259
1924
2482
3037
3363
3413
3427
3611
3794
4163
5061
5582
5560
5637
5660
5458
5158
5292
5866
6215
6443
6701
6748
5332
1560
-2649
-3783
-1408
400
-179
-954
-609
-448
-1456
-2663
-3179
-2823
-1823
-625
456
1278
1232
139
-1349
-2033
-2002
-2080
-1780
-1109
-592
-762
-1296
-2055
-3212
-4083
-4226
-3613
-2779
-2160
-1805
-1626
-1604
-1831
-2331
-2286
-1456
-395
533
1035
1105
828
47
-580
-981
-993
-645
-528
-430
-671
-1203
-1872
-2514
-2671
-2454
-2009
-1421
-1017
-866
-967
-1162
-1274
-1668
-1767
-1282
-699
-509
-669
-1054
-1487
-1912
-2129
-1836
-1239
-851
-590
-252
-113
-145
-363
-248
11
635
1516
2222
2538
2750
2955
3234
3390
3645
4034
4390
5139
5630
5897
5840
5671
5706
5916
6377
6782
7061
7199
7100
6928
6306
3622
-840
-3347
-1846
1036
1492
75
-677
-841
-1480
-2369
-2700
-2086
-994
183
1036
1482
1600
607
-1138
-2016
-1761
-919
-508
-293
-83
-505
-1273
-2190
-2989
-3442
-3574
-3289
-2574
-1846
-1841
-2091
-2492
-2627
-2450
-1876
-984
-8
928
1456
1176
269
-347
-419
-143
10
119
240
88
-523
-1212
-1845
-2430
-2378
-1953
-1540
-1146
-762
-717
-1050
-1306
-1386
-1338
-1210
-794
-360
-244
-749
-1383
-1696
-1981
-2078
-1706
-1063
-423
-367
-500
-582
-607
-606
-545
-270
370
1207
1772
1938
2046
2350
2541
2951
3144
3512
4005
4814
5380
5517
5568
5302
5330
5446
6089
6478
6595
6661
6572
6718
6066
3478
-859
-3575
-1840
1265
1978
477
-845
-1397
-2282
-3013
-3026
-1918
-515
234
337
584
652
-233
-1748
-2349
-1551
-504
114
152
-295
-1283
-2340
-3053
-3447
-3307
-3021
-2665
-2344
-2057
-2321
-3005
-3371
-3438
-2799
-1893
-832
7
496
623
141
-471
-654
-559
-259
373
772
734
70
-998
-1907
-2273
-2364
-2196
-2024
-1527
-1194
-1357
-1703
-2206
-2090
-1724
-1365
-1062
-595
-259
-531
-1060
-1722
-2022
-1873
-1544
-1109
-681
-365
-641
-951
-1118
-1062
-923
-667
-106
605
1191
1483
1389
1342
1769
2145
2713
3262
3610
3832
4056
4304
4455
4784
5021
5066
5122
5676
6177
6336
6516
6352
6089
6036
6264
5046
1530
-1920
-2096
496
2044
987
-965
-1952
-2401
-2810
-3033
-2409
-1234
-251
-156
-427
-525
-502
-981
-1764
-1457
-331
598
303
-410
-1189
-1946
-2646
-2965
-2894
-2596
-2392
-2435
-2705
-3107
-3354
-3676
-3206
-2597
-1618
-768
-101
74
-85
-304
-647
-463
13
842
1222
1081
786
256
-400
-1159
-1417
-1343
-940
-826
-1153
-1324
-1757
-2021
-2186
-2028
-1423
-999
-880
-826
-845
-979
-1434
-1744
-1411
-1052
-632
-414
-320
-308
-594
-916
-905
-703
-342
-87
110
322
426
774
1100
1349
1512
1796
2272
2781
3134
3342
3810
4344
4650
4668
4501
4539
4933
5597
6018
6235
6438
6521
6228
6186
6518
6761
5113
1211
-1935
-1410
1740
2928
891
-1653
-2500
-2589
-2840
-3189
-2357
-812
75
-224
-993
-1013
-707
-815
-1145
-409
692
1024
426
-462
-1204
-1643
-1960
-2028
-1612
-1477
-1717
-2492
-3176
-3339
-3128
-2735
-2529
-2070
-1297
-726
-583
-919
-1061
-787
-146
538
921
995
783
601
300
-5
-162
-467
-595
-464
-367
-842
-1452
-2011
-2228
-2092
-1674
-1319
-1153
-1137
-1392
-1591
-1665
-1581
-1478
-1381
-1222
-850
-849
-1027
-995
-1149
-1225
-1226
-1039
-717
-637
-485
-368
-342
-93
356
704
837
1041
1378
1884
2486
2752
2870
3156
3254
3308
3534
4101
4345
4527
4690
4921
5235
5502
5661
5761
5794
5870
6436
6230
4212
869
-1241
-447
1491
1987
454
-1308
-2460
-3399
-3982
-3605
-2194
-928
-863
-1477
-1999
-1941
-1352
-1095
-825
-368
219
132
-507
-1102
-1436
-1603
-1889
-1868
-1747
-1913
-2521
-3230
-3527
-3167
-2673
-2314
-2390
-2294
-1844
-1660
-1736
-1749
-1377
-622
24
305
308
1
-332
-214
142
432
349
132
-228
-696
-1024
-1279
-1418
-1402
-1101
-1199
-1489
-1745
-1842
-2026
-2139
-1864
-1623
-1368
-1327
-1268
-1532
-1940
-1769
-1449
-1213
-1006
-1051
-1204
-1292
-1108
-971
-506
-213
179
439
447
603
749
1073
1570
2016
2276
2311
2434
2604
2634
2967
3556
4061
4347
4189
4195
4449
4832
5340
5732
6020
5963
5839
6029
6171
5161
2509
-492
-1024
1080
2601
1396
-1431
-3166
-3993
-4027
-3714
-2862
-1558
-954
-1368
-2369
-2870
-2397
-1368
-686
-184
226
207
-437
-1015
-1384
-1602
-1428
-1124
-1067
-1437
-2071
-2694
-3038
-3031
-2703
-2301
-2028
-1933
-2008
-2135
-2207
-1740
-1321
-867
-391
-68
102
-95
-196
317
893
1263
1275
1065
541
-278
-508
-286
113
98
-260
-886
-1731
-2235
-2390
-2146
-1734
-1434
-1185
-1434
-1770
-2114
-2235
-2128
-1873
-1325
-956
-1011
-1359
-1614
-1562
-1125
-654
-331
-113
14
51
163
440
920
1208
1355
1491
1641
2127
2452
2435
2479
2746
3348
3789
3918
3834
4052
4413
4517
4792
5253
5831
6052
5943
5686
5592
5869
5488
3670
987
-366
614
2138
1750
-417
-2370
-3294
-3365
-3052
-2265
-1376
-1157
-1559
-2379
-2758
-2451
-1385
-459
-180
-341
-727
-1057
-1280
-1167
-990
-708
-484
-818
-1362
-1910
-2341
-2403
-2150
-1726
-1301
-1179
-1735
-2315
-2632
-2507
-2028
-1466
-915
-755
-693
-638
-622
-518
-45
638
1209
1232
867
470
-29
-68
79
327
149
-489
-1036
-1706
-1840
-1574
-1383
-1356
-1616
-1933
-2300
-2543
-2653
-2431
-2181
-1859
-1828
-1771
-1842
-2008
-1860
-1303
-772
-227
-216
-343
-340
-303
186
581
878
917
958
1110
1267
1645
2188
2469
2456
2460
2688
2942
3383
3777
3921
3887
4210
4629
5100
5397
5403
5366
5267
5273
5654
5812
4573
1829
-538
-217
2024
2850
1029
-1748
-3328
-3565
-3309
-2731
-1778
-1168
-1360
-2606
-3590
-3657
-2694
-1434
-817
-754
-1109
-1342
-1551
-1367
-948
-631
-516
-674
-1021
-1271
-1717
-1934
-1987
-1783
-1459
-1587
-1921
-2389
-2820
-2649
-1966
-1488
-1401
-1272
-1292
-1009
-661
-261
404
1032
1318
1223
1190
1072
913
608
412
296
277
-21
-353
-895
-1524
-1623
-1779
-1991
-2169
-2314
-2401
-2610
-2902
-3063
-2945
-2662
-2416
-2163
-2003
-1943
-1933
-1739
-1273
-1067
-812
-681
-451
-282
-111
181
130
210
445
842
1011
1052
1090
1481
2034
2310
2204
2161
2655
3335
3622
3747
3965
4217
4568
4795
4821
4797
4891
5274
5381
5557
5918
5166
2650
34
-153
1881
3171
1792
-962
-2942
-3188
-2576
-2072
-1759
-1656
-1954
-2758
-3521
-3448
-2610
-1363
-744
-732
-950
-1365
-1515
-1210
-724
-161
182
15
-582
-1185
-1585
-1599
-1386
-1219
-1127
-1207
-1569
-2142
-2494
-2362
-1812
-1305
-1092
-1006
-1075
-1029
-598
-213
467
782
944
1013
1038
1064
1126
1327
1433
1270
812
51
-496
-637
-746
-790
-1172
-1638
-2093
-2283
-2222
-2247
-2359
-2410
-2430
-2292
-2222
-2053
-1810
-1642
-1536
-1513
-1408
-1105
-764
-751
-411
-68
173
347
304
523
545
848
1259
1554
1797
1634
1802
2082
2503
2826
3068
3188
3242
3360
3511
3661
3791
4079
4309
4571
4791
4964
5033
5077
5243
5685
6026
5020
2434
282
839
3204
3975
1736
-1301
-2842
-2656
-1949
-1764
-1776
-1879
-2337
-2965
-3588
-3457
-2448
-1434
-747
-840
-1218
-1483
-1326
-847
-299
196
338
-120
-828
-1171
-1295
-1070
-742
-924
-1156
-1379
-1635
-2078
-2294
-2099
-1625
-1286
-1399
-1545
-1776
-1619
-1102
-371
246
535
585
663
634
804
1215
1347
1228
849
415
45
-43
-116
-486
-743
-1094
-1454
-2028
-2289
-2297
-2180
-2280
-2417
-2685
-2871
-2806
-2514
-2059
-1818
-1854
-1943
-1567
-1345
-1081
-949
-754
-592
-355
-56
36
151
208
561
1070
1246
1287
1410
1470
1628
1973
2152
2257
2372
2258
2418
2672
2947
3236
3452
3730
3911
4007
4271
4658
4738
4808
5078
5595
5419
3788
1616
718
2023
3553
3073
678
-1606
-2357
-2124
-1626
-1426
-1477
-1762
-2437
-3066
-3323
-2888
-1954
-1172
-969
-1268
-1729
-1910
-1605
-869
-111
133
-148
-639
-1065
-1132
-1050
-943
-761
-795
-1184
-1700
-2081
-2089
-1908
-1842
-1609
-1553
-1917
-1877
-1597
-1241
-687
-431
-124
56
81
-83
136
384
682
804
769
699
249
-115
-314
-242
-206
-436
-937
-1373
-1836
-2036
-2050
-2038
-2155
-2158
-2278
-2464
-2385
-2248
-2131
-1963
-1975
-2261
-2109
-1815
-1415
-1063
-835
-432
-355
-413
-354
-37
399
746
1065
972
884
1043
1389
1951
2278
2212
1944
1938
2439
3035
3251
3368
3497
3424
3595
3902
4218
4569
4929
4977
4822
5099
5663
5829
4739
2631
1225
1858
3598
3927
1982
-742
-2008
-1626
-858
-482
-776
-1450
-2183
-2592
-2898
-2791
-2075
-1282
-901
-1054
-1594
-2031
-1870
-1168
-368
-49
-314
-921
-1375
-1413
-1138
-751
-575
-862
-1424
-1788
-1836
-1874
-1772
-1480
-1542
-1579
-1667
-1810
-1627
-1427
-1086
-489
-104
35
107
56
340
836
1318
1569
1360
948
630
597
586
570
330
-123
-551
-876
-1100
-1314
-1325
-1366
-1586
-1891
-2245
-2407
-2394
-2188
-1905
-1838
-2057
-2232
-2121
-1888
-1468
-1330
-1316
-1328
-1241
-1057
-678
-476
-162
-70
67
323
640
859
1099
1464
1709
1788
1806
2016
2288
2694
2859
3008
3101
3096
3305
3691
4051
4463
4508
4330
4258
4251
4731
5243
5549
4524
2544
1337
2077
3846
3988
2277
-15
-1028
-799
-289
-203
-551
-822
-1348
-1995
-2640
-2821
-2515
-1746
-1435
-1817
-2443
-2790
-2631
-2075
-1327
-997
-1108
-1620
-2038
-2209
-1814
-1249
-949
-1021
-1296
-1558
-1874
-1926
-1714
-1459
-1200
-1297
-1440
-1825
-1783
-1347
-992
-649
-479
-535
-357
-188
26
483
907
1072
768
585
451
529
793
696
267
-95
-261
-372
-653
-1009
-1090
-1199
-1345
-1751
-2215
-2475
-2374
-2158
-2305
-2370
-2763
-2940
-2674
-2444
-2377
-2287
-2212
-2104
-1726
-1399
-1170
-952
-723
-232
105
419
565
918
1205
1470
1562
1607
1795
1962
2278
2401
2601
2562
2479
2539
2620
2983
3557
3761
3839
3629
3823
4226
4728
5215
5538
5459
4390
2785
2054
2951
4210
3859
1713
-347
-1032
-724
-445
-800
-1527
-2135
-2510
-3016
-3553
-3622
-3115
-2622
-2402
-2729
-3319
-3331
-3004
-2157
-1695
-1515
-1686
-2017
-1961
-1693
-1233
-912
-1026
-1114
-1290
-1428
-1650
-1643
-1430
-1230
-1309
-1684
-1838
-1883
-1601
-1108
-565
-41
-12
-52
-45
175
531
1076
1567
1388
1135
980
1187
1311
1212
1008
561
461
203
-187
-483
-684
-816
-1097
-1554
-1910
-2132
-2197
-2227
-2334
-2421
-2644
-2765
-2808
-2499
-2263
-2192
-1995
-1946
-1751
-1492
-1152
-663
-309
-106
119
427
702
1078
1280
1479
1608
1825
2168
2318
2304
2356
2479
2788
3095
3275
3358
3743
3972
4238
4583
4891
5158
5225
5513
5722
5947
6253
6316
5748
4192
2689
2776
3928
4323
2745
489
-791
-678
-269
-471
-1294
-1961
-2201
-2778
-3198
-3456
-3172
-2734
-2393
-2388
-2836
-2968
-2684
-1994
-1224
-817
-875
-1298
-1498
-1248
-792
-578
-532
-699
-1052
-1106
-1285
-1270
-1100
-789
-660
-1008
-1335
-1486
-1163
-802
-541
-204
-13
154
373
610
900
1304
1683
1745
1410
1246
1207
1331
1209
1048
849
378
-137
-671
-976
-1031
-1046
-1322
-1830
-2365
-2678
-2595
-2547
-2481
-2445
-2668
-2945
-3011
-2685
-2513
-2230
-2007
-1861
-1708
-1581
-1301
-1027
-640
-242
-26
105
152
333
622
992
1219
1426
1746
2125
2360
2424
2523
2866
3365
3577
3673
3831
3819
4062
4491
4493
4366
4476
4817
5024
5043
4961
5225
5595
4910
3193
1766
2039
3254
3741
1874
-448
-1448
-1383
-922
-1183
-1667
-2264
-2544
-2819
-3129
-3085
-2795
-2262
-1962
-2172
-2516
-2653
-2512
-1796
-1102
-752
-994
-1453
-1545
-1442
-952
-668
-678
-940
-1269
-1328
-1287
-1066
-854
-880
-845
-911
-886
-768
-733
-403
-32
90
212
217
272
740
919
900
840
705
677
525
608
486
433
256
44
-289
-718
-966
-1174
-1189
-1239
-1516
-1957
-2225
-2476
-2436
-2370
-2429
-2496
-2692
-2758
-2711
-2553
-2393
-2155
-1965
-2061
-2076
-1902
-1421
-1016
-748
-487
-316
7
166
542
940
1233
1508
1713
1989
2235
2486
2476
2652
2639
2675
2918
3050
3077
2936
2918
3078
3211
3368
3399
3438
3674
3869
3964
3962
3924
4378
4790
4046
2462
1518
2501
3548
3034
1251
-188
-663
-322
-109
-576
-1201
-1658
-1868
-2130
-2492
-2437
-2265
-1945
-1619
-1878
-2297
-2342
-1726
-971
-491
-449
-685
-949
-852
-442
-72
271
140
-215
-411
-443
-576
-522
-447
-431
-361
-533
-795
-914
-856
-733
-471
-316
-445
-404
-125
102
409
600
498
518
554
546
445
244
427
482
349
64
-430
-672
-702
-673
-683
-878
-1091
-1487
-1682
-1820
-1798
-1742
-1717
-1732
-1933
-2073
-1937
-1695
-1576
-1271
-1199
-1168
-1060
-791
-377
-20
237
485
601
799
895
1123
1323
1493
1630
1530
1627
1550
1810
2162
2117
1977
1785
1686
1802
2030
2364
2480
2393
2457
2500
2864
3275
3385
3447
3427
3638
3975
4300
4432
3662
2696
2255
2921
3211
2550
1214
111
-206
-293
-441
-852
-1217
-1656
-1989
-2302
-2432
-2378
-2070
-1757
-1736
-1783
-1847
-1853
-1457
-1142
-640
-572
-662
-680
-754
-622
-676
-612
-563
-564
-784
-978
-1095
-1122
-1242
-1426
-1564
-1713
-1770
-1777
-1827
-1718
-1517
-1394
-1395
-1263
-1104
-965
-574
-285
-38
186
167
185
489
674
884
885
553
444
507
474
238
-20
-327
-492
-678
-1052
-1251
-1547
-1685
-1675
-1889
-1960
-2054
-2066
-1816
-1691
-1775
-1606
-1460
-1328
-1155
-958
-745
-820
-615
-468
-312
-281
-163
-80
43
265
204
355
450
645
690
688
768
827
950
1445
1741
1792
2047
2143
2378
2566
2581
2824
3177
3614
3834
3811
3874
3916
4175
4466
4777
4454
3421
2477
2500
3320
3525
2734
1588
632
329
164
-133
-361
-609
-898
-1324
-1858
-2268
-2163
-2043
-1787
-1703
-1826
-2142
-2132
-1834
-1350
-945
-1052
-1333
-1602
-1458
-1254
-1072
-1101
-1356
-1445
-1641
-1754
-1938
-2011
-2090
-2141
-1874
-1806
-1941
-2058
-1702
-1377
-1055
-868
-804
-554
-400
-218
147
503
680
889
997
1117
1243
1264
1138
1156
1115
1014
901
670
312
268
35
-306
-563
-979
-1177
-1389
-1444
-1510
-1755
-2023
-2113
-2082
-1984
-1950
-1986
-1898
-1751
-1622
-1522
-1458
-1310
-1194
-1092
-952
-829
-723
-430
-68
-5
136
214
307
318
592
770
852
986
984
1204
1320
1432
1706
1874
2099
2394
2614
2849
3016
3243
3659
3997
4260
4287
4386
4518
4703
5028
5357
5114
3958
3066
3080
3531
3319
2384
1515
1080
690
295
-233
-431
-447
-829
-1376
-1743
-1765
-1736
-1743
-1728
-1819
-2024
-2201
-2182
-1875
-1596
-1431
-1423
-1562
-1715
-1522
-1346
-1106
-1054
-1232
-1304
-1329
-1356
-1331
-1371
-1259
-1109
-1171
-1151
-1273
-1254
-1073
-918
-806
-662
-479
-353
-215
-9
145
280
588
766
853
1049
1078
1104
1280
1421
1296
1148
835
688
560
236
138
-205
-647
-1079
-1320
-1597
-1848
-1876
-2033
-2350
-2508
-2420
-2541
-2360
-2368
-2349
-2384
-2368
-2237
-2139
-1879
-1754
-1537
-1562
-1598
-1361
-1098
-810
-581
-507
-457
-383
-141
140
298
555
523
655
704
924
1052
1164
1466
1743
1973
1931
2102
2361
2712
3158
3269
3390
3511
3870
4248
4350
4530
4615
4856
4717
4056
3377
3071
3115
2978
2317
1208
554
202
-227
-498
-819
-1055
-1369
-1828
-2327
-2488
-2456
-2338
-2226
-2162
-2251
-2482
-2565
-2398
-2009
-1722
-1642
-1714
-1899
-1891
-1661
-1383
-1348
-1457
-1477
-1467
-1445
-1515
-1612
-1596
-1468
-1458
-1515
-1637
-1703
-1509
-1228
-995
-873
-758
-522
-292
-61
287
473
807
1131
1284
1427
1633
1845
1994
1968
1763
1618
1524
1399
1145
666
400
13
-249
-576
-1089
-1444
-1766
-2090
-2454
-2618
-2785
-2969
-3020
-2890
-2940
-2976
-2839
-2563
-2607
-2440
-2257
-2065
-1845
-1762
-1585
-1447
-1272
-1350
-1175
-1137
-958
-678
-655
-529
-285
-5
-60
208
503
791
1012
1071
1377
1433
1710
1880
2196
2377
2598
2857
3124
3432
3528
3860
4183
4407
4535
4548
4651
4869
5012
4544
3686
3262
3327
3388
2833
1989
1336
892
385
-240
-705
-808
-1100
-1621
-2080
-2419
-2555
-2679
-2566
-2525
-2460
-2518
-2579
-2637
-2485
-2268
-2088
-1744
-1952
-1985
-1808
-1773
-1605
-1562
-1532
-1301
-1293
-1326
-1271
-1143
-920
-853
-760
-761
-684
-468
-290
-110
111
219
408
676
914
978
1178
1424
1565
1806
1888
2147
2173
2124
2182
2129
2124
2051
1773
1440
1378
1267
987
491
-209
-703
-948
-1365
-1716
-2034
-2434
-2745
-3046
-3061
-3217
-3370
-3261
-3170
-3007
-2924
-2869
-2626
-2368
-2202
-2066
-1860
-1697
-1551
-1269
-1234
-992
-802
-724
-498
-236
35
107
178
378
616
742
902
1069
1252
1425
1724
1975
2162
2267
2352
2421
2725
3049
3364
3517
3648
3644
3714
4084
4082
4136
4231
4185
3948
3978
4003
3563
2820
1971
1852
1879
1416
722
-27
-157
-361
-980
-1579
-1731
-1884
-2037
-2395
-2713
-2830
-2827
-2879
-2818
-2630
-2654
-2659
-2637
-2457
-2113
-1912
-1818
-1592
-1533
-1512
-1354
-1123
-888
-742
-478
-298
-250
-215
-138
-57
152
328
388
532
498
510
367
507
483
631
748
711
712
768
857
761
812
1048
1085
1045
900
918
1019
901
877
819
685
388
121
-168
-260
-523
-894
-1248
-1711
-2007
-2184
-2396
-2833
-3059
-3177
-3250
-3247
-3373
-3391
-3301
-3017
-2842
-2715
-2687
-2434
-2248
-1923
-1534
-1266
-1107
-1088
-782
-498
-226
-46
32
331
561
624
904
1028
1145
1201
1053
1166
1121
1141
1314
1270
1347
1271
1355
1440
1354
1473
1519
1474
1542
1760
1856
2121
2224
2276
2441
2463
2532
2490
2710
2965
3015
2678
2070
1836
1817
1760
1403
649
39
-282
-470
-942
-1426
-1664
-1908
-2065
-2475
-2621
-2574
-2501
-2359
-2205
-1755
-1605
-1739
-1576
-1251
-794
-591
-551
-475
-276
-103
-90
-169
29
144
57
66
-46
-106
-160
-271
-399
-489
-534
-510
-482
-552
-537
-609
-561
-459
-425
-324
-260
-74
-41
59
254
357
350
466
616
774
850
915
836
798
680
697
684
585
461
135
-154
-564
-781
-960
-1037
-1278
-1527
-2053
-2205
-2211
-2257
-2454
-2559
-2333
-2343
-2303
-2167
-1954
-1779
-1516
-1344
-1136
-1067
-878
-739
-321
-109
-104
60
42
170
201
305
373
528
496
575
628
661
794
708
834
896
979
977
982
879
891
1076
1324
1463
1405
1521
1725
1851
2052
2245
2338
2516
2736
2752
2736
2975
3086
3268
3302
3052
2649
2364
2287
2284
2238
1532
897
501
253
74
-216
-554
-902
-1258
-1602
-1770
-1774
-1724
-1784
-1750
-1744
-1616
-1539
-1504
-1343
-1173
-981
-863
-852
-647
-605
-544
-486
-381
-242
-425
-357
-404
-451
-568
-496
-552
-586
-760
-909
-860
-745
-634
-771
-716
-784
-693
-522
-419
-366
-182
-13
222
360
434
545
657
750
902
993
847
904
811
708
628
457
256
89
-152
-375
-617
-926
-1064
-1289
-1354
-1573
-1775
-1889
-2085
-2119
-2005
-2011
-1972
-1894
-1936
-1724
-1571
-1415
-1248
-1163
-1016
-911
-657
-554
-420
-289
-252
-195
-74
37
-70
80
110
21
-39
10
38
-16
122
150
187
16
65
32
170
308
416
516
634
846
821
989
1170
1371
1477
1624
1560
1698
1757
1720
1814
1878
1898
1889
1891
1879
1759
1558
1547
1662
1660
1356
977
765
702
462
437
395
262
-22
-278
-372
-403
-405
-605
-698
-749
-811
-913
-1006
-1022
-992
-1056
-1228
-1239
-1222
-1154
-1239
-1330
-1341
-1312
-1120
-1217
-1324
-1338
-1079
-890
-1010
-955
-1068
-1206
-1341
-1174
-1263
-1192
-1246
-1354
-1264
-1412
-1330
-1414
-1231
-1104
-1049
-886
-723
-430
-539
-359
-35
-32
149
386
484
687
714
783
796
782
824
779
632
400
378
329
237
-169
-515
-576
-707
-790
-924
-980
-1132
-1202
-1133
-1318
-1238
-1256
-1275
-1148
-1145
-1063
-1044
-879
-724
-606
-484
-561
-558
-463
-510
-469
-483
-454
-271
-395
-476
-461
-548
-600
-627
-633
-561
-507
-370
-326
-268
-61
118
340
580
595
888
1268
1465
1641
1878
1961
2180
2433
2597
2734
2836
2964
3104
3054
2935
2839
2806
2634
2624
2635
2447
2203
1860
1692
1442
1243
1096
967
854
533
164
-115
-272
-306
-396
-522
-601
-620
-653
-834
-982
-922
-848
-1015
-1103
-1131
-1167
-1249
-1472
-1497
-1390
-1456
-1470
-1626
-1779
-1750
-1786
-1797
-1808
-1860
-1739
-1668
-1724
-1641
-1491
-1469
-1179
-1022
-866
-699
-533
-336
-79
183
314
375
486
536
668
854
997
1062
1026
1016
1015
1142
1123
1055
1032
1013
1055
980
894
710
515
411
236
-16
-174
-301
-522
-784
-979
-1130
-1206
-1246
-1412
-1632
-1813
-1772
-1821
-2003
-1973
-2009
-2023
-2030
-2015
-1852
-1835
-1802
-1752
-1616
-1539
-1354
-1239
-1022
-992
-910
-671
-618
-469
-494
-446
-286
-167
-35
36
131
318
474
674
772
769
946
1140
1250
1628
1661
1746
1758
1903
2131
2215
2356
2522
2578
2673
2899
2900
2932
2911
2680
2562
2459
2393
2387
2129
1829
1640
1363
1061
818
652
445
233
-52
-415
-547
-744
-936
-1061
-1280
-1293
-1339
-1605
-1655
-1673
-1728
-1762
-1718
-1776
-1804
-1662
-1731
-1727
-1666
-1598
-1493
-1444
-1458
-1366
-1278
-1088
-1148
-1141
-1002
-915
-921
-879
-671
-598
-515
-536
-448
-414
-415
-442
-415
-241
-44
129
238
349
434
546
688
756
723
834
772
825
780
920
973
646
630
468
428
148
69
-149
-465
-611
-765
-934
-1199
-1420
-1625
-1613
-1739
-1808
-1935
-2018
-1925
-1861
-1765
-1847
-1684
-1683
-1588
-1537
-1355
-1280
-1150
-1027
-904
-734
-690
-558
-686
-423
-319
-298
-137
-399
-278
-27
-44
171
102
311
461
315
598
625
874
945
930
1102
1116
1225
1312
1399
1545
1539
1647
1762
1833
1947
1886
2059
2139
2169
2211
2306
2387
2338
2275
2352
2337
2074
1910
1850
1666
1521
1168
1053
865
554
601
496
225
-17
-87
-241
-398
-491
-617
-704
-747
-891
-959
-880
-824
-891
-864
-892
-816
-749
-776
-731
-717
-770
-744
-875
-920
-870
-920
-1017
-1088
-1022
-1017
-994
-1119
-1105
-1098
-935
-806
-644
-499
-422
-297
-189
-20
245
363
441
523
581
794
845
871
893
904
901
940
785
686
711
605
547
470
298
253
203
106
-69
-204
-299
-493
-468
-463
-610
-597
-746
-881
-1031
-1130
-1295
-1373
-1303
-1388
-1433
-1456
-1435
-1574
-1544
-1381
-1480
-1467
-1446
-1391
-1454
-1394
-1281
-1235
-1214
-1264
-1116
-1119
-973
-810
-622
-440
-357
-234
-203
-72
62
121
297
364
503
553
638
726
852
900
1037
1171
1324
1475
1415
1522
1644
1693
1749
1789
1880
1982
2058
2082
2156
2128
2000
1946
1937
1897
1743
1707
1427
1248
1086
910
839
612
509
378
27
-133
-315
-465
-660
-650
-800
-1007
-1116
-1403
-1403
-1562
-1517
-1560
-1440
-1539
-1817
-1691
-1672
-1632
-1546
-1541
-1550
-1405
-1363
-1179
-1144
-1103
-1031
-919
-776
-803
-678
-626
-612
-487
-383
-424
-201
-237
-209
-209
-175
-21
-32
65
73
116
266
479
516
492
541
555
619
591
548
575
640
548
451
290
154
70
8
-44
-260
-272
-369
-451
-613
-841
-937
-1047
-1078
-1196
-1320
-1428
-1566
-1620
-1787
-1832
-1891
-1978
-1951
-1923
-1879
-1838
-1671
-1690
-1585
-1533
-1354
-1262
-1285
-1112
-1028
-930
-782
-747
-681
-636
-501
-368
-327
-31
199
178
44
171
549
707
652
659
573
485
407
570
550
578
639
535
576
611
762
867
895
892
1145
1136
1185
1467
1529
1613
1553
1691
1810
1727
1788
1763
1614
1549
1565
1317
1108
937
796
648
440
377
270
43
-142
-235
-434
-343
-523
-614
-554
-538
-589
-870
-828
-850
-930
-778
-962
-934
-940
-867
-733
-797
-783
-717
-782
-761
-778
-972
-882
-847
-794
-772
-811
-761
-759
-691
-551
-489
-605
-499
-301
-303
-240
-120
-88
-98
-69
-24
98
106
188
332
354
397
459
473
491
573
711
741
685
775
778
681
619
617
595
522
341
192
30
-112
-303
-448
-589
-773
-955
-1144
-1176
-1268
-1330
-1404
-1406
-1399
-1473
-1468
-1322
-1211
-1040
-1067
-1160
-1115
-1053
-732
-624
-555
-589
-550
-550
-447
-498
-512
-508
-624
-557
-586
-552
-581
-438
-416
-379
-480
-395
-157
-137
-130
-49
102
146
280
373
390
375
539
589
816
720
674
744
745
815
885
907
966
871
841
978
843
858
872
898
867
873
638
488
486
551
529
481
499
377
331
373
414
449
360
83
57
-39
-39
-119
-203
-296
-369
-424
-358
-366
-510
-642
-667
-525
-621
-599
-511
-811
-923
-823
-748
-799
-875
-1003
-1095
-1114
-1092
-1028
-1124
-1060
-1003
-970
-1015
-919
-872
-750
-784
-701
-606
-523
-580
-568
-495
-458
-290
-227
-308
-306
-248
-291
-188
-154
-142
-123
-29
-97
-27
-109
29
152
98
156
145
210
-58
-44
-5
-11
-38
-200
-126
-229
-392
-483
-522
-542
-649
-693
-741
-794
-893
-894
-816
-1033
-1141
-1187
-1100
-1049
-1175
-1045
-1076
-1143
-1055
-1272
-1233
-1160
-1203
-1197
-1132
-1127
-1073
-1062
-1031
-897
-1045
-863
-761
-769
-771
-750
-667
-516
-453
-354
-398
-225
-89
-82
17
220
452
557
566
623
823
719
914
907
1072
1087
1151
1226
1224
1157
1015
1003
1026
1133
1144
1114
1051
1168
1109
949
920
747
809
957
903
728
604
607
469
408
281
169
97
-70
-342
-390
-543
-557
-626
-736
-825
-834
-814
-861
-910
-758
-665
-601
-571
-560
-434
-359
-402
-380
-267
-119
-156
-322
-204
-307
-248
-273
-266
-240
-181
-109
-167
-52
-84
-138
-122
-115
-64
-43
175
187
274
223
202
362
469
484
351
278
187
153
267
174
105
196
129
23
-136
-66
-71
-212
-256
-229
-384
-276
-384
-510
-506
-618
-562
-653
-676
-561
-756
-760
-633
-740
-660
-565
-562
-582
-639
-521
-370
-339
-328
-308
-244
-195
-189
-237
-57
-10
-138
-185
-153
-47
69
86
85
124
45
-36
79
21
-17
-5
-66
-11
-33
-59
-101
-60
-37
-108
-138
-247
-159
-98
-95
-91
15
-2
-4
-133
-194
-63
46
94
137
211
134
292
370
437
572
688
808
827
972
990
997
1011
1022
1000
942
1004
1028
850
878
792
684
609
450
349
253
183
184
168
-22
7
-182
-181
-232
-125
-231
-292
-192
-199
-148
-305
-371
-332
-388
-468
-583
-711
-684
-709
-730
-976
-1008
-1029
-1174
-1226
-1459
-1472
-1448
-1181
-1413
-1336
-1238
-1283
-1215
-1148
-976
-934
-801
-708
-551
-452
-309
-184
29
135
148
323
313
225
344
460
508
521
526
495
441
429
353
366
356
362
306
144
206
167
276
231
62
-6
-91
-154
-191
-140
-287
-331
-379
-486
-440
-367
-514
-651
-628
-730
-751
-649
-748
-837
-822
-908
-915
-804
-779
-827
-821
-781
-878
-1063
-990
-984
-943
-879
-786
-723
-814
-691
-581
-536
-479
-356
-277
-305
-139
104
-62
-16
326
203
345
435
635
561
734
915
761
1083
1185
1342
1305
1270
1207
1148
1082
976
1002
979
912
790
782
714
603
513
450
366
187
121
183
178
247
239
52
56
-69
0
-13
-25
-66
-217
-342
-268
-231
-385
-331
-358
-414
-478
-316
-384
-498
-440
-637
-585
-349
-286
-369
-492
-569
-515
-531
-649
-598
-519
-499
-523
-498
-552
-495
-332
-342
-380
-200
-126
33
92
189
203
197
503
423
566
517
472
566
493
492
409
399
405
393
410
443
310
139
54
62
62
60
60
16
128
181
143
138
128
208
290
248
286
258
348
331
383
348
145
102
91
61
51
-45
57
-3
-99
-15
-153
-212
-198
-134
-174
-146
-176
-241
-243
-168
-111
-86
26
-144
-73
-97
-141
-106
16
14
-13
48
7
52
-125
-99
-51
-127
-68
51
137
55
151
304
199
234
309
350
432
477
529
733
622
523
636
634
727
832
755
785
788
691
651
664
724
762
744
588
635
586
465
502
500
625
601
546
425
424
424
276
267
223
222
185
80
-24
-139
-88
-145
-353
-506
-441
-494
-656
-792
-768
-858
-959
-923
-1091
-1112
-1144
-1147
-1170
-1197
-1204
-1189
-1113
-1035
-987
-959
-877
-717
-747
-750
-561
-623
-495
-294
-376
-188
-95
-33
138
267
263
454
455
488
529
561
667
570
505
436
354
494
454
459
463
404
465
431
435
427
312
337
444
320
306
329
321
280
252
187
11
-94
-92
-109
-139
-245
-305
-434
-425
-447
-548
-560
-466
-369
-288
-178
-146
-98
40
85
82
216
367
416
546
601
612
735
679
677
650
718
810
789
751
767
940
967
828
741
851
732
711
844
622
626
723
674
597
338
351
452
217
150
112
289
159
-31
-191
-108
1
-131
-156
-305
-401
-418
-552
-661
-629
-793
-718
-813
-914
-844
-930
-887
-965
-961
-842
-758
-694
-746
-663
-615
-580
-489
-326
-243
-322
-281
-168
-104
-66
10
61
132
149
207
262
249
395
412
372
406
590
619
677
791
723
701
548
609
626
732
664
600
511
489
610
466
576
504
421
334
238
196
94
10
3
-74
-143
-65
-117
-144
-94
-149
-195
-125
-136
-304
-300
-365
-378
-390
-388
-436
-349
-334
-452
-380
-438
-432
-462
-392
-356
-422
-276
-219
-39
-45
-65
77
9
-60
35
59
10
149
138
106
99
190
288
318
316
310
402
405
487
311
339
392
384
335
348
341
244
426
279
227
132
196
168
57
114
-83
-57
-57
-157
-126
-123
-164
-146
-130
-178
-112
-89
-147
-196
-126
-198
-154
-126
-68
-245
-308
-223
-245
-161
-267
-359
-366
-269
-222
-300
-284
-193
-81
-65
-38
-89
-80
31
91
178
189
244
212
304
414
396
523
457
445
542
377
327
361
281
379
426
339
325
373
277
106
67
174
162
210
356
366
373
412
431
287
305
154
150
167
19
34
35
-74
-116
-183
-222
-201
-338
-417
-347
-295
-439
-426
-577
-516
-499
-504
-436
-483
-415
-400
-301
-342
-281
-411
-370
-270
-275
-176
-180
-136
-100
-110
-33
-19
-35
10
30
14
36
95
244
151
35
117
142
66
108
328
215
165
234
226
187
116
9
3
45
-97
-125
-53
-127
-174
-237
-207
-212
-250
-201
-222
-318
-256
-182
-252
-195
-332
-319
-169
-124
-266
-427
-417
-324
-270
-266
-371
-306
-200
-279
-118
-201
-79
-31
-6
-121
-16
-6
-104
-7
4
-18
-27
113
142
159
177
372
392
244
227
323
415
390
494
537
575
650
494
433
537
434
435
239
246
330
261
282
188
223
27
78
-25
-149
15
-15
15
45
1
19
-45
34
20
-41
-39
3
83
76
124
159
201
163
145
70
75
65
29
9
71
50
5
62
46
73
-68
-74
-15
-9
112
145
167
288
208
132
215
387
456
422
512
433
452
410
400
391
389
471
424
409
409
316
128
116
19
-50
28
-98
-90
-45
-124
-198
-277
-233
-203
-127
-187
-236
-244
-191
-14
3
-142
-209
-249
-162
-145
-241
-283
-268
-366
-409
-383
-375
-269
-405
-270
-369
-271
-172
-146
-15
-30
-82
32
166
131
247
207
261
334
343
450
333
383
359
403
366
338
334
329
250
244
368
266
229
139
129
185
156
82
-48
67
