306
137
243
212
140
81
-4
-11
94
68
-110
245
-115
130
-219
173
-81
54
318
-200
27
162
-229
-29
15
-36
40
-42
89
-97
12
-2
87
35
35
18
-88
-26
-99
-11
35
-15
56
115
69
98
85
66
142
44
113
147
96
102
-33
109
255
306
231
59
52
90
92
-81
-84
-78
-50
-5
-63
72
12
189
211
145
228
134
285
187
24
-10
129
-31
-32
-86
-39
-144
-241
-131
-213
-220
-173
-139
-89
-127
-106
-294
-229
-238
-366
-337
-509
-500
-530
-484
-431
-421
-602
-532
-402
-418
-518
-378
-145
-186
-96
23
-61
-92
-237
-277
-301
-153
-42
-236
-129
-164
-251
-368
-244
-306
-553
-282
-195
-205
-289
-220
-332
-279
-240
-204
-376
-313
-201
-106
97
-89
-95
53
52
9
14
39
48
-50
-81
20
-188
99
63
-71
55
-36
253
128
82
92
121
145
66
174
97
-79
-48
-38
133
173
19
312
297
201
235
209
279
424
416
445
265
324
297
359
305
262
339
243
270
222
219
321
335
273
220
196
152
192
361
265
155
242
323
391
492
526
590
360
367
585
699
601
332
320
432
302
278
304
442
457
422
281
437
555
440
482
351
488
359
264
287
342
285
271
299
326
346
347
315
306
314
285
222
212
275
215
189
195
233
249
258
205
165
164
209
149
69
208
159
187
185
243
264
175
90
126
212
321
398
224
178
213
135
45
-38
32
34
81
106
77
136
85
149
66
-6
104
235
155
69
120
153
125
242
303
317
339
389
203
218
274
230
219
157
94
219
243
165
198
170
86
184
200
46
159
-38
186
120
183
131
-28
154
106
100
-51
42
99
-32
151
19
-117
128
58
-101
-72
-27
-165
-111
84
68
33
122
69
51
-4
11
54
-19
16
-34
13
81
62
42
48
47
-35
29
70
35
82
63
-26
-17
-68
-11
-70
-82
-112
-162
-6
172
166
38
-77
21
79
100
95
-12
58
68
81
53
-21
34
27
145
-69
-13
5
-12
-6
-67
30
-63
48
-64
-90
-53
-225
-291
-351
-187
-102
-124
-59
-68
-113
-44
6
-220
-171
-266
-280
-343
-381
-274
-422
-425
-410
-357
-497
-444
-417
-495
-400
-127
-144
-84
-62
-93
-143
-107
28
-20
-66
-91
10
-99
-126
-78
-203
-162
-161
-496
-361
-274
-294
-263
-321
-309
-282
-252
-85
-180
-207
20
-58
3
-30
150
35
88
142
109
118
70
246
57
212
118
11
272
335
384
288
227
291
69
131
202
17
203
115
129
260
305
9
115
254
74
168
37
24
98
283
227
426
342
349
441
353
269
259
289
175
306
242
330
273
334
361
260
393
205
247
290
239
240
202
252
379
511
588
591
558
541
279
316
605
745
474
212
343
386
279
274
214
380
282
116
271
272
342
350
441
326
430
363
319
375
286
214
246
296
295
304
289
306
253
285
255
231
201
250
239
175
151
244
151
181
171
33
6
-56
47
101
151
-61
97
-69
-122
16
-26
55
48
215
296
251
-14
76
108
7
-51
-36
-17
30
50
56
205
-1
-10
30
-49
66
10
-20
5
33
-2
35
-4
1
74
53
52
-4
87
93
103
149
-31
12
186
192
34
128
197
155
114
100
247
148
136
138
9
59
34
-12
183
124
9
10
-32
291
-1
-55
45
-2
216
-4
68
103
-156
-51
7
-62
-272
-113
21
-90
-105
-64
-80
5
-9
-78
-115
-76
1
44
81
29
116
-29
37
87
184
49
149
199
52
123
93
111
60
-6
-87
-122
95
213
160
144
97
41
176
75
7
-56
-19
30
-102
-61
-43
41
-79
-101
20
-17
104
-55
23
75
167
141
10
72
154
98
-277
-223
-186
-309
-204
-193
-217
-167
-109
-269
-170
-169
-298
-307
-362
-241
-335
-393
-382
-470
-469
-428
-509
-590
-633
-590
-431
-232
-229
-194
-97
-191
-247
-247
-177
-155
-243
-300
-336
-215
-255
-390
-269
-264
-388
-510
-380
-296
-303
-292
-245
-308
-381
-213
-293
-285
-334
-132
41
-48
164
-17
87
-38
158
62
222
104
-37
128
46
265
229
107
87
155
133
198
335
174
243
-34
-10
141
57
156
-50
-15
47
72
32
94
159
290
69
226
285
251
318
409
168
122
353
256
155
93
199
225
208
343
208
223
174
155
276
135
232
289
145
119
217
463
370
467
503
443
612
471
247
276
630
661
394
291
319
301
208
169
229
459
450
273
362
426
539
398
360
326
253
224
193
268
147
96
160
154
159
278
245
248
240
140
152
220
128
-17
-57
102
44
150
28
-84
-112
-70
-60
-182
-213
-80
-82
-190
-72
-167
-164
-224
-217
-148
110
287
124
-10
-67
30
62
-190
-144
-128
-152
-57
-175
-117
-202
-139
-81
-149
-217
-292
-169
-150
-277
-299
-262
-314
-250
-280
-243
-163
-210
-215
-100
-123
-165
-300
-173
-66
-120
-25
-45
174
-77
-288
-145
-292
-257
-256
-203
-159
-93
-409
-369
-188
-215
-42
-248
-355
-288
-238
-139
-59
-103
-148
-253
-112
-208
-79
-102
-380
-310
-399
-259
-149
-204
-214
-182
-344
-232
-201
-229
-312
-200
-126
-200
-192
-172
-194
-241
-259
-235
-171
-120
-32
-112
-169
-115
19
23
-18
-145
-78
-38
-158
14
85
29
-117
-50
164
72
72
-74
21
-36
-84
-15
8
16
-29
-87
-16
12
-124
-97
16
-123
-163
-10
-87
-86
-232
-193
-197
-316
-238
-155
-192
-358
-179
-135
-233
-181
-297
-316
-306
-229
-369
-369
-380
-290
-287
-506
-508
-561
-630
-545
-491
-657
-594
-409
-207
-304
-197
-217
-253
-205
-381
-396
-442
-351
-363
-341
-353
-430
-442
-407
-446
-690
-666
-449
-492
-661
-616
-596
-480
-594
-540
-424
-431
-448
-301
-223
-256
-224
-173
-156
-194
-230
-55
-14
-66
-241
-212
-238
-157
-69
-170
-60
-141
-114
-33
21
-42
67
-62
-12
8
40
-127
-213
-64
-43
-134
-91
89
-85
-6
-61
1
88
29
-126
161
89
44
46
77
85
-126
13
27
-37
-68
67
27
-12
93
139
69
-29
-7
67
170
102
273
344
288
500
441
403
299
166
119
513
490
198
66
33
142
74
112
-12
43
9
-127
16
181
64
43
22
40
-39
-53
-69
-110
6
-207
-115
48
-103
-344
-165
-90
-143
-148
-234
-106
-218
-144
-202
-184
-104
-127
-67
-175
-205
-350
-235
-194
-293
-221
-349
-199
-244
-269
-231
-203
-209
-156
-76
-97
1
-115
-29
9
-46
-93
-147
-62
-71
-47
24
28
-83
-171
-70
-148
-64
-123
-90
-35
-21
-8
-131
-46
-26
-78
-101
-190
-213
-150
-107
-198
-221
-200
-196
-75
-177
-248
-175
-282
-331
-184
-260
-152
-82
-46
-160
-169
-146
-304
-247
-389
-404
-505
-389
-530
-468
-364
-319
-311
-336
-289
-290
-279
-266
-259
-466
-290
-446
-484
-411
-451
-451
-430
-399
-536
-555
-491
-565
-552
-506
-463
-494
-365
-408
-432
-326
-381
-344
-420
-377
-442
-402
-342
-299
-282
-403
-409
-361
-394
-416
-416
-263
-156
-167
-299
-241
-251
-210
-332
-353
-300
-254
-135
-152
11
-189
-146
-45
-40
20
64
182
132
148
186
282
253
164
116
210
52
-69
25
61
90
105
66
44
111
3
-22
-135
-81
-143
-163
-208
-270
-238
-332
-480
-529
-497
-605
-608
-707
-729
-626
-416
-422
-492
-382
-430
-441
-484
-533
-558
-479
-456
-504
-532
-695
-708
-750
-644
-797
-1052
-885
-751
-701
-754
-786
-735
-764
-742
-704
-816
-709
-806
-669
-682
-618
-547
-566
-531
-679
-536
-527
-646
-654
-613
-594
-720
-723
-501
-665
-777
-685
-738
-505
-467
-356
-436
-639
-291
-313
-210
-286
-455
-257
-363
-425
-314
-339
-81
54
4
108
169
125
325
445
358
411
435
435
415
353
490
472
501
578
530
542
606
654
586
542
562
723
732
743
836
961
1091
1206
1211
1285
1322
1130
1113
1162
1505
1389
1237
1244
1345
1281
1202
1216
1150
1240
1137
951
1027
1007
1002
1012
900
871
678
602
504
363
376
145
189
175
-16
116
-84
-89
-183
-244
-367
-434
-500
-468
-422
-515
-634
-698
-649
-825
-916
-872
-770
-858
-931
-884
-978
-988
-1053
-1015
-1084
-1144
-1260
-1207
-955
-928
-1029
-1092
-1148
-1186
-1261
-1235
-1199
-1218
-1104
-1082
-1077
-962
-1020
-1007
-1033
-1016
-849
-726
-681
-621
-678
-656
-648
-651
-489
-438
-367
-429
-207
-227
-159
-96
-138
61
-70
-21
233
49
159
288
335
348
541
471
422
486
517
676
726
549
687
710
973
952
967
1051
1074
1313
1150
1188
1151
1229
1169
1094
1168
1271
1281
1028
983
1104
903
969
839
734
600
446
486
438
190
157
157
28
6
-122
-126
-317
-371
-302
-334
-490
-422
-470
-617
-642
-568
-458
-543
-593
-633
-649
-818
-754
-550
-548
-646
-800
-667
-514
-612
-632
-789
-667
-585
-608
-743
-784
-696
-758
-698
-795
-785
-827
-862
-909
-905
-803
-896
-825
-1016
-1020
-966
-1251
-1264
-1190
-1089
-1196
-1116
-1076
-922
-888
-1023
-916
-967
-898
-946
-947
-933
-868
-849
-792
-761
-698
-640
-607
-461
-523
-489
-535
-206
-45
-24
160
319
285
204
277
186
271
384
351
477
421
277
224
355
346
214
487
667
618
639
641
671
826
769
835
963
1054
1127
1149
1233
1349
1392
1374
1532
1338
1311
1143
1164
1202
971
962
952
648
538
531
337
240
106
133
233
178
-223
-308
-367
-218
-233
-289
-406
-580
-787
-615
-436
-530
-468
-533
-631
-756
-744
-561
-723
-625
-623
-719
-726
-710
-594
-657
-678
-699
-675
-747
-711
-655
-770
-774
-727
-773
-805
-845
-869
-750
-713
-610
-513
-451
-388
-361
-498
-674
-656
-643
-307
-555
-755
-743
-603
-639
-682
-735
-627
-568
-736
-518
-627
-502
-456
-343
-285
-329
-198
-264
-106
-87
77
119
55
232
167
237
333
322
304
432
457
460
502
500
413
461
456
539
597
611
523
518
547
578
653
650
786
803
732
733
749
829
1009
1209
1338
1317
1310
1368
1342
1245
1122
1075
1200
1198
1012
933
936
693
472
481
554
397
290
184
104
51
-127
-205
-341
-303
-447
-367
-274
-327
-533
-641
-649
-762
-658
-701
-653
-789
-881
-783
-669
-583
-748
-771
-777
-712
-780
-823
-1004
-670
-676
-762
-676
-780
-775
-505
-695
-718
-787
-757
-539
-760
-738
-513
-670
-664
-709
-953
-910
-885
-949
-947
-1093
-828
-770
-926
-910
-1091
-1090
-1134
-1127
-1032
-1085
-1082
-1022
-926
-887
-955
-913
-799
-743
-679
-603
-599
-527
-402
-440
-307
-341
-349
-236
-342
-376
-112
70
91
69
101
279
294
368
355
259
203
347
386
406
435
500
615
619
612
647
743
655
842
865
801
936
1001
1023
1148
1156
943
968
1299
1317
1178
1111
886
1051
1091
946
921
775
641
379
210
105
-3
-98
-157
-372
-571
-707
-745
-659
-995
-1166
-892
-582
-758
-749
-669
-840
-827
-907
-861
-823
-832
-865
-856
-936
-960
-990
-991
-961
-1155
-1180
-939
-924
-1133
-1209
-1168
-1157
-1095
-1008
-1126
-956
-990
-939
-823
-861
-839
-862
-753
-870
-876
-864
-928
-1071
-934
-943
-984
-968
-1194
-982
-984
-1073
-1217
-1096
-950
-1000
-1135
-1144
-1082
-1031
-916
-958
-911
-961
-834
-609
-616
-516
-371
-341
-494
-335
-379
-195
-72
-41
162
140
255
217
123
226
373
489
526
480
422
449
528
612
695
647
588
672
791
958
901
945
1082
1167
1248
1428
1555
1500
1370
1510
1961
1925
1907
1599
1777
1855
1769
1559
1380
1601
1488
1455
1255
1440
1333
1053
962
1110
890
697
685
433
430
110
120
137
-137
-180
-284
-365
-266
-396
-508
-657
-670
-671
-713
-685
-667
-686
-784
-839
-979
-931
-866
-1048
-1005
-923
-1001
-995
-1036
-1110
-1091
-1209
-1065
-1114
-1034
-953
-1024
-885
-949
-1028
-1119
-1255
-1332
-1276
-1244
-1285
-1231
-1222
-1211
-1279
-1367
-1301
-1275
-1316
-1225
-1325
-1340
-1315
-1337
-1308
-1298
-1159
-1146
-1123
-1119
-1067
-959
-922
-743
-774
-831
-574
-594
-390
-241
-244
-192
-264
-223
-20
92
-23
18
-117
81
158
193
279
382
462
340
486
358
366
596
723
796
729
668
753
788
877
1210
1038
905
1243
1143
1242
1290
1399
1555
1311
1275
1395
1545
1528
1435
1210
1204
1303
1364
1083
992
1020
751
526
507
491
359
191
50
110
-8
-220
-382
-330
-558
-748
-636
-598
-612
-752
-971
-985
-895
-779
-994
-1057
-893
-933
-1058
-1074
-1017
-1029
-955
-999
-981
-941
-965
-1032
-1025
-1057
-1176
-1161
-1070
-1199
-1111
-1183
-1345
-1283
-1369
-1365
-1437
-1252
-1194
-1221
-1314
-1286
-1221
-1396
-1466
-1472
-1515
-1516
-1604
-1681
-1624
-1576
-1639
-1765
-1635
-1523
-1618
-1585
-1325
-1172
-1174
-1049
-969
-841
-782
-825
-792
-502
-453
-442
-378
-355
-430
-429
-316
-237
-386
-196
30
-210
-33
-9
34
90
138
67
200
306
501
759
685
698
848
904
941
888
806
1029
1022
1284
1268
1142
1150
1063
1253
1373
1419
1594
1562
1403
1609
1654
1648
1087
1205
1517
1490
1428
1284
1200
809
701
689
749
364
191
394
198
86
22
-20
-49
-205
-300
-308
-244
-367
-437
-416
-587
-619
-695
-544
-655
-657
-739
-772
-680
-731
-516
-713
-759
-601
-444
-517
-600
-476
-479
-487
-542
-737
-473
-241
-370
-817
-870
-855
-820
-755
-907
-657
-756
-816
-933
-739
-780
-879
-705
-798
-825
-892
-783
-946
-1042
-887
-1034
-1050
-928
-954
-839
-843
-859
-673
-741
-745
-569
-588
-452
-471
-453
-297
-331
-315
-225
-116
-107
-185
-98
-51
61
98
127
163
166
203
180
161
268
494
599
664
593
633
707
673
719
699
655
794
795
828
874
945
1033
1113
1124
1159
1288
1339
1285
1280
1261
1326
1505
1436
1312
1106
1155
1180
1102
1019
991
832
694
665
719
409
240
227
112
-11
-166
-192
-314
-382
-590
-533
-466
-523
-567
-792
-844
-877
-977
-907
-1157
-1030
-930
-962
-1078
-1114
-1021
-1200
-1266
-1164
-1133
-1175
-1056
-1258
-1214
-1154
-912
-925
-978
-1017
-1168
-1220
-1037
-1071
-1085
-1095
-1131
-1218
-1102
-1111
-1122
-1166
-1197
-1161
-1148
-1076
-1238
-1251
-1185
-1159
-1258
-1318
-1223
-1144
-1236
-1223
-1145
-1082
-882
-925
-966
-890
-744
-526
-608
-617
-554
-366
-301
-241
-121
-224
-94
32
115
148
62
51
208
229
212
305
378
306
321
443
288
154
264
366
505
532
606
629
708
611
630
747
707
768
756
734
736
900
982
997
966
954
846
929
1186
1031
680
659
1050
1201
1092
951
945
880
479
472
635
550
267
183
190
-22
-285
-154
-297
-661
-712
-736
-574
-657
-716
-855
-948
-1030
-1058
-963
-1021
-981
-945
-923
-820
-932
-848
-807
-931
-801
-913
-937
-939
-1022
-1041
-1119
-987
-917
-942
-883
-1021
-1112
-997
-790
-1007
-917
-1079
-1063
-801
-780
-739
-989
-1028
-986
-867
-815
-943
-871
-894
-884
-754
-852
-827
-639
-615
-610
-640
-708
-530
-437
-409
-601
-347
-198
-225
-251
-160
-140
-39
140
153
245
170
207
323
468
521
662
685
832
825
918
788
828
944
1106
1158
869
913
1010
1133
998
1243
1278
1342
1296
1364
1445
1504
1668
1634
1767
1700
1797
1721
1882
1821
1748
1689
1796
2012
1949
1640
1539
1723
1726
1527
1396
1379
1051
797
866
926
767
624
554
438
255
68
-61
-59
-366
-455
-500
-602
-560
-622
-753
-898
-864
-854
-664
-637
-728
-819
-936
-870
-906
-876
-959
-963
-827
-793
-787
-888
-908
-1001
-935
-1058
-1040
-875
-829
-900
-1011
-1147
-1093
-951
-888
-985
-977
-890
-1004
-979
-1093
-991
-1048
-1026
-859
-978
-918
-1114
-1042
-942
-1023
-1087
-1088
-917
-945
-938
-1044
-862
-803
-772
-826
-674
-540
-580
-462
-485
-524
-333
2
-83
-64
-106
-14
133
63
428
349
352
491
500
629
651
743
717
606
729
850
764
803
927
914
866
1137
1160
1047
1056
1166
1075
1130
1118
1180
1218
1281
1450
1468
1447
1364
1458
1584
1678
1648
1567
1420
1591
1593
1499
1389
1389
1288
891
827
800
900
609
453
453
309
201
3
18
-185
-276
-479
-331
-245
-366
-406
-651
-804
-731
-669
-813
-892
-833
-779
-776
-828
-860
-756
-1036
-995
-914
-962
-1080
-1113
-1147
-1185
-1308
-1332
-1334
-1254
-1367
-1387
-1399
-1245
-1195
-1436
-1392
-1177
-929
-918
-823
-878
-911
-854
-876
-764
-790
-853
-819
-866
-950
-1055
-1008
-893
-1006
-1151
-1067
-1009
-978
-953
-884
-939
-643
-513
-572
-487
-501
-341
-166
-30
161
138
303
233
315
440
592
626
485
685
668
796
828
812
732
901
916
975
1231
1212
1370
1233
1380
1372
1257
1223
970
1076
1158
1150
1348
1300
1271
1229
1506
1781
1593
1694
1637
1726
1936
1897
2015
1813
1589
1634
1866
1865
1691
1651
1641
1393
1036
1109
1150
794
741
703
532
370
236
320
249
66
82
70
125
182
-100
-417
-345
38
-91
-433
-452
-254
-399
-387
-521
-337
-412
-585
-564
-607
-452
-500
-545
-661
-550
-616
-749
-643
-691
-632
-734
-699
-683
-767
-800
-716
-785
-775
-580
-682
-686
-704
-709
-773
-647
-570
-658
-770
-854
-792
-847
-812
-909
-910
-877
-791
-766
-785
-662
-698
-703
-684
-443
-287
-260
-100
-119
-107
-158
-210
-78
-93
-64
101
258
330
396
275
309
353
398
424
525
587
576
600
708
639
695
721
929
926
921
1010
1035
1086
953
981
1036
1009
1108
1277
1184
1241
1328
1408
1604
1617
1465
1571
1567
1835
1584
1408
1569
1477
1357
1370
1420
1195
923
784
1004
934
843
563
567
428
410
187
188
30
-176
-233
-393
-79
-246
-341
-397
-603
-645
-553
-592
-765
-745
-649
-728
-570
-598
-721
-806
-905
-867
-854
-848
-906
-923
-1029
-1066
-966
-1066
-1043
-991
-941
-994
-1081
-937
-864
-801
-937
-932
-945
-800
-785
-838
-832
-853
-817
-759
-780
-796
-823
-745
-793
-813
-844
-907
-689
-655
-777
-708
-596
-659
-587
-574
-368
-585
-673
-419
-439
-299
-194
-170
-59
-65
99
115
135
155
208
275
209
191
252
305
163
91
201
229
348
401
458
453
676
903
800
991
951
973
857
874
1072
1004
1011
1067
1052
1050
1112
1092
1142
983
946
1262
1456
1426
1280
1070
1047
1274
1256
1161
1078
1060
871
796
976
971
754
538
511
555
451
213
225
-39
-479
-357
-379
-496
-383
-390
-469
-610
-524
-583
-626
-616
-620
-584
-592
-579
-718
-861
-931
-881
-986
-720
-719
-815
-848
-872
-713
-747
-1125
-1299
-994
-614
-646
-807
-641
-449
-576
-760
-619
-711
-473
-552
-612
-401
-506
-725
-789
-716
-637
-710
-648
-513
-452
-478
-559
-411
-333
-232
-227
-353
-87
66
179
-83
-193
-97
17
58
259
469
305
419
304
521
579
655
776
886
945
850
991
927
968
866
937
1089
1176
1086
1034
1077
1191
1227
997
1235
1435
1433
1470
1452
1660
1689
1548
1726
1924
2013
2105
2161
2380
2338
2232
2158
2301
2390
1808
1063
989
1645
1592
988
903
1181
583
-287
-505
-207
-337
-931
-841
-393
-520
-1100
-1302
-1173
-1109
-1036
-1010
-869
-749
-596
-641
-996
-983
-745
-684
-659
-545
-286
-197
-546
-720
-738
-682
-593
-606
-363
-438
-608
-858
-1046
-1209
-1087
-1071
-1236
-1370
-1510
-1259
-1292
-1421
-1461
-1303
-1365
-1650
-1442
-1318
-1253
-1288
-1352
-1221
-1208
-1051
-904
-1002
-786
-753
-685
-862
-874
-818
-777
-544
-700
-602
-525
-499
-436
-598
-589
-474
-426
-333
-296
-257
-115
57
-39
162
243
350
469
465
556
758
808
795
956
1239
1436
1351
1347
1556
1650
1428
1496
1816
2006
1800
1831
2036
2185
2205
2326
2230
2377
2623
2798
2942
2892
3159
3180
3141
2978
2746
2927
2637
1489
265
610
1571
1292
172
-187
-50
-710
-1556
-1598
-1349
-1388
-1507
-1269
-908
-1113
-1507
-1823
-1802
-1405
-856
-621
-843
-831
-424
-646
-859
-769
-382
-119
-288
-80
-177
-515
-693
-579
-374
-412
-564
-691
-823
-969
-1104
-1166
-1313
-1365
-1235
-1073
-1190
-1368
-1429
-1797
-1869
-1311
-1258
-1574
-1660
-1443
-1194
-1354
-1275
-1376
-1379
-1061
-834
-839
-1027
-1062
-994
-1054
-1031
-964
-1148
-1067
-980
-842
-1102
-1179
-1123
-1024
-930
-734
-828
-819
-688
-489
-205
-205
-245
-404
-103
245
321
349
346
316
462
649
894
967
992
1259
1402
1510
1651
1860
1919
1974
1965
2035
1990
2001
2166
2073
2176
2117
2185
2362
2537
2599
2587
2828
2910
3010
3176
3494
3764
3720
3384
3328
3511
2874
1286
325
1194
1884
1343
352
333
209
-688
-1406
-1275
-1102
-1000
-930
-769
-593
-765
-1132
-1396
-1185
-440
209
186
15
185
520
269
15
290
430
604
680
614
584
258
-39
-171
-198
-166
-272
-441
-656
-874
-897
-1009
-1085
-1101
-989
-975
-964
-1136
-1169
-1241
-1242
-1163
-1110
-881
-866
-847
-1050
-975
-892
-990
-1042
-1007
-879
-830
-928
-1173
-1179
-1364
-1358
-1151
-1028
-1075
-1024
-1046
-1129
-1190
-1158
-1206
-1159
-992
-795
-634
-500
-553
-443
-291
-341
-177
-156
-165
-16
197
419
416
278
413
645
814
877
1203
1224
1262
1541
1548
1490
1514
1459
1546
1838
1525
1523
1547
1558
1532
1500
1648
1690
1875
2093
2149
2381
2338
2724
2976
2862
3006
3288
3554
3223
2895
3056
2416
794
-190
557
1560
821
-386
-650
-280
-810
-1872
-2037
-1659
-1311
-1278
-1030
-1010
-1059
-1332
-1699
-1547
-898
-287
-142
-46
186
380
115
-37
-259
-140
207
575
476
90
-182
-206
-223
-577
-452
-618
-638
-896
-1102
-1023
-1168
-1088
-1335
-1148
-1070
-913
-860
-881
-880
-1117
-1313
-1356
-1123
-875
-707
-1049
-1241
-1190
-1313
-1546
-1568
-1472
-1241
-1117
-1259
-1308
-1360
-1567
-1687
-1732
-1680
-1626
-1534
-1496
-1575
-1661
-1627
-1738
-1660
-1389
-1314
-1280
-926
-628
-528
-325
-297
-202
-177
-202
4
295
280
213
386
446
324
550
736
832
579
794
1100
895
719
837
1179
1236
1272
1239
1278
1191
1274
1522
1754
1892
1930
2000
2245
2374
2567
2749
2665
3024
3150
3615
3730
3525
3124
3085
2912
1538
-202
-211
1132
1254
179
-787
-516
-383
-1202
-2213
-2118
-1547
-1234
-900
-878
-682
-771
-1139
-1344
-840
9
376
545
656
762
890
561
-9
62
209
620
720
541
350
273
202
-205
-431
-569
-632
-511
-686
-927
-735
-699
-845
-957
-673
-347
-294
-443
-432
-375
-410
-310
-518
-700
-693
-547
-630
-821
-878
-854
-1051
-1188
-1087
-1043
-862
-863
-809
-931
-1109
-1102
-1238
-1138
-1117
-1034
-1019
-1048
-891
-938
-970
-798
-754
-592
-396
-325
-191
-176
-41
-18
-16
60
294
572
489
482
636
746
667
631
626
763
970
969
1130
1170
1212
1034
1082
1312
1270
1276
1349
1333
1211
1339
1297
1348
1495
1559
1788
2115
2389
2581
2715
2686
2782
2934
3329
3757
3707
3441
3029
2426
1373
-173
-503
330
854
289
-582
-574
-662
-1439
-2343
-2212
-1553
-1223
-1099
-672
-460
-483
-1019
-1384
-1024
-599
-109
344
480
659
497
252
-109
-201
-130
-34
175
328
331
183
115
-263
-717
-836
-784
-837
-883
-880
-689
-826
-1119
-1115
-1040
-835
-855
-709
-631
-646
-746
-1100
-1131
-956
-852
-931
-1076
-892
-968
-1099
-1226
-1352
-1218
-1077
-1155
-1241
-1150
-1228
-1363
-1465
-1349
-1251
-1280
-1328
-1227
-969
-783
-823
-999
-941
-626
-417
-471
-316
-60
90
119
166
148
296
377
530
670
594
674
708
774
732
774
936
769
865
1025
989
708
399
643
729
713
599
638
871
1016
1010
1012
1212
1272
1406
1575
1780
1890
2232
2360
2525
2746
2742
3128
3315
3454
3173
2991
2539
1386
114
-411
143
661
180
-659
-846
-765
-1450
-2162
-2361
-2112
-1655
-1372
-990
-733
-813
-1119
-1434
-1438
-888
-373
-17
208
483
696
535
175
-237
-152
163
267
434
547
440
223
181
-253
-667
-696
-688
-624
-660
-427
-283
-552
-934
-878
-887
-784
-598
-720
-889
-1000
-880
-899
-911
-896
-1134
-1176
-1296
-1264
-1126
-1169
-1259
-1314
-1272
-1097
-1331
-1083
-1061
-1144
-988
-1109
-1000
-846
-682
-618
-529
-605
-581
-593
-523
-382
-101
-67
102
226
261
343
341
354
430
647
816
832
833
848
957
843
644
882
1046
1218
982
1027
1133
1128
963
879
1138
1164
1176
1127
1405
1646
1767
1595
1715
1888
1912
2200
2344
2696
2849
2959
3081
3101
3385
3629
3592
3790
4216
4472
3940
3307
2732
1871
671
-436
-13
669
598
-206
-556
-570
-1038
-1797
-2082
-1905
-1401
-787
-463
-199
-206
-649
-1004
-957
-493
135
408
650
880
994
894
415
47
6
138
438
608
660
659
358
185
-197
-612
-706
-764
-708
-661
-558
-581
-686
-756
-846
-947
-943
-845
-801
-527
-299
-313
-545
-721
-999
-1329
-1256
-1018
-806
-945
-1016
-1013
-1055
-1115
-1483
-1481
-1346
-1242
-970
-832
-764
-998
-1011
-1180
-1098
-882
-704
-599
-519
-548
-306
-276
-467
-416
-330
-103
84
-25
-43
46
75
62
72
-41
-119
29
176
254
225
235
308
375
401
631
742
723
800
1018
999
924
1023
1115
1253
1500
1537
1608
1709
1718
1787
1994
2351
2692
2836
2932
2914
3004
3019
3156
3163
3283
3826
3690
3275
2637
1946
682
-628
-631
-17
297
-376
-750
-657
-936
-1651
-2427
-2302
-1784
-1327
-858
-557
-219
-376
-845
-1005
-883
-360
62
340
642
905
929
605
15
-309
-315
-239
-90
-114
-129
-125
-377
-809
-1291
-1460
-1571
-1599
-1353
-1220
-1155
-1098
-1255
-1436
-1761
-1962
-1946
-1861
-1348
-953
-1019
-1083
-1130
-1203
-1325
-1509
-1609
-1449
-1141
-1033
-980
-1063
-1133
-1196
-1315
-1304
-1110
-1016
-898
-667
-564
-535
-518
-781
-720
-642
-659
-645
-415
-258
-282
-272
-375
-351
-353
-235
-213
-14
172
216
328
329
223
153
356
470
394
373
588
646
681
804
897
885
1131
1236
1091
1205
1297
1560
1727
1711
1671
1713
1747
2022
2110
2198
2420
2568
2592
2784
2860
2746
2953
2990
3138
3235
3458
3699
3742
3516
3117
2601
1693
536
7
318
756
538
-121
-27
71
-592
-1492
-1671
-1386
-872
-376
-56
234
418
129
-230
-172
131
536
969
1379
1483
1579
1397
1073
568
313
501
441
607
662
525
490
205
-270
-781
-811
-809
-966
-988
-965
-757
-868
-1056
-1113
-1203
-1249
-1216
-1118
-1041
-882
-975
-1039
-924
-934
-926
-974
-991
-1016
-838
-697
-711
-827
-904
-849
-887
-1000
-899
-850
-933
-884
-791
-852
-794
-900
-930
-817
-730
-738
-754
-737
-673
-524
-527
-478
-391
-291
-34
45
106
44
68
68
-96
-13
135
356
377
542
506
501
557
663
967
907
1015
1224
1074
1208
1454
1250
1354
1189
1498
1285
1320
1541
1566
1607
1908
1930
1840
2094
2111
2127
2115
2169
2169
2631
2859
3046
3002
2797
2297
1626
724
-382
-645
-278
138
-78
-621
-714
-986
-1391
-1933
-1981
-1609
-1024
-542
-176
101
9
-398
-871
-836
-353
126
426
519
820
848
420
28
-210
-283
-276
-111
-21
139
11
-382
-853
-1179
-1375
-1508
-1570
-1637
-1592
-1372
-1416
-1530
-1658
-1606
-1701
-1513
-1528
-1217
-1012
-1015
-893
-803
-811
-918
-969
-1114
-923
-808
-674
-716
-554
-604
-792
-792
-980
-1163
-1020
-1160
-1287
-1166
-1271
-1379
-1453
-1355
-1384
-1544
-1307
-1165
-1193
-973
-787
-737
-501
-216
-283
-201
-257
-135
57
313
350
187
245
203
271
285
608
492
451
683
757
760
835
878
898
1012
1058
1076
987
1041
1149
1247
1468
1292
1437
1496
1484
1697
1798
1960
1982
1827
1768
1848
2119
2379
2461
2461
2731
3053
2883
2676
2145
1297
230
-255
-274
216
433
24
-305
-588
-925
-1493
-1639
-1590
-1158
-633
20
82
86
-88
-379
-511
-378
78
335
596
789
954
818
388
-28
-316
-422
-82
25
191
131
61
-204
-623
-856
-1007
-1119
-1124
-1026
-832
-793
-715
-923
-1101
-1161
-906
-662
-724
-794
-563
-399
-432
-350
-457
-278
-384
-411
-406
-345
-185
-271
-200
-396
-540
-620
-686
-670
-798
-726
-730
-677
-578
-620
-632
-731
-708
-651
-593
-567
-545
-387
-347
-238
20
-15
-8
185
116
82
129
205
132
205
295
373
434
430
566
604
663
691
914
983
946
991
980
1007
983
951
911
969
1209
1320
1086
1204
1375
1358
1387
1439
1697
1838
1734
1734
1785
1860
2192
2409
2649
2878
2961
2634
2177
1716
1040
5
-506
-143
380
307
-201
-642
-855
-1118
-1603
-1697
-1562
-867
-477
-569
-272
-222
-607
-1092
-1003
-815
-400
170
140
182
337
173
-18
-636
-969
-787
-450
-275
-381
-562
-694
-919
-1118
-1559
-1627
-1404
-1386
-1210
-1300
-1340
-1326
-1407
-1498
-1432
-1126
-1151
-1316
-1072
-1017
-789
-718
-727
-665
-686
-658
-708
-731
-801
-730
-698
-720
-830
-884
-988
-994
-1006
-914
-789
-780
-882
-925
-789
-717
-772
-1035
-939
-820
-415
-567
-545
-411
-363
-276
-185
-52
-91
95
6
69
202
283
298
349
540
489
559
361
553
646
684
1012
1130
1103
1082
1098
929
983
1139
1061
955
981
963
1038
962
1051
1078
1030
1257
1294
1349
1552
1279
1615
1946
2222
2387
2572
2949
2757
2539
2104
1706
967
81
-381
-118
455
335
-309
-728
-1016
-1308
-1481
-1581
-1292
-1155
-665
-392
-381
-345
-758
-722
-704
-349
57
299
521
434
418
290
38
-263
-271
-351
-270
-59
-166
-294
-237
-611
-1095
-1115
-1308
-1292
-1106
-1250
-1148
-1207
-1319
-1520
-1240
-988
-1013
-1066
-671
-700
-636
-610
-680
-499
-357
-571
-524
-300
-334
-16
-224
-426
-563
-548
-610
-608
-521
-546
-695
-718
-718
-551
-585
-555
-658
-683
-459
-493
-479
-467
-309
-136
67
315
306
518
502
456
424
528
829
951
661
595
753
805
830
837
1045
1110
1181
1007
1164
1145
1212
1244
1096
1145
1077
1236
1307
1371
1317
1209
1332
1446
1667
1762
1827
1907
1934
1796
1737
1988
1893
2025
2239
2680
2935
2930
2656
2178
1599
830
27
-435
-107
432
374
-248
-431
-912
-1308
-1662
-1874
-1484
-927
-363
-461
-548
-569
-837
-1129
-1024
-590
-158
185
280
203
125
-3
-229
-533
-515
-376
-287
-211
-127
-297
-686
-730
-1011
-1210
-1137
-973
-775
-883
-988
-972
-988
-1104
-1070
-1000
-955
-1060
-886
-883
-1011
-792
-769
-774
-458
-330
-502
-544
-544
-618
-1021
-915
-826
-908
-757
-868
-872
-1083
-1179
-989
-805
-776
-776
-973
-607
-581
-809
-879
-882
-602
-556
-390
-236
-54
6
102
-32
16
27
208
317
370
588
519
589
561
720
714
808
899
881
1013
983
957
991
1019
1024
964
1084
1163
1124
1179
1090
1235
1286
1494
1502
1654
1803
2056
2003
1681
1599
1824
2184
2281
2661
2935
3116
2864
2366
2072
1526
649
-29
197
684
754
183
-496
-818
-1075
-1561
-1821
-1568
-1164
-874
-1134
-1024
-1063
-1199
-1273
-1203
-797
-397
8
-138
-368
-424
-391
-503
-775
-924
-908
-756
-572
-744
-784
-1035
-1113
-894
-922
-863
-876
-994
-1121
-1369
-1406
-1556
-1561
-1547
-1322
-1310
-1406
-1437
-1437
-1264
-1439
-1319
-1013
-940
-909
-870
-1020
-856
-902
-1034
-1125
-989
-824
-651
-657
-708
-733
-798
-880
-866
-959
-638
-141
-725
-784
-737
-583
-437
-334
-233
-437
-308
-248
-218
-59
206
265
176
394
418
627
401
301
519
520
547
714
832
850
1058
1208
1160
842
1043
1131
1150
1183
1292
1166
1147
1215
1295
1341
1409
1345
1484
1700
1904
1935
1870
1850
2045
2092
2061
2181
2485
2869
2987
3016
2939
2674
2313
1977
1098
289
442
1101
1053
287
-205
-302
-662
-1024
-1106
-1034
-779
-700
-662
-650
-625
-713
-744
-731
-405
141
410
504
171
196
212
86
115
101
192
260
139
78
150
-24
-262
-472
-525
-495
-607
-760
-933
-972
-871
-1117
-1118
-1096
-1171
-1119
-1126
-1113
-1155
-1197
-1114
-977
-1027
-990
-811
-747
-726
-676
-638
-788
-809
-835
-802
-825
-799
-696
-861
-833
-785
-782
-719
-670
-770
-706
-665
-706
-677
-628
-667
-554
-492
-505
-315
-218
-234
-161
-128
40
-26
176
341
205
243
190
190
188
154
280
433
605
694
540
803
973
510
1029
891
827
1020
542
940
887
921
1058
1137
1220
1475
1608
1502
1623
1534
1628
1702
1659
1894
2033
2192
2472
2795
2372
1990
1594
1164
681
218
366
633
364
-201
-681
-831
-1174
-1479
-1516
-1202
-882
-835
-994
-1241
-1173
-1192
-1131
-936
-620
-208
-69
-217
-344
-442
-79
-5
88
60
58
179
-47
-103
-323
-375
-287
-267
-309
-529
-593
-750
-858
-957
-882
-857
-821
-778
-921
-883
-1093
-1028
-1020
-1020
-824
-995
-1197
-985
-919
-1221
-1356
-1206
-1143
-1065
-1041
-884
-880
-953
-924
-1160
-1201
-988
-948
-1039
-984
-880
-1056
-1040
-1194
-1099
-1193
-1072
-799
-815
-614
-490
-478
-475
-534
-575
-398
-264
-283
-252
-109
-137
-184
-334
-125
-316
-400
-20
-15
149
210
254
259
338
405
247
485
617
705
882
958
919
803
744
959
1130
1232
1607
1541
1373
1438
1501
1647
2005
1930
2015
2191
2489
2473
2491
2386
2077
1965
1716
1032
457
249
785
497
-236
-442
-591
-997
-1072
-1180
-1448
-1211
-943
-953
-972
-812
-885
-897
-928
-539
-293
-88
-282
-225
-64
-35
179
41
28
198
232
137
7
-83
17
16
-127
-212
-231
-56
-202
-375
-409
-466
-776
-815
-591
-325
-606
-859
-780
-811
-731
-989
-824
-871
-744
-833
-973
-785
-853
-635
-698
-630
-553
-597
-450
-503
-489
-612
-719
-431
-466
-540
-411
-460
-506
-557
-704
-726
-521
-544
-641
-567
-584
-568
-554
-496
-382
-396
-371
-316
-193
-209
-139
-169
-219
-148
29
10
54
35
296
455
444
487
468
445
506
399
380
384
456
688
716
831
790
922
967
830
934
1061
1383
1359
1216
1172
1311
1616
1786
1852
1861
2056
2257
2259
2078
1799
1469
1177
363
250
730
823
404
-484
-669
-731
-891
-1062
-1143
-1231
-1034
-942
-1136
-1206
-1412
-1364
-971
-793
-311
-448
-620
-630
-618
-228
-82
67
145
-121
-164
-56
-176
-284
-285
-313
-326
-545
-481
-494
-655
-776
-942
-916
-877
-873
-1030
-1093
-1008
-939
-947
-974
-940
-931
-805
-773
-861
-820
-867
-975
-1115
-1032
-1048
-924
-899
-923
-977
-1065
-984
-944
-916
-1009
-793
-912
-655
-489
-634
-876
-913
-730
-682
-631
-695
-603
-595
-459
-589
-619
-535
-634
-446
-334
-204
-301
-343
-37
-165
-201
-246
-162
-26
-154
-51
58
2
78
185
246
409
545
369
404
440
490
439
470
445
471
562
618
639
870
1013
734
822
1230
1477
1627
1641
1678
1756
1771
2226
2280
2015
1898
1689
1349
508
173
520
903
116
-841
-784
-714
-887
-1169
-1276
-1333
-1183
-1202
-1460
-1394
-1290
-1235
-1160
-1100
-734
-394
-323
-431
-444
-363
-125
-79
-282
-100
-324
-186
-256
-299
-114
-158
-394
-525
-333
-481
-612
-747
-999
-931
-787
-889
-802
-973
-1143
-1154
-1125
-922
-911
-855
-960
-920
-841
-1041
-757
-644
-793
-555
-443
-434
-487
-536
-439
-338
-429
-451
-417
-327
-326
-401
-370
-260
-286
-363
-413
-413
-227
-309
-274
-269
-276
-204
-147
-202
-309
-201
-37
66
-122
-169
-62
84
49
-66
281
325
475
533
588
668
737
944
909
1016
942
1028
1025
1059
1233
951
1051
1018
1079
1284
1206
1205
1265
1358
1325
1338
1433
1415
1496
1608
1653
1841
1944
1955
2076
2130
2228
2103
1875
1774
1522
1073
915
1280
1188
608
-69
-136
-104
-184
-384
-710
-691
-591
-780
-937
-1130
-1079
-920
-832
-632
-515
-331
-457
-532
-412
-299
-312
-342
-286
-274
-298
-264
-330
-497
-333
-256
-273
-312
-370
-485
-614
-736
-783
-876
-704
-652
-843
-643
-661
-830
-946
-934
-793
-825
-828
-997
-940
-839
-819
-946
-975
-847
-1035
-724
-649
-866
-753
-622
-564
-697
-534
-590
-544
-440
-647
-556
-557
-654
-652
-477
-409
-461
-491
-417
-512
-578
-383
-281
-341
-257
-179
-163
-81
-26
41
-8
92
118
182
205
225
317
360
471
492
503
625
645
591
681
577
832
941
922
901
991
1103
1120
1301
1227
1305
1193
1468
1461
1528
1551
1580
1748
1777
2053
2196
2509
2469
2215
2017
1743
1611
1252
880
1279
1562
679
-112
-298
-215
-312
-451
-606
-722
-608
-658
-884
-882
-792
-886
-1126
-1008
-769
-794
-871
-926
-854
-671
-588
-603
-602
-817
-252
-96
-368
-134
-200
-139
-224
-549
-412
-332
-599
-682
-713
-784
-801
-959
-1120
-967
-1086
-1080
-1068
-1075
-824
-960
-870
-862
-896
-821
-851
-829
-792
-645
-523
-603
-638
-585
-455
-399
-455
-320
-537
-178
-721
-326
-310
-285
-172
-390
27
-131
-253
-306
-271
-237
-111
-115
-116
-213
-44
-136
70
-121
-154
30
-17
22
159
299
408
471
578
752
885
976
950
1020
1075
1119
1052
1068
1089
1267
1171
1071
1151
1352
1278
1164
1262
1317
1519
1633
1591
1523
1616
1769
1967
2110
2205
2354
2475
2435
2520
2736
2711
2210
1933
1804
1575
1380
1430
1626
1069
598
300
169
192
140
-1
-203
-90
-366
-384
-459
-431
-379
-692
-544
-513
-267
-177
-281
-265
-50
-105
-151
-65
-273
-244
-177
-66
-117
-181
-125
-140
-193
-328
-377
-471
-462
-692
-811
-578
-684
-751
-750
-750
-841
-901
-855
-791
-790
-887
-875
-968
-911
-875
-1026
-1084
-960
-783
-819
-732
-758
-706
-674
-847
-806
-681
-788
-675
-511
-629
-582
-559
-772
-582
-489
-378
-369
-395
-407
-364
-252
-87
18
-98
-300
-176
-351
-233
-241
-206
350
451
-118
245
398
102
585
546
593
339
237
581
426
715
604
369
688
1042
1252
817
812
861
863
894
944
1131
1261
1247
1231
1291
1461
1774
1815
1744
1683
1923
2202
2148
1845
1812
1961
1891
1234
1181
1594
1482
941
284
216
253
157
-183
-536
-607
-429
-494
-758
-885
-800
-726
-764
-585
-438
-260
-588
-525
-314
-246
-221
-256
-324
-307
-168
-181
-194
-408
-282
-256
-326
-395
-293
-260
-370
-503
-768
-601
-630
-768
-807
-840
-896
-1105
-938
-963
-1083
-1020
-1063
-1115
-1046
-964
-1064
-1050
-1089
-1216
-1102
-1244
-1228
-1148
-1029
-1203
-1331
-1205
-1199
-944
-1023
-1050
-1159
-835
-484
-545
-442
-282
-229
-252
-365
-407
-427
-382
-237
-252
-298
-343
-364
-366
-337
-629
-319
-42
-111
47
-106
199
104
69
258
259
452
418
608
642
699
850
627
671
895
1019
987
1213
1009
1347
1778
1237
1493
1603
1556
1641
1669
1739
1963
1896
1879
1880
1970
2241
2439
2245
1886
2047
1858
1461
1111
1602
1393
1085
616
536
462
187
280
55
-111
-230
-325
-355
-510
-463
-402
-493
-537
-392
-194
-274
-327
-202
-94
-171
-188
-251
-193
-92
-15
165
120
85
148
266
304
185
35
-51
-146
180
174
-286
-415
-518
-470
-733
-599
-476
-489
-661
-654
-548
-562
-537
-660
-486
-465
-539
-520
-596
-529
-497
-435
-482
-603
-462
-343
-314
-413
-376
-318
-285
-385
-272
-289
-252
-69
-237
-219
-116
-11
-146
-167
-117
-159
-68
-143
-247
-57
-65
-51
-46
-14
-97
306
477
260
315
360
517
598
486
430
655
757
807
918
861
867
908
1008
1102
1227
1121
999
1171
1218
1311
1461
1386
1293
1464
1622
1883
1645
1469
1674
1841
2143
2074
1786
1782
2067
1870
1184
575
1054
1457
1090
409
256
549
264
-42
-162
-236
-366
-459
-900
-711
-472
-731
-746
-739
-627
-433
-408
-782
-483
-430
-249
-305
-385
-220
-464
-188
-71
-313
-267
-139
-159
-223
-338
-327
-424
-495
-537
-615
-492
-572
-646
-692
-769
-693
-873
-913
-869
-862
-866
-958
-968
-1027
-1025
-1011
-1017
-963
-1042
-1081
-960
-812
-630
-735
-942
-808
-592
-600
-631
-771
-640
-494
-516
-521
-614
-506
-446
-389
-464
-420
-326
-279
-246
-257
-190
-265
-124
-43
-47
26
-101
-327
-260
-79
-166
-39
-61
17
87
52
128
176
185
296
225
262
285
248
371
342
458
416
462
686
612
916
675
970
1187
1277
1448
1308
1427
1518
1653
1675
2002
2070
1857
1653
1606
1526
1048
800
690
869
893
227
-103
9
130
-126
-402
-656
-812
-731
-731
-976
-870
-842
-788
-895
-964
-705
-747
-727
-616
-579
-242
-307
-380
-298
-387
-5
64
-162
-227
-297
-81
45
22
-178
-391
-237
-185
-413
-463
-529
-622
-760
-731
-591
-633
-898
-997
-873
-704
-842
-936
-565
-610
-577
-710
-784
-775
-685
-653
-639
-605
-653
-676
-588
-536
-416
-317
-427
-286
-236
-176
-162
-225
-55
113
118
205
341
342
261
198
192
326
534
519
84
212
145
145
237
276
515
469
501
474
753
661
716
963
881
819
862
903
950
929
967
975
970
1171
1281
1298
1379
1441
1444
1357
1388
1510
1529
1600
1544
1633
1670
1766
1807
1753
1926
1957
1751
1710
1802
1809
1453
967
1089
1302
1038
356
167
376
399
98
-81
-301
-426
-458
-667
-890
-878
-839
-1003
-914
-747
-637
-483
-610
-626
-379
-362
-467
-447
-326
-225
-157
-204
-218
-238
-159
75
-19
-257
-302
-265
-415
-428
-430
-469
-459
-655
-633
-469
-555
-796
-718
-794
-917
-881
-779
-788
-615
-739
-997
-1080
-941
-751
-858
-1011
-1046
-836
-887
-656
-759
-674
-674
-536
-590
-367
-289
-470
-400
-353
-306
-266
-241
-319
-163
-149
-84
-139
-53
-156
-77
-64
-97
-14
10
149
85
7
1
77
40
207
211
414
329
250
384
383
356
425
461
613
754
772
1016
863
945
1062
1124
1328
1281
1290
1234
1325
1432
1513
1614
1562
1661
1712
1818
1893
1987
1911
1891
1834
1941
1697
1101
1190
1491
1420
634
101
144
254
-27
-238
-342
-406
-495
-555
-812
-995
-878
-1054
-1150
-1084
-928
-970
-1164
-1152
-975
-882
-799
-817
-759
-808
-484
-329
-451
-380
-212
-141
-300
-424
-396
-332
-410
-469
-439
-593
-607
-773
-1099
-981
-1243
-1358
-1102
-1283
-1369
-1297
-1372
-1295
-1262
-1291
-1518
-1373
-1225
-1233
-1152
-1081
-902
-904
-830
-835
-885
-740
-700
-523
-549
-533
-489
-480
-535
-495
-442
-598
-311
-313
-165
-376
-18
-227
-265
-305
-100
-24
-229
-68
-139
-195
23
-33
11
-119
74
292
187
450
387
544
567
621
573
764
756
887
1000
991
987
1101
1199
991
1137
1195
1277
1256
1472
1486
1503
1699
1838
1678
1733
1878
2114
2289
2421
2491
2079
2039
2399
2600
1879
1284
1299
1826
1676
780
508
735
819
425
338
120
169
78
57
-67
-237
-153
-339
-417
-497
-211
-408
-449
-335
-198
-14
-102
-49
90
87
-9
82
48
1
13
0
-50
-29
104
-58
-188
-296
-402
-545
-680
-683
-667
-733
-948
-941
-1038
-1067
-1119
-959
-962
-987
-933
-939
-849
-1008
-1062
-1008
-915
-959
-734
-723
-868
-682
-626
-766
-638
-578
-568
-642
-537
-532
-564
-333
-322
-355
-150
-129
-203
-98
-80
-137
-105
-196
-102
-140
-115
52
-125
73
64
-5
-76
29
25
54
122
156
586
603
380
232
552
214
193
327
445
633
704
890
1007
1121
1021
984
1102
1230
1279
1286
1299
1442
1478
1540
1545
1525
1719
1982
1872
1811
1803
1695
1750
1805
1536
993
1210
1507
1214
626
408
583
410
190
-3
-211
-306
-282
-456
-641
-623
-642
-809
-960
-909
-733
-664
-744
-649
-591
-503
-538
-292
-382
-400
-323
-200
-221
-324
-374
-298
-144
-392
-301
-350
-348
-393
-492
-492
-581
-749
-791
-846
-818
-894
-1186
-1279
-1271
-1272
-1251
-1323
-1231
-1083
-1194
-1303
-1193
-1137
-1237
-1400
-1256
-1292
-1278
-1409
-1200
-944
-1260
-1233
-1218
-1040
-1040
-1000
-772
-861
-681
-596
-412
-404
-555
-439
-403
-404
-379
-159
-153
-204
-226
-294
-371
-259
-553
-547
-385
-374
-342
-253
-128
-233
-122
57
39
27
390
364
413
700
974
839
935
938
886
1147
1199
1272
1253
1540
1333
1364
1651
1667
1643
1696
1806
1722
2171
2030
2275
2316
1948
2017
2039
1805
1297
1297
1511
1168
965
308
414
589
95
235
-111
-181
-154
-147
-34
-351
-358
-449
-592
-673
-403
-534
-415
-333
-202
-127
-355
-205
-57
21
-2
76
168
186
213
249
447
272
271
272
269
117
-14
-169
-71
52
-272
-557
-464
-571
-694
-733
-867
-690
-1051
-870
-816
-593
-582
-602
-591
-571
-393
-549
-434
-489
-511
-375
-407
-276
-261
-348
-193
-126
-192
-220
-78
-63
-38
-74
27
-6
-38
125
136
128
-21
-12
-43
24
68
118
145
72
132
246
153
79
-3
165
377
419
392
223
367
523
579
456
535
635
630
794
852
832
1082
979
1153
1038
974
1259
1152
1335
1328
1350
1388
1456
1427
1481
1419
1559
1920
1919
1821
1674
1748
1629
1355
800
1041
1235
998
349
112
603
272
76
-12
-148
-210
-252
-303
-278
-585
-856
-875
-564
-678
-490
-880
-940
-743
-434
-540
-863
-481
-703
-551
-614
-494
-727
-927
-472
-378
-561
-640
-581
-543
-553
-783
-805
-724
-776
-770
-972
-1106
-1193
-1095
-1141
-1295
-1300
-1310
-1173
-1215
-1067
-1039
-1048
-1035
-1021
-1000
-953
-963
-941
-883
-974
-824
-554
-503
-567
-528
-431
-376
-338
-473
-443
-428
-177
-156
-178
-79
-191
-30
-97
-8
-65
50
55
-2
181
130
190
161
127
148
171
-59
-59
102
298
231
223
317
478
587
606
583
648
683
577
681
567
810
962
796
815
941
795
536
958
913
958
1322
1486
1462
1534
1870
1939
1820
1489
1535
1858
1574
997
1011
1387
1185
557
268
400
276
57
-105
-345
-488
-567
-535
-693
-762
-832
-941
-929
-843
-693
-912
-790
-928
-608
-614
-786
-537
-467
-298
-283
-313
-244
-198
-361
-166
-103
-168
-230
-78
-47
2
-368
-221
-368
-788
-638
-500
-550
-953
-694
-847
-931
-967
-1125
-1071
-994
-1133
-1197
-1075
-1067
-751
-844
-856
-848
-820
-792
-678
-675
-741
-553
-433
-354
-328
-489
-324
-268
-188
-227
-231
-104
-30
17
27
183
346
360
532
598
679
557
460
509
778
981
537
475
554
680
537
657
599
765
865
800
787
750
953
956
1115
1043
1127
1140
1207
1319
1302
1427
1404
1504
1556
1576
1611
1724
1772
1752
1678
1795
1900
2087
2126
2057
1859
1815
1992
1767
1225
942
1440
1433
768
381
381
480
261
-18
-103
-399
-438
-462
-449
-612
-728
-689
-816
-789
-815
-775
-866
-896
-687
-634
-573
-633
-543
-414
-487
-384
-370
-442
-349
-187
-168
-343
-286
-301
-409
-264
-274
-446
-427
-545
-482
-723
-796
-863
-961
-994
-1068
-862
-1183
-1199
-1104
-886
-924
-1026
-1178
-1037
-909
-1165
-863
-1158
-1059
-891
-956
-777
-718
-848
-934
-831
-818
-703
-596
-598
-71
-188
-194
-94
-198
-119
-10
231
281
126
206
250
212
272
276
338
486
351
368
235
399
481
397
439
481
579
596
578
626
728
621
539
551
688
843
878
864
863
930
1008
1113
1339
1331
1311
1309
1514
1488
1681
1668
1606
1862
1926
1913
1609
1643
1723
1569
1088
985
1283
1053
472
364
593
365
-75
-60
-136
-522
-779
-838
-888
-1170
-1192
-1159
-1108
-1202
-943
-992
-1036
-897
-854
-707
-890
-966
-773
-571
-820
-716
-805
-852
-883
-924
-739
-936
-777
-475
-597
-696
-548
-449
-564
-752
-852
-807
-892
-902
-861
-945
-1151
-1265
-1388
-1363
-1309
-1434
-1389
-1353
-1236
-1321
-1364
-1349
-1234
-1138
-969
-997
-1089
-963
-982
-548
-460
-543
-535
-659
-439
-414
-439
-321
-195
-122
-86
-61
-60
56
135
372
248
115
723
333
241
373
333
402
495
527
432
537
567
470
446
422
496
269
334
573
700
762
998
783
831
1008
958
1149
1050
1183
1301
1276
1410
1434
1435
1631
1588
1620
1723
1651
1818
1847
1683
1638
1628
1817
1564
1270
1440
1736
1567
981
676
632
666
582
421
144
-48
-103
-185
-323
-341
-454
-466
-521
-546
-369
-346
-398
-271
-143
-179
-322
-366
-98
-249
-207
-100
-247
-203
-395
-265
-124
-40
-167
-194
-72
-162
-312
-364
-351
-458
-416
-517
-634
-758
-908
-893
-939
-1000
-1064
-1281
-1274
-1220
-1154
-1204
-1360
-1374
-1408
-1211
-1119
-1025
-981
-1091
-1018
-891
-933
-1016
-799
-754
-621
-666
-439
-499
-572
-382
-394
-395
-245
-38
-168
-117
-48
45
-56
-31
-59
-21
52
-15
94
81
11
130
209
167
325
213
228
301
458
161
290
281
290
347
88
494
494
635
530
594
541
588
716
496
604
735
891
803
991
1206
1295
1318
1305
1431
1352
1428
1205
1430
1371
1163
938
973
1107
682
491
446
405
117
104
68
-243
-317
-342
-336
-533
-559
-747
-813
-836
-824
-779
-911
-864
-733
-492
-646
-671
-590
-582
-553
-587
-558
-377
-358
-324
-301
-378
-257
-248
-300
-450
-368
-365
-429
-454
-606
-601
-650
-688
-629
-815
-710
-671
-728
-868
-937
-804
-1018
-1079
-998
-1017
-1263
-1302
-1324
-1209
-1012
-1013
-887
-854
-906
-867
-757
-796
-787
-764
-806
-775
-738
-629
-756
-668
-635
-620
-408
-508
-531
-409
-447
-159
-93
-223
-89
-86
-48
-197
-13
-31
-25
79
44
74
-131
-106
-47
3
-165
-261
-32
18
14
31
34
85
235
171
346
425
253
490
449
584
789
786
751
894
1080
996
1167
1131
1251
1204
992
1206
1290
1152
1054
956
938
787
804
764
701
561
282
564
204
149
322
-72
-140
-32
-93
-302
-341
-313
-405
-331
-234
-311
-286
-200
-186
-88
-90
-65
-116
-65
-58
-22
-52
-67
-39
-64
0
-26
7
-133
-207
-131
-123
-179
-321
-352
-272
-220
-235
-159
-240
-425
-563
-668
-550
-380
-609
-804
-857
-798
-845
-1035
-874
-841
-757
-933
-824
-610
-558
-463
-441
-226
-321
-219
-278
-107
-62
-158
6
-89
-28
1
110
58
62
87
47
31
103
239
146
180
89
147
231
154
205
80
73
142
35
140
143
199
239
235
363
265
116
161
291
522
593
507
430
443
619
597
633
691
840
908
898
962
919
1039
1093
1026
990
1070
1049
1085
1141
957
806
788
869
784
771
726
601
484
386
293
129
111
-25
-136
-66
-348
-376
-421
-512
-505
-531
-664
-699
-397
-415
-655
-577
-291
-439
-399
-468
-417
-226
-365
-662
-491
-499
-507
-349
-385
-380
-373
-427
-462
-532
-660
-355
-711
-802
-732
-865
-899
-882
-845
-1091
-1044
-1013
-1004
-958
-1038
-1134
-1032
-1080
-1046
-961
-945
-904
-919
-777
-751
-761
-772
-713
-713
-598
-598
-672
-605
-609
-508
-512
-223
-173
-234
-190
-161
70
12
7
2
-24
108
134
106
52
16
100
144
129
77
179
141
214
191
260
243
153
268
271
289
199
126
410
361
128
261
413
426
496
637
581
671
719
718
688
730
867
872
914
978
597
631
563
720
839
533
432
727
721
678
770
739
494
325
297
37
4
-135
-119
-272
-344
-700
-716
-596
-905
-788
-726
-873
-774
-642
-762
-738
-764
-769
-633
-582
-678
-576
-536
-508
-548
-508
-414
-366
-428
-753
-585
-479
-519
-579
-654
-685
-844
-812
-925
-854
-884
-1145
-776
-788
-1063
-966
-1062
-900
-864
-873
-832
-1029
-993
-1115
-1084
-1002
-1025
-795
-743
-612
-562
-678
-426
-372
-182
-251
-128
-63
-163
-115
-243
-121
-117
-40
5
17
85
-47
19
-11
91
172
144
203
231
257
296
366
512
418
583
549
272
337
490
786
541
353
478
814
578
609
772
813
979
1017
1115
1004
1157
1130
1317
1324
1242
1408
1347
1505
1496
1464
1280
1295
1502
1432
1275
967
1079
1180
971
748
621
614
464
189
292
171
36
-152
-305
-349
-315
-500
-681
-572
-683
-665
-739
-724
-752
-753
-837
-887
-596
-572
-516
-658
-564
-476
-737
-727
-722
-692
-580
-524
-546
-531
-466
-603
-584
-562
-616
-636
-659
-752
-827
-844
-903
-972
-1040
-869
-935
-857
-888
-951
-978
-975
-1073
-966
-749
-917
-1031
-805
-783
-726
-669
-527
-622
-611
-613
-568
-769
-485
-167
-471
-511
-668
-381
-308
-370
-416
-313
-196
20
-134
40
153
194
16
34
38
373
134
27
223
160
112
131
118
65
98
29
124
75
42
125
194
305
419
467
492
507
530
574
718
820
853
746
851
943
982
1125
1144
1160
1177
1164
1106
1138
1388
1356
1306
1116
1271
1157
1178
981
785
792
713
588
320
277
151
94
141
16
-190
-295
-270
-346
-382
-468
-573
-569
-518
-579
-618
-707
-827
-737
-710
-828
-871
-484
-769
-683
-566
-538
-603
-718
-479
-767
-781
-815
-842
-880
-801
-1069
-1038
-1123
-1209
-1152
-1287
-1185
-1231
-1019
-888
-860
-913
-1061
-1071
-909
-798
-782
-774
-752
-801
-750
-930
-771
-764
-931
-1014
-809
-731
-824
-757
-533
-464
-532
-330
-316
-243
-94
-90
-129
166
114
33
300
197
256
496
352
434
552
364
413
315
257
459
587
313
375
355
548
367
536
1133
616
666
602
483
555
522
617
617
644
1116
947
967
1154
1067
1097
1143
1413
1532
1605
1427
1506
1508
1533
1376
1419
1560
1425
1314
1234
1313
1188
1054
966
744
709
625
469
392
293
331
446
343
372
390
302
111
-138
-50
261
194
-132
-271
-153
-130
-290
-284
-279
-124
-243
-279
-160
-148
54
5
90
0
-55
-20
-11
-111
-206
-160
-204
-218
-374
-320
-454
-540
-576
-726
-706
-681
-791
-832
-874
-886
-794
-840
-895
-909
-850
-891
-883
-763
-761
-728
-794
-676
-581
-573
-553
-411
-265
-132
-103
-89
-7
-18
-60
-115
49
-61
-53
-2
-17
177
161
214
296
329
349
386
294
379
381
357
464
447
575
450
515
457
374
538
576
564
528
570
680
640
777
844
760
732
920
875
969
968
1018
932
952
1184
1065
1024
1264
1500
1004
1174
1154
1279
1348
961
922
941
934
845
595
468
529
323
268
255
56
-157
5
-584
-505
16
-462
-434
-548
-574
-620
-663
-582
-685
-651
-668
-671
-514
-656
-674
-629
-636
-669
-855
-737
-539
-683
-809
-681
-643
-648
-716
-710
-667
-630
-661
-606
-532
-748
-823
-825
-790
-624
-770
-851
-963
-983
-902
-1066
-1025
-951
-802
-837
-910
-802
-945
-818
-864
-816
-744
-657
-495
-655
-562
-412
-446
-640
-470
-337
-333
-236
-112
30
-12
-39
-34
182
-8
-2
99
16
-63
-12
-72
-140
-171
-134
-86
-3
193
-87
-87
220
370
462
633
603
552
521
547
652
749
867
701
832
811
707
562
692
787
720
1087
1005
970
1015
1031
1105
978
1002
1001
959
965
1054
951
940
939
836
863
675
627
462
425
439
148
76
21
46
-16
15
14
-279
-347
-382
-474
-323
-244
-433
-472
-523
-434
-439
-302
-413
-407
-543
-389
-541
-638
-370
-387
-200
-413
-301
-252
-216
-75
-74
-237
-236
-253
-224
-237
-361
-324
-369
-450
-391
-484
-467
-428
-484
-525
-610
-543
-532
-572
-564
-408
-311
-344
-330
-212
-41
-259
-324
-100
192
347
39
126
300
343
337
250
436
466
490
461
649
698
779
859
690
813
729
679
757
723
691
635
712
686
571
546
693
640
650
782
781
749
733
799
757
665
717
729
787
825
746
855
884
929
1056
1071
1081
1077
1122
1128
1120
1203
1106
1091
1327
1414
1292
1086
1058
971
811
749
621
694
504
373
295
203
148
24
-10
-46
-137
-180
-182
-354
-446
-514
-592
-613
-649
-593
-586
-714
-637
-720
-717
-680
-670
-683
-678
-782
-658
-639
-611
-552
-728
-608
-621
-652
-661
-685
-621
-434
-547
-571
-619
-808
-696
-546
-682
-799
-774
-816
-594
-580
-645
-715
-618
-745
-918
-761
-905
-788
-822
-758
-666
-655
-603
-724
-596
-490
-412
-457
-336
-442
-326
-146
-117
-49
17
85
212
314
263
292
312
397
298
329
304
330
439
374
397
284
325
330
544
505
554
520
343
471
522
633
449
566
567
516
627
488
631
531
626
774
808
885
928
877
1005
1093
1024
1125
1191
1031
1089
1068
889
932
758
717
738
747
681
654
480
422
329
295
28
-150
-242
-359
-401
-623
-658
-847
-967
-903
-800
-1024
-1082
-1107
-1014
-1072
-857
-779
-847
-803
-927
-1024
-898
-789
-888
-782
-751
-794
-836
-1042
-935
-985
-984
-733
-729
-816
-825
-625
-711
-845
-737
-893
-759
-680
-799
-696
-624
-484
-506
-523
-702
-629
-826
-682
-545
-692
-542
-781
-388
-325
-508
-249
-452
-510
-661
-388
-48
-365
-348
-228
-202
242
135
353
-27
75
339
123
148
501
326
457
568
456
429
292
552
734
873
865
809
627
653
716
798
846
820
783
852
712
765
849
780
803
791
859
901
888
1024
1100
1169
1229
1273
1438
1403
1357
1345
1630
1867
1694
1469
1478
1536
1433
1340
1250
1266
1252
1190
1108
1098
1003
892
844
781
624
461
393
183
217
107
-110
-134
-167
-193
-225
-269
-393
-362
-509
-518
-389
-478
-464
-577
-487
-502
-558
-547
-632
-642
-620
-560
-628
-671
-618
-704
-634
-535
-651
-655
-725
-584
-733
-637
-674
-641
-702
-807
-755
-919
-925
-910
-837
-831
-754
-712
-768
-879
-828
-720
-835
-724
-702
-614
-651
-705
-677
-656
-428
-433
-661
-502
-354
-471
-331
-299
-100
23
137
216
200
252
342
529
55
222
265
104
395
450
482
498
544
334
146
277
35
355
563
127
361
333
541
597
429
646
616
291
547
640
235
288
496
728
454
843
883
852
879
878
977
1076
1049
1009
933
940
946
915
1009
955
948
883
808
625
551
633
500
310
268
174
99
86
-83
-199
-260
-339
-465
-249
-384
-504
-529
-641
-483
-557
-551
-668
-688
-664
-665
-646
-718
-590
-675
-550
-503
-541
-455
-540
-487
-559
-603
-676
-661
-708
-647
-660
-891
-863
-963
-1043
-1070
-970
-812
-838
-794
-975
-944
-939
-945
-850
-999
-1065
-1114
-902
-984
-1032
-1318
-1130
-1202
-1300
-984
-1178
-1010
-808
-576
-349
-234
-202
-242
-187
-261
-252
-6
-19
112
27
-162
-60
89
62
-153
-41
229
222
149
212
202
81
245
264
184
235
378
506
563
515
365
613
516
685
640
629
587
629
919
696
859
943
743
989
623
903
828
828
1003
1134
1122
907
1167
1293
1176
1057
993
1002
783
859
921
619
659
542
699
534
362
358
316
207
212
112
31
-228
-285
-197
-259
-227
-361
-246
-355
-379
-303
-383
-514
-534
-452
-456
-400
-423
-384
-250
-265
-155
-158
-190
-164
-244
-284
-364
-216
59
-126
-388
-400
-437
-332
-413
-508
-322
-408
-227
-391
-356
-291
-218
-204
-226
-160
-308
-248
-407
-355
-423
-390
-321
-320
-283
-331
-287
-220
-180
-189
-62
-64
-136
9
-38
42
149
199
144
153
270
265
324
385
424
393
365
369
430
458
337
158
405
437
488
506
399
495
435
410
277
330
357
308
414
532
480
490
458
449
668
512
640
721
745
802
936
913
834
750
933
998
893
890
899
1029
839
912
621
723
755
717
574
653
480
312
502
255
139
48
-151
-350
-142
-210
-208
-482
-619
-420
-544
-590
-837
-987
-445
-562
-760
-481
-503
-611
-907
-980
-755
-848
-1002
-817
-803
-609
-618
-744
-687
-629
-633
-564
-454
-593
-546
-618
-552
-550
-509
-608
-546
-540
-468
-378
-446
-373
-389
-459
-469
-507
-479
-516
-479
-405
-425
-537
-669
-552
-350
-270
-382
-344
-183
-58
-153
-67
-163
-127
-61
-71
52
80
212
223
326
246
214
248
361
446
417
508
498
574
570
549
490
275
375
369
351
479
343
430
606
383
384
424
305
362
275
233
151
277
401
183
210
297
224
311
412
404
368
371
499
595
635
811
797
726
587
722
580
505
461
486
362
157
150
200
-33
-368
-477
-397
-402
-556
-577
-623
-700
-747
-801
-841
-743
-708
-844
-635
-819
-886
-641
-581
-673
-782
-563
-805
-878
-662
-793
-745
-532
-606
-571
-556
-670
-796
-507
-546
-526
-540
-646
-566
-598
-563
-484
-491
-565
-611
-404
-480
-600
-628
-430
-731
-692
-202
-417
-389
-567
-449
-354
-322
-261
-369
-258
-212
-111
-110
-21
-52
110
98
-8
94
155
236
300
352
352
406
477
513
665
718
753
846
748
689
658
984
1067
886
584
728
737
512
657
677
706
665
776
619
898
825
779
808
830
889
889
854
818
959
925
865
785
751
863
920
919
866
887
895
689
846
802
771
710
609
624
588
566
345
262
235
177
26
-150
-199
-263
-405
-471
-483
-599
-622
-599
-675
-628
-677
-772
-769
-754
-886
-1019
-1013
-1094
-1098
-994
-917
-845
-978
-912
-937
-1020
-767
-878
-976
-928
-837
-884
-845
-829
-908
-787
-706
-728
-793
-799
-768
-745
-758
-736
-796
-472
-377
-721
-774
-685
-652
-913
-461
-686
-679
-688
-873
-584
-554
-608
-653
-658
-663
-554
-393
-517
-470
-270
-304
-25
39
-205
-103
103
162
76
182
265
92
116
-44
200
344
350
432
300
338
376
408
393
451
364
396
464
395
444
383
423
535
519
405
416
417
453
459
423
403
451
516
412
343
359
525
612
563
616
599
474
663
720
568
458
533
404
391
352
176
284
75
-30
-32
-65
-81
-239
-268
-414
-327
-403
-587
-592
-641
-662
-941
-1011
-1050
-1106
-1097
-1157
-1121
-1057
-1015
-1106
-1115
-1142
-1167
-1211
-1275
-1271
-1069
-1261
-1265
-1403
-1240
-1265
-1290
-1113
-1354
-1302
-1082
-857
-909
-748
-824
-814
-853
-936
-864
-713
-714
-772
-762
-678
-780
-792
-709
-906
-1024
-1031
-741
-828
-836
-792
-771
-756
-643
-629
-534
-517
-547
-239
-96
-69
-156
90
129
215
59
204
226
300
239
142
310
107
264
130
343
478
467
466
674
496
747
533
521
796
238
512
554
646
454
296
504
527
397
404
439
671
753
803
719
833
816
891
855
886
824
905
1009
926
803
873
885
698
729
722
649
570
503
401
410
383
305
242
190
332
220
159
181
-84
-218
-148
102
124
-381
-482
-358
-343
-429
-600
-483
-463
-473
-564
-455
-348
-438
-414
-488
-298
-479
-525
-533
-446
-296
-429
-347
-321
-282
-220
-216
-299
-249
-291
-345
-350
-247
-322
-343
-283
-289
-224
-295
-399
-437
-354
-266
-440
-236
-279
-392
-379
-389
-253
-351
-573
-515
-348
-352
-250
-197
-135
-27
-84
-45
10
37
-49
118
52
115
185
127
318
303
421
458
513
430
388
403
623
534
420
431
554
654
389
439
373
571
692
450
456
491
370
360
577
430
608
450
479
578
516
532
557
500
378
406
652
506
574
552
473
482
515
360
373
855
398
440
175
385
265
370
82
-52
-202
-209
-28
-240
-112
-171
-155
-228
-284
-547
-524
-502
-667
-775
-629
-757
-754
-827
-907
-880
-810
-749
-784
-807
-805
-677
-725
-666
-634
-559
-627
-660
-754
-618
-699
-500
-465
-335
-516
-517
-462
-359
-433
-659
-561
-657
-470
-576
-589
-615
-565
-432
-541
-486
-639
-575
-596
-440
-554
-716
-512
-669
-604
-652
-618
-887
-595
-554
-699
-505
-509
-405
-550
-328
-241
-151
-240
42
7
-273
-195
-192
-138
-215
-83
-68
-145
-79
-131
-249
-88
-120
-24
30
181
304
286
367
210
252
223
326
211
279
242
186
172
88
193
-177
43
207
201
55
258
278
247
279
266
293
354
448
384
374
279
368
482
451
273
305
232
237
146
230
119
-28
-26
-112
-36
-226
-196
-107
-63
-91
-240
-427
-233
-386
-532
-630
-531
-664
-689
-739
-606
-362
-601
-583
-593
-455
-543
-581
-541
-312
-196
-170
-376
-329
-237
-211
-72
-106
-161
-173
-129
-262
-211
-279
-361
-247
-294
-346
-263
-375
-345
-114
-207
-134
-58
96
14
61
-80
-96
-13
175
104
-198
-129
-29
6
-211
49
113
128
35
118
249
249
198
285
326
214
447
348
414
441
374
463
187
289
462
434
489
485
455
520
401
392
382
400
340
275
354
264
383
265
255
235
139
230
217
131
156
194
193
283
232
186
205
78
235
326
278
348
430
447
358
268
186
181
103
100
180
78
125
-7
-24
-32
71
80
-59
-45
-245
-283
-345
-507
-431
-284
-281
-276
-310
-409
-334
-341
-321
-280
-446
-399
-537
-586
-461
-312
-570
-471
-363
-395
-262
-493
-316
-351
-306
-392
-436
-306
-396
-414
-476
-415
-294
-316
-291
-248
-368
-496
-351
-515
-556
-421
-449
-479
-641
-578
-426
-532
-576
-447
-472
-461
-425
-475
-466
-446
-382
-431
-319
-307
-291
-190
-167
-140
-121
-99
-152
-52
23
115
-17
19
94
187
173
107
33
64
394
293
191
202
287
432
332
308
169
185
283
283
272
167
229
219
326
255
221
293
329
218
197
299
225
395
265
275
234
35
36
197
164
146
151
173
181
215
211
187
138
7
74
-211
-275
-311
-301
-318
-483
-601
-577
-590
-602
-681
-849
-659
-405
-324
-408
-440
-362
-463
-643
-702
-614
-596
-604
-518
-583
-651
-675
-710
-594
-735
-859
-535
-423
-533
-517
-519
-493
-512
-450
-481
-410
-337
-183
-117
-218
-112
-96
-176
-188
-305
-327
-258
-137
-240
-172
-86
-285
-168
-199
-342
-266
-451
-349
-218
-147
-161
-422
-252
-308
-222
-345
-280
-209
-307
-82
-186
-14
189
241
225
309
329
325
383
374
511
565
711
686
624
679
726
693
553
685
718
613
730
499
617
584
522
592
576
584
511
546
693
771
878
940
893
901
795
657
781
1097
928
677
656
864
850
756
640
832
865
773
836
740
856
806
860
903
886
796
625
750
695
654
369
351
518
353
265
298
254
209
196
155
191
224
-44
41
33
-18
-17
-72
-123
-291
-214
-208
-257
-327
-249
-134
-161
-144
-171
-287
-369
-410
-270
-96
-248
-179
-122
-56
-128
-166
-240
-219
-165
-89
-67
-198
-140
-86
-212
-149
-176
-218
-199
-129
-194
-181
-208
-248
-315
-179
-202
-191
-317
-343
-188
-205
-117
-83
-255
-38
-51
-94
-46
-185
-56
154
114
-8
156
362
333
240
408
221
325
168
368
427
415
433
264
255
305
393
393
484
43
576
1197
632
462
519
310
241
293
375
542
444
581
469
370
465
472
562
410
357
499
544
466
429
500
669
509
466
450
396
424
353
390
474
462
324
340
437
346
308
336
407
280
122
86
57
213
82
-5
-31
64
27
-101
-90
-157
-122
-185
-111
-51
-159
-172
-170
-140
-230
-172
-130
-119
-223
-166
-86
-398
-356
-369
-393
-386
-255
-153
-114
-241
-504
-485
-486
-510
-449
-448
-486
-657
-697
-699
-681
-753
-816
-743
-661
-673
-963
-834
-471
-582
-454
-332
-491
-434
-530
-522
-435
-548
-351
-237
-188
-270
-231
-383
-304
-527
-437
-2
-157
-145
-89
-31
-84
-110
93
-57
35
179
232
308
293
324
185
488
508
518
400
536
543
344
487
356
400
437
531
606
530
457
531
579
653
650
695
381
584
768
598
729
641
506
388
469
541
308
526
372
399
234
413
591
495
565
643
643
563
619
573
624
531
583
443
457
344
373
395
306
445
286
230
227
291
302
278
276
432
600
652
598
458
407
311
538
746
472
259
337
335
233
63
257
377
354
189
181
418
421
374
371
524
401
434
450
194
403
346
373
360
232
219
284
323
108
84
160
244
154
250
342
265
243
270
269
188
256
201
152
140
91
248
258
168
202
224
198
106
136
179
313
321
366
363
342
406
303
284
297
314
309
334
454
504
457
506
548
380
324
356
349
352
398
454
420
463
430
340
368
403
412
441
428
431
324
364
340
263
327
440
267
471
507
333
513
425
292
229
388
437
484
321
-111
-19
79
30
83
-12
-97
37
144
194
104
-85
105
13
-2
-96
56
-98
-61
153
-11
82
78
41
118
15
-34
3
-43
-22
6
-23
110
-33
17
2
12
151
-94
-83
-54
28
-21
-15
88
69
41
-80
-96
-18
-107
-32
-118
147
82
-169
-114
-146
-54
-68
-47
-118
-120
12
45
-48
21
129
123
16
54
129
239
235
173
236
338
285
261
113
157
148
-92
-98
24
34
-65
-19
10
74
42
-34
-5
90
40
-6
-28
-133
-26
-142
-148
-3
-127
-174
-208
-214
-211
-11
-24
151
164
160
216
227
157
-4
176
205
255
114
213
210
76
-118
-49
44
-282
-100
144
-65
-121
-93
-78
-51
-132
-74
-78
31
158
34
37
-4
-48
-102
-24
181
100
208
244
64
82
-41
-72
14
-38
-54
-56
-238
-100
-53
69
241
298
112
-60
149
76
93
27
-17
-173
245
220
-37
37
223
328
168
216
204
225
230
273
270
151
221
250
306
354
327
350
358
318
345
353
297
273
209
252
360
263
313
394
434
480
508
672
700
739
593
425
633
845
890
629
581
628
735
536
574
759
820
800
696
783
784
790
818
832
800
703
758
724
607
652
564
605
569
530
548
547
535
567
462
274
390
476
388
394
238
206
268
357
367
231
226
128
187
130
110
-13
7
74
44
17
-34
-23
28
161
180
219
94
77
95
14
-20
-165
-34
48
-24
95
38
35
-88
-70
-90
-212
-91
-159
-150
-85
-31
-180
-149
-66
-154
-55
-3
15
19
-67
-26
106
26
65
-51
-41
71
14
144
11
-112
-48
-299
-240
-71
-398
-353
-238
158
58
-271
-50
-243
-176
-184
-157
-194
-68
1
-206
-197
-191
-192
-157
11
79
90
-2
45
49
51
207
101
87
149
246
234
226
153
212
192
128
203
293
254
161
126
15
79
213
204
136
171
46
161
143
-16
79
-12
29
-122
80
177
135
9
97
235
240
90
-9
-17
50
206
46
52
-41
21
97
148
153
73
179
24
68
144
94
138
51
-5
107
-57
-391
-237
-164
-194
-169
-192
-240
-167
-190
-129
-314
-306
-218
-385
-91
-337
-523
-534
-535
-475
-530
-545
-366
-399
-471
-470
-203
-104
-338
-200
-185
-230
-345
-201
-229
-218
-94
-183
-221
-285
-453
-467
-386
-351
-592
-403
-132
-332
-296
-281
-362
-311
-305
-240
-294
-353
-265
-263
-223
-219
-120
72
7
-26
-72
107
43
47
-27
11
97
279
186
86
289
4
143
221
109
261
92
49
121
259
500
228
111
8
195
292
174
195
70
19
145
265
164
359
415
351
280
302
336
363
387
283
338
348
439
568
493
301
354
433
448
314
348
427
358
381
432
399
523
504
635
531
552
494
385
464
711
651
383
247
357
460
199
158
216
316
170
130
237
337
316
403
297
247
314
222
296
262
234
265
178
170
168
182
153
194
103
87
142
104
124
24
43
85
-30
-19
28
-20
73
71
-106
-96
-189
-198
-111
-224
-164
-253
-185
-270
-293
-158
-95
90
-82
