573
471
566
371
473
451
475
478
519
607
464
581
549
477
368
564
434
375
321
209
267
327
302
240
435
400
388
314
368
299
224
242
167
301
309
204
203
114
-4
37
-36
-107
-34
-21
33
19
56
85
83
28
2
161
183
331
270
82
55
145
76
-43
116
-1
82
38
15
79
11
112
162
143
10
7
-16
77
54
-38
3
-6
114
-52
127
99
152
102
63
142
128
136
109
182
157
211
277
232
334
375
455
283
247
349
78
276
222
62
-8
95
243
326
309
165
187
175
305
104
87
116
87
312
115
158
178
53
106
131
220
215
243
219
237
266
205
252
188
195
290
319
270
252
268
255
313
407
332
277
229
329
407
364
250
250
369
294
197
255
303
269
400
445
352
270
296
584
426
331
193
280
258
199
318
153
276
338
420
327
219
276
282
209
86
196
130
143
109
9
22
-6
-258
-76
-44
-226
-38
-166
-8
-99
142
-130
21
-28
-20
-12
42
-162
-112
-208
-380
-124
-511
-67
-225
53
-181
-139
144
50
191
167
281
119
26
49
83
195
70
211
225
16
65
-152
130
-8
32
240
-36
197
-62
160
-171
255
55
40
-48
59
280
194
306
204
274
333
303
329
528
483
385
434
494
421
346
135
127
197
399
230
108
238
243
223
379
466
353
577
450
509
267
178
226
305
706
452
576
270
-5
473
537
446
693
633
562
576
560
572
480
567
624
528
472
333
563
425
442
495
488
436
334
493
605
658
689
715
668
823
731
776
769
811
572
591
1021
832
620
471
607
629
546
564
635
574
619
628
534
677
636
749
690
710
672
653
692
607
614
537
595
538
622
563
626
571
522
437
388
565
548
380
483
482
336
405
360
319
316
397
354
219
280
218
136
43
59
281
179
148
104
51
118
189
236
138
199
259
232
56
-41
169
366
384
363
306
284
260
240
74
89
33
167
268
305
238
304
220
199
215
262
296
200
218
198
343
280
358
430
297
238
255
365
194
224
415
285
309
101
191
444
459
190
117
-45
-155
112
133
240
392
396
427
336
188
220
36
-133
74
200
302
220
186
111
19
244
158
114
40
143
76
85
84
43
138
162
151
312
223
196
349
229
275
250
226
281
221
201
136
112
108
166
208
149
103
66
137
170
186
-34
-25
-64
123
272
224
226
213
406
156
193
115
177
163
86
221
210
407
254
240
187
183
113
-30
153
121
200
-86
-49
173
76
55
5
-36
40
49
21
-81
0
-102
-109
-78
-82
-203
-91
-332
-100
-294
-163
-146
-129
-179
-348
-122
-64
155
6
215
163
250
90
85
99
43
172
20
135
-39
-21
-90
64
-131
-387
62
-68
-21
-105
-34
67
-87
-73
-39
43
100
162
244
192
216
212
193
200
210
230
181
154
250
402
235
313
357
472
459
426
387
330
350
316
387
397
129
277
173
178
474
303
458
191
37
-192
-125
160
326
461
432
213
248
386
385
382
332
542
339
224
289
369
362
341
422
256
274
304
305
256
244
161
155
207
306
295
449
384
330
358
491
519
89
133
461
636
388
242
294
348
410
227
357
227
327
262
174
349
366
495
423
348
268
394
344
299
333
344
417
236
208
276
202
93
60
40
76
-14
-22
151
161
33
65
16
27
104
-25
-48
-29
-108
-100
-31
-128
-99
19
-87
-240
-188
-292
-270
-50
-145
-69
-100
-181
-161
-154
-186
-161
-128
-93
50
-6
-5
-102
-51
-165
-133
-85
-153
-131
-138
-95
-64
-177
-164
-170
-99
-61
-110
-78
-162
-163
21
52
57
7
-146
-142
-177
101
-4
-73
-46
-62
35
-82
-151
-178
-26
-19
-144
-164
-111
-26
6
-8
-46
-146
-179
46
46
80
-85
-168
-158
-191
30
3
-21
-208
62
18
79
213
54
175
30
-53
2
83
72
-70
-68
74
131
0
-31
112
55
15
35
43
119
81
-39
-115
85
38
58
-107
-139
-142
-177
-97
55
141
-18
-22
21
180
-69
-87
-84
-120
-33
-48
-141
-102
-63
-88
-23
-49
-113
3
-56
-21
40
-60
37
20
5
56
-114
-268
-323
-172
-172
-240
-155
1
110
-39
39
-233
-50
-221
-238
-267
-288
-272
-368
-365
-414
-336
-599
-306
-483
-393
-381
-378
-187
-98
9
22
105
45
-164
-94
-26
-29
-47
-99
-57
-92
-301
-71
-204
-128
-513
-159
-222
-72
-439
-59
-80
-252
112
-422
14
-37
49
161
137
55
221
219
149
117
186
197
73
186
44
183
199
184
147
274
-30
-20
274
476
374
96
7
-92
86
98
61
12
-61
-74
232
359
295
267
61
260
-1
-84
111
220
367
309
290
236
300
135
163
144
151
272
224
215
207
274
66
21
141
59
65
135
73
185
223
325
379
353
473
462
296
62
234
437
574
273
147
126
254
231
73
177
225
260
110
242
215
381
374
362
299
169
340
213
202
315
232
289
92
72
303
183
126
144
206
161
95
124
145
164
155
74
128
108
125
66
8
39
145
-31
-149
-86
-152
-168
-80
-145
-292
11
6
-4
148
121
113
83
26
50
77
-62
-25
-37
17
25
-48
-99
-74
61
33
-21
-57
-128
-7
86
-137
-170
-21
5
-161
-122
-4
-45
18
21
-28
-63
-13
19
15
-13
45
-9
-97
91
-87
-32
13
49
-162
-238
-212
-129
-28
-171
-145
-135
-35
-268
-288
-111
131
58
-152
113
109
154
-61
-88
-110
-103
-130
-156
-105
-121
74
-20
14
-65
-27
-32
125
26
-61
62
-27
58
-16
-64
-101
-123
-32
-30
47
83
-15
-70
-4
15
76
97
-123
-107
-109
-221
-171
34
4
19
-72
-97
6
8
22
-198
-131
-138
-12
-26
-213
-93
-98
-28
-70
6
-26
3
-52
-150
-47
-76
-180
-124
-184
-25
-272
-312
-262
-331
-110
-427
-105
-301
-244
-63
-315
-211
169
-341
-78
-110
-180
-180
-528
-167
-645
-431
-353
-789
-530
-312
-875
-606
-157
-380
-232
43
-120
-108
-167
-472
-78
-139
-235
-67
-379
74
-232
-578
-10
-509
-571
-97
-311
-472
-91
-362
-251
-3
-227
-84
-45
-329
-90
-91
31
-9
-92
41
-11
73
-61
-29
-44
89
36
54
153
1
47
31
-126
70
118
169
108
93
34
-1
96
-69
-14
19
6
43
175
38
41
83
58
163
199
117
192
248
374
260
248
454
310
339
182
229
296
329
311
315
315
299
307
283
156
260
273
268
224
223
260
198
461
520
567
605
408
230
498
740
741
525
340
503
432
552
398
317
454
301
304
269
420
366
427
438
335
412
267
234
271
268
268
259
355
356
169
191
191
196
104
261
175
109
148
67
26
61
120
48
135
-94
-78
-89
-93
-12
-86
-95
69
-29
-43
64
110
47
-20
-37
138
153
-74
-8
-54
63
-2
-48
-42
67
87
-3
86
-78
-162
-79
53
-83
-31
-2
-101
-56
64
68
-71
33
-15
-117
64
71
-51
-48
-122
-96
-81
-116
-89
-96
-140
-135
-192
-141
-28
-52
23
49
16
-99
-47
-60
-160
-170
-192
-269
-346
-337
-319
-110
-36
-161
-305
-203
-60
-46
33
-115
-263
-113
-40
-39
-207
-239
-87
-140
-159
-48
-219
-221
-105
-121
43
-36
-92
-70
34
78
-50
-31
-79
-71
-27
-114
-44
-23
-74
-95
-98
-126
-136
-56
-124
-189
-159
50
103
61
-7
24
52
105
138
13
62
92
136
75
146
102
162
165
44
109
70
76
23
-43
22
19
5
84
22
57
-100
-196
-69
-136
-119
-1
-19
-8
18
-111
-91
-209
-23
-387
-86
-393
-234
-485
-300
-410
-641
-70
-790
-340
-461
-908
-287
-342
-206
-201
-16
12
-84
-187
69
-58
-23
9
-208
61
-246
161
-377
97
-287
-43
-113
-281
-32
-408
-119
-437
-132
-324
-226
-249
67
57
-13
-16
39
-2
182
90
82
247
72
159
299
14
26
55
-26
109
247
62
33
346
50
45
-141
-313
-311
-153
-61
-114
-53
-68
-125
-155
-84
-117
-74
-114
38
205
155
337
275
404
294
443
404
339
435
405
477
439
489
436
352
309
423
272
292
329
324
304
256
229
178
239
326
373
511
447
396
441
314
359
392
605
567
214
158
453
199
266
181
109
387
215
204
341
375
369
433
514
307
360
326
283
369
335
239
190
177
311
249
149
310
55
20
107
210
155
38
111
32
35
58
81
-52
2
-58
-61
-28
-103
27
-138
-179
-67
-191
-241
-152
-163
-104
11
-9
-91
-100
-42
-18
-141
-162
-129
-169
-150
-101
-57
-78
-143
-74
-41
-149
-15
146
-83
-59
-19
-202
-196
-100
-234
-290
-152
-183
-246
-203
-143
-61
-100
-190
-236
-223
-93
-106
-68
-77
-174
-32
-125
-83
-14
-209
-68
-169
-118
-142
-286
-215
-99
-177
-271
-313
-195
40
32
-26
43
13
-150
-252
-197
-168
-106
-33
-59
50
-40
2
37
-25
-9
-106
-98
-45
-35
-91
-126
-107
-75
-77
-69
-131
-28
-87
-72
6
-77
-98
-49
-36
-169
-149
-168
-125
-154
-292
-280
-179
-53
35
-24
-91
-113
-27
-26
-29
-141
-55
-18
-68
-6
-175
-32
-2
16
-47
-112
-127
-109
-54
2
46
125
28
1
59
-24
-23
-168
-32
-105
-88
-362
-243
-126
-61
-120
-121
-226
-260
-248
-263
-301
-313
-302
-408
-571
-490
-639
-600
-556
-484
-647
-410
-131
-155
38
27
110
-61
-12
-233
-139
-186
-133
-113
-249
-148
-186
-372
-254
-292
-624
-279
-240
-229
-229
-174
-329
-146
-36
-325
-57
-195
109
-56
26
104
29
12
214
110
1
-19
-4
77
3
47
-90
81
11
119
-18
-203
31
-43
101
83
110
58
49
67
36
-53
-270
95
-99
38
232
-16
-38
119
12
-201
14
9
-78
154
156
-20
125
102
94
78
103
196
188
-26
52
85
74
111
24
-25
-58
22
-11
186
294
256
381
444
311
308
356
239
192
409
607
520
249
208
308
222
95
182
237
339
151
169
150
220
321
222
209
143
235
116
133
33
41
81
171
226
161
119
83
190
160
86
62
33
144
14
-43
57
-89
-117
-45
-178
-63
-87
-198
-56
-186
-89
-65
-104
-171
-259
-133
-149
-206
-159
-110
-50
-108
-113
55
-44
-128
-131
-269
-284
-148
-197
-154
-233
-270
-111
-192
-194
-151
-151
-68
-105
-198
-108
-92
-153
-269
-271
-293
-248
-284
-235
-146
-51
-52
-117
-134
3
-93
-118
25
-178
-157
-89
-262
-132
-151
-143
-171
-182
-50
-252
-264
-121
-86
-7
-10
86
18
-32
24
-32
-122
-35
-15
-106
-121
-37
-61
-66
-101
-195
-110
-111
-54
-174
-181
-71
-83
-47
-94
-127
-85
-10
-24
-35
-103
-172
23
-47
-62
-65
-56
-83
-56
-35
-59
-37
27
-25
-116
-137
-199
-72
-73
-52
14
-51
-34
81
-15
-105
-158
-108
-100
-88
-29
-129
-63
-113
-92
-104
-11
-22
55
-82
-9
124
-99
-42
-77
-22
-95
-316
-341
-41
-242
-78
-138
-390
117
-213
-59
-208
-292
-7
-402
-161
-481
-79
-286
-603
-94
-637
-711
-463
-477
-785
-236
-341
-306
-29
-472
63
-160
6
-288
-101
-162
-35
-36
-47
46
-370
4
-519
-261
-454
-757
-129
-402
-229
-232
-532
-7
-474
-256
-243
-482
-184
-318
-173
-152
16
3
13
26
5
123
21
-47
-68
69
90
36
264
-4
-47
16
-59
38
109
81
128
233
131
31
158
3
-130
3
71
163
2
-20
-153
-84
-121
-177
-22
60
143
223
230
131
141
82
1
28
73
29
117
121
-9
85
77
51
78
45
75
14
28
-69
-96
139
125
176
264
350
321
211
59
-52
328
398
167
-10
104
166
65
76
112
334
259
182
301
294
306
274
383
402
306
335
267
264
200
196
199
268
275
184
314
181
162
266
185
274
214
158
258
44
186
181
152
118
-98
65
-5
-51
18
45
89
142
113
-93
1
-113
-162
-76
-71
110
115
113
-17
15
-2
-38
-48
-106
-56
105
47
-57
13
-137
4
10
53
14
69
7
-149
-56
-150
-188
-30
-149
-13
69
-31
-46
-101
-50
-40
-128
-153
-148
-55
-61
0
100
-28
10
-108
-1
-2
-66
-334
-345
-179
-193
-256
-294
-39
151
157
23
-214
-255
-111
-44
-94
-154
-192
-169
-260
-320
-259
-187
-190
-195
-35
-86
-30
-113
-199
-164
-138
-143
-178
-210
-201
-198
-240
-133
-190
-148
-71
-42
-42
-127
-119
-236
-182
-210
-78
-176
-197
-265
-329
-154
-321
-305
-185
77
42
-122
-195
-68
-7
21
-121
7
112
64
39
-2
39
49
-14
-21
-51
-23
25
92
-56
-133
-104
-131
5
-156
-24
-59
-181
-133
-183
-92
-110
-72
-147
-135
-96
-254
-143
-283
-207
-416
-389
-502
-457
-566
-657
-529
-869
-392
-694
-494
-609
-429
-254
-298
-214
-190
6
-102
-77
-150
-167
-254
-96
-170
-80
-128
-167
-184
-467
-87
-839
-504
-219
-588
-226
-413
-242
-103
-260
-94
-186
-237
-35
66
147
222
239
246
210
268
274
287
324
181
194
291
273
248
186
230
211
119
109
105
291
409
556
338
260
370
306
350
259
154
-20
173
192
98
177
115
471
446
349
286
209
292
225
437
404
275
220
332
380
415
429
400
406
398
407
543
363
197
299
195
243
205
308
366
494
560
393
423
441
338
204
388
638
620
373
322
274
386
339
284
361
349
420
286
364
497
473
520
538
522
422
517
439
325
246
376
219
259
270
189
251
230
270
276
243
199
163
123
158
194
111
-10
205
93
29
-37
-64
106
70
24
139
206
128
203
81
24
147
174
78
145
94
117
95
178
-16
-137
-101
-157
-48
12
-2
-97
-7
-99
-138
-60
-129
-139
-11
-108
-96
-81
-150
-148
-131
-258
-168
-75
-243
-148
-101
-109
-75
-128
-230
-240
-160
-323
-100
-3
-231
-200
43
232
134
-172
-246
-19
58
37
-132
7
-2
-50
81
39
-76
-147
-68
134
297
74
-125
-331
-194
-105
-70
111
36
-166
-166
-34
-8
-41
-79
-81
-81
-93
-36
-20
-47
-70
-119
22
-23
107
107
117
139
23
37
85
39
-7
3
14
-1
-36
40
61
-109
-187
44
10
-66
-122
-86
-29
69
45
-39
-26
-72
25
-207
-102
-63
-89
-140
-195
-80
-230
46
-191
-177
-164
-177
-76
-230
-241
3
-264
-355
-608
-371
-377
-378
-339
-319
-204
-353
-218
-400
-249
-427
-292
-522
-402
-536
-420
-577
-422
-765
-347
-774
-714
-728
-1012
-157
-475
-227
-203
-243
-116
-538
-111
-331
-300
-187
-284
-147
-452
-283
-735
-312
-472
-755
-293
-681
-355
-660
-546
-316
-596
-203
-474
-94
-146
-226
-100
-98
54
-115
8
38
99
86
105
146
121
-13
184
322
195
245
551
468
206
359
525
714
526
513
467
491
678
587
403
256
129
350
286
391
724
656
546
572
408
184
496
506
630
589
492
531
496
446
541
517
477
433
398
352
357
413
258
133
89
182
225
126
101
183
165
246
334
373
291
274
100
-10
149
475
394
-114
-8
9
-9
-126
-221
-32
-147
-233
-249
-108
27
-42
-65
-88
0
-182
-187
-122
-153
-96
-225
-229
-81
-86
-235
-257
-245
-228
-172
-283
-255
-201
-277
-289
-322
-141
-234
-152
-242
-275
-234
-307
-225
-235
-232
-130
-214
-222
12
-94
0
-43
138
226
267
269
183
184
298
289
359
260
221
413
345
375
601
606
579
456
501
598
552
583
704
821
719
650
744
702
801
808
768
769
748
820
889
842
739
722
690
711
776
820
929
873
863
822
714
683
734
560
527
600
476
222
131
62
166
308
249
34
-288
-329
-134
-220
-383
-588
-577
-390
-290
-530
-792
-872
-753
-657
-729
-771
-865
-921
-965
-982
-919
-854
-918
-879
-807
-731
-746
-709
-691
-813
-758
-720
-728
-789
-800
-821
-834
-820
-900
-769
-744
-815
-737
-736
-694
-513
-389
-367
-540
-200
-191
-202
-210
-402
-178
-233
-93
-106
-219
-111
-9
33
-13
115
328
295
312
328
334
396
580
526
466
411
486
304
531
612
471
803
634
813
747
822
937
960
953
1148
939
1213
834
1270
940
916
1406
824
1133
1110
677
952
714
1031
1144
790
1096
650
606
294
472
264
62
377
63
-4
-384
-329
-717
-742
-477
-946
-735
-584
-1007
-785
-1084
-857
-793
-786
-834
-825
-619
-705
-590
-694
-463
-501
-485
-561
-624
-592
-694
-551
-535
-592
-515
-631
-699
-755
-645
-701
-810
-755
-605
-528
-574
-587
-610
-524
-536
-469
-577
-729
-787
-761
-827
-789
-805
-792
-718
-454
-378
-682
-377
-455
-355
-252
-226
-139
-69
115
22
78
191
218
397
373
361
526
499
482
480
638
732
845
746
757
817
969
1094
1144
1265
1335
1260
1194
1362
1653
1598
1321
1350
1596
1529
1469
1562
1627
1731
1657
1803
1870
1947
1866
2005
2041
1952
2024
1803
1727
1598
1541
1684
1622
1568
1518
1097
967
818
759
809
593
479
478
357
201
74
88
-3
-91
-88
-101
-138
-384
-444
-525
-506
-577
-587
-524
-557
-624
-630
-717
-578
-398
-454
-484
-484
-485
-513
-649
-713
-701
-663
-713
-579
-556
-703
-762
-840
-796
-703
-798
-744
-616
-777
-703
-701
-875
-826
-740
-856
-838
-802
-711
-659
-675
-710
-744
-653
-742
-634
-623
-616
-447
-491
-331
-305
-357
-242
-286
-362
-190
-81
9
2
6
133
257
352
276
325
368
521
533
577
721
656
624
670
796
707
784
879
826
731
776
943
909
1031
1036
1010
1063
1149
1116
1140
1150
1243
1326
1390
1544
1520
1613
1589
1556
1554
1556
1268
1060
1321
1393
1091
924
964
694
494
481
677
550
362
267
184
132
-46
-129
-260
-404
-524
-280
-274
-460
-783
-711
-649
-686
-625
-644
-627
-711
-748
-869
-859
-690
-689
-802
-823
-746
-942
-1069
-999
-960
-991
-942
-880
-1031
-870
-1012
-832
-1115
-909
-1153
-1061
-1041
-1455
-864
-1400
-1295
-1028
-1472
-1264
-867
-1482
-1525
-1224
-900
-1251
-979
-718
-1098
-819
-696
-912
-1120
-759
-756
-846
-836
-812
-790
-952
-404
-957
-1032
-161
-422
-534
-59
-33
-268
-43
375
218
126
307
256
519
552
552
633
696
829
821
611
626
879
820
826
735
678
935
1265
1086
1116
1223
1136
1325
1375
1634
1431
1282
1714
1680
1573
1815
1548
1721
1669
1514
1415
1472
1733
1744
1478
1302
990
865
883
1014
997
691
535
574
520
183
92
139
68
-111
-219
12
-197
-399
-487
-529
-522
-574
-424
-337
-343
-410
-395
-292
-211
-145
-198
-324
-232
-258
-57
-328
-502
-549
-493
-415
-503
-442
-404
-624
-716
-635
-497
-243
-326
-279
-273
-298
-419
-501
-491
-532
-525
-552
-641
-578
-691
-698
-706
-559
-611
-681
-749
-724
-698
-793
-654
-643
-513
-521
-396
-502
-483
-480
-433
-383
-347
-244
-211
-102
32
-28
-126
72
75
132
499
467
348
392
370
325
319
327
489
567
637
789
743
895
840
907
1078
974
1045
1050
1087
1110
1237
1130
1177
1349
1377
1376
1465
1488
1452
1521
1635
1575
1507
1344
1167
1341
1449
1397
1169
1297
1003
762
861
738
623
278
252
318
193
-127
-245
-259
-266
-501
-652
-465
-448
-685
-749
-923
-817
-948
-894
-758
-988
-1163
-1363
-1135
-1071
-1042
-1052
-1039
-712
-810
-1067
-1098
-1134
-971
-1026
-1113
-1014
-846
-975
-1112
-1145
-1112
-1038
-975
-881
-921
-989
-1138
-1133
-1153
-1089
-1056
-1079
-1068
-1134
-1131
-1370
-1224
-936
-993
-1027
-1024
-805
-849
-805
-1008
-896
-798
-799
-519
-581
-470
-478
-469
-300
-294
-247
-185
-95
-103
-49
51
105
142
99
230
224
227
107
264
395
255
560
312
766
526
713
529
529
631
581
583
706
654
631
855
492
970
358
974
993
655
1325
910
1342
1204
1526
1531
1532
1654
1606
1683
1275
1154
1348
1544
1410
1151
969
757
343
370
39
505
-37
-38
-145
-227
-331
-560
-337
-631
-564
-808
-465
-375
-582
-788
-724
-827
-739
-727
-683
-667
-709
-828
-931
-676
-592
-649
-526
-485
-855
-647
-605
-434
-492
-751
-838
-828
-686
-777
-818
-990
-955
-752
-644
-818
-816
-746
-1107
-1180
-1204
-847
-810
-727
-718
-855
-813
-849
-957
-940
-862
-851
-863
-833
-809
-948
-684
-652
-675
-604
-551
-553
-407
-354
-353
-274
-129
13
85
136
322
334
354
264
395
733
821
649
511
704
635
616
524
690
691
747
737
852
960
787
984
1084
1023
1188
1175
1234
1141
1191
1209
1104
1174
1122
1201
1248
1389
1470
1360
1350
1329
1233
1435
1564
1603
1512
1510
1296
1183
1073
1202
1281
1043
1087
918
531
345
355
325
285
-82
-92
-23
-289
-465
-437
-422
-609
-657
-567
-711
-902
-977
-1007
-1027
-1024
-970
-986
-958
-926
-934
-1023
-1060
-961
-766
-663
-855
-787
-743
-968
-1013
-945
-946
-950
-933
-966
-803
-879
-1026
-1027
-1105
-969
-832
-712
-776
-755
-997
-1226
-908
-888
-982
-1089
-1017
-980
-1083
-1152
-1079
-924
-940
-917
-909
-954
-745
-614
-819
-670
-624
-630
-663
-694
-374
-297
-488
-603
-323
-151
-128
-114
-55
-41
-122
-43
29
108
184
237
331
391
458
390
565
577
563
631
654
723
719
736
651
626
760
781
582
757
776
728
594
935
1093
1073
1023
980
1148
1326
1370
1243
1337
1309
1453
1404
1526
1518
1360
1203
1077
1370
1480
1283
1085
995
725
424
462
553
279
107
55
-128
-318
-571
-669
-596
-626
-887
-803
-774
-823
-1022
-1174
-1167
-1322
-1088
-1150
-983
-1319
-1143
-1623
-1441
-1316
-1490
-1227
-1607
-1305
-1320
-1057
-1358
-1140
-1105
-1128
-1153
-1343
-1059
-1311
-1180
-1266
-1190
-1391
-1498
-1107
-1493
-1356
-1396
-1462
-1448
-1005
-1253
-1509
-968
-1151
-1450
-1326
-1072
-1206
-1109
-1051
-880
-830
-739
-681
-790
-668
-679
-472
-337
-354
-470
-538
-508
-311
-230
175
-7
-27
407
183
314
465
326
381
448
430
536
458
445
554
537
656
716
541
588
573
694
597
835
724
680
939
943
865
752
958
959
980
874
1070
1238
1251
1247
1344
1382
1474
1581
1595
1747
1791
1757
1736
1623
1572
1670
1851
1851
1776
1711
1392
1035
1055
1373
1209
780
597
606
635
248
103
11
20
-230
-381
-265
-228
-354
-541
-597
-802
-710
-728
-678
-673
-778
-747
-877
-1018
-959
-969
-880
-797
-742
-718
-874
-865
-953
-947
-993
-891
-864
-891
-914
-957
-1047
-1208
-1053
-1156
-1060
-1089
-1023
-1029
-1088
-1210
-1192
-1227
-1351
-1082
-890
-879
-1044
-945
-1042
-988
-1074
-1164
-1002
-991
-734
-761
-811
-713
-565
-628
-484
-205
-290
-237
-87
-82
-24
62
125
145
241
352
302
291
277
338
399
498
460
542
643
616
576
599
543
436
498
465
569
541
472
503
612
587
514
369
428
546
677
966
864
836
703
775
988
1028
1066
1343
1527
1527
1422
1441
1346
1258
1314
1157
1243
1448
1319
1191
1103
796
564
419
477
351
183
114
101
39
-169
-405
-506
-595
-580
-697
-731
-651
-698
-985
-1133
-1062
-1056
-1064
-1060
-864
-935
-926
-1054
-866
-929
-965
-909
-803
-790
-835
-924
-1044
-966
-1000
-1021
-1175
-950
-911
-950
-1102
-1070
-1112
-1150
-1161
-1123
-988
-1142
-1098
-1078
-1144
-945
-1233
-1231
-1259
-1033
-1177
-977
-1044
-1291
-1115
-1081
-894
-1105
-814
-1002
-914
-1165
-688
-953
-717
-933
-541
-814
-633
-269
-700
34
-503
-132
-71
-79
239
51
444
216
324
527
241
669
335
443
454
249
459
277
687
79
237
847
529
765
547
682
889
569
985
1095
1232
1452
1667
1721
1819
2081
2049
2352
2423
2792
2840
2735
2846
2707
2503
2132
1469
1165
1521
1886
1470
715
688
186
-699
-970
-633
-467
-625
-975
-881
-1268
-2016
-2371
-2113
-1503
-1346
-1265
-943
-1030
-1542
-1333
-1148
-943
-355
-38
82
-199
-203
-355
-623
-471
-155
17
-112
-249
-524
-831
-1234
-1285
-1108
-1134
-1147
-1243
-1296
-1433
-1649
-1622
-1468
-1199
-1047
-1007
-1037
-1181
-1177
-912
-851
-971
-881
-489
-378
-618
-688
-530
-434
-354
-217
-61
205
289
174
26
11
-23
89
70
169
137
70
204
25
186
266
325
537
623
670
620
581
845
1149
1122
1137
1177
1219
1321
1333
1328
1474
1516
1594
1594
1760
1871
1699
1541
1575
1799
1572
1600
1882
2142
2061
2096
2264
2088
2119
2473
2679
2648
2571
2640
2935
3140
3100
3253
3355
2702
1282
171
558
1457
1322
550
-176
-312
-750
-1698
-1828
-1573
-1440
-1205
-1157
-921
-1188
-1835
-2138
-1730
-941
-368
-497
-530
-328
-411
-469
-760
-534
261
464
271
333
249
-289
-973
-1003
-490
-162
-324
-683
-919
-1211
-1451
-1935
-1820
-1604
-1505
-1519
-1592
-1822
-2369
-2194
-2133
-1857
-1590
-1512
-1262
-1271
-1321
-1514
-1506
-1444
-1263
-971
-1020
-1012
-1094
-1169
-1396
-1329
-1088
-1153
-980
-930
-861
-913
-934
-977
-1008
-791
-607
-414
-374
-295
-321
-84
186
272
319
541
612
821
1018
948
1175
1143
1271
1430
1510
1532
1430
1581
1665
1719
1859
1923
1922
1827
1634
1661
1717
1660
1709
1654
1746
1553
1170
1706
1440
1897
2079
2234
2838
2921
2958
2654
2854
3033
3735
3516
3827
2781
1520
86
-718
587
512
97
-285
-1224
-1458
-1622
-2713
-2567
-2223
-1659
-1127
-1177
-991
-1743
-1791
-2120
-1587
-771
-472
-145
-423
-106
-165
-864
-585
-532
41
313
-61
268
-401
-557
-1237
-959
-757
-662
-642
-677
-614
-1069
-1480
-1753
-1487
-1284
-1222
-1329
-1547
-1629
-1839
-1823
-1509
-1373
-1306
-1077
-834
-1115
-1084
-1351
-1331
-1155
-1042
-911
-1018
-1118
-1368
-1410
-1443
-1420
-1299
-1001
-852
-724
-858
-922
-908
-705
-811
-869
-410
-254
-83
40
-59
110
201
326
412
547
915
1034
1168
1212
1436
1407
1332
1391
1292
1480
1710
1792
1736
1881
1894
1756
1787
1903
1952
1709
1734
1904
1926
1838
1465
1549
1833
2041
2161
2338
2673
2751
2908
3134
3486
3611
3618
3859
3807
4036
4123
3985
3265
1666
112
-388
510
1028
389
-521
-1013
-1328
-2005
-2472
-2377
-2090
-1748
-1465
-1101
-874
-1305
-1772
-1725
-1278
-533
-21
33
245
520
364
78
-342
-247
333
312
109
65
-260
-341
-887
-1005
-1014
-1018
-1229
-1287
-1402
-1582
-1685
-1968
-1737
-1672
-1610
-1632
-1863
-1848
-1571
-1618
-1720
-1508
-1212
-1073
-1133
-1284
-1180
-1147
-1309
-1421
-1396
-1263
-1310
-1252
-1378
-1467
-1378
-1514
-1542
-1610
-1363
-1344
-1226
-1053
-1082
-1217
-1191
-1018
-940
-634
-291
-260
-184
-106
-37
383
345
400
470
718
856
822
844
860
980
1022
1155
1369
1513
1454
1457
1356
1411
1574
1415
1242
1331
1394
1193
1117
1260
1443
1268
1154
1209
1625
1818
1887
2103
2571
2920
3068
3185
2965
3169
3458
3705
3893
3960
3982
3563
2203
436
-1066
-707
299
622
-185
-1050
-1072
-1343
-2052
-2914
-2703
-2030
-1428
-943
-665
-559
-947
-1289
-1517
-986
-335
105
552
873
936
636
-37
-581
-464
-62
-6
-267
-263
-436
-852
-1274
-1603
-1493
-1575
-1484
-1417
-1012
-1279
-1403
-1733
-1791
-1723
-1370
-1467
-1617
-1383
-1926
-1205
-1839
-2086
-1850
-2253
-1410
-1129
-1589
-1212
-1541
-1668
-1783
-1872
-1586
-1844
-1605
-1507
-1678
-1683
-2017
-2360
-1796
-1549
-1753
-1359
-1430
-1112
-1080
-1045
-696
-845
-800
-169
-356
-220
-25
-23
38
202
309
250
687
810
1050
1037
1029
1098
966
901
789
1206
1283
1438
1543
1270
1146
1161
946
1104
1324
1262
1386
1338
1226
1296
1295
1232
1620
2213
2553
2605
2571
2598
3307
3741
3899
3789
3872
3922
4058
3850
3524
2633
713
-734
-889
136
313
-639
-1457
-1260
-1100
-1834
-2695
-2578
-1809
-1396
-1002
-584
-119
-157
-602
-623
-365
274
573
696
820
1214
1546
999
242
-85
167
18
-79
-70
74
-99
-521
-796
-989
-1105
-1310
-1187
-1036
-913
-924
-918
-1036
-977
-887
-1037
-1166
-1195
-1084
-886
-890
-1182
-1083
-1116
-1177
-1066
-1202
-1253
-1314
-1402
-1369
-1485
-1422
-1516
-1629
-1396
-1528
-1542
-1523
-1569
-1432
-1222
-1151
-1171
-987
-869
-738
-459
-368
-248
7
4
153
363
313
232
169
329
338
423
513
633
689
640
801
740
764
868
909
927
839
786
911
841
863
812
818
965
900
905
959
999
987
1132
1366
1402
1603
1697
1884
2073
2300
2842
3013
3112
3458
4022
3819
3488
3264
3326
3285
2794
2593
1683
-42
-1501
-1505
-636
-300
-1302
-1710
-1424
-1627
-2227
-3022
-2970
-2291
-1896
-1229
-617
-324
-386
-962
-1062
-828
-392
-163
161
478
884
868
229
-285
-444
-396
-531
-522
-208
-152
-442
-746
-988
-1277
-1400
-1603
-1489
-1165
-1221
-1180
-1213
-1347
-1545
-1358
-1212
-1402
-1593
-1399
-1401
-1433
-1525
-1738
-1615
-1637
-1535
-1556
-1562
-1581
-1586
-1541
-1463
-1325
-1493
-1380
-1405
-1322
-1374
-1474
-1181
-1007
-1135
-963
-1001
-970
-1019
-750
-637
-463
-422
-262
-175
-61
8
60
134
-6
233
53
56
137
-101
127
-197
-57
349
-30
537
10
450
338
384
502
535
717
705
802
669
981
997
1231
1287
1204
1259
1241
1451
1542
1936
1948
2129
2620
2448
2964
2714
3235
3222
3360
3279
3277
3144
2981
2583
1893
366
-1369
-1942
-1213
-321
-940
-1607
-1685
-1619
-2005
-2562
-2559
-2055
-1454
-987
-557
-119
120
-82
-596
-469
-313
-42
170
587
1138
1238
779
217
-25
-158
-380
-563
-527
-268
-152
-477
-533
-831
-1208
-1489
-1489
-1385
-1182
-1073
-1231
-1327
-1472
-1647
-1672
-1639
-1690
-1376
-982
-1023
-1120
-1145
-1122
-1160
-1409
-1412
-1228
-1033
-887
-942
-871
-789
-746
-1060
-1069
-858
-555
-641
-911
-789
-618
-617
-821
-506
-399
-264
-154
-91
34
103
105
24
113
94
213
335
298
326
318
356
207
351
386
345
353
554
625
541
508
482
523
549
674
732
838
898
1063
888
980
1132
1227
1336
1308
1359
1617
1711
1692
1824
2028
2393
2463
2623
2877
3098
3529
3409
2928
2849
3070
3063
2777
2633
2128
694
-1312
-2259
-1734
-974
-1220
-1723
-1703
-1513
-1741
-2446
-2683
-2247
-1910
-1528
-791
150
640
176
-397
-451
-341
-81
208
501
1051
1179
965
435
-6
-304
-663
-757
-454
-147
-218
-569
-1015
-1258
-1483
-1929
-2047
-1907
-1609
-1302
-1214
-1325
-1547
-1525
-1500
-1383
-1227
-1256
-1273
-1514
-1745
-1460
-1129
-1227
-1645
-1658
-1542
-1607
-1710
-1644
-1376
-1228
-1209
-1224
-1141
-1161
-1380
-1534
-1368
-1073
-977
-871
-852
-847
-803
-929
-1030
-820
-518
-315
-361
-385
-289
-383
-337
-431
-276
-189
30
238
275
213
235
40
218
416
384
441
585
857
981
1233
1027
1112
1142
1097
1030
1113
1382
1546
1811
1559
1494
1453
1535
1557
1671
1519
1561
2052
2253
2352
2621
2875
2613
2464
2419
2529
2486
2611
2798
3261
2699
1541
-486
-2028
-2717
-2041
-1593
-1636
-1384
-1630
-1598
-2448
-2335
-2849
-2534
-2070
-1175
-42
459
620
34
-306
-487
-538
-505
153
378
881
881
746
111
-960
-823
-1430
-1309
-904
-883
-308
-948
-1202
-1285
-1972
-2177
-2011
-2039
-1936
-1683
-1560
-1462
-1586
-1783
-1929
-1882
-1638
-1423
-1238
-1073
-981
-785
-896
-1034
-1381
-1221
-893
-787
-880
-988
-1004
-943
-804
-832
-1035
-1263
-1299
-1193
-1052
-1206
-1210
-1094
-828
-809
-610
-944
-632
-123
-120
-151
-113
-143
-380
-226
-218
-209
89
216
229
312
562
623
379
472
509
715
926
862
1003
1202
1314
1330
1439
1491
1477
1658
1598
1680
1895
2316
2073
1726
1517
1661
2013
1988
1835
1926
2155
2465
2663
2509
2938
3334
3232
3059
2847
2839
3037
3340
3441
3264
2743
1409
-279
-1641
-1799
-1065
-583
-709
-902
-901
-881
-1380
-2047
-2177
-1947
-1249
-421
309
871
543
102
-191
-505
-467
-110
392
597
953
975
391
-475
-884
-1017
-1064
-1079
-906
-699
-865
-1134
-1423
-1744
-2127
-2333
-2267
-2021
-1861
-1709
-1458
-1445
-1461
-1723
-1746
-1662
-1544
-1342
-1032
-886
-922
-758
-879
-962
-1001
-1015
-954
-809
-791
-823
-863
-927
-1021
-1209
-1405
-1386
-1376
-1458
-1087
-1037
-1110
-1127
-1161
-1124
-1047
-1057
-1008
-825
-649
-463
-369
-325
-405
-340
-262
-72
106
135
319
556
526
375
332
543
572
545
542
705
927
983
1044
984
1025
815
989
1014
1000
1135
1111
1160
1345
1258
1230
1362
1456
1286
1065
1253
1705
2036
2094
2139
2191
2404
2364
2265
2188
2444
2794
3250
3445
3030
2070
349
-1417
-2055
-1548
-620
-428
-844
-825
-821
-1359
-2186
-2556
-2265
-1706
-899
-52
667
798
193
-333
-822
-791
-528
-4
470
769
780
430
-143
-917
-1370
-1498
-1365
-1108
-844
-747
-1100
-1372
-1688
-2040
-2568
-2663
-2561
-2019
-2071
-1820
-2109
-1996
-2211
-1996
-1697
-1925
-1160
-1087
-735
-865
-559
-709
-830
-1149
-1142
-979
-772
-848
-916
-1036
-1214
-1274
-1347
-1404
-1528
-1719
-1210
-1344
-1284
-1414
-1489
-1399
-1023
-1113
-820
-818
-577
-539
-442
-374
-285
-175
-64
123
64
313
199
407
582
582
729
889
792
870
1180
945
949
1075
1176
1261
1287
1206
1154
1292
1263
1031
1145
1375
1442
1526
1391
1338
1298
1560
1721
1463
1511
1791
2228
2092
2236
2280
2444
2530
2519
2538
2654
3018
3451
3693
3435
2306
437
-1078
-1571
-1102
-471
-289
-722
-923
-887
-1305
-1864
-2299
-1964
-1332
-493
291
666
706
429
-99
-500
-577
-229
329
605
1002
1071
784
53
-578
-902
-1038
-976
-781
-390
-376
-442
-847
-1227
-1637
-1961
-1853
-1585
-1091
-872
-823
-676
-699
-802
-965
-1035
-1171
-994
-635
-506
-591
-568
-466
-620
-691
-847
-998
-858
-887
-790
-660
-837
-992
-1290
-1396
-1435
-1473
-1497
-1354
-1156
-993
-948
-878
-890
-1049
-975
-829
-659
-504
-386
-166
-115
-25
189
120
83
97
302
331
558
630
567
655
592
692
739
905
1061
962
1008
1286
1177
1081
1005
956
981
956
1044
1226
1181
1259
1020
937
1134
1172
1274
1482
1620
1563
1635
1682
1934
2022
2201
2334
2434
2431
2382
2749
3070
3322
3298
2735
1482
-182
-1330
-1280
-503
-258
-623
-852
-786
-1202
-1706
-2160
-2311
-1899
-1223
-423
339
458
84
-493
-786
-580
-370
-72
411
779
1042
901
168
-475
-895
-1095
-1011
-745
-523
-392
-382
-692
-1028
-1405
-1423
-1229
-1190
-1137
-897
-738
-437
-529
-705
-789
-909
-1062
-1019
-633
-492
-359
-548
-479
-477
-641
-618
-611
-589
-618
-633
-568
-656
-732
-861
-1126
-1418
-1353
-1244
-1462
-1257
-1435
-1188
-1145
-1144
-1149
-1167
-999
-994
-715
-807
-650
-702
-414
-598
-239
-558
-251
-226
-259
62
-384
329
411
504
594
832
910
897
931
908
905
1007
1033
1040
771
804
787
732
715
740
287
1008
807
931
968
991
1090
1099
1435
1631
1821
1884
2398
2492
2624
2798
2768
2859
2799
3100
3466
3716
3859
3074
1973
305
-1019
-1327
-262
311
-54
-518
-535
-1030
-1651
-1988
-2168
-1481
-817
19
490
747
251
-546
-857
-998
-445
328
848
1037
1240
825
251
-275
-768
-639
-588
-135
-55
39
-120
-576
-967
-1122
-1282
-1377
-994
-851
-699
-731
-810
-1005
-1286
-1245
-1174
-828
-406
-172
-178
-214
-493
-368
-404
-713
-432
-78
204
-98
-461
-752
-758
-921
-917
-725
-787
-664
-729
-751
-738
-759
-580
-646
-532
-338
-336
-127
-20
-110
-80
-69
-106
43
289
407
527
515
499
385
567
682
749
661
789
809
758
772
917
873
787
762
770
1021
775
744
537
661
799
797
958
952
842
1022
1238
1202
1142
1266
1386
1527
1540
1794
2114
2298
2367
2345
2409
2351
2373
2840
3275
3557
3579
3239
2445
1160
-304
-1413
-986
45
527
-164
-745
-1190
-1730
-2116
-2438
-2069
-1321
-710
-173
209
134
-395
-1005
-1235
-927
-222
606
1040
978
795
460
-167
-670
-740
-422
-59
215
236
82
-432
-813
-1071
-1293
-1167
-1118
-808
-588
-797
-881
-1077
-1226
-1389
-1260
-856
-1040
-1000
-965
-923
-899
-954
-932
-882
-622
-645
-688
-661
-777
-705
-911
-866
-828
-899
-899
-940
-1084
-1036
-1067
-1057
-1133
-1076
-874
-837
-911
-870
-687
-577
-373
-404
-356
-374
-153
12
99
157
-28
111
169
243
248
379
491
560
697
721
790
772
814
739
862
901
853
925
937
853
809
545
873
686
794
776
853
987
994
1041
1121
1334
1358
1483
1480
1759
1783
2112
1892
2600
2372
1818
2520
2473
3098
2999
2378
2411
1112
-19
-1294
-843
125
143
-314
-1050
-1472
-1527
-2218
-2401
-1915
-1626
-1067
-247
-354
-916
-980
-1790
-1284
-1053
-598
432
591
377
355
281
-617
-731
-543
-217
367
443
299
-122
-690
-906
-951
-1012
-853
-579
-650
-667
-918
-979
-960
-1351
-1295
-1033
-912
-646
-665
-1001
-1044
-1046
-1035
-834
-787
-764
-737
-567
-664
-772
-868
-868
-614
-468
-299
-397
-325
-605
-580
-625
-888
-719
-450
-351
-217
-303
-503
-542
-494
-413
-279
-148
-62
-45
122
205
193
159
64
194
435
624
836
888
925
859
792
843
965
1267
1276
1142
1125
1152
1172
985
711
1053
1088
1131
1300
1499
1589
1467
1540
1429
1549
1618
1609
1737
1683
1913
1968
2086
2276
2421
2617
2579
2529
2651
2817
2973
3214
3389
3335
2631
1460
426
-401
-243
400
564
164
-431
-1012
-1509
-1792
-2087
-1807
-1132
-683
-356
-390
-776
-1102
-1269
-1002
-460
-16
406
564
349
99
-91
-407
-386
-88
310
652
572
193
-263
-458
-673
-696
-654
-461
-270
-452
-802
-1160
-1377
-1288
-1166
-1110
-917
-1071
-1071
-896
-980
-1143
-1077
-874
-570
-347
-374
-368
-426
-474
-515
-523
-311
-352
-305
-244
-353
-369
-702
-738
-703
-614
-561
-497
-369
-538
-532
-486
-374
-343
-343
-95
162
183
53
-82
-125
205
314
215
346
447
609
592
580
559
628
734
840
883
881
1172
1202
1144
1093
932
1082
1056
976
1075
1117
1161
973
938
973
970
1054
1115
1079
1336
1612
1961
1882
1813
1895
2038
2207
2181
2283
2490
2671
3032
3011
2704
2268
1709
999
70
-326
345
1027
663
-406
-952
-984
-1373
-1742
-1625
-1040
-771
-780
-946
-1032
-1385
-1589
-1462
-960
-429
113
87
-60
-499
-305
-433
-521
-453
-271
-45
-286
-385
-894
-860
-1041
-846
-1011
-619
-770
-784
-1184
-1400
-1493
-1382
-1459
-1309
-1188
-1278
-1181
-1310
-1279
-1386
-1309
-1074
-848
-756
-965
-1067
-1005
-1024
-1058
-870
-797
-719
-478
-548
-699
-995
-774
-980
-770
-760
-722
-549
-533
-674
-678
-752
-750
-403
-395
-486
-356
-366
-179
-189
-222
77
176
249
207
327
376
458
595
516
512
526
617
787
928
954
934
878
825
982
1124
1093
998
1190
1245
1480
1581
1506
1345
1212
1314
1444
1474
1453
1684
1895
2059
1978
1984
2048
1974
2008
2293
2568
2742
3016
3074
2873
2742
2397
1628
697
278
745
1393
1180
510
-319
-890
-1132
-992
-887
-607
-380
-264
-343
-719
-897
-1043
-837
-429
99
558
396
196
13
48
198
281
414
520
673
506
175
-61
-99
-124
-52
84
29
-215
-403
-626
-999
-978
-833
-603
-729
-729
-719
-1111
-1401
-1486
-1481
-1164
-814
-733
-573
-638
-763
-936
-957
-615
-406
-335
-308
-315
-384
-534
-777
-793
-722
-711
-542
-650
-623
-615
-714
-612
-528
-513
-566
-530
-456
-544
-399
-484
-400
-273
-113
137
81
-79
93
147
245
272
337
335
480
548
517
594
573
790
697
1003
1049
925
846
733
961
1153
966
906
1072
1124
949
865
937
1311
1502
1286
1407
1546
1871
1939
1906
1850
1660
1968
2170
2646
2697
2823
2617
2494
2105
1225
473
26
597
1324
984
-70
-702
-928
-989
-1201
-1002
-774
-565
-541
-863
-1062
-1141
-1176
-1039
-663
-263
28
-82
-432
-581
-500
-228
-28
247
288
205
155
56
-24
-123
-23
-35
90
115
-60
-286
-500
-490
-594
-329
-333
-343
-403
-516
-536
-749
-1047
-1269
-1135
-700
-313
-630
-1140
-1337
-1211
-859
-647
-770
-835
-786
-596
-715
-894
-1049
-1162
-860
-931
-939
-1128
-1141
-1326
-1245
-1048
-1162
-824
-1315
-1042
-974
-558
-613
-565
-484
-433
-317
-351
-542
-409
-159
-43
177
54
3
-156
92
14
349
-153
76
583
85
646
315
323
652
442
746
751
833
899
964
1133
1058
980
1324
1283
1017
1109
1471
1555
1532
1738
1808
1869
1846
2235
2084
2088
2426
2139
2576
2979
3112
2629
2217
1680
950
440
818
1359
1161
279
-396
-505
-641
-640
-743
-670
-365
-452
-643
-885
-1106
-911
-818
-501
-180
-92
-201
-363
-430
-271
65
148
104
306
286
229
191
65
-15
129
282
467
355
305
177
-73
-87
-85
-291
-263
-120
-61
-212
-723
-804
-794
-654
-574
-428
-290
-401
-398
-475
-598
-449
-247
-188
-100
-155
-144
-330
-297
-389
-590
-311
-392
-555
-536
-527
-590
-557
-551
-490
-598
-602
-444
-505
-359
-408
-411
-512
-285
-278
-301
-57
-201
18
23
-171
-82
-1
-52
179
376
231
207
409
539
678
750
680
648
560
735
740
815
747
734
1020
1077
911
869
1014
989
1136
1241
1278
1377
1535
1432
1520
1627
1789
1830
1803
2091
2193
2360
2484
2548
2520
2341
1863
1245
651
609
1339
1378
884
130
-405
-479
-684
-832
-818
-855
-764
-931
-1157
-1388
-1588
-1425
-1182
-990
-909
-837
-1041
-1071
-989
-733
-543
-501
-378
-219
-169
-515
-353
-223
-47
64
-8
29
-173
-327
-658
-621
-569
-495
-446
-639
-909
-973
-870
-1050
-970
-1013
-1157
-1180
-1121
-977
-859
-1021
-1040
-1060
-1006
-844
-844
-765
-875
-939
-1098
-886
-799
-930
-1176
-1047
-915
-843
-970
-1126
-1127
-1006
-746
-886
-765
-816
-631
-631
-697
-597
-553
-366
-347
-196
-273
-253
-260
-370
-326
-217
-551
-294
-359
-188
-221
-293
12
-121
308
45
140
409
138
365
437
201
515
263
384
682
29
750
807
259
541
1008
862
824
1227
1140
1396
1616
1387
1069
1489
1585
1793
2162
2206
2146
2174
1735
1106
1368
708
-140
708
1461
565
30
-562
-972
-501
-720
-890
-711
-929
-956
-1068
-1401
-1466
-1112
-1044
-970
-731
-682
-720
-1112
-1044
-808
-644
-563
-482
-370
-256
-167
-94
-248
-77
-42
94
38
-167
-237
-405
-326
-417
-499
-550
-598
-547
-610
-969
-1164
-1083
-863
-706
-920
-994
-1110
-905
-441
-603
-620
-467
-352
-322
-449
-460
-397
-409
-512
-416
-392
-356
-409
-495
-452
-365
-447
-459
-371
-208
-67
-48
23
46
-14
-154
-93
146
352
10
1
130
250
161
-6
92
195
503
466
534
768
665
702
715
791
870
802
919
915
1135
964
1030
1005
1052
1126
1057
1091
1122
1244
1261
1208
1253
1175
1197
1204
1237
1314
1375
1517
1487
1450
1325
1496
1739
1752
1898
2211
2045
1600
1258
829
509
953
1385
1217
457
-178
-378
-382
-394
-490
-603
-831
-706
-794
-1037
-1287
-1312
-1095
-898
-715
-860
-982
-963
-977
-841
-512
-710
-611
-426
-508
-295
-225
-315
-331
-412
-309
-32
-115
-198
-475
-526
-473
-542
-595
-617
-730
-795
-756
-979
-1038
-920
-810
-679
-988
-1080
-1209
-1041
-714
-738
-1020
-1081
-773
-589
-793
-911
-782
-590
-809
-953
-949
-973
-732
-724
-559
-723
-707
-614
-701
-615
-552
-462
-436
-498
-419
-298
-255
-281
-219
-179
-141
-82
-107
-240
-141
-23
-147
94
130
56
126
116
220
453
510
607
509
713
880
752
794
744
875
1011
1089
1134
1077
1097
1139
1243
1244
1315
1271
1410
1582
1466
1454
1444
1335
1462
1692
1737
1596
1547
1848
1913
1990
1560
1124
438
700
870
959
1225
143
-134
-332
-173
-414
-639
-874
-902
-1067
-1176
-1154
-1808
-1410
-1615
-1680
-1179
-1416
-1583
-1210
-1494
-937
-851
-959
-690
-879
-382
-788
-600
-630
-771
-300
-558
-303
-648
-604
-728
-794
-727
-1325
-883
-795
-1202
-871
-1221
-1272
-1190
-1413
-983
-994
-1032
-1190
-1147
-999
-808
-770
-682
-715
-759
-555
-679
-686
-732
-842
-783
-827
-769
-802
-1017
-829
-787
-745
-461
-510
-498
-380
-189
-199
-157
-171
-207
-65
-96
-72
-235
-236
-127
-23
16
35
-71
34
104
388
456
251
427
415
581
518
465
688
888
1031
975
754
949
1058
1047
1096
1058
1244
1374
1330
1279
1555
1712
1698
1666
1790
1914
1740
1536
1710
2164
2282
2073
1890
2160
2314
2378
2242
2192
2181
1979
1495
1146
1351
1578
1722
962
390
246
428
237
-98
-245
-350
-301
-587
-648
-727
-700
-899
-840
-746
-680
-709
-940
-860
-716
-499
-616
-704
-494
-265
-341
-301
-429
-333
-334
-333
-203
-355
-145
-408
-443
-498
-522
-498
-354
-292
-289
-244
-368
-580
-797
-1021
-908
-680
-614
-647
-887
-953
-946
-845
-920
-827
-962
-1201
-1062
-738
-920
-1189
-1155
-1261
-1142
-942
-886
-891
-907
-805
-684
-730
-718
-694
-520
-489
-429
-343
-570
-553
-309
-167
-157
-112
-48
-213
-194
-57
-26
-231
-315
-239
-164
-155
1
-46
136
263
319
570
392
298
202
249
470
778
975
795
690
731
895
958
1069
1099
1221
1136
1115
1366
1338
1480
1455
1381
1424
1648
1835
1759
1890
2127
2192
2106
2018
1812
1655
1171
881
1349
1593
976
304
107
297
187
-97
-67
-270
-353
-679
-605
-688
-927
-951
-861
-884
-867
-895
-999
-1063
-1084
-725
-672
-671
-634
-475
-281
-319
-203
-487
-489
-300
-145
-160
-396
-740
-496
-671
-715
-757
-662
-728
-763
-703
-937
-1064
-1139
-1064
-1182
-1072
-1267
-794
-1413
-1135
-1456
-1437
-922
-1676
-1012
-1433
-1381
-1010
-1315
-976
-1063
-873
-761
-1030
-916
-832
-1043
-659
-848
-813
-630
-1079
-804
-428
-718
-767
-381
-730
-303
-333
-606
18
-313
-492
67
-271
-490
-137
-20
34
162
48
177
436
388
449
479
551
461
425
686
684
632
713
578
1132
1009
858
1024
1109
1067
954
1020
1234
1310
1195
1235
1335
1552
1477
1376
1574
1670
1631
1723
1809
1676
1755
2170
1696
1414
1182
1402
1756
1322
696
390
454
487
426
83
-221
-489
-403
-528
-753
-1080
-1024
-945
-1012
-865
-789
-757
-878
-596
-392
-355
-415
-490
-405
-257
49
-22
-411
-434
-218
22
-122
-207
-155
-84
-172
-200
-67
-47
-91
-144
-37
-277
-309
-429
-477
-496
-589
-471
-470
-451
-500
-513
-417
-367
-409
-469
-633
-574
-498
-538
-502
-666
-694
-656
-472
-662
-652
-587
-617
-496
-589
-459
-345
-402
-192
-257
-218
-189
-301
-1
106
45
33
-56
-19
28
-30
-138
-40
57
146
80
14
227
302
327
350
379
625
592
473
547
791
791
833
850
779
1048
1007
891
996
1113
1184
1357
1309
1335
1399
1431
1324
1333
1362
1488
1639
1727
1723
1817
1830
1746
1701
1658
1759
1225
746
830
1294
1111
345
-34
36
200
-43
-408
-413
-447
-615
-955
-1035
-1123
-1136
-1211
-1196
-999
-1060
-1045
-1021
-1043
-842
-857
-939
-850
-691
-708
-690
-582
-515
-605
-463
-376
-249
-354
-397
-472
-493
-650
-576
-495
-525
-478
-612
-690
-758
-787
-830
-809
-699
-703
-796
-875
-834
-635
-765
-758
-900
-898
-860
-1001
-984
-975
-910
-851
-826
-899
-859
-947
-839
-775
-853
-670
-707
-678
-629
-621
-483
-445
-663
-335
-472
-507
-336
-544
-253
-287
-422
-169
-258
-458
-84
-462
-369
-199
-546
-116
-395
-494
76
-113
-254
73
299
-177
106
511
244
831
950
749
949
652
782
1007
967
1246
1031
1176
884
957
1225
836
1042
1075
944
1492
1309
1412
1779
1429
1333
1433
1007
868
851
1102
1335
815
368
294
323
214
9
-227
-314
-550
-389
-630
-975
-867
-634
-759
-985
-846
-942
-873
-769
-457
-502
-531
-513
-536
-356
-384
-203
-252
-341
-377
-303
-15
-38
-32
-276
-352
-428
-139
-378
-372
-240
-302
-326
-499
-594
-689
-573
-541
-651
-779
-674
-579
-528
-632
-712
-853
-762
-565
-538
-499
-494
-407
-283
-326
-308
-211
-261
-425
-398
-259
63
-69
-323
-269
-2
-105
-153
-116
-38
293
235
226
181
325
271
413
474
333
294
235
374
304
296
331
305
369
434
442
598
552
658
539
699
655
569
689
814
835
763
953
1041
1025
969
1121
1138
1294
1220
1375
1226
1300
1392
1503
1647
1596
1442
1599
1799
1959
1893
1693
1520
1273
1235
797
672
899
1050
521
166
76
120
146
-265
-337
-406
-656
-576
-722
-978
-1075
-1144
-1007
-935
-1098
-1063
-1053
-1011
-958
-837
-819
-863
-879
-681
-656
-644
-591
-522
-415
-461
-170
-352
-458
-509
-536
-422
-445
-345
-538
-719
-908
-788
-730
-850
-961
-1048
-1035
-898
-966
-970
-847
-1033
-1016
-926
-904
-1003
-860
-694
-822
-770
-590
-658
-638
-592
-681
-571
-508
-498
-506
-387
-328
-279
-204
-214
-78
8
-50
-22
-23
24
-25
-203
-63
41
86
183
62
-1
29
38
-33
62
176
223
137
280
418
541
397
384
416
406
526
407
626
866
919
913
836
1044
980
1085
1110
1057
1172
1260
1527
1383
1286
1329
1193
953
1221
1192
1137
1283
1346
1622
1340
1482
979
1255
661
755
679
683
370
-234
-203
-508
-194
-857
-1020
-568
-1011
-1353
-983
-1177
-1058
-1258
-962
-933
-1078
-1426
-1088
-1242
-1108
-786
-1168
-852
-1014
-940
-712
-1021
-772
-1033
-1173
-499
-793
-672
-515
-909
-663
-894
-906
-645
-806
-836
-864
-987
-959
-942
-953
-914
-1022
-1086
-1048
-1015
-1039
-1006
-1002
-1092
-930
-857
-419
-539
-770
-500
-466
-330
-548
-577
-572
-601
-362
-307
-377
-479
-317
-349
-314
-162
-164
-162
-305
-8
4
103
72
137
442
228
359
369
182
196
238
349
327
271
242
340
322
386
450
350
320
392
474
657
719
647
830
900
1130
1197
1227
1237
1134
1268
1679
1751
1646
1446
1465
1686
1588
1539
1545
1904
1738
1740
1698
1906
1994
1759
1611
1545
1379
996
970
1072
1066
631
262
212
333
103
-55
-138
-273
-393
-373
-532
-627
-736
-807
-716
-915
-793
-811
-850
-910
-809
-832
-860
-765
-815
-642
-749
-784
-659
-510
-662
-839
-605
-590
-544
-495
-626
-552
-578
-680
-829
-851
-760
-930
-1060
-924
-868
-907
-1024
-1115
-1035
-1106
-951
-892
-960
-966
-806
-783
-693
-708
-629
-553
-589
-609
-617
-565
-534
-472
-499
-353
-475
-482
-345
-261
-247
-308
-118
-197
-84
-15
-179
-98
-24
-106
107
14
-77
-45
54
114
6
21
-66
-56
-7
151
134
58
81
135
255
307
363
284
274
462
553
636
614
566
621
680
813
877
1038
1034
988
1045
1258
1308
1247
1369
1496
1332
1369
1498
1516
1464
1324
1374
1242
1215
972
716
797
939
545
229
383
421
74
-248
-547
-573
-636
-827
-934
-1060
-963
-1077
-1007
-957
-984
-1049
-993
-1004
-1009
-845
-915
-1122
-1025
-733
-560
-824
-785
-777
-743
-1117
-974
-818
-978
-886
-1110
-859
-1200
-1022
-1207
-932
-1015
-1319
-1059
-1599
-1269
-1202
-1764
-1375
-1904
-1594
-1537
-1853
-1166
-1634
-1531
-1184
-1353
-1008
-937
-943
-650
-884
-722
-642
-767
-429
-438
-612
-444
-662
-617
-500
-559
-296
-801
-494
-78
-498
-341
-97
-391
-109
-113
-391
-127
-42
53
85
25
41
80
224
484
357
255
409
343
398
387
431
621
598
633
508
597
830
918
576
642
895
833
1093
1211
1287
1311
1142
951
837
1067
1308
1386
1678
1519
1534
1766
1813
1588
1634
1711
1447
1293
1005
1197
1064
675
328
450
322
-38
-142
-144
-226
-407
-482
-455
-653
-775
-715
-632
-704
-802
-686
-676
-522
-396
-388
-434
-681
-668
-405
-196
-644
-694
-563
-568
-481
-435
-460
-560
-471
-556
-387
-424
-465
-495
-525
-501
-749
-794
-762
-704
-705
-803
-857
-1069
-973
-827
-657
-868
-831
-658
-770
-722
-566
-553
-452
-551
-556
-337
-470
-490
-538
-404
-270
-322
-187
-268
-192
52
-162
9
75
-35
-22
172
257
344
295
141
180
196
131
212
154
131
93
16
151
191
280
309
348
239
222
395
342
316
519
498
441
529
582
606
710
767
790
822
956
910
932
1041
1085
1112
1175
1132
1132
1302
1300
1486
1457
1479
1459
1138
1225
1252
1240
788
551
857
790
700
582
229
-196
-116
226
77
-266
-575
-525
-467
-689
-929
-989
-918
-891
-969
-1012
-875
-1021
-911
-897
-988
-1095
-933
-783
-810
-818
-744
-671
-780
-556
-363
-504
-651
-751
-719
-696
-774
-764
-941
-837
-719
-770
-930
-902
-992
-1002
-1095
-1083
-900
-1011
-973
-918
-840
-883
-876
-926
-707
-722
-800
-707
-631
-497
-507
-351
-392
-368
-194
-120
-17
-68
52
32
131
52
72
80
118
-290
-51
69
29
-101
-30
203
19
228
81
258
185
62
188
29
217
38
109
-201
138
-43
50
-4
-32
254
-238
416
385
610
559
806
772
680
752
874
938
793
848
988
976
863
863
875
1033
745
748
1074
1046
1259
998
1251
946
1093
815
904
915
798
739
565
557
415
397
113
100
-54
-75
-39
-234
-422
-530
-667
-669
-600
-610
-706
-872
-746
-735
-680
-738
-754
-862
-652
-549
-546
-645
-713
-748
-656
-687
-861
-779
-802
-692
-593
-565
-856
-673
-690
-529
-374
-639
-596
-628
-634
-603
-544
-456
-427
-531
-370
-497
-374
-329
-406
-397
-392
-259
-382
-332
-103
-39
127
236
215
293
364
397
235
491
790
617
468
421
559
562
586
554
642
574
539
640
671
777
650
840
810
781
691
584
577
576
604
528
647
607
592
668
690
700
696
740
837
815
727
889
1036
1005
1037
1039
925
1002
990
850
990
1064
1016
1056
904
1025
1140
1128
1067
1023
1187
1045
1107
1181
952
842
782
952
858
636
698
513
435
450
486
407
73
4
81
-199
-197
-141
-171
-112
-194
-470
-344
-277
-475
-357
-406
-436
-388
-426
-527
-414
-612
-562
-578
-473
-523
-601
-520
-635
-681
-734
-595
-674
-652
-583
-791
-739
-705
-903
-809
-755
-686
-641
-868
-723
-746
-803
-526
-675
-705
-793
-801
-518
-470
-410
-546
-697
-607
-358
-375
-427
-350
-197
-151
-279
-210
-115
-121
-15
41
160
194
248
306
219
244
370
363
310
351
338
481
348
380
413
588
623
479
444
357
524
462
623
638
624
539
702
667
720
718
648
878
664
821
784
883
895
888
814
794
946
896
1080
1042
1237
1151
1190
1140
1188
1271
1134
702
973
1096
723
998
818
819
785
568
486
425
414
182
194
39
63
-238
-178
-493
-269
-648
-417
-402
-834
-479
-1016
-493
-539
-547
-589
-479
-579
-605
-755
-703
-591
-855
-542
-717
-850
-650
-1002
-723
-645
-1393
-711
-804
-969
-791
-1044
-698
-1116
-985
-775
-1148
-826
-828
-774
-599
-697
-687
-666
-644
-634
-683
-598
-395
-360
-375
-387
-281
-289
-343
-279
-123
-495
-140
17
-134
-67
-148
-118
94
289
217
270
122
235
308
343
499
309
251
622
520
566
648
638
793
1004
863
827
932
843
885
813
799
788
822
696
753
889
785
878
880
930
1019
951
955
1107
1225
1228
1333
1459
1384
1438
1478
1373
1366
1585
1803
1759
1448
1371
1576
1511
1436
1252
1309
1252
1180
1178
1012
966
823
846
748
542
636
357
382
319
256
210
159
132
-18
-102
-111
-7
-143
-450
-336
-429
-515
-598
-623
-562
-660
-519
-533
-627
-683
-550
-658
-719
-758
-716
-817
-792
-713
-928
-947
-968
-898
-851
-830
-823
-798
-836
-837
-875
-917
-906
-873
-870
-786
-772
-824
-911
-798
-779
-877
-687
-555
-709
-606
-520
-455
-493
-679
-561
-410
-269
-314
-193
-187
-148
6
-45
66
63
207
295
324
359
354
410
296
313
424
518
330
185
454
518
387
509
474
560
625
597
612
498
419
454
482
510
647
718
569
563
637
400
585
982
1082
861
893
1071
1111
1105
986
1018
1113
1118
1080
1097
1244
1252
1235
1157
1069
963
793
743
817
640
414
484
422
208
185
54
60
75
-88
-215
-220
-289
-334
-246
-330
-481
-561
-557
-478
-427
-546
-673
-550
-475
-431
-503
-598
-512
-653
-403
-483
-567
-511
-598
-552
-645
-606
-684
-610
-733
-596
-965
-940
-1033
-1014
-980
-1121
-976
-1049
-973
-1055
-927
-1052
-1109
-1061
-1058
-996
-974
-1032
-1018
-1130
-1156
-904
-1082
-776
-1140
-882
-1051
-605
-529
-440
-320
-309
-244
-201
-292
-182
-93
-80
79
46
45
-26
43
61
149
-147
-63
132
102
124
311
297
128
369
5
423
379
465
491
505
549
631
701
526
775
839
763
863
844
886
1018
968
1044
953
1121
984
992
1092
1148
1319
1213
1170
1387
1186
1167
1346
980
1111
991
747
728
564
676
732
665
617
618
314
308
312
237
101
-7
-15
-129
-248
-198
-177
-179
-58
-210
-293
-254
-219
-215
-301
-274
-235
-274
-286
-345
-279
-240
-80
-27
-87
-32
7
-276
-322
-117
83
-198
-442
-370
-373
-374
-543
-462
-569
-480
-593
-447
-549
-528
-532
-484
-393
-452
-475
-620
-355
-495
-512
-390
-508
-376
-412
-392
-278
-295
-262
-216
-164
-26
35
-87
-1
199
127
94
175
190
244
71
139
274
318
315
104
159
246
470
341
188
276
287
559
494
409
377
455
374
318
278
300
457
449
606
615
625
626
530
703
794
645
786
938
946
844
738
859
897
1022
1096
1014
1202
1062
1139
1174
914
856
955
873
780
688
674
328
263
407
128
56
34
95
-124
-233
-290
-263
-372
-540
-492
-541
-624
-683
-700
-740
-692
-464
-421
-582
-593
-588
-659
-523
-445
-418
-611
-794
-498
-386
-526
-442
-530
-404
-639
-505
-497
-715
-772
-735
-766
-729
-724
-848
-730
-823
-853
-932
-841
-982
-899
-811
-889
-777
-821
-853
-637
-710
-750
-827
-721
-719
-663
-720
-753
-605
-404
-366
-422
-257
-231
-138
-205
-112
-77
-2
-9
125
99
114
268
127
108
161
281
296
254
300
424
353
-52
169
344
261
259
282
349
493
358
451
511
477
436
460
269
447
473
354
396
270
644
298
750
403
724
521
623
1009
842
1079
1103
1167
954
960
960
989
978
928
828
658
464
170
463
0
-219
-145
-474
-113
-249
-709
-414
-550
-770
-460
-869
-867
-714
-755
-555
-502
-760
-626
-432
-558
-731
-643
-495
-475
-477
-602
-526
-447
-323
-290
-796
-510
-654
-661
-174
-374
-578
-723
-440
-418
-632
-508
-673
-876
-767
-761
-525
-608
-665
-547
-691
-889
-605
-702
-617
-447
-495
-466
-393
-344
-526
-437
-400
-283
-244
-266
-191
-120
-91
-102
-9
-75
49
146
200
250
497
526
564
631
760
726
760
742
653
709
804
1050
918
669
762
791
713
615
736
715
772
687
797
808
699
801
863
894
936
1069
842
925
989
1055
1058
1065
1107
1151
1068
1072
1195
1271
1260
1383
1236
1305
1307
1162
1134
1024
1144
1184
1031
762
729
617
430
379
298
339
188
51
90
-92
-266
-301
-271
-348
-475
-556
-632
-558
-779
-749
-908
-846
-627
-667
-657
-752
-720
-725
-793
-578
-293
-464
-585
-598
-469
-574
-537
-612
-671
-477
-492
-535
-526
-484
-412
-404
-310
-545
-627
-565
-529
-495
-637
-565
-689
-616
-644
-831
-865
-861
-686
-716
-870
-780
-879
-844
-873
-747
-587
-692
-662
-561
-528
-433
-261
-301
-270
-276
-78
-49
-88
29
271
265
262
445
346
272
287
259
249
384
255
328
380
413
317
442
480
527
533
431
650
533
511
449
514
559
663
606
486
612
612
595
629
544
663
893
852
895
895
845
1011
1008
921
814
912
1029
973
919
781
926
709
632
758
719
506
315
329
183
78
-62
-76
-157
-199
-484
-580
-710
-680
-745
-799
-776
-776
-825
-961
-823
-1009
-961
-980
-1108
-1101
-1214
-1078
-1089
-1037
-1023
-1078
-1095
-1158
-983
-1046
-1213
-1107
-709
-787
-643
-644
-590
-684
-626
-625
-758
-705
-621
-784
-933
-888
-931
-873
-859
-1053
-1311
-706
-1016
-825
-1026
-886
-1086
-882
-949
-929
-810
-860
-622
-559
-558
-453
-586
-347
-243
-371
-152
-199
-182
-86
-15
-92
0
213
128
342
524
417
466
366
538
518
475
621
700
664
673
555
313
442
406
503
652
803
781
742
519
347
825
969
953
936
1035
1086
1175
1043
1035
1253
1313
1209
1201
1426
1417
1481
1338
1157
1289
1384
1246
1083
1212
1179
1167
1135
1182
1215
1074
951
870
564
558
716
609
263
19
200
9
-3
-254
-150
-199
-279
-305
-364
-269
-353
-285
-407
-326
-478
-456
-512
-631
-377
-470
-375
-385
-347
-376
-399
-395
-398
-364
-272
-309
-453
-465
-440
-486
-464
-548
-715
-688
-731
-841
-714
-721
-911
-831
-656
-832
-906
-754
-789
-883
-994
-811
-580
-521
-622
-583
-494
-505
-682
-525
-350
-484
-393
-183
-417
-219
-244
-110
-39
-108
86
189
168
93
218
249
331
204
283
367
374
334
327
341
379
322
242
413
367
330
471
244
401
440
385
483
520
686
520
633
658
662
730
763
654
638
835
913
869
960
991
916
1110
1238
1106
1066
842
1021
1021
1038
1073
879
694
655
753
363
437
373
217
38
40
23
-202
-272
-407
-400
-440
-597
-539
-519
-532
-550
-651
-735
-815
-846
-803
-794
-869
-909
-831
-925
-884
-772
-830
-883
-797
-617
-580
-714
-886
-552
-498
-655
-695
-750
-691
-610
-538
-543
-483
-586
-512
-412
-541
-498
-543
-614
-636
-784
-563
-654
-632
-547
-816
-775
-1019
-716
-994
-862
-766
-671
-794
-656
-544
-703
-560
-572
-456
-489
-419
-488
-430
-308
-528
-224
-443
-332
-134
-440
-11
-493
19
26
27
85
160
173
322
212
252
293
277
292
373
214
203
58
204
207
1
-80
90
383
116
367
177
532
152
407
450
396
657
673
890
850
880
902
991
1006
1000
972
686
959
753
680
860
684
648
484
496
158
221
297
132
155
-130
-122
-157
26
-254
-286
-442
-611
-687
-651
-514
-692
-619
-584
-558
-628
-550
-680
-623
-445
-478
-649
-425
-494
-486
-448
-401
-407
-387
-391
-442
-305
-523
-383
-402
-385
-495
-359
-374
-354
-347
-360
-327
-207
-166
-224
-118
-264
-294
-235
76
-2
-355
-400
-241
-212
-219
-301
-220
-242
-132
-100
26
222
148
245
267
288
241
393
338
325
434
541
524
429
453
553
586
556
583
600
548
691
602
567
592
554
537
537
586
573
504
364
488
357
566
472
476
765
565
640
574
453
523
574
589
686
687
725
755
850
774
783
857
830
877
981
932
1098
1048
818
781
555
709
700
497
440
389
240
86
106
-5
-75
-107
-215
-321
-467
-532
-511
-577
-468
-544
-629
-670
-699
-710
-789
-753
-610
-759
-688
-626
-612
-640
-595
-598
-750
-741
-788
-744
-653
-805
-859
-586
-579
-417
-445
-488
-585
-755
-676
-552
-388
-199
-411
-654
-710
-626
-520
-650
-627
-592
-485
-529
-556
-592
-681
-525
-532
-375
-329
-325
-304
-274
-269
-182
-116
-94
-73
-10
79
51
16
152
127
135
49
124
112
244
397
226
416
433
477
509
520
327
450
481
410
421
440
497
379
545
486
596
594
568
607
615
589
444
608
640
415
620
440
478
499
480
505
513
681
412
659
687
637
670
631
676
699
447
398
11
227
-151
223
-428
-46
-250
-433
-296
-628
-296
-668
-361
-458
-264
-684
-629
-837
-649
-638
-676
-776
-863
-846
-1079
-914
-1013
-1094
-960
-1373
-1082
-1025
-1147
-950
-1145
-753
-1023
-588
-801
-978
-616
-620
-547
-494
-521
-478
-413
-524
-445
-308
-288
-440
-410
-398
-506
-376
-328
-211
-232
-225
-181
-324
-293
-356
-408
-375
-529
-356
-333
-407
-282
-363
-328
-267
-250
-49
48
-42
186
135
79
330
539
556
605
794
767
791
858
960
868
860
807
898
898
930
905
732
813
964
966
880
907
876
875
916
947
1038
984
1055
1105
960
1018
1191
1480
1226
1020
1064
1148
1173
1211
1298
1308
1437
1376
1408
1470
1535
1549
1560
1533
1570
1448
1325
1252
1042
1056
983
864
828
823
659
603
401
186
155
212
-24
-150
-179
-200
-337
-383
-398
-509
-546
-763
-590
-725
-753
-625
-821
-780
-702
-748
-823
-833
-912
-889
-654
-592
-683
-563
-576
-594
-538
-654
-683
-583
-550
-577
-532
-513
-484
-488
-631
-498
-544
-585
-447
-473
-612
-563
-413
-414
-588
-507
-499
-496
-448
-467
-332
-236
-339
-316
-304
-198
-234
-215
-92
108
165
215
380
355
439
408
337
131
448
493
283
222
315
562
682
544
547
517
576
649
709
811
550
352
403
708
768
576
412
508
709
596
816
749
837
920
845
838
940
821
730
836
1022
950
898
1010
1053
1078
963
954
978
924
978
1030
998
896
759
818
831
761
582
411
281
487
369
115
48
-102
-23
-151
-174
-473
-567
-393
-651
-638
-783
-849
-775
-908
-892
-975
-832
-884
-970
-955
-967
-823
-857
-938
-885
-667
-934
-1056
-1124
-772
-560
-963
-593
-609
-822
-772
-507
-553
-707
-535
-833
-788
-549
-861
-1067
-715
-792
-1076
-999
-675
-750
-1234
-905
-433
-840
-599
-159
-571
-530
-232
-492
-412
-84
-144
-147
11
-220
-51
-108
-109
98
-349
-191
327
251
7
452
229
-46
487
488
260
532
648
532
655
723
549
721
645
642
796
844
749
727
701
684
703
746
716
760
531
535
839
791
828
825
965
786
751
790
774
790
803
808
913
846
863
968
892
936
940
898
640
660
897
777
708
575
544
401
283
156
29
84
90
33
-158
-126
-314
-349
-390
-460
-475
-503
-480
-499
-539
-479
-456
-516
-541
-401
-532
-576
-626
-333
-114
-379
-460
-446
-265
-391
-300
-253
-149
-177
-203
-44
-96
-53
-77
-33
17
-24
-42
-54
106
24
121
-126
-116
3
-65
-60
-56
-130
-100
-146
-228
-97
-93
-36
-84
52
45
159
108
126
-18
94
283
245
369
231
318
381
311
413
419
325
500
542
692
834
715
700
858
819
843
734
829
755
703
881
831
765
698
686
751
792
734
669
792
638
741
791
652
857
673
710
781
713
739
792
740
760
628
568
545
487
484
527
424
594
462
463
639
397
472
90
-72
-74
-223
-353
-313
-333
-289
-17
-95
-208
-398
-490
-745
-767
-624
-701
-738
-822
-870
-753
-725
-843
-875
-958
-841
-774
-879
-755
-734
-811
-752
-757
-616
-575
-574
-614
-455
-398
-460
-415
-277
-290
-277
-256
-159
-93
-231
-178
-242
-147
-157
-206
-303
-200
-165
-152
153
3
-12
15
-33
163
87
-26
16
92
54
101
26
119
154
162
291
224
307
210
350
328
517
541
481
620
541
545
578
418
361
391
372
585
552
756
714
732
683
702
729
680
702
592
602
670
388
611
257
705
39
428
416
190
487
201
775
482
711
670
669
731
452
620
619
714
715
618
545
431
480
28
498
-134
-191
239
-196
183
-173
-213
-228
-404
-157
-465
-447
-555
-344
-517
-590
-414
-591
-539
-497
-694
-618
-545
-546
-605
-692
-529
-646
-617
-520
-560
-648
-584
-532
-486
-246
-264
-323
-338
-405
-420
-515
-628
-470
-329
-219
-254
-267
-135
-45
112
67
-79
-69
-304
-188
36
-16
65
16
108
111
194
362
226
260
343
264
350
246
221
252
340
310
329
431
508
585
624
692
833
863
902
857
609
714
996
1175
909
797
946
988
1005
975
1011
1006
1094
1091
1191
1154
1216
1288
1283
1356
1341
1286
1060
1218
1213
1109
1088
984
1115
1130
1134
960
1011
1016
839
797
822
829
828
764
531
614
570
555
447
469
451
381
378
204
235
101
61
197
18
-70
-37
-185
-86
-55
-60
-62
-181
-275
-338
-425
-451
-628
-557
-531
-498
-403
-637
-548
-629
-653
-556
-549
-437
-466
-665
-594
-628
-685
-490
-605
-507
-360
-379
-313
-221
-177
-339
-292
-317
-291
-306
-277
-193
-319
-149
-248
-157
-224
-237
-286
-216
-208
-169
-289
-308
-102
-169
37
-255
-253
-135
-228
-104
-148
-204
16
43
-203
-175
122
270
-115
28
213
128
431
378
273
501
457
271
401
376
443
566
550
530
680
665
595
753
657
741
696
706
732
647
647
637
763
830
596
461
508
543
652
607
743
686
449
476
613
556
500
441
357
419
402
286
320
315
297
254
177
155
108
141
104
74
-53
-131
-134
-348
-318
-248
-511
-718
-739
-492
-769
-739
-572
-924
-603
-771
-912
-664
-729
-922
-863
-862
-1325
-922
-841
-1301
-1413
-1256
-990
-1177
-1352
-812
-786
-1125
-995
-735
-620
-686
-660
-696
-829
-931
-754
-577
-661
-634
-578
-629
-860
-752
-566
-1032
-1202
-653
-419
-692
-663
-336
-385
-817
-477
-351
-541
-512
-368
-322
-353
-292
-114
-136
1
125
110
-11
-43
153
83
184
316
296
203
166
148
344
459
418
536
576
429
506
677
552
399
423
323
546
473
446
622
602
648
543
645
783
889
887
876
850
882
885
878
697
639
864
869
797
701
726
648
626
618
448
587
583
432
500
459
396
479
332
401
423
415
425
140
122
106
314
180
-8
-121
-91
-143
-299
-319
-393
-288
-384
-350
-359
-184
-230
-278
-341
-445
-349
-438
-334
-430
-360
-388
-478
-418
-445
-509
-419
-419
-459
-410
-366
-477
-500
-489
-545
-396
-436
-330
-460
-429
-517
-579
-432
-558
-645
-552
-563
-596
-401
-476
-601
-499
-399
-477
-478
-347
-499
-468
-464
-372
-288
-507
-461
-482
-319
-396
-435
-288
-318
-281
-249
-98
-20
-84
-24
100
16
32
147
-36
69
137
83
251
244
268
369
303
301
441
291
238
243
262
330
206
367
403
263
483
423
332
284
415
426
290
197
202
444
278
65
41
131
139
255
297
202
166
95
66
-146
-3
17
51
-108
-352
-89
-34
-76
-198
-177
-292
-308
-293
-459
-495
-505
-474
-330
-439
-423
-538
-557
-513
-623
-754
-857
-710
-765
-708
-654
-744
-688
-697
-709
-748
-749
-684
-717
-549
-552
-502
-633
-551
-475
-417
-577
-652
-461
-606
-526
-522
-342
-484
-459
-506
-543
-409
-459
-409
-451
-489
-496
-417
-332
-453
-538
-562
-601
-409
-646
-380
-793
-499
-446
-478
-220
-668
-475
-621
-562
-570
-492
-635
-393
-746
-521
-553
-855
-251
-770
-354
-138
-661
48
-234
-82
15
-18
156
-296
207
-7
147
36
179
174
103
208
-137
257
-123
134
-32
62
105
-287
240
-195
103
-77
120
173
-203
128
3
255
279
135
162
269
88
245
70
-39
118
32
48
210
138
121
40
-90
-135
-172
-84
-77
-20
-69
-174
-123
-147
-183
-269
-349
-379
-347
-543
-513
-632
-618
-621
-723
-541
-615
-394
-347
-460
-486
-322
-303
-352
-391
-377
-233
-429
-297
-263
-282
-311
-346
-324
-242
-191
-355
-229
-201
-35
-41
22
56
119
55
223
196
-14
-80
47
225
219
-64
-143
74
120
-28
-109
95
37
40
-94
-79
108
86
182
153
306
220
293
315
243
372
285
313
308
374
445
447
371
434
377
455
360
376
481
441
489
329
347
287
308
302
237
292
223
269
279
352
372
235
201
153
17
-41
212
304
265
288
214
258
282
141
9
60
86
128
219
247
179
236
210
161
80
33
-40
-108
-102
-137
-71
-70
-180
-357
-264
-332
-429
-320
-546
-623
-546
-524
-587
-630
-669
-750
-609
-618
-551
-687
-811
-688
-605
-618
-803
-819
-723
-856
-813
-660
-676
-601
-574
-385
-398
-486
-560
-648
-633
-548
-613
-653
-690
-791
-723
-668
-659
-764
-605
-593
-522
-547
-559
-449
-602
-626
-538
-620
-640
-654
-630
-526
-502
-498
-473
-490
-454
-367
-384
-472
-417
-265
-234
-223
-156
-182
-190
-146
-137
-173
-191
-15
74
44
-67
64
95
175
180
77
247
230
160
105
192
111
205
280
194
357
158
346
338
196
206
223
303
110
98
200
23
-68
-27
93
-12
81
100
29
96
108
27
-21
-165
-246
-173
-330
-126
-359
-97
-554
-172
-472
-353
-432
-629
-339
-781
-255
-412
-305
-519
-165
-422
-338
-477
-365
-359
-501
-238
-681
-401
-741
-651
-465
-795
-519
-498
-785
-596
-809
-773
-590
-714
-425
-706
-489
-477
-403
-246
-132
-172
-156
-184
-141
43
-280
-291
-115
-131
-317
-349
-236
-256
-208
-66
-270
-39
-15
22
-124
-327
-526
-509
-299
-382
-307
-266
-245
-383
-390
-350
-330
-180
-131
-45
-19
371
51
-1
386
232
282
351
396
458
405
455
443
475
557
525
340
467
551
509
496
415
560
535
462
525
684
578
605
606
718
823
688
405
356
640
932
696
411
473
636
463
383
447
436
497
445
591
491
562
660
549
553
519
627
496
387
359
347
327
303
286
360
250
205
189
37
-175
-80
-4
-198
-81
-245
-81
-188
-156
-291
-305
-281
-285
-247
-339
-587
-493
-326
-403
-461
-360
-266
-562
-404
-261
-216
-259
-263
-434
-471
-198
-354
-272
-201
-331
-226
-221
-171
-235
-175
-179
-348
-322
-195
-249
-283
-331
-163
-284
-329
-188
-266
-190
-207
-233
-138
-252
-159
-206
-139
-210
-222
-142
-179
-142
-133
-56
-162
23
129
199
224
57
-167
-63
-95
-249
-167
-171
43
95
305
488
310
240
77
152
412
497
346
260
364
373
318
246
201
171
84
149
333
250
91
147
256
168
283
374
267
338
346
373
312
270
237
334
305
357
376
404
349
297
236
261
271
281
94
103
102
101
222
248
248
103
-19
100
71
-110
-82
-65
-38
-136
-32
-91
-103
-41
-78
-38
-56
-69
-225
-255
-185
-240
-201
-276
-277
-260
-298
-558
-373
-498
-724
-272
-490
-620
-421
-477
-563
-330
-256
-543
-623
-404
-526
-746
-713
-409
-846
-1042
-633
-471
-742
-1064
-739
-196
-484
-525
-140
-361
-292
-127
-169
-432
-335
-136
-9
-84
-51
5
-382
-141
-215
-367
-228
-381
-277
-105
-183
-225
118
-140
-328
-105
203
57
28
202
272
240
324
417
380
523
493
440
314
280
301
384
412
229
312
283
242
269
86
395
628
509
469
318
298
371
548
332
286
277
144
338
386
463
392
334
438
426
213
440
357
499
407
494
619
391
449
225
119
189
141
135
139
73
32
-17
-15
-77
-184
-107
-65
111
63
194
226
363
223
165
124
-33
-139
120
447
117
-79
-161
44
32
-79
-204
-46
-104
-115
-114
-127
-129
-53
106
72
56
3
44
97
41
184
-72
-205
-133
-196
-151
-131
-176
-351
-258
-247
-151
-165
-135
-150
-115
-16
-202
-79
-36
-78
-113
-134
-83
-154
-163
-52
-59
-186
-96
-185
24
-48
-106
72
180
201
89
36
148
42
-19
48
-48
125
154
101
156
166
183
163
73
178
54
196
119
-37
88
-3
29
85
94
48
102
78
34
32
14
22
74
59
120
146
62
80
73
23
146
46
-109
26
158
432
344
274
224
147
130
158
242
-15
-82
9
-146
-217
-231
-135
-108
-92
-152
-159
-328
-468
-496
-328
-300
-268
-242
-340
-267
-306
-372
-345
-267
-337
-431
-354
-256
-384
-258
-223
-178
-143
-198
-171
-184
-211
-179
-265
-283
-177
-222
-288
-180
-188
-305
-487
-386
-234
-286
-81
-260
-156
5
1
-188
-198
-102
-200
-86
-123
-73
-106
-108
-69
-91
-111
-97
-3
-125
8
15
-102
-47
29
-127
-46
-296
-135
-161
-212
-93
-292
116
-285
-96
-237
89
-121
-117
-402
-215
-73
-574
-122
-715
-349
-570
-432
-222
-512
-148
-208
-386
178
-138
-51
70
-11
-32
-194
-205
-85
61
-240
27
-297
-107
-376
-363
-106
-700
-193
-343
-399
-199
-483
-235
-553
-253
-495
-505
-319
-558
-435
-438
-272
-364
-517
-378
-294
-347
-324
-251
-204
-213
-329
-253
-302
-379
-47
-193
-279
-79
-125
-73
2
20
21
-100
-113
-93
-137
-269
-321
-249
-199
-257
-255
-211
-236
-179
-121
-121
-4
-210
66
139
2
133
140
78
115
127
76
62
28
207
31
91
143
76
63
-53
-1
205
99
162
328
309
380
456
459
591
573
260
327
577
772
495
351
312
308
439
143
357
535
386
240
336
443
414
462
439
483
368
466
448
297
318
304
403
142
125
174
162
183
189
304
177
190
24
21
139
247
232
90
135
102
140
38
60
126
43
3
31
87
119
-143
-155
-111
-116
-151
16
88
-105
-150
-201
-107
-66
-182
-282
-237
-233
-216
-156
-282
-223
-236
-144
-173
-360
-338
-387
-271
-72
-272
-440
-301
-237
-226
-322
-223
-186
-227
-281
-185
-131
-177
-193
-150
-154
-166
-167
-168
-16
-55
-91
-106
-204
6
-175
-333
-259
-354
-427
-276
-213
-365
-230
-377
-269
-167
-88
-82
47
17
191
208
79
47
-146
-79
48
75
29
56
119
20
-39
96
85
84
122
121
157
156
204
200
142
141
142
174
160
218
219
54
128
198
70
158
167
188
103
177
157
13
98
128
144
92
12
85
120
153
127
-59
122
174
134
226
109
203
65
113
-39
-65
-29
-65
-59
-85
36
-80
-88
-256
-180
-272
-513
-585
-329
-500
-376
-522
-412
-503
-448
-350
-706
-402
-740
-343
-639
-803
-336
-886
-821
-467
-980
-855
-519
-904
-566
-937
-570
-248
-550
-168
-252
-462
-256
-467
-357
-164
-482
-326
-320
-465
-251
-513
-636
-264
-868
-665
-199
-525
-481
-308
-730
-366
-110
-487
-160
-339
-355
-172
-160
-21
12
-85
49
160
-30
122
120
96
96
-23
-73
98
52
114
181
23
284
281
309
328
124
103
222
121
103
217
169
133
178
113
283
335
435
395
226
303
118
77
173
341
161
84
95
140
163
127
202
151
219
308
117
237
170
263
213
-8
-9
58
131
174
247
195
270
300
325
401
433
329
163
353
554
589
288
121
223
407
220
150
309
272
275
238
201
318
367
362
260
361
337
246
258
194
339
203
254
231
202
313
211
181
182
163
63
112
103
75
155
152
149
110
57
-38
67
92
-7
-49
-137
-153
36
-18
-264
-103
-56
-274
-312
42
65
38
-27
-96
-84
-81
-45
-331
-342
-254
-143
-148
-180
-90
-130
-110
-185
-77
-114
-37
-96
-112
1
-188
-130
-64
-199
-128
-105
-88
-2
13
-79
0
17
-60
4
-51
-76
-64
-55
62
-137
-27
4
-101
1
-101
-30
44
-62
-53
-154
4
36
72
40
-133
-116
-92
-105
-72
191
258
171
-129
-252
-97
86
87
-113
-229
-74
-1
66
-11
-63
-21
-29
-40
-21
55
28
84
40
-54
89
124
71
-94
-48
-95
-5
-18
-105
-91
30
36
-57
-143
-84
6
-96
-197
3
120
63
-168
-81
13
25
50
-70
1
-180
54
-81
-32
-129
-154
-56
-301
-66
-32
-8
-22
-127
43
38
52
20
-143
105
-114
-174
-323
-125
-47
-306
96
-158
-161
134
-354
-59
-183
-253
-321
-273
-315
-237
-323
-575
-58
-650
-595
-256
-770
-619
-191
-645
-142
-317
-149
-179
-201
-149
-499
-68
-203
-31
28
-64
7
-322
-138
-217
-298
-187
-389
-78
-381
-272
-35
-526
-93
-160
-307
-105
-228
-66
-30
52
107
132
14
87
260
80
273
249
158
293
140
5
132
10
205
501
84
129
104
94
189
84
-134
-83
72
92
108
39
-21
-42
100
-28
-138
-92
149
98
29
201
140
287
410
326
255
315
310
109
219
258
208
269
361
344
292
369
228
335
310
214
288
301
239
218
354
338
435
491
343
488
323
219
436
700
583
299
250
279
318
235
306
279
336
283
205
380
373
411
448
452
349
428
401
549
507
385
510
370
389
393
338
400
339
392
264
261
267
255
399
190
163
122
59
210
154
11
43
-34
-14
-11
39
-33
-93
48
-136
34
-107
-202
115
84
73
-33
-36
-52
35
-38
38
-11
-77
-81
70
175
129
161
96
230
37
-5
123
33
2
11
50
41
-141
60
161
94
100
34
-146
-34
-15
-23
23
-188
-34
51
37
69
29
99
-52
61
190
156
-25
-223
9
-76
-209
-266
-243
-117
-51
-168
-76
168
166
75
98
-140
-71
147
45
52
110
23
-132
-96
-155
-150
-34
-59
-84
-40
-110
-150
-167
-194
-148
-25
-19
-43
-124
-196
-5
-149
-49
-53
-66
1
-70
-19
-88
-46
123
113
-44
-121
39
11
-12
128
182
127
14
42
141
240
33
-95
6
54
-6
-29
-5
41
1
-66
-5
21
41
-54
-12
64
-67
-92
-134
-19
-95
-30
-141
-267
-145
-172
-140
-174
-19
-96
-62
-225
-247
-125
-138
-79
-328
-35
-410
-64
-405
-484
12
-776
-514
-156
-593
-726
-250
-261
-308
24
-85
27
-106
-321
-85
66
-218
-157
17
-60
-331
-321
-38
-71
-343
-867
-446
-29
45
-263
-693
-422
-252
-429
-455
-330
-277
-189
-151
-63
-17
112
82
57
86
35
-26
79
47
-88
-68
-20
68
310
77
387
-54
-3
220
0
123
43
11
-49
351
292
58
106
212
337
197
136
298
212
332
358
390
294
414
193
410
499
404
448
401
442
376
561
472
471
429
406
358
266
274
318
278
351
495
553
538
550
613
608
535
679
648
627
505
413
420
716
537
175
301
433
422
241
277
317
436
269
240
281
284
425
461
478
352
459
374
479
329
461
560
371
454
385
376
387
399
376
345
292
450
206
198
364
259
293
186
227
139
110
7
57
-24
-80
49
-144
-8
-131
-176
-27
-127
-11
-31
148
184
28
118
5
17
30
24
-18
34
10
79
112
127
172
67
126
260
132
14
96
55
71
45
-12
-110
-7
33
-56
97
97
42
54
-33
1
11
109
42
-107
-3
59
37
-37
125
-6
-97
-100
-132
-58
15
-121
-185
-85
34
189
133
-13
90
67
47
152
164
123
-22
161
-57
-336
139
-92
-226
45
-186
-96
-129
-37
-238
-245
-143
-57
-17
19
-9
21
89
-42
157
-14
29
107
-27
-60
-6
7
-107
-115
-136
-172
-92
-63
-38
37
-130
-181
-118
69
28
2
-115
4
146
65
-48
-123
6
-66
-106
-90
-122
-127
62
45
71
94
94
88
1
171
-27
24
31
-93
-32
-110
-377
-463
-142
-281
-265
-408
-5
-247
-159
-327
-265
-305
-402
-212
-550
-170
-603
-139
-551
-337
-481
-656
-181
-940
-267
-312
-562
-80
-371
-147
-330
-182
-425
-206
-478
-308
-312
-390
-185
-370
-162
-444
-292
-376
-532
-687
-76
-432
-141
-540
-244
-226
-237
-58
-483
-170
-308
34
57
133
-34
105
-35
45
72
-34
141
-48
13
148
167
165
113
66
118
176
115
73
72
179
303
198
114
72
85
-55
107
108
296
207
-74
19
131
186
179
303
250
272
329
352
495
553
427
467
378
488
479
447
477
567
408
462
542
377
446
258
271
326
316
336
341
407
396
453
509
542
609
510
330
430
627
761
551
390
377
525
505
486
337
352
505
354
399
383
520
501
488
453
433
469
327
348
313
342
226
251
243
251
261
229
293
331
264
46
146
300
162
138
195
127
202
24
19
2
-31
94
38
-62
36
-55
-83
-41
-22
-71
-166
-135
-46
86
-2
7
-28
-172
-182
-111
-69
-1
-104
-223
-138
-295
-224
-159
-207
-39
-138
-206
-244
-170
-148
-163
-206
-98
-226
-290
-268
-138
-92
-178
8
-87
-154
-160
-106
-10
-85
-288
-96
-198
-265
-108
-108
-118
-107
-126
-51
-68
-19
20
-171
-157
-103
-110
-181
-232
-226
-129
-277
-350
-325
-231
-203
-243
-217
-263
-264
-84
-110
-132
-41
-163
-87
-87
-130
-161
-203
-100
-85
-175
-49
-31
-55
-83
-187
-194
-83
-113
-183
-51
-112
3
-136
-152
-199
-254
-256
-265
-154
-98
-204
-149
-128
70
47
-76
-70
12
-40
10
-132
-122
-96
-201
-41
-132
-117
-187
-55
-129
-151
-130
-69
73
64
31
36
0
15
-46
23
-80
-365
-132
-415
-41
-383
-41
-222
-113
-120
-182
-26
-342
-98
-489
-132
-541
-300
-595
