727
764
641
650
771
837
930
897
878
866
785
825
729
788
856
651
771
803
740
697
651
686
579
592
522
572
617
526
539
492
342
454
447
392
235
275
217
213
245
196
218
229
171
143
57
-17
128
211
301
159
340
287
108
188
3
54
-12
18
214
221
215
150
256
212
122
91
72
178
185
114
128
91
55
20
20
85
128
109
87
150
329
241
192
288
241
194
184
220
210
124
120
444
271
126
174
17
149
368
-42
111
-87
33
34
111
266
-17
102
-81
48
163
88
77
-92
-52
20
-40
104
-79
-146
143
114
95
148
245
185
169
258
197
160
159
193
228
342
314
366
360
340
376
346
411
478
352
338
293
250
298
128
192
199
160
47
207
356
358
441
-55
-24
209
138
105
11
66
-7
67
15
-38
-11
-39
90
77
95
176
18
201
103
73
143
-1
-51
25
-4
-351
-537
-63
-233
-491
-96
-504
-295
-80
-448
-212
-244
-655
-237
-307
-525
-165
-884
-737
-441
-918
-1049
-737
-787
-1335
-999
-575
-639
-558
-400
-400
-185
-286
-725
-497
-307
-589
-335
-219
-512
-750
-760
-705
-212
-792
-1119
-572
-724
-739
-448
-438
-421
-492
-687
-568
-570
-418
-327
-312
-326
-180
-23
48
-114
35
0
-6
116
-147
-203
-166
-81
-212
-451
13
-151
-649
-97
-138
-88
-146
-29
-320
-45
35
-9
36
-148
-143
-98
211
-85
13
-90
113
-184
-349
69
149
162
171
299
402
334
268
240
249
343
315
304
225
325
466
223
334
308
197
372
321
257
420
514
438
551
628
730
808
569
361
349
952
947
667
318
472
641
421
421
446
639
525
407
382
508
645
707
839
682
606
583
524
638
566
569
671
522
461
525
645
597
467
487
466
501
354
513
517
384
308
358
402
474
332
110
153
60
70
-82
-61
-25
-53
65
-109
-303
-388
-234
-15
-8
50
-49
-94
-49
-186
-318
-169
-174
-158
72
-14
29
9
53
-66
-6
89
102
17
136
-59
-39
1
-78
13
14
39
49
28
39
141
92
189
126
70
76
212
204
126
152
249
158
96
-12
42
84
-54
-88
266
324
97
68
217
102
61
251
-156
27
-4
217
401
14
206
8
37
5
-78
-26
-257
-82
-11
165
167
95
63
16
-27
106
78
-76
-76
-139
-95
-1
-19
-146
-106
-160
-140
-235
-150
-70
-184
-208
-235
-194
-134
-109
-301
-187
-305
-434
-273
52
19
-176
-318
-329
2
-304
-339
-266
-257
-117
-218
-173
-248
-254
-228
-271
-147
-106
-154
-22
2
-84
-32
-142
-61
-152
-15
-106
-485
-63
-319
-472
-519
-222
-34
-105
-177
-510
-645
-456
-434
-349
-59
-148
-278
-226
-655
-1158
-977
-880
-1017
-641
-548
-917
-710
-500
-336
-294
-372
-284
-414
-782
-831
-709
-765
-757
-600
-691
-721
-811
-767
-808
-1566
-1294
-1039
-1443
-1344
-1395
-1298
-875
-640
-934
-922
-927
-1021
-999
-753
-766
-777
-461
-476
-580
-676
-509
-708
-649
-610
-708
-644
-850
-636
-509
-423
-604
-582
-250
-280
-164
-101
-140
-124
-116
-35
304
-43
-122
-60
-58
181
443
197
246
268
224
413
239
529
720
891
703
823
814
831
877
859
982
937
946
850
826
778
821
809
745
651
518
539
593
568
635
647
854
885
806
945
612
374
463
928
1060
500
443
519
566
339
423
481
381
382
198
339
348
324
332
214
246
45
158
75
55
134
-70
-142
-73
-126
-170
-167
-177
-145
-267
-231
-305
-333
-307
-224
-403
-258
-214
-305
-95
-225
-293
-306
-302
-305
-255
-195
-116
-70
-38
-41
46
56
101
419
526
532
542
574
599
702
644
537
721
656
746
949
936
1009
1097
1027
1006
953
851
869
1013
907
880
854
804
664
561
627
500
500
569
455
422
254
211
326
258
82
155
345
267
265
322
344
167
28
176
-115
291
156
-147
108
-113
-8
206
-168
-248
-168
-225
-167
-259
-246
-308
-230
-471
-329
-304
-429
-339
-460
-422
-404
-253
-303
-373
-405
-499
-451
-404
-469
-566
-596
-559
-363
-400
-467
-513
-484
-536
-577
-694
-606
-527
-543
-491
-684
-624
-487
-555
-573
-510
-552
-583
-307
-196
-144
-239
-414
-191
-111
-33
-250
-280
-100
-75
-103
-145
22
54
42
105
29
129
161
215
307
222
274
214
196
156
309
89
-256
-382
-91
220
5
-78
-362
-362
-89
-281
-100
266
-222
-540
-484
-87
-71
-363
-331
-885
-1057
-766
-800
-507
-191
-283
-269
-290
-626
-220
-98
-135
-261
-636
-405
-306
-223
-426
-557
-630
-695
-488
-623
-941
-1411
-1208
-537
-803
-960
-1079
-1380
-1059
-925
-1110
-1302
-1318
-1045
-1023
-1021
-1184
-1132
-899
-981
-1085
-1075
-1164
-1160
-987
-1006
-1015
-961
-1197
-851
-1142
-885
-618
-1125
-828
-892
-692
-604
-925
-773
-327
-618
-689
-775
-816
-453
-337
-604
-225
-134
22
233
-1
-28
193
462
605
807
636
745
878
686
856
974
874
1143
1191
1209
1349
1356
1513
1309
1309
1322
1268
1438
1494
1436
1460
1495
1692
1664
1607
1885
1562
1295
1353
1725
1890
1469
1147
1196
1241
1120
932
912
910
896
851
843
1028
1022
850
574
623
693
559
656
439
289
500
431
154
283
382
167
210
262
80
84
25
126
-104
-62
20
14
-93
-68
-34
-226
-194
-406
-268
-327
-373
-310
-376
-406
-435
-525
-641
-712
-620
-531
-373
-393
-509
-549
-654
-617
-722
-739
-807
-681
-496
-609
-654
-544
-781
-824
-656
-613
-619
-564
-574
-524
-556
-479
-393
-395
-413
-437
-343
-340
-290
-241
-302
-230
-99
-184
-200
-13
-73
41
17
30
381
226
76
119
348
396
531
862
423
474
669
714
846
371
656
948
827
895
976
883
755
818
899
945
1025
1175
853
1041
935
968
1126
971
973
984
854
737
873
803
831
708
659
676
647
534
535
620
540
338
260
341
135
212
144
-84
-67
31
8
-97
-186
-230
-166
-59
122
-22
-206
-377
-208
-75
-261
-443
-423
-397
-233
-402
-479
-315
-303
-284
-445
-425
-467
-403
-483
-476
-452
-592
-609
-677
-764
-787
-1098
-1411
-1070
-1307
-1524
-1179
-1388
-1423
-1370
-1148
-1086
-1428
-1360
-1364
-959
-1210
-1478
-1496
-1277
-948
-1214
-1219
-1103
-1359
-1749
-1579
-1497
-925
-284
-318
-147
-43
-76
-258
-190
-136
-2
168
205
323
218
396
588
719
457
38
715
945
606
598
605
517
579
830
796
860
965
1004
1074
958
986
1114
1016
961
845
779
777
658
380
405
399
88
95
139
249
181
-186
-73
-123
-51
-378
-243
-424
-495
62
7
-241
-442
-265
-670
-606
-401
-396
-264
-390
-346
-99
-369
-346
-201
-148
-224
-114
-138
-86
-149
-66
-154
-75
-74
-218
-123
-135
-69
44
-131
-180
-257
-312
-189
-135
-80
-4
-89
-116
-110
-280
-38
-394
-451
-409
144
-2
-664
-640
-448
-381
-567
-345
-367
-349
-352
-345
-197
-147
-120
90
129
179
77
90
226
182
236
297
415
559
517
534
546
768
667
658
731
859
837
865
1138
1082
1086
1162
1412
1342
1288
1316
1284
1186
1427
1421
1383
1396
1479
1584
1529
1350
1343
1519
1577
1603
1491
1530
1287
1164
1147
775
622
582
771
593
484
515
511
397
143
157
247
175
133
95
81
-83
-140
-100
-122
-133
-320
-134
-173
-276
-315
-355
-443
-465
-373
-540
-430
-507
-339
-484
-424
-456
-445
-263
-418
-679
-613
-366
-448
-388
-439
-538
-456
-352
-555
-580
-694
-536
-729
-621
-603
-711
-678
-794
-551
-813
-723
-423
-617
-698
-771
-743
-795
-867
-885
-977
-973
-895
-856
-784
-854
-846
-783
-761
-890
-843
-771
-770
-725
-709
-660
-674
-621
-564
-507
-407
-344
-322
-425
-367
-515
-209
-2
139
96
-2
236
280
442
401
368
331
597
599
544
782
814
751
932
1004
1040
1262
1220
1327
1474
1507
1526
1362
1365
1247
1357
1010
915
940
1138
1022
397
422
381
378
394
340
303
198
-488
-741
-468
-373
-516
-940
-999
-1200
-1292
-902
-784
-1007
-1133
-1255
-1153
-801
-905
-701
-683
-1013
-1073
-1087
-1150
-888
-843
-845
-1063
-1248
-1218
-1231
-960
-1646
-1744
-1379
-1354
-1054
-843
-1251
-1242
-1285
-1424
-1254
-1069
-979
-926
-955
-1014
-906
-819
-882
-863
-1092
-1010
-695
-867
-1072
-871
-1031
-1029
-1081
-1183
-1024
-1019
-1093
-1058
-954
-1060
-796
-1059
-1130
-685
-724
-953
-596
-610
-583
-447
-429
-595
-283
-149
-387
-364
-274
-167
69
284
337
255
266
407
386
353
388
428
601
722
574
583
544
519
521
564
496
676
773
696
886
978
1068
1279
1492
1446
1545
1621
1392
1318
1636
2023
1562
1530
1651
1821
1866
1782
1909
2086
2193
1753
1703
2045
2091
2124
2118
2002
1836
1640
1552
1371
1468
1155
848
896
841
670
663
741
546
344
229
265
272
259
51
-139
-277
-339
-348
-209
-225
-376
-431
-626
-562
-666
-715
-721
-579
-597
-509
-516
-686
-594
-564
-356
-353
-381
-435
-449
-533
-692
-727
-767
-686
-518
-480
-543
-665
-501
-545
-730
-602
-818
-837
-860
-872
-765
-921
-987
-1064
-923
-886
-1048
-866
-912
-853
-895
-998
-1003
-1067
-1011
-726
-714
-777
-801
-689
-654
-529
-389
-631
-357
-622
-582
-381
-396
-157
-253
-524
-92
69
-37
-169
-304
48
146
100
147
63
258
319
189
311
338
657
685
700
667
752
846
880
846
858
951
970
1204
1255
1296
1331
1522
1608
1512
1654
1471
1430
1536
1523
1518
1475
1442
1286
1152
1091
1090
895
873
589
458
554
658
664
359
210
95
391
194
123
-75
-120
-9
-278
-163
-219
-190
-123
-324
-166
-196
-370
-204
-306
-481
-405
-516
-545
-573
-706
-827
-1160
-960
-692
-785
-754
-1216
-987
-768
-740
-534
-794
-990
-946
-894
-755
-695
-886
-908
-1210
-1647
-1757
-1571
-1680
-1656
-1407
-1428
-1387
-1137
-1082
-1354
-1288
-1205
-1094
-1167
-1176
-1065
-1213
-1241
-1207
-1171
-1204
-1148
-1512
-1455
-1933
-1534
-1040
-1267
-1264
-1328
-897
-1091
-1198
-977
-902
-1112
-796
-455
-530
-444
-378
-274
-211
-96
-210
-93
62
29
4
44
388
318
303
445
625
641
489
622
663
793
979
870
970
998
1071
1254
1291
1397
1373
1349
1564
1672
1951
1747
1746
1788
1687
1708
1817
2027
1850
1455
1519
1585
1540
1290
1179
1097
1072
997
729
626
596
482
427
563
437
389
302
292
260
250
297
271
293
287
268
147
-2
-30
356
432
131
-266
-76
-43
-115
-236
-230
75
-48
-103
-41
146
198
133
183
160
147
276
161
77
145
-5
5
-49
-14
-12
-189
-201
-210
-180
-360
-332
-460
-467
-393
-588
-544
-489
-597
-568
-601
-808
-792
-745
-740
-721
-742
-844
-702
-682
-636
-750
-822
-662
-338
-348
-412
-251
-217
-182
-283
-408
-306
-257
-184
6
164
216
304
317
253
406
371
410
349
575
746
790
720
735
856
918
976
1046
1040
1014
1115
1225
1295
1332
1377
1514
1492
1613
1778
1756
1859
1666
1935
1800
1765
1715
1591
1690
1801
1438
1246
1525
1050
1129
1041
964
582
656
467
470
395
331
499
227
264
304
103
-149
-432
-297
-228
-323
-254
-414
-370
-535
-534
-573
-567
-528
-603
-719
-501
-567
-447
-613
-626
-579
-493
-486
-601
-509
-470
-444
-398
-397
-477
-367
-386
-446
-524
-356
-262
-133
-285
-492
-547
-346
-330
-482
-482
-816
-703
-630
-746
-803
-877
-796
-765
-754
-699
-887
-715
-701
-700
-590
-676
-558
-608
-729
-758
-682
-1027
-876
-881
-831
-536
-910
-705
-520
-702
-567
-464
-581
-868
-452
-675
-925
-327
-625
-944
-350
-376
-801
-308
-161
-764
-663
98
223
-156
391
587
294
292
370
481
243
685
849
607
683
1012
919
649
1080
960
935
1470
1534
1303
1094
1313
1581
1201
991
1241
1048
943
922
845
824
598
785
705
512
509
379
267
25
94
83
-69
221
-100
-182
-140
-136
-300
-249
-348
-187
-15
-174
-375
-94
-206
-692
-671
-614
-447
-490
-640
-641
-653
-547
-574
-612
-491
-462
-261
-152
-186
-227
-227
-143
-134
-36
111
8
-26
-22
-77
-6
-132
-197
-279
-446
-450
-567
-553
-531
-407
-428
-242
-228
-206
-154
-100
-220
-431
-185
90
240
-309
-426
-248
-205
-121
-329
-168
-124
-79
-128
-69
87
-63
118
123
103
169
150
206
258
271
322
282
290
529
574
540
657
788
924
797
792
914
905
923
880
956
1016
949
1113
1034
1004
1030
1121
1374
1284
1297
1334
1347
1521
1645
1590
1655
1642
1834
2001
1792
1691
1711
1822
1697
1498
1313
1222
1194
1215
1119
957
895
757
715
702
418
383
348
375
335
208
43
-29
32
69
6
-17
-64
-210
-240
-271
-287
-401
-338
-348
-368
-546
-576
-365
-456
-552
-516
-539
-684
-617
-634
-591
-479
-777
-627
-607
-496
-568
-602
-402
-597
-500
-534
-409
-185
-450
-407
-464
-516
-823
-630
-456
-756
-688
-719
-662
-886
-854
-877
-1043
-889
-868
-984
-793
-743
-776
-833
-833
-756
-831
-754
-592
-535
-686
-542
-587
-533
-587
-522
-410
-301
-244
-400
-289
-300
-215
-134
176
138
-5
128
278
491
445
408
295
360
641
529
518
687
734
841
660
901
960
920
999
1013
1176
1100
1089
1151
1171
1252
1057
1162
1127
990
1183
1611
1380
1367
1418
1374
1407
1274
1146
1249
1368
772
332
575
754
85
-147
-301
232
313
-97
-416
-920
-281
-66
-464
-267
-210
-73
-353
-561
-408
-506
-665
-511
-425
-796
-1177
-1110
-680
-1311
-1844
-1490
-1127
-1491
-1635
-1572
-1065
-1179
-1512
-1440
-1302
-1150
-1227
-920
-953
-950
-733
-616
-626
-741
-547
-639
-736
-812
-731
-867
-783
-873
-933
-838
-797
-891
-961
-518
-579
-478
-937
-872
-667
-797
-814
-996
-829
-684
-1014
-965
-686
-705
-455
-655
-666
-595
-490
-466
-317
-267
-403
-242
-224
-160
-195
-79
-72
-10
185
306
200
159
293
285
355
316
436
506
686
711
809
869
877
1180
1270
1424
1471
1364
1222
1378
1794
1742
1352
1172
1544
1615
1641
1691
1836
2051
1855
1930
2083
2295
2392
2407
2596
2419
2449
2231
2133
2487
2377
2231
2119
2033
1850
1730
1667
1399
1220
1133
1033
978
772
737
674
510
359
323
305
138
-181
-129
-115
-227
-273
-392
-439
-571
-595
-555
-687
-967
-839
-715
-656
-584
-755
-757
-786
-801
-852
-939
-942
-953
-755
-677
-668
-670
-658
-625
-599
-556
-598
-619
-687
-634
-548
-490
-352
-629
-703
-619
-502
-546
-655
-673
-660
-732
-626
-564
-610
-690
-865
-832
-775
-713
-961
-752
-627
-904
-756
-924
-714
-575
-799
-795
-736
-585
-338
-373
-602
-614
-537
-572
-374
56
24
-88
-95
358
103
-173
30
92
197
300
372
548
694
623
638
536
579
640
750
793
884
926
1006
976
1028
1104
1009
1085
1070
1265
1366
1382
1519
1421
1461
1546
1475
1664
1817
1872
1724
1967
1972
1739
1515
1493
1790
1609
1734
1708
1419
1158
1005
1042
794
669
757
821
968
608
364
494
176
-17
-106
-32
-37
-106
-143
-249
-278
-825
-1144
-774
-1141
-725
-832
-1012
-585
-747
-1040
-1254
-972
-1328
-1447
-1049
-1306
-1435
-1357
-1057
-1484
-1737
-1896
-2315
-2049
-1611
-1663
-1592
-1818
-1927
-1669
-1639
-1456
-1565
-1732
-1627
-1837
-1618
-1437
-1372
-1556
-1608
-1550
-1702
-1357
-1613
-1961
-1610
-1370
-1550
-1208
-1280
-1623
-1403
-1318
-1377
-1218
-1114
-936
-819
-747
-652
-543
-317
-522
-387
-306
-491
-385
-436
-309
-133
19
154
-18
130
365
140
308
578
743
960
1074
703
727
1208
1332
1362
1437
1522
1838
1874
1756
1890
1947
2186
2475
2314
2428
2669
2841
3069
3146
3192
3312
3348
3299
3444
3460
3369
3535
2917
1469
-38
-9
913
845
110
-70
197
-190
-1200
-1602
-1381
-1300
-963
-167
984
815
-67
-501
-52
779
715
766
1014
1692
1756
1378
851
381
255
258
558
1154
1214
774
337
144
68
-291
-499
-399
-306
18
21
-176
-534
-992
-918
-701
-365
-32
284
188
298
409
51
-354
-323
-146
-32
-194
-234
-157
-387
-770
-948
-785
-838
-935
-794
-923
-1013
-1040
-1326
-1279
-1196
-1139
-1187
-1258
-1195
-1074
-1115
-1214
-1392
-1472
-1205
-1005
-764
-670
-682
-385
-353
-253
-235
-22
150
322
208
71
200
12
-4
152
199
232
174
117
130
26
-25
41
280
398
423
628
666
634
1046
1077
1262
1446
1279
1638
1828
1940
2120
1870
1994
2219
2709
2598
2395
2731
2637
3080
3292
3114
3017
2894
2323
1827
2633
3904
3373
415
-1157
-360
113
-754
-1484
-829
-228
-394
-719
-1125
-1782
-2198
-2032
-754
726
1031
175
-390
275
685
250
-323
-232
370
945
967
507
-152
-749
-881
-645
-545
-667
-645
-540
-135
-107
-609
-1276
-1550
-845
-349
-73
-257
-476
-287
-273
-269
-477
-271
-187
-122
369
609
317
-278
-565
-691
-1060
-1207
-944
-876
-1013
-957
-1245
-1503
-1813
-2174
-2056
-1760
-1363
-1345
-1546
-1751
-1776
-2163
-2434
-2283
-2150
-2114
-2146
-2174
-2101
-2143
-2289
-2175
-1629
-1407
-1370
-1342
-1057
-331
-432
-576
-652
-652
-720
-854
-672
-886
-864
-942
-881
-736
-1001
-980
-804
-573
-596
-417
-94
-351
-314
-78
-159
445
843
1033
1058
1206
1425
1184
1601
1950
1817
1645
2204
2598
2603
2738
2860
3086
3206
3107
2719
3239
3763
3787
3274
2122
855
-1057
-2036
-1365
-789
-1008
-1116
-514
-807
-1092
-1848
-2401
-2318
-1428
-294
468
1210
1435
924
730
582
242
-87
43
1095
992
1330
848
56
-432
-569
-930
-1101
-708
-322
143
199
-38
-335
-568
-868
-840
-563
-194
118
370
576
858
1018
305
227
388
293
593
1125
1356
811
348
88
-309
-843
-1362
-1473
-811
-396
-528
-961
-862
-871
-900
-989
-895
-695
-453
-155
-209
-83
-463
-715
-890
-869
-776
-629
-539
-423
-324
-439
-678
-730
-689
-626
-248
-15
282
473
695
479
219
168
-188
-251
12
222
350
158
153
224
129
-20
8
414
799
978
1315
1514
1420
1171
955
1159
1449
1687
1957
2264
2482
2558
2320
2080
1971
2254
2653
3240
3692
3743
3774
3734
3564
3323
3471
3613
3778
3611
2899
886
-1284
-2327
-1904
-1345
-1589
-1663
-1160
-751
-959
-1118
-1562
-1413
-1139
-648
430
1679
2279
1288
796
566
212
-302
-697
-269
0
-134
-72
-232
-529
-982
-1541
-1836
-1541
-1060
-595
-74
-140
-9
-38
-520
-738
-1016
-877
-434
-292
97
439
492
224
173
78
-244
-249
37
388
403
184
-345
-676
-966
-1467
-2020
-2084
-1565
-1194
-1154
-1163
-1229
-1503
-1796
-1843
-1640
-1357
-1066
-1022
-652
-370
-461
-965
-1551
-1632
-1596
-1475
-1310
-947
-864
-915
-828
-914
-1058
-1160
-878
-463
-195
48
68
-98
-26
-396
-653
-711
-929
-509
-379
-508
-611
-397
-589
-627
-253
-180
-4
131
115
401
558
684
471
-335
-220
35
302
1021
1433
1382
1314
1250
1425
1253
1024
1662
2523
2972
3040
2768
3038
3024
2569
2507
2755
2723
2468
1238
-1037
-3125
-4247
-2909
-2340
-2809
-3043
-2163
-1351
-1347
-1851
-2279
-2156
-1942
-997
275
1183
1276
838
570
507
-26
-1071
-1427
-1311
-885
-639
-479
-803
-1098
-1406
-1583
-1918
-1879
-1477
-973
-53
306
516
207
-336
-593
-892
-720
-640
-821
-578
325
752
494
235
-88
-382
-460
-248
61
165
297
-197
-264
-656
-1384
-1893
-2007
-1495
-947
-905
-1032
-1032
-935
-1011
-1393
-1594
-1551
-1248
-912
-465
-243
-309
-697
-1153
-1031
-1030
-1025
-1029
-783
-646
-225
346
144
-357
-458
-116
-37
267
580
798
863
584
578
307
-94
-190
44
377
444
636
707
803
750
734
870
1041
1307
1595
1760
1894
1786
1528
1532
1637
1779
1795
2000
2249
2266
2514
2627
2513
2834
3077
3415
3747
3837
4084
4138
4193
3942
3660
3624
3649
2991
1404
-1497
-3548
-3009
-1715
-1649
-2580
-2138
-739
-290
-719
-1118
-1223
-1145
-908
111
1409
2247
2243
1302
798
786
311
-930
-1824
-1452
-825
-521
-519
-665
-671
-944
-1310
-1470
-1268
-630
-157
-40
374
1028
921
246
-492
-687
-822
-700
-583
-23
442
598
725
522
503
-152
-417
-497
-376
-294
-1002
-1033
-992
-1202
-1564
-1943
-1718
-1925
-1737
-1653
-1789
-1245
-1249
-1242
-1134
-1124
-1175
-1368
-1177
-1000
-1018
-1185
-1268
-1485
-1623
-1778
-1758
-1665
-1402
-1113
-889
-633
-495
-240
-289
-374
-290
-175
-63
-80
-180
-250
-417
-531
-489
-517
-681
-695
-293
11
94
195
302
569
992
1234
1043
1000
1058
1021
1103
1050
1275
1793
1834
2132
2165
2181
2344
1977
1794
2112
2724
3322
3398
3565
3933
3500
3013
3247
3072
2516
2456
2411
2345
874
-2220
-4213
-3537
-1944
-2815
-3690
-2565
-852
-688
-1650
-1597
-1743
-1964
-1742
-976
264
742
524
349
430
378
-658
-1997
-2581
-2341
-1664
-1350
-1277
-1138
-1205
-953
-1237
-1804
-1766
-1412
-1098
-863
-90
581
36
-634
-903
-1067
-1161
-1754
-1785
-1142
-511
-13
166
56
-102
-569
-910
-1073
-1262
-1417
-1444
-1137
-1032
-1087
-1327
-1238
-1893
-2188
-2087
-2067
-1968
-1772
-1104
-1167
-750
-780
-1396
-1317
-1628
-1623
-1513
-1522
-1434
-1311
-1090
-1513
-1598
-1437
-1403
-1525
-1271
-569
-237
198
199
20
77
-76
-126
-195
-225
-189
-44
81
86
220
200
62
228
387
569
559
947
1435
1665
1880
1814
1699
1781
2048
2116
2159
2135
2366
2648
3171
3474
2853
2545
2486
2857
3249
4014
4788
4925
4831
4609
4805
4669
4269
4053
3599
3549
3631
2764
-51
-3289
-3423
-1735
-1759
-2909
-2363
-406
774
682
542
493
-190
-614
18
1551
2441
2325
1820
1686
1904
1209
-360
-1662
-1910
-1703
-1273
-1051
-736
-436
-436
-421
-537
-637
-676
-550
-263
326
1069
1261
584
88
-341
-560
-965
-1298
-934
-456
67
374
706
542
-275
-1073
-1313
-1185
-1046
-909
-502
-239
-39
-198
-556
-1165
-1760
-1929
-2052
-1815
-1458
-1104
-935
-810
-827
-1093
-1608
-1892
-1725
-1468
-1144
-1158
-1003
-1011
-965
-1275
-1350
-1062
-1250
-995
-789
-172
313
46
-29
-498
-525
-519
-576
-505
-459
-153
-140
90
94
-152
-229
-290
-38
262
595
1135
1530
1765
1804
1676
1527
1078
1178
1362
1675
2014
2283
2548
2748
3002
2700
2172
2044
2696
3365
3814
4183
4492
4769
4741
4538
3897
3748
3443
2908
2688
3162
1700
-2022
-4275
-3086
-1554
-2654
-3648
-2339
-222
374
291
384
-56
-327
-237
548
1686
2186
1710
1209
1582
1795
505
-1281
-2053
-1849
-1525
-1317
-1250
-1172
-905
-632
-327
-722
-971
-526
-643
-591
437
1083
412
-584
-265
-713
-1274
-1499
-2007
-1991
-1284
-868
-978
-1086
-1146
-1929
-2495
-2163
-1597
-1407
-1410
-821
-238
-603
-1260
-1674
-2049
-2420
-2292
-2260
-2310
-1919
-1902
-1819
-1908
-1829
-2465
-2812
-2436
-2171
-1936
-1688
-1631
-1729
-1573
-1644
-1794
-1753
-1490
-1258
-1119
-602
-329
-345
-399
-484
-467
-456
-441
-554
-747
-359
-331
92
-154
-250
97
27
521
490
723
519
772
973
1111
1626
1419
1256
1310
1483
1753
1887
2022
2056
2380
2303
2592
2988
2943
2972
3521
4338
4688
4799
4902
4672
4260
4242
4429
3970
3288
3021
1743
-1479
-3810
-2682
-1343
-2657
-3608
-2032
213
819
497
535
747
450
265
976
1931
2496
2072
2186
2457
2245
991
-870
-1559
-1580
-1255
-1060
-958
-806
-187
564
380
-151
63
471
283
225
1427
2080
1615
1016
939
949
235
-604
-952
-514
69
337
416
218
-175
-631
-887
-941
-1162
-1238
-720
-149
151
178
-166
-615
-1153
-1516
-1627
-1790
-1844
-1696
-1337
-1081
-1186
-1490
-1591
-1585
-1717
-1551
-1232
-887
-870
-650
-561
-711
-801
-923
-843
-835
-647
-459
-268
26
42
27
-7
-64
-397
-518
-485
-483
-190
2
251
358
414
712
774
683
713
912
1117
1326
1605
1619
1490
1423
1668
1920
2103
2150
1816
2123
2758
2894
3086
3096
2694
3142
2873
2654
2939
3774
4644
4938
4108
4040
4646
4059
3522
3611
2675
-1075
-4470
-3728
-769
-1296
-3859
-3102
-339
647
49
-530
-577
-991
-1047
-63
1346
2079
1667
983
1334
1890
971
-1136
-2526
-2369
-1573
-1087
-1107
-1200
-1113
-755
-792
-1108
-851
-675
-955
-944
219
1695
1506
385
-128
210
85
-534
-1349
-1353
-1020
-815
-771
-882
-995
-1336
-1396
-1393
-989
-845
-1031
-795
-256
-245
-561
-1010
-1492
-1648
-1631
-1692
-2404
-2456
-2148
-2343
-2188
-2416
-2531
-2256
-2678
-2123
-1555
-1514
-1869
-1648
-1125
-1487
-1556
-1379
-1630
-1573
-1757
-1741
-1177
-1183
-1164
-1220
-1390
-1245
-1211
-862
-575
-741
-576
-479
-477
-497
-219
85
554
546
228
198
63
-98
-447
-361
-22
69
179
551
1098
1408
1662
1910
1866
2016
2034
2003
2338
3026
3910
4276
4165
4230
4126
4018
3491
3581
3573
3177
3221
1341
-1989
-4713
-3811
-1646
-2905
-4246
-2591
143
873
241
220
-66
-893
-434
51
1170
1777
1227
998
1198
1623
284
-1895
-2518
-1877
-1805
-1595
-1263
-1192
-920
-438
-34
-479
-774
-776
-868
-490
443
1248
939
688
776
661
85
-677
-821
-853
-737
-578
-262
-201
-572
-670
-457
-82
-142
-805
-962
34
595
73
-702
-747
-859
-1211
-1315
-1228
-1284
-1400
-1384
-1276
-1004
-1160
-1367
-1580
-1133
-685
-766
-813
-734
-473
-254
-427
-468
-341
-292
-243
-156
269
445
214
110
298
717
597
223
145
246
337
412
329
367
549
697
1095
1463
1327
1043
987
988
1089
862
730
881
1354
1780
2175
2436
2139
2026
2118
2375
2539
2848
3447
3793
4348
4912
5226
4502
3599
3449
3786
3768
3241
3123
2600
15
-3599
-4625
-2640
-1911
-3546
-3644
-782
1346
1172
578
349
-104
-558
-279
577
1632
1791
1314
986
1520
1314
-578
-2529
-2915
-2110
-1570
-1511
-1483
-1056
-888
-749
-813
-1119
-1592
-1373
-1375
-592
805
782
318
-205
-53
32
-682
-1204
-1379
-1233
-836
-729
-617
-1012
-1191
-1217
-1084
-1036
-1162
-1344
-1198
-649
-533
-910
-1294
-1476
-1534
-1633
-1567
-1714
-1824
-1444
-1212
-1194
-1393
-1447
-1559
-1788
-1600
-1372
-1494
-1674
-1730
-1195
-817
-529
-567
-935
-570
-183
224
-26
-200
-33
3
183
322
480
315
226
165
254
440
442
214
599
940
1328
1257
786
866
926
868
862
1178
1317
1196
1313
1480
1724
1911
1874
1762
2204
2484
2325
2160
2329
2972
2925
3033
3004
2524
2771
3139
2802
2123
1771
1869
1142
-1738
-5046
-4605
-2146
-2204
-3788
-2984
-640
-124
-401
-329
-697
-1201
-1258
-999
285
1554
1094
264
370
790
22
-2373
-3849
-3575
-2752
-2057
-1648
-1868
-1543
-1241
-1772
-2072
-1818
-1448
-1734
-1634
-422
505
447
-582
-1047
-898
-1214
-1930
-2091
-1822
-1718
-1192
-1450
-887
-522
-443
-1128
-1018
-615
-631
-1069
-1124
-804
-1109
-1168
-1486
-1651
-1445
-1514
-2314
-2096
-1862
-1552
-1421
-1160
-771
-428
-598
-934
-886
-766
-731
-817
-712
-351
-297
-311
-320
-173
-301
-652
-571
-430
-111
73
205
722
1136
1524
1313
1212
1262
1411
1417
1302
1767
2080
2326
2059
2026
1650
1651
1706
1710
2397
3053
3153
3073
3024
3361
3431
3441
3175
2727
3474
4671
5525
5670
5228
4572
3943
3846
4246
3876
2945
2626
3684
3688
747
-3282
-4168
-2226
-1834
-2882
-2397
-221
500
547
887
859
-207
-888
-442
999
2429
2591
1579
1036
1262
637
-859
-2442
-2606
-1851
-1332
-1057
-818
-446
-455
-1282
-1770
-1819
-1374
-1491
-1490
-492
659
863
-215
-950
-1070
-1593
-2177
-2313
-2411
-2200
-1830
-1242
-691
-447
-785
-1077
-1041
-625
-701
-1046
-864
-840
-734
-845
-1284
-1774
-2122
-2231
-2152
-2080
-1780
-1762
-1371
-1047
-981
-1042
-1114
-1323
-1205
-849
-977
-783
-802
-691
-557
-476
-781
-874
-1065
-984
-887
-374
-337
-482
-267
-264
-100
271
251
85
352
637
815
911
1234
1243
1114
1350
1214
1077
1083
1385
1691
2278
2806
2882
3101
3321
3198
2872
2767
2918
3307
3881
4495
4900
4799
4288
3485
3045
3301
3649
3106
2629
3151
3120
254
-4074
-4645
-2519
-2095
-3715
-3377
-621
386
130
-202
-551
-828
-1180
-626
944
2775
3158
1896
1114
1610
1085
-1179
-3072
-2996
-1644
-1200
-1079
-1313
-1080
-1330
-2039
-2411
-2292
-1402
-1742
-1697
-559
734
110
-1744
-2389
-2287
-2102
-2922
-3810
-3925
-3313
-2640
-1933
-1846
-1740
-1989
-2361
-1928
-1421
-1183
-1741
-1430
-879
-705
-969
-2010
-3033
-3478
-3087
-2535
-2687
-2794
-2109
-2193
-2153
-1982
-2288
-2209
-2184
-1741
-1179
-876
-670
-1007
-1014
-814
-900
-1258
-1388
-955
-624
-227
182
46
-178
-358
-368
121
316
446
395
160
449
1124
823
774
825
1384
1663
1606
1103
1043
1509
1233
1827
2586
3006
3154
2847
2816
3038
3001
2800
3102
4546
5540
5674
5293
4710
4457
4359
4139
3435
2965
3479
3890
1625
-2642
-4433
-2429
-1458
-3138
-3495
-1740
-519
-890
-616
-188
-645
-836
-131
1272
2865
3661
2437
1117
1361
2075
692
-1151
-1293
-452
247
-469
-1008
-707
-396
-927
-1901
-1189
210
402
-110
55
1235
920
-265
-869
-646
-279
-785
-1102
-1134
-1109
-1249
-1210
-941
-743
-542
-704
-638
-344
-165
-624
-928
-877
-825
-1033
-1353
-1661
-1737
-1613
-1840
-2195
-1916
-1648
-1596
-1628
-1278
-927
-1250
-1357
-1023
-304
-102
-297
-522
-446
-298
-363
-386
-195
-78
-108
109
463
750
488
-2
-51
318
462
704
620
585
507
836
1088
856
1195
1324
1239
1167
1538
1840
1819
1753
2307
2601
2360
2326
2559
2908
3021
3165
3207
3310
4092
4869
4893
4813
4286
3864
3654
4373
4260
3725
3768
3811
2461
-1216
-4532
-4291
-1882
-1546
-3026
-2349
-1065
-1503
-2215
-2174
-2023
-2221
-1267
41
1629
2947
2531
799
-440
-387
-408
-1097
-1330
-923
-253
136
-222
-1327
-2159
-2204
-2376
-2198
-1013
251
99
-501
-278
-158
-921
-1835
-1928
-1562
-893
-935
-1605
-2112
-1650
-1654
-2142
-1943
-1380
-941
-891
-352
-544
-1116
-1394
-1740
-1666
-1249
-1304
-1545
-1806
-1784
-1877
-2314
-2345
-2466
-2152
-1857
-1536
-1163
-1148
-1403
-1483
-1532
-1519
-1123
-898
-757
-674
-602
-678
-666
-517
-514
-334
154
461
320
-168
-621
-613
-613
-753
-504
-303
-117
329
706
516
284
120
-102
372
1271
1585
1662
1610
1743
2004
1949
2192
2628
2650
2491
2728
3051
3692
3804
3388
3010
2608
2970
3294
3299
3280
3372
3705
3797
1707
-2591
-4709
-2839
-1028
-1729
-2437
-1813
-2103
-3341
-3378
-2653
-2505
-2269
-1560
-251
1877
2306
637
-931
-979
-306
-238
224
554
532
-206
-1243
-1200
-1737
-2155
-2025
-2248
-1542
-61
221
-1091
-2139
-1858
-1448
-1675
-1340
-667
-1081
-2037
-1966
-1187
-857
-1170
-1528
-1288
-632
-273
-395
-878
-884
-953
-1132
-844
-336
-487
-1374
-1555
-1532
-1675
-1725
-1850
-1726
-1313
-787
-810
-1140
-1286
-1333
-1442
-1232
-293
15
-274
-713
-447
-214
-363
-153
128
498
656
855
988
1264
1529
1456
1305
1205
1550
1684
1798
1684
1572
1406
1055
1353
1667
1867
1665
1529
1727
2282
2435
2274
2313
2511
2929
2847
3037
3311
3373
3466
3587
3805
4012
4173
4439
4651
4301
3948
4150
4158
4303
4207
4495
4685
2265
-1916
-3441
-999
865
-197
-1928
-1953
-2346
-3891
-3727
-2534
-2121
-1984
-1069
-107
805
1089
-256
-1554
-1155
419
1155
988
704
369
-471
-948
-1157
-1158
-1041
-747
-1133
-1039
-474
-923
-2222
-2801
-1639
-891
-1244
-1301
-1574
-3048
-3632
-2145
-1404
-1482
-1498
-1175
-1534
-1355
-874
-1439
-1871
-1655
-1545
-1361
-792
-923
-1540
-2399
-2236
-1822
-1899
-1727
-1873
-2128
-1947
-1741
-1707
-1832
-1791
-1270
-1350
-1130
-733
-857
-1187
-1381
-938
-662
-433
-95
-124
-182
-11
45
266
747
1085
1132
1113
1398
1449
1265
1199
1393
1309
1625
1821
1575
1058
984
1439
1553
1553
1597
1915
2004
2281
2007
2043
2575
2735
2886
3180
3738
3602
3722
4337
4397
4081
3775
4141
4684
4948
4493
4017
4427
4279
1374
-2452
-2835
259
1296
-866
-1570
-2017
-3809
-4722
-3566
-1933
-1904
-2046
-2013
-2151
-1670
-842
-1997
-2605
-778
196
-461
-906
-318
-1230
-2611
-2844
-1239
-244
-572
-943
-1642
-2062
-1828
-1884
-2593
-2502
-1510
-1518
-2502
-2762
-3063
-4181
-3936
-2358
-2370
-2463
-2141
-2807
-3192
-2533
-1945
-1768
-1407
-1315
-1907
-2269
-1864
-1777
-1988
-2067
-1610
-1664
-1846
-2244
-2608
-2647
-2614
-2151
-1907
-1750
-1487
-1957
-2235
-2001
-1183
-1166
-1096
-865
-797
-526
-1110
-791
-566
-445
233
366
120
298
66
347
147
638
1411
1447
1837
1672
1847
1883
1872
2044
2232
1950
2187
2429
2197
1956
1895
1988
1941
2224
2503
2587
2572
2828
3041
3135
3459
3801
3947
4273
4631
4819
5221
5195
4821
5278
5907
3967
-39
-674
2310
3924
1751
-477
-405
-1459
-3038
-2780
-768
-19
-1016
-1654
-2197
-1796
-974
-625
-749
-218
722
506
-245
-115
230
69
-73
351
778
679
157
-592
-842
53
638
-151
-883
-759
-797
-1420
-2175
-2067
-2298
-2227
-1429
-1622
-2029
-2560
-2574
-2465
-2004
-1042
-617
-1018
-1265
-1481
-1728
-1213
-557
-499
-743
-991
-1562
-1777
-1609
-1504
-1773
-1673
-1503
-1604
-1794
-2080
-1799
-1577
-1450
-1123
-952
-1156
-1382
-1465
-1082
-587
-103
-78
-278
-204
-137
9
447
831
757
1026
1123
1000
1130
1479
1801
1660
1671
2077
2327
2137
2071
2235
2323
2645
2662
2426
2376
2178
2176
2317
2445
2765
2657
2783
2919
3090
3349
3591
3736
3723
3886
4029
4655
4268
4077
3794
1738
-817
332
3406
3382
646
-1060
-1158
-2052
-2416
-1336
-389
-894
-1745
-2109
-2536
-2216
-1544
-1127
-798
-278
-373
-1146
-1382
-709
-225
-160
217
233
-367
-689
-810
-1108
-1092
-38
349
-278
-830
-1144
-1572
-2089
-2026
-1813
-1774
-1786
-1977
-2335
-2569
-2483
-2161
-1772
-1418
-1389
-1349
-1506
-1726
-1787
-1588
-886
-840
-1113
-1385
-1610
-1850
-2023
-1656
-1423
-1453
-2133
-2091
-2048
-2241
-1835
-1696
-1933
-1738
-1524
-1945
-2527
-2777
-2054
-1914
-1797
-2266
-1896
-1715
-1788
-1647
-1260
-585
-277
-65
-345
276
584
964
1124
965
837
940
1115
1204
1715
1791
1780
1142
1359
1860
1895
1865
1816
1800
1746
2189
2484
2312
2345
2671
2976
2819
2929
3110
3265
3245
3683
3858
3891
3980
2673
90
172
3064
3562
877
-1076
-583
-751
-1835
-1693
-256
-602
-1589
-2072
-2319
-2550
-2690
-1598
-983
-589
-717
-1917
-2580
-1525
-439
-45
-551
-790
-1037
-883
-466
-188
-55
-75
99
-391
-635
-418
-691
-1434
-1395
-1137
-1172
-1508
-1711
-2042
-2305
-2168
-1623
-1256
-1400
-1619
-1795
-1671
-1345
-1197
-1133
-915
-566
-421
-534
-735
-1018
-961
-443
-257
-147
-696
-977
-559
-424
-334
-475
-416
-602
-629
-556
-538
-157
-254
-165
-82
10
-195
-297
-51
49
298
380
494
505
671
1020
1600
1859
1627
1364
1520
2136
2475
2466
2332
2572
2826
2815
2760
3076
2966
2636
2913
3177
3279
2992
2910
2987
3199
3661
3812
3335
3067
3780
4544
4561
4037
4108
4423
3871
1948
-18
1128
3578
3064
334
-734
-81
-438
-1105
-615
-85
-754
-1753
-1824
-1972
-2074
-2025
-1643
-851
-654
-1265
-2257
-2389
-1460
-123
101
-559
-1077
-1190
-1094
-803
-175
84
50
-479
-1206
-1255
-792
-1085
-1696
-1699
-1700
-1751
-2187
-2486
-2754
-2493
-1978
-1896
-1978
-2386
-2509
-2250
-1743
-1560
-1666
-1451
-1346
-1412
-1157
-977
-1291
-1641
-1166
-1027
-1321
-1319
-1291
-938
-911
-1173
-1153
-1303
-1362
-1205
-1044
-1045
-1117
-1097
-1052
-914
-824
-680
-898
-971
-661
-265
-418
-929
-504
-10
266
181
419
523
707
711
1246
1520
1696
1786
1571
2408
2530
2700
2415
2357
2666
2676
2836
3115
3333
3389
3256
3025
3201
3628
4241
4021
3648
3787
3922
3684
3502
4090
4570
2649
-372
-410
2744
3690
613
-1437
-818
-123
-1382
-2067
-1287
-1421
-1906
-2174
-2525
-3228
-3580
-2528
-1820
-1383
-1990
-3371
-3826
-3024
-1118
-856
-1837
-2068
-1949
-1571
-1443
-1003
-926
-812
-326
-1050
-1564
-1440
-1274
-1627
-2090
-2182
-2227
-2221
-3391
-3500
-3254
-2732
-2664
-2981
-3383
-3414
-2710
-2627
-2547
-2512
-2315
-2209
-1876
-1758
-1547
-1407
-1410
-1275
-1051
-959
-1099
-1158
-1088
-946
-955
-997
-707
-927
-747
-660
-829
-1025
-851
-579
-867
-717
-404
-510
-705
-716
-542
-408
-316
-364
-7
101
283
319
429
799
767
1235
1324
1694
1855
1898
2080
2493
2771
2878
2811
2908
3102
3233
3525
3659
3715
3771
3815
3930
4214
4218
4190
4093
4433
4835
5177
4793
4633
4853
3357
1033
1502
4696
4832
1531
-675
340
888
-263
-708
-214
-509
-1539
-1529
-1765
-1991
-1777
-1158
-414
-694
-1281
-2201
-1893
-485
617
342
-898
-1176
-696
-255
121
331
57
185
165
-355
-528
-114
-58
-527
-770
-1189
-1727
-1723
-930
-850
-1808
-2413
-2446
-2381
-2195
-2033
-2019
-2101
-2282
-2485
-2614
-2362
-2215
-1839
-1395
-1326
-1695
-2015
-1606
-1171
-1046
-1164
-1300
-1425
-1432
-972
-462
-422
-610
-738
-872
-896
-728
-484
-358
-521
-741
-748
-508
-630
-789
-207
357
276
-308
-372
160
276
424
735
657
446
779
1066
1219
1176
1358
1402
1801
2093
1864
2014
2292
2908
2596
2739
2890
3319
3199
3180
3761
4024
3652
3960
4361
4279
4485
4361
4155
3524
2340
1185
2617
4295
2790
35
-261
1036
446
-700
-768
-637
-1377
-2066
-1948
-2435
-2947
-2503
-1985
-1693
-2030
-2864
-3231
-2499
-1261
-948
-1593
-2122
-1820
-1357
-793
-548
-595
-682
-444
-534
-1073
-564
71
22
-753
-957
-1296
-1649
-1012
-661
-1096
-1934
-2082
-1931
-1874
-1753
-1755
-1683
-1762
-2057
-2172
-2084
-1803
-1681
-1741
-1549
-1608
-2113
-2214
-1488
-1377
-1816
-2148
-1905
-1419
-1695
-1423
-1032
-1183
-1108
-920
-1117
-1278
-1251
-962
-868
-873
-1407
-1712
-1301
-1199
-744
-907
-1385
-1185
-1136
-1281
-511
-211
101
449
52
19
357
978
836
855
978
1134
1402
1185
1290
1216
1883
1738
1041
1563
1764
2236
2174
2123
2426
2533
2488
2792
2986
3394
3851
3934
3539
3655
3344
1811
957
2674
4355
2384
-239
-468
1177
287
-1035
-696
-753
-1580
-1974
-1858
-2574
-2445
-2114
-1905
-2077
-2555
-2751
-3045
-2570
-1200
-1181
-2049
-2114
-1897
-1697
-1174
-791
-800
-642
-636
-681
-968
-755
200
91
-516
-634
-710
-1350
-951
122
-93
-1347
-1933
-1362
-685
-883
-1195
-1239
-1473
-1539
-1345
-1547
-1674
-1369
-914
-784
-1109
-1380
-1313
-804
-770
-819
-1001
-687
-565
-736
-446
-265
-259
-370
-234
35
-53
-149
343
647
620
443
580
625
606
779
802
821
825
918
919
857
996
1086
1081
1262
1454
1480
1521
1877
2022
1796
1925
2395
2597
2619
2517
2608
2817
3045
2934
2655
2801
3256
3369
3283
3440
3585
3789
3885
4016
4004
3912
4224
4023
2828
1652
2656
4586
3399
573
-9
1205
909
-268
-86
112
-905
-1589
-1467
-1846
-2433
-2351
-2067
-1926
-2075
-2616
-3230
-2848
-1680
-1227
-2026
-2469
-2034
-1624
-1472
-1260
-1178
-1072
-770
-833
-1262
-1168
-239
12
-526
-982
-1222
-2054
-1170
80
-664
-1951
-2300
-1573
-1483
-1575
-1732
-1848
-1851
-1876
-1967
-1851
-1631
-1750
-1420
-1318
-1666
-2180
-2148
-1454
-982
-1361
-1772
-1929
-1610
-1227
-1074
-926
-1056
-1054
-696
-724
-795
-587
-292
-163
-65
-191
-263
-308
-112
322
102
-125
9
180
10
172
381
331
196
291
575
554
684
1047
1318
1144
1365
1660
1753
1760
2289
2403
2163
2488
2621
2563
2585
3002
3489
3398
3215
3300
3357
3689
4356
4371
3707
3604
4141
3704
2011
1782
3405
3632
1848
184
-19
832
218
-475
-399
-759
-1564
-2101
-2390
-2401
-2620
-2814
-3116
-3357
-3262
-3838
-3922
-3519
-3189
-3289
-3652
-3597
-2864
-2700
-2326
-2235
-2052
-1526
-1571
-1566
-1908
-1721
-1161
-1185
-1371
-1631
-2306
-2273
-1347
-1040
-1800
-2798
-2592
-2390
-2455
-2260
-2248
-2294
-2737
-2906
-2774
-2691
-2645
-2534
-2172
-2227
-2714
-2818
-2050
-1538
-1665
-1846
-2043
-1883
-1572
-1433
-1471
-1391
-1489
-910
-1073
-1046
-1010
-673
-550
-469
-316
-722
-805
-736
-2
156
-122
-488
175
97
23
-187
366
701
541
919
703
1003
1052
1285
1597
1489
1571
1612
1918
2230
2219
2142
2353
2765
2816
2640
2898
3401
3450
3652
3723
3580
3437
3889
4634
4732
4576
4640
4629
3409
2232
3439
5410
4104
1326
1055
2648
2256
429
697
1125
231
-622
-735
-880
-1176
-882
-870
-1040
-1373
-2169
-2472
-1610
-672
-676
-1681
-2110
-1685
-1359
-1089
-942
-877
-635
-459
-778
-1181
-751
-71
14
-470
-686
-1059
-1591
-875
271
-220
-1734
-1925
-1290
-1090
-1115
-1096
-1272
-1503
-1595
-1503
-1642
-1572
-1241
-1178
-1316
-1425
-1780
-1740
-1232
-1036
-1418
-1795
-1831
-1852
-1625
-1292
-1076
-1166
-1308
-1100
-1075
-1120
-966
-470
-378
-480
-394
-344
-217
-132
-39
15
-89
-79
181
532
480
398
527
673
382
417
908
1026
1015
1183
1516
1474
1685
1900
1798
1659
2183
2089
1857
2252
2369
2488
2318
2645
2799
3067
3277
3453
3193
3040
3964
4379
3922
3851
4093
3093
1701
2250
3812
3562
1293
100
1156
1393
262
-126
76
-393
-1112
-1363
-1645
-2088
-1778
-1554
-1475
-2058
-2639
-2811
-2478
-1606
-1427
-1710
-2263
-2362
-2007
-1471
-1196
-1143
-1131
-876
-915
-1556
-1307
-632
-127
-388
-826
-1001
-1482
-1413
-880
-501
-953
-1935
-2229
-1899
-1227
-1320
-1543
-1702
-1714
-1574
-1840
-1965
-1835
-1327
-1190
-1650
-1896
-1767
-1769
-1482
-1400
-1658
-2044
-2021
-1785
-1682
-1371
-1377
-1300
-1252
-1155
-1661
-1474
-1182
-785
-1057
-1685
-1366
-1120
-1466
-1586
-834
-735
-861
-1167
-1175
-708
-589
54
-214
-193
220
405
595
215
131
517
986
1011
794
753
925
1073
1221
1192
923
936
1613
1880
2167
2038
1848
2391
3047
2605
2193
2590
3317
3514
3118
3293
2791
1321
909
3214
4380
1776
-573
-51
1413
718
-722
-708
-167
-1088
-1839
-2174
-2282
-1827
-1801
-1262
-2064
-2791
-3277
-3147
-1892
-1094
-1542
-2753
-2895
-2296
-1546
-1196
-1439
-1140
-884
-1098
-1005
-1016
-558
105
-65
-518
-466
-540
-1141
-1280
-326
98
-913
-1667
-1610
-1012
-837
-1195
-1348
-1496
-1704
-1778
-1737
-1455
-1280
-1100
-1285
-1309
-1230
-1187
-928
-794
-831
-1042
-718
-722
-719
-668
-405
-331
-541
-280
-208
15
-19
196
305
240
370
212
320
446
542
760
506
401
439
427
641
581
792
983
1131
1278
1346
1459
1449
1690
1733
1910
2037
1820
1925
2350
2293
2134
2123
2129
2327
2432
2717
2628
2614
2961
3151
3337
3341
3282
3547
3838
3901
4241
3482
1827
1525
3546
4446
1922
-317
157
1418
434
-313
378
-115
-1305
-1658
-1432
-1923
-2204
-1706
-1414
-1837
-2625
-3022
-3134
-2164
-1266
-1640
-2481
-2589
-1814
-1719
-1549
-1191
-1228
-1289
-1261
-1079
-1329
-874
-232
-340
-644
-498
-692
-1259
-1115
-676
-362
-773
-1270
-1804
-1226
-1190
-1096
-1217
-1560
-1859
-1892
-1658
-1667
-1552
-1559
-1696
-1961
-1757
-1682
-1581
-1640
-1276
-1152
-1377
-1422
-1563
-1117
-761
-963
-943
-853
-1024
-959
-580
-399
-382
-182
-312
-419
-157
-167
-135
177
457
288
128
369
642
523
508
714
744
814
727
847
923
1237
1653
1399
1270
1468
1734
1907
1779
1740
1842
2006
2109
2162
2376
2495
2599
2706
2888
2763
2808
3315
3582
3624
3377
3510
3502
2204
1064
2381
3821
2539
170
-369
790
678
-690
-633
305
-1205
-2754
-2073
-1750
-2626
-3191
-2326
-2401
-3419
-3627
-3468
-3378
-3154
-2387
-2744
-3947
-3399
-2196
-2291
-2259
-1738
-1701
-1834
-1881
-2127
-1576
-687
-992
-1401
-1024
-952
-1812
-1881
-1706
-1404
-1590
-1447
-2055
-2863
-2207
-1352
-1723
-2378
-2038
-2060
-2467
-2076
-1916
-2175
-2177
-1886
-1824
-2017
-2075
-2100
-1667
-1581
-1591
-1735
-2136
-1704
-1166
-1107
-705
-848
-828
-788
-835
-285
16
-248
-262
-380
-338
-190
-70
-43
193
399
207
-218
-136
275
857
776
717
1028
1058
1112
1260
1567
1734
1774
1712
1695
1595
1922
2147
2076
2222
2219
2250
2094
2282
2554
2621
2732
2711
2956
3192
3158
3132
3510
4198
4276
4284
4174
3058
1646
2258
4590
4522
1745
361
1802
1716
309
504
1276
137
-1452
-853
-379
-1248
-1565
-991
-357
-923
-1877
-1844
-1584
-1088
-495
-607
-1470
-1763
-1348
-872
-470
-160
-279
-786
-937
-633
-385
-171
-128
-253
-137
-217
-685
-879
-373
-37
-348
-560
-974
-1540
-1469
-1118
-737
-872
-1226
-1631
-1714
-1481
-1231
-1012
-1127
-1262
-1273
-1533
-1612
-1498
-1421
-1386
-1246
-1124
-1332
-1366
-1064
-607
-362
-305
-482
-781
-608
-303
-177
-80
-93
-101
-135
-140
-88
-25
111
590
560
103
-89
244
543
592
575
477
499
316
736
1056
1060
1057
1009
1033
1031
952
1251
1395
1356
1430
984
1378
1440
1564
1739
1884
1885
1977
2263
2444
2339
2374
2416
2326
2434
2643
3262
3041
2773
1871
1036
1604
2941
2612
663
105
900
399
-510
127
737
-416
-1619
-1026
-701
-1402
-1828
-1442
-974
-1390
-2137
-2207
-1922
-1621
-1390
-1239
-1489
-1751
-1832
-1630
-1050
-733
-620
-909
-1035
-1084
-621
-344
-565
-631
-438
-106
-666
-1020
-691
-638
-750
-766
-700
-913
-1251
-1169
-912
-695
-913
-1216
-1384
-1208
-1540
-1402
-1480
-1725
-1641
-1817
-1689
-1553
-1545
-1565
-1245
-1065
-1067
-1390
-1368
-1332
-818
-1024
-1049
-1236
-860
-784
-1162
-1244
-1092
-366
-951
-1231
-1300
-465
-334
-649
-363
70
-38
-497
-585
-88
157
-107
-172
-75
-74
-382
-522
53
-122
-994
-421
200
151
-244
-385
-28
292
-190
-39
480
595
588
876
1018
969
1006
1232
1365
1162
1264
1591
1919
1704
1607
1803
1836
1801
1292
1192
1377
1442
1481
653
679
977
-243
-284
277
518
-211
-378
-306
-531
-644
-721
-443
-447
-561
-890
-722
-937
-765
-239
-223
-159
-206
-419
-560
-363
-235
-171
22
-58
-173
-127
-269
-324
-201
-218
-252
-499
-267
-327
-452
-378
-502
-357
-310
-457
-313
-387
-332
-547
-816
-483
-9
-144
-708
-610
-523
-523
-578
-539
-363
-278
-466
-337
-184
-238
-125
-21
121
-13
121
27
-106
-11
-5
37
121
152
95
259
271
302
256
321
510
418
377
311
421
519
425
410
520
433
483
434
339
427
475
620
559
582
678
739
675
499
898
865
1052
1124
1161
1106
1080
1186
1203
1089
976
1138
1246
1380
1445
1492
1461
1622
1559
1574
1723
1946
1882
1672
1451
1274
1489
1500
1187
1155
1505
1222
818
1106
1248
722
670
698
626
488
380
403
410
211
87
229
1
68
-210
-148
-26
-210
-114
-563
-784
-299
-361
-688
-639
-399
-816
-790
-850
-762
-813
-944
-872
-1002
-1042
-1287
-1144
-920
-1016
-1096
-912
-909
-1069
-1078
-1059
-1207
-1000
-852
-870
-935
-832
-790
-728
-566
-712
-620
-669
-821
-743
-641
-725
-736
-704
-802
-792
-710
-660
-669
-547
-730
-588
-568
-453
-116
-253
-246
-204
-88
-18
-139
-234
-323
-151
-130
-123
-88
-211
73
77
160
237
316
542
279
568
606
552
633
710
669
750
549
381
505
62
355
499
673
791
646
585
622
438
419
793
885
878
533
201
492
558
555
1228
1342
1098
946
492
123
858
1155
858
1379
1420
871
359
534
775
475
449
324
108
-141
136
-208
-387
-367
-798
-742
-566
-828
-1154
-814
-955
-1274
-1111
-1022
-1410
-1355
-1089
-1113
-1044
-1216
-1182
-1255
-1059
-1147
-1337
-1148
-1326
-1181
-1118
-1003
-1188
-1362
-1158
-1047
-940
-1130
-939
-709
-842
-722
-503
-711
-659
-698
-935
-763
-714
-691
-789
-505
-722
-919
-884
-836
-948
-815
-522
-702
-786
-490
-404
-413
-222
-364
-292
-257
-111
-173
-56
71
-82
38
59
30
150
200
225
366
379
401
468
566
701
931
998
1203
1088
872
915
1191
1499
1253
1010
862
1136
992
823
919
882
946
981
985
1089
1235
1321
1227
1267
1188
1157
1357
1429
1648
1817
1770
1875
1945
1984
2234
2404
2406
2429
2461
2265
1947
2225
2619
2206
2000
2217
2008
1632
1649
1749
1434
1081
1014
1023
667
497
312
350
261
-64
-237
-194
-239
-254
-273
-563
-617
-552
-662
-840
-911
-1129
-1167
-867
-823
-863
-800
-679
-651
-636
-533
-550
-360
-316
-257
-418
-313
-350
-518
-306
-154
-290
-393
-423
-372
-401
-461
-584
-801
-774
-780
-752
-864
-744
-678
-909
-765
-736
-905
-813
-1098
-942
-857
-935
-831
-920
-724
-668
-485
-630
-599
-335
-259
-259
-103
32
201
-39
2
246
49
151
-54
49
325
529
449
272
277
269
280
311
250
380
412
296
355
529
616
476
502
473
447
583
602
701
678
733
821
877
921
1160
1218
1240
1290
1330
1523
1799
1965
1859
2038
2130
2464
2405
2488
2539
2471
2718
2518
2270
2098
2299
2481
2169
2145
2094
1715
1505
1656
1676
1149
773
869
821
458
215
-231
-208
-410
-447
-419
-802
-420
-387
-705
-653
-414
-475
-781
-675
-495
-860
-1138
-931
-497
-938
-1127
-1274
-1119
-795
-924
-1069
-1358
-843
-534
-629
-693
-750
-638
-801
-725
-1029
-981
-963
-914
-803
-1164
-1470
-1651
-1124
-1097
-1552
-1326
-1640
-1570
-1312
-1486
-1568
-1636
-1303
-1180
-985
-1216
-1250
-1076
-845
-855
-777
-689
-646
-508
-427
-402
-473
-320
-323
-479
-459
-408
-427
-363
-456
-157
-399
-98
-111
-336
-282
-336
-96
136
127
-263
-15
72
-17
175
501
475
455
970
827
603
879
1319
1345
1413
1608
1600
1576
1584
1624
1610
1714
1857
2072
2163
2117
2195
2169
2205
2301
2186
2408
2431
2473
2587
2646
2731
2732
2469
2219
2659
2642
2067
1816
2277
2375
1647
1411
1698
1691
1218
1268
1237
1111
1196
1027
1023
1074
1076
1089
1000
831
847
845
559
613
686
390
442
457
441
328
329
223
131
90
-105
-193
-171
-136
-214
-381
-276
-265
-373
-454
-487
-567
-605
-568
-653
-641
-824
-884
-757
-599
-687
-863
-795
-736
-575
-580
-497
-570
-621
-707
-720
-751
-821
-934
-911
-833
-810
-695
-614
-642
-764
-582
-664
-619
-623
-547
-433
-550
-602
-755
-816
-630
-424
-546
-349
-327
-321
-316
-231
-118
-155
42
20
30
268
312
429
402
534
538
746
777
763
824
832
946
737
1029
859
940
1180
1019
1009
1220
1195
1072
1294
1276
1443
1303
960
1287
1311
1219
1046
1073
1326
1435
1483
1385
1503
1524
1506
1649
1716
1483
1270
1391
1735
1773
1524
1614
1547
1105
1231
1491
1348
1150
1190
1216
995
935
772
793
645
402
278
214
193
215
238
-99
-214
-166
-86
-400
-492
-505
-807
-735
-903
-783
-907
-913
-780
-791
-779
-853
-641
-740
-723
-522
-608
-660
-543
-690
-686
-728
-892
-752
-943
-851
-632
-913
-1154
-802
-698
-725
-1175
-1359
-1102
-1214
-1235
-1887
-1303
-1266
-1990
-1562
-1457
-1792
-2104
-1572
-1539
-1589
-1842
-1345
-1163
-885
-1006
-1048
-976
-929
-925
-1088
-762
-596
-630
-847
-581
-516
-694
-873
-666
-376
-254
-545
-108
-172
5
-118
163
368
227
234
266
433
353
482
396
411
446
558
663
526
434
646
559
466
479
561
537
764
789
437
753
747
1172
1122
1175
1042
1048
1575
1926
1789
1719
1559
1768
2117
1933
1892
1560
1582
2069
1949
1718
1840
1893
1937
1702
2059
1799
1250
1099
1181
1070
765
657
738
675
329
354
192
13
57
-203
-129
-236
-282
-154
-286
-217
-74
-38
-213
132
-51
-332
-390
108
320
-108
-251
-252
-108
-99
-262
-206
-45
-59
-320
-257
-174
-260
-144
-256
-225
-260
-244
-464
-416
-181
-383
-400
-387
-365
-495
-476
-544
-621
-443
-528
-666
-511
-573
-714
-520
-559
-469
-496
-392
-315
-435
-423
-479
-439
-431
-349
-246
-42
-99
-167
-236
-192
-136
69
136
96
145
193
281
294
221
97
108
226
452
460
516
544
442
355
604
507
425
559
581
704
663
543
647
640
542
603
682
676
603
805
954
931
951
1174
1267
1238
1235
1295
1499
1577
1527
1462
1788
1882
1857
1750
1974
2082
1899
1384
1487
2005
1854
1656
1526
1135
1108
1473
1515
1278
846
677
684
633
366
209
541
149
-56
73
-137
-147
-316
-283
-399
-512
-399
-371
-581
-603
-631
-708
-692
-666
-796
-709
-628
-660
-627
-718
-614
-790
-646
-677
-831
-756
-638
-599
-769
-820
-690
-560
-395
-386
-654
-733
-770
-552
-633
-688
-784
-933
-696
-641
-667
-799
-725
-722
-815
-743
-771
-800
-752
-753
-738
-597
-725
-663
-786
-738
-817
-1070
-740
-761
-930
-736
-493
-569
-530
-159
-410
-319
29
-154
-396
-325
-59
-474
-711
-444
-433
-695
-632
-256
-393
-779
-365
37
-86
-117
384
320
322
212
-12
18
244
294
191
285
179
113
11
230
212
-446
-313
284
437
-19
64
363
739
295
579
810
833
1064
1272
1325
1264
1412
1408
1622
1539
1446
1366
1314
1247
1515
1410
895
797
957
670
833
666
279
591
266
338
167
-222
32
115
-15
-323
-571
-377
-815
-707
-622
-736
-639
-520
-466
-514
-462
-562
-573
-527
-423
-321
-343
-306
-455
-339
-194
-277
-294
-213
-301
-423
-301
-271
-340
-406
-509
-396
-326
-295
-295
-307
-169
-70
-137
-157
-146
-388
-480
-177
209
-9
-232
-422
-261
-166
-225
-111
-152
40
-76
-22
138
161
400
479
411
429
353
368
430
441
517
514
591
562
511
559
637
625
541
474
713
705
487
504
454
460
447
494
602
637
562
482
314
188
250
279
197
301
423
440
500
356
285
421
594
842
931
797
793
879
899
908
869
881
980
1036
856
851
1125
1231
1118
1075
1052
983
1072
1274
1147
1054
1125
1028
953
858
919
1055
1048
986
946
910
609
543
692
576
345
356
433
256
251
230
167
90
-100
-257
-247
-168
7
-226
-275
-242
-233
-443
-185
-457
-563
-359
-546
-347
-623
-547
-383
-526
-667
-542
-922
-767
-588
-874
-686
-587
-572
-635
-704
-819
-842
-686
-623
-600
-531
-563
-609
-482
-532
-522
-508
-490
-419
-422
-382
-352
-376
-512
-406
-429
-236
-340
-400
-387
-433
-388
-332
-150
-383
-268
-357
-255
-215
-218
-244
-376
-220
-125
-152
-131
-116
-177
-66
-64
144
113
82
113
140
202
236
254
342
231
234
-34
-68
239
-207
-91
115
-199
-65
191
-34
-101
-79
36
-91
-407
-74
-177
-461
-365
-225
-382
-715
-695
-155
-337
-741
-681
103
132
-118
202
387
341
-13
383
458
338
411
597
778
409
325
367
610
122
90
331
126
48
154
142
-109
82
184
-160
-382
-183
-170
-224
-347
-243
-180
-358
-342
-296
-546
-485
-514
-529
-597
-513
-306
-588
-559
-557
-473
-510
-490
-467
-306
85
-48
-283
-165
-246
-454
-298
-424
-392
-676
-364
-308
-441
-334
-696
-474
-484
-256
-140
-65
-123
-304
-228
-138
-262
-439
-449
-428
-337
-460
-416
-520
-248
-327
-404
-191
-244
-196
-131
-134
-56
11
175
314
336
449
572
604
438
149
446
911
636
445
345
623
478
389
374
482
594
499
501
530
660
701
577
632
677
656
484
488
705
582
589
584
489
559
642
589
665
627
778
710
644
707
660
687
876
978
860
937
931
872
946
902
812
769
779
733
882
1001
1026
934
769
867
1056
1140
1138
1164
1089
1099
950
833
737
614
577
655
671
642
467
423
387
379
296
303
234
217
224
145
227
127
18
-27
40
167
133
111
24
-31
-124
-200
-79
-100
-110
-228
-248
-184
-335
-309
-282
-398
-472
-262
-613
-628
-308
-598
-583
-787
-825
-497
-654
-787
-713
-526
-463
-609
-509
-541
-587
-645
-418
-226
-523
-546
-359
-478
-498
-553
-473
-488
-453
-434
-488
-467
-419
-472
-395
-449
-469
-279
-286
-341
-285
-237
-381
-399
-353
-356
-362
-362
-424
-339
-252
-312
-303
-143
-105
-191
-40
202
349
116
197
286
378
426
423
293
415
461
316
382
313
474
404
358
532
418
424
425
326
461
343
437
507
499
413
384
174
-13
100
387
92
-57
310
362
452
126
303
440
698
424
71
427
601
274
-163
122
418
529
150
-38
4
-124
576
737
372
362
608
541
433
228
212
460
149
70
161
31
-334
-611
-623
-155
-654
-1264
-884
-419
-693
-1125
-1025
-743
-861
-929
-810
-830
-779
-549
-630
-702
-547
-424
-378
-288
-501
-672
-587
-416
-414
-350
-414
-511
-257
-549
-519
-400
-713
-466
-390
-161
-297
-665
-677
-522
-433
-531
-566
-802
-909
-793
-658
-869
-518
-333
-640
-769
-381
-293
-557
-237
-192
-159
-140
-167
-194
-265
-93
-9
-59
-98
130
119
33
11
48
52
140
194
350
361
496
549
635
763
895
857
1038
931
634
714
1173
1400
942
780
791
969
889
781
882
997
1017
967
1098
1126
1124
1214
1141
1241
1249
1187
1164
1255
1286
1164
1292
1344
1264
1338
1453
1377
1386
1467
1443
1471
1479
1597
1405
1286
1287
1226
1227
1117
1116
1090
965
1074
1015
801
747
765
728
770
576
472
401
426
525
804
709
567
509
305
311
75
69
-40
-66
6
-26
-123
-74
-111
-182
-188
-238
-133
-212
-281
-243
-288
-399
-553
-565
-499
-407
-425
-340
-325
-477
-515
-523
-533
-490
-523
-368
-347
-427
-297
-344
-322
-417
-298
-510
-599
-723
-459
-226
-613
-393
-703
-472
-383
-353
-336
-742
-534
-475
-506
-337
-259
-631
-537
-553
-536
-387
-481
-847
-546
-353
-528
-271
-304
-223
-234
-320
-135
-97
12
-124
-178
-33
182
184
266
320
184
328
377
476
517
414
371
355
463
391
272
352
417
234
148
349
513
454
340
171
397
504
385
296
139
353
270
265
405
345
471
548
478
491
503
429
661
712
776
810
807
863
802
789
844
594
674
642
397
337
305
679
523
395
502
189
-49
-123
-287
-241
-140
-239
-293
-485
-480
-755
-940
-740
-615
-970
-1461
-1194
-1000
-545
-336
-655
-724
-749
-1021
-1154
-889
-883
-783
-760
-792
-876
-955
-779
-632
-1142
-1128
-854
-1043
-1321
-1210
-1188
-1130
-860
-811
-885
-911
-872
-782
-639
-762
-714
-552
-578
-537
-543
-528
-371
-467
-525
-524
-552
-652
-410
-474
-728
-551
-553
-551
-502
-320
-284
-539
-419
-37
-130
-83
-429
-167
-97
-413
-192
15
70
302
162
-46
143
408
613
512
615
550
746
620
701
599
719
723
637
762
681
770
715
657
679
694
701
643
671
736
732
728
787
989
1157
1147
1217
1219
931
1139
1463
1625
1143
923
1178
1093
1062
997
1135
1162
1047
1162
1141
1252
1201
1189
1298
1217
1178
1144
1186
1177
1174
1215
1093
1095
1243
1178
1158
1035
885
835
807
818
721
685
613
552
627
496
510
525
411
239
175
194
210
83
232
221
71
94
28
-111
24
127
311
351
207
94
-32
54
-12
-191
-128
-185
-97
-167
-112
75
48
12
47
16
-75
73
-7
-113
49
-92
-182
-166
-323
-296
-160
-46
-193
-215
-243
-12
-149
-191
-221
-342
-278
-329
-272
-271
-105
-283
-316
-447
-286
-72
-331
-281
-418
-109
-147
-237
-255
129
11
-296
-117
-68
418
255
63
198
103
196
521
273
220
139
143
310
465
404
458
463
396
334
329
392
277
330
278
358
347
401
378
271
219
294
299
172
236
348
314
238
265
360
427
269
186
278
320
196
432
484
624
496
358
616
723
687
327
362
370
489
389
301
506
382
448
270
334
403
300
386
309
340
306
263
150
118
8
-55
-479
-406
-89
-135
-383
-675
-440
-317
-326
-203
-158
-442
-420
-502
-917
-762
-542
-484
-469
-1039
-1077
-1067
-965
-642
-628
-778
-400
-318
-784
-379
-287
-311
-249
-363
-492
-555
-703
-611
-533
-602
-729
-1293
-1083
-829
-1176
-772
-964
-1023
-1048
-846
-663
-880
-824
-1045
-745
-639
-400
-283
-313
-277
-212
168
-39
-94
-57
23
99
109
102
191
276
71
293
-5
332
255
25
133
277
193
-123
16
34
43
-53
-10
-173
-163
29
-204
-32
91
17
70
14
58
50
239
336
219
382
377
385
458
486
573
602
534
597
681
588
715
624
601
634
616
577
633
617
554
521
550
745
763
876
780
894
828
690
841
1065
1224
728
646
645
650
530
389
632
585
668
682
643
718
796
1016
963
918
847
818
942
818
888
783
812
962
751
741
699
713
642
708
631
570
569
444
426
445
345
234
140
294
147
194
157
-68
-28
-95
-122
-70
154
-13
-165
-179
-235
-150
43
14
-98
-106
25
14
-32
-71
-167
-31
41
44
-39
41
-115
-104
101
112
-54
-11
92
-125
-194
-35
-94
-100
-130
-90
-46
-150
-120
-229
-166
-120
-171
-165
-133
-134
-121
-113
-187
-31
-91
150
217
-117
-88
-150
-141
156
236
-277
-81
-111
-52
118
340
-27
-241
-118
25
29
34
128
13
-18
-62
178
-253
-89
-97
-9
-119
-173
46
23
119
34
-90
-54
38
-18
-28
105
155
194
246
181
158
193
246
190
241
178
111
62
15
61
-96
38
-5
-60
-177
-234
-17
111
12
-225
-82
-24
118
-70
-165
-183
-172
22
-61
-12
-21
-31
143
18
142
52
86
254
144
261
199
149
-5
-6
22
-217
-462
-312
-297
-576
-296
-219
-518
-341
-281
-529
-342
-435
-807
-734
-605
-1052
-1191
-862
-1006
-1522
-1164
-1163
-953
-1226
-1586
-1676
-1107
-693
-1076
-856
-639
-486
-859
-1008
-734
-431
-505
-603
-545
-678
-425
-748
