351
340
277
227
358
721
644
348
208
516
232
153
177
184
329
227
361
367
536
478
281
509
459
303
356
270
274
229
102
253
259
249
319
287
158
106
134
46
128
190
127
210
184
245
194
228
179
17
15
14
-46
-25
43
46
41
-14
74
-70
-187
-150
-124
27
-53
-40
-52
112
78
8
-73
-66
-62
-142
-37
-214
-35
-19
-45
-64
-41
-45
-56
8
29
11
-8
-22
-136
-99
46
69
-97
-88
-97
-175
-79
-228
-148
-114
-141
-20
-138
-3
-7
176
-119
115
146
-123
76
10
156
15
58
-109
-50
39
-49
-180
-139
-78
-47
25
-106
-60
-169
-135
-187
-308
-82
-134
-222
-141
59
20
-97
-99
-64
-146
-223
-75
-175
-151
-215
-230
-178
-29
-100
-114
-48
-70
-67
-21
-41
-163
-129
-157
-109
-179
-169
-199
-138
55
-96
-143
-139
-43
-32
-81
-186
-154
-154
-77
22
-154
-134
-113
-79
-16
-190
-44
-90
-16
-2
-70
68
-172
-98
-141
-144
-103
-183
-120
-240
-173
-535
-375
-503
-339
-355
-550
-122
-295
-435
-308
-86
-262
-516
-335
-173
-407
-744
-462
-275
-514
-980
-932
-614
-655
-389
-670
-952
-652
-601
-186
-83
-419
-289
-443
-705
-297
-349
-212
-147
-348
-508
-599
-581
-396
-508
-676
-436
-251
-396
-677
-626
-731
-701
-513
-379
-464
-461
-267
-120
-213
-98
-95
-18
68
-40
-170
-55
-4
-108
32
10
-49
45
317
58
11
12
44
233
134
191
139
-126
114
268
89
220
130
-35
136
95
169
390
137
79
-22
179
-31
132
342
311
326
328
200
345
350
226
372
364
506
205
367
430
221
344
362
372
288
277
343
405
315
432
470
548
539
537
544
404
336
591
761
601
294
371
399
395
353
363
380
473
471
315
530
532
532
556
419
450
413
291
328
307
300
364
231
192
276
331
239
236
224
180
227
127
196
74
17
54
29
91
125
38
98
50
119
80
-19
23
-16
25
50
-13
34
44
-89
58
250
63
14
27
-3
-9
7
34
-92
-150
-14
117
-49
32
158
89
182
-8
6
74
91
70
47
89
116
275
210
192
194
242
213
245
312
377
275
302
311
295
348
280
308
315
272
269
263
57
263
258
-128
208
223
6
391
199
34
71
16
-86
-193
40
-53
32
42
-164
-39
22
-19
-78
-257
60
-128
-126
-123
-158
-73
-124
-96
-156
-52
-166
-148
-133
-248
-162
-115
-234
-189
-255
-224
-193
-243
-224
-218
-247
-286
-367
-289
-245
-218
-266
-289
-339
-452
-412
-254
-166
-285
-372
-465
-245
-186
-251
-363
-439
-306
-302
-293
-459
-280
-286
-325
-189
-223
-134
-131
-174
-166
-186
-56
43
8
-101
-91
-300
-242
-254
-444
-156
-21
-126
-187
170
192
-107
88
286
131
-105
129
220
-182
-211
195
-164
-305
-327
91
70
-279
-101
228
435
250
503
512
344
363
723
558
532
680
834
435
431
556
408
227
-95
247
273
61
53
54
-145
-204
102
-8
-286
-196
-217
-180
-65
-217
-426
-319
-177
-166
-307
-399
-425
-468
-323
-420
-402
-591
-687
-740
-541
-667
-830
-730
-503
-615
-583
-506
-747
-588
-548
-776
-945
-903
-904
-857
-894
-582
-790
-884
-765
-717
-674
-685
-551
-514
-411
-540
-439
-357
-305
-345
-277
-180
-165
-21
-18
38
-25
-33
83
15
14
51
135
312
301
391
476
577
642
750
869
779
683
809
1127
1204
1084
829
941
1165
1068
1067
1367
1504
1373
1385
1554
1537
1534
1743
2013
1904
1941
1951
1967
2036
1799
1709
1859
1835
1855
1697
1722
1691
1499
1347
1341
1256
1028
890
874
890
633
535
365
357
215
4
1
-83
-141
-121
-161
-229
-293
-217
-226
-350
-367
-373
-425
-343
-343
-376
-429
-515
-461
-638
-666
-794
-695
-556
-679
-756
-623
-662
-718
-586
-656
-578
-667
-678
-818
-713
-759
-792
-731
-765
-703
-734
-764
-833
-740
-650
-676
-526
-530
-612
-635
-654
-572
-685
-725
-615
-602
-653
-817
-799
-836
-509
-596
-701
-550
-650
-612
-441
-131
-267
-482
-267
-73
58
-103
-126
-20
143
63
28
107
-21
285
212
289
441
372
341
535
603
579
606
593
787
827
819
1033
1096
1014
1072
993
1178
1205
1211
1238
1378
1446
1462
1429
1527
1624
1636
1467
1375
1379
1317
1380
1410
1347
1193
979
1053
1053
819
709
579
416
328
283
159
69
-76
-174
-94
-125
-267
-87
-297
-293
-284
-406
-399
-351
-362
-392
-629
-839
-774
-943
-693
-931
-951
-606
-825
-803
-649
-934
-717
-737
-1209
-988
-1124
-1355
-1066
-1186
-1698
-1337
-1369
-1411
-1049
-1351
-1578
-971
-758
-1139
-750
-712
-911
-926
-887
-953
-1196
-1027
-832
-898
-1267
-1125
-1179
-971
-1426
-1638
-1186
-963
-1064
-1428
-1229
-1314
-1028
-672
-770
-808
-655
-466
-348
-263
-234
-318
-217
-163
-19
72
239
223
122
390
394
475
562
764
516
640
697
628
926
1085
1140
783
1058
1193
1128
1236
1091
1213
1223
1099
1302
1423
1393
1664
1784
1688
1911
1784
1857
1913
1852
2056
1882
1799
1715
1743
1576
1513
1653
1505
1336
1039
854
810
712
587
565
540
283
254
399
464
355
209
305
423
398
404
323
125
328
361
243
8
49
58
20
-25
-169
54
-124
-135
-196
-12
-61
-63
47
-188
-107
-275
-271
-281
-265
-71
-182
-363
-372
-270
-321
-352
-370
-266
-379
-538
-377
-399
-467
-621
-599
-679
-761
-739
-752
-823
-833
-798
-850
-909
-903
-853
-888
-739
-718
-620
-693
-762
-603
-393
-271
-254
-299
-297
-234
-182
-229
-281
-163
-249
-131
24
-14
77
105
207
255
199
272
387
517
539
687
688
777
862
875
936
950
956
1000
1022
1091
1092
1171
1494
1567
1571
1676
1625
1692
2024
1910
1695
1517
1805
1892
1770
1633
1647
1687
1309
1228
1433
1108
763
813
739
759
505
343
294
114
160
115
-53
-138
-333
-295
-266
-464
-356
-331
-309
-298
-305
-570
-633
-649
-702
-654
-703
-516
-510
-599
-692
-776
-603
-746
-774
-762
-733
-769
-777
-674
-648
-684
-755
-654
-651
-641
-720
-625
-555
-605
-583
-619
-530
-556
-443
-769
-784
-859
-1000
-964
-976
-923
-1115
-945
-979
-890
-947
-1031
-1024
-1031
-1051
-968
-953
-837
-745
-703
-633
-813
-880
-710
-471
-766
-865
-689
-251
-184
-197
-192
-394
-167
81
28
-395
-19
136
148
-19
-488
-183
-12
72
476
565
445
836
678
507
859
1040
939
1017
1184
1105
1190
1296
1550
1612
1639
1625
1268
1299
1287
1013
1418
1850
1519
1260
1269
1139
1081
1007
1144
1147
1005
850
776
806
746
362
372
477
205
167
41
242
-2
-16
73
-129
-114
-58
-117
-150
-229
-501
-156
-122
-336
-433
-604
-514
-343
-418
-497
-489
-617
-744
-582
-629
-579
-570
-594
-850
-502
-596
-557
-497
-399
-304
-450
-387
-329
-316
-477
-427
-444
-371
-512
-609
-559
-502
-683
-838
-656
-709
-737
-816
-898
-744
-704
-484
-476
-455
-191
-146
-410
-303
42
232
-13
-121
-10
136
166
73
138
298
205
215
273
441
587
642
751
716
862
955
1042
1087
1039
1011
1082
1123
1148
1184
1273
1359
1399
1383
1230
1338
1367
1457
1492
1582
1651
1562
1790
1837
1814
1937
1968
1946
1970
2002
1934
2025
2306
2344
1994
1928
1946
1749
1562
1588
1614
1248
1072
938
1045
785
380
313
338
214
98
101
133
-10
-92
-147
-231
-241
-454
-455
-530
-317
-459
-502
-490
-591
-548
-637
-698
-674
-614
-717
-797
-637
-705
-877
-643
-513
-645
-733
-688
-594
-547
-684
-759
-888
-657
-503
-660
-654
-649
-884
-946
-708
-726
-687
-926
-994
-715
-667
-754
-933
-838
-801
-880
-974
-923
-902
-1063
-1079
-901
-1013
-885
-764
-871
-762
-825
-671
-605
-529
-431
-253
-112
-110
8
26
6
9
122
357
333
344
333
332
433
456
657
695
693
822
886
822
915
1075
1215
1199
1164
1241
1378
1333
1339
1502
1446
1474
1578
1611
1737
1730
1792
1892
1845
1918
1935
2022
1784
1677
2067
2113
1743
1707
1900
1487
965
1060
935
736
583
668
567
338
177
64
317
185
-136
-98
-381
-611
-500
-577
-513
-709
-984
-1116
-1264
-971
-655
-1064
-930
-719
-1203
-888
-733
-736
-746
-1179
-1029
-874
-846
-1068
-1093
-1029
-1027
-921
-1039
-1113
-1365
-1477
-1237
-905
-915
-1305
-1076
-726
-892
-1131
-1104
-1007
-926
-808
-969
-907
-871
-980
-900
-923
-1092
-1065
-914
-961
-746
-832
-779
-740
-979
-797
-764
-781
-827
-441
-467
-506
-349
-296
-142
-304
-88
-44
2
-154
-86
118
229
178
111
107
351
557
644
930
888
918
1073
1148
1133
1187
1290
1409
1363
1339
1376
1492
1387
1347
1556
1646
1768
1688
1744
1846
1814
1784
1955
2182
2299
2359
2262
2501
2560
2295
2158
2509
2574
2409
2378
2056
1918
1814
1833
1522
1382
1467
1326
1219
1024
927
854
611
580
602
593
484
273
312
109
87
50
-56
-34
178
-2
-50
-136
-260
-382
-606
-462
-484
-480
-310
-369
-497
-524
-637
-779
-643
-702
-856
-866
-852
-835
-850
-820
-857
-824
-914
-1079
-919
-635
-756
-844
-791
-966
-922
-1083
-1100
-1109
-1121
-1059
-1099
-1082
-1155
-1094
-1205
-1100
-1114
-1206
-1148
-1033
-1069
-990
-951
-873
-741
-841
-715
-583
-621
-608
-582
-470
-275
-183
-166
-70
76
188
100
316
309
417
381
281
451
731
488
560
776
921
689
823
853
846
1162
857
644
725
1146
987
1070
1350
1206
1392
1395
1253
1527
1444
1661
1783
1677
1715
1988
1917
1663
1852
2050
1800
1643
1876
1943
1482
1319
1487
1512
1118
1157
1079
895
784
490
525
429
198
-15
62
84
-76
-17
-169
-424
-534
-509
-462
-381
-203
-523
-513
-428
-433
-470
-635
-632
-499
-704
-787
-671
-814
-775
-892
-817
-777
-678
-803
-760
-711
-807
-768
-813
-829
-831
-821
-843
-995
-909
-747
-938
-1089
-1397
-1091
-1061
-927
-1234
-1345
-1035
-1196
-1459
-1379
-1474
-1959
-1429
-1682
-1905
-1488
-1856
-1961
-1456
-1384
-1911
-1431
-1155
-1371
-979
-835
-851
-960
-711
-666
-757
-472
-260
-425
-379
-133
-523
-301
-11
-321
-269
267
391
14
284
467
500
471
468
584
576
676
799
994
1079
1049
1049
1183
1068
1132
1234
1211
1377
1215
1580
1526
1501
1940
1824
1919
1875
1888
1830
1704
1950
2165
1770
1874
2032
1884
1187
1283
1196
1215
1142
988
1026
683
628
365
558
250
115
332
468
215
191
144
55
40
73
26
48
204
82
-93
-128
18
-282
-346
-432
-463
-395
-370
-412
-295
-303
-285
-300
-223
-180
-218
-329
-391
-252
-83
-183
-421
-535
-460
-426
-408
-341
-431
-372
-397
-429
-479
-518
-461
-514
-378
-514
-572
-519
-702
-616
-713
-685
-545
-541
-504
-576
-414
-416
-515
-370
-220
-212
-326
-227
-104
-52
-37
-28
54
153
26
82
226
276
208
289
347
453
531
602
808
669
760
815
956
929
954
1021
975
924
848
958
886
900
976
1145
1159
1320
1254
1129
1205
1317
1483
1560
1557
1639
1866
1723
1739
1949
1878
1796
1718
1972
2029
1736
1778
2028
1716
1286
1323
1233
1017
748
916
857
830
728
359
217
130
-139
-4
-44
-241
-117
-400
-506
-582
-461
-657
-481
-472
-464
-403
-518
-566
-545
-784
-693
-891
-857
-748
-971
-690
-789
-705
-778
-810
-859
-896
-1001
-943
-855
-966
-993
-1037
-1055
-1050
-948
-1089
-1059
-994
-1074
-1026
-1187
-1201
-1164
-1225
-1334
-1205
-1259
-1217
-1299
-1220
-1303
-1482
-1348
-1235
-1111
-1739
-2433
-1912
-1146
-1186
-1480
-1016
-703
-892
-624
-690
-488
-112
153
347
389
324
211
431
509
514
895
968
941
943
737
683
423
184
432
903
1251
826
660
769
868
1008
684
807
1031
1473
1385
1281
1109
1345
1846
1607
1787
2154
2707
3297
3321
2882
2377
1685
998
757
1747
2113
1308
931
1098
426
-900
-1208
-1079
-1258
-1453
-1118
-556
-1213
-1958
-2669
-2510
-2571
-2592
-1821
-1289
-905
-1095
-1193
-1470
-1572
-1451
-1190
-762
19
409
115
-76
-349
-597
-812
-682
-596
-298
-186
-415
-732
-927
-1121
-1518
-1779
-1374
-1143
-1158
-1434
-1751
-1873
-2080
-2251
-2026
-1847
-1839
-1613
-1422
-1481
-1616
-1719
-1880
-1524
-927
-802
-854
-452
-663
-913
-707
-836
-893
-845
-611
-481
-546
-723
-1001
-1206
-1059
-804
-807
-722
-511
-441
-327
-405
-405
-249
-106
238
557
930
1189
1431
1320
1310
1382
1597
1789
2253
2362
2239
2229
2190
2176
1983
2193
2181
2183
2096
2093
1955
1936
2026
1881
1917
2136
1969
2180
2467
2528
2654
2699
3247
3449
3405
4141
4637
4335
3678
2765
1514
232
667
1594
1197
306
439
305
-1052
-1899
-2038
-2297
-2407
-1407
-304
-608
-1117
-1316
-1812
-1946
-1290
-508
-353
-179
467
616
151
-403
-451
-610
-662
-92
459
396
-56
-429
-857
-1015
-1102
-1468
-1351
-859
-796
-889
-1206
-1393
-1948
-2082
-1620
-1475
-1316
-983
-901
-930
-1095
-1212
-1279
-1511
-1602
-1404
-792
-493
-830
-1273
-1377
-1343
-1475
-1753
-1350
-1257
-1299
-1022
-1237
-1367
-1620
-2409
-2213
-1828
-1479
-1420
-1569
-1449
-1186
-1181
-1496
-1133
-1034
-596
-236
118
420
206
277
23
138
527
883
1088
1490
1614
1561
1334
1179
1196
1309
1308
1485
1725
1946
1857
1429
1109
970
1136
1141
1253
1258
1442
1457
1392
1253
1083
1363
1938
2739
3069
3031
3362
4005
4236
4397
4385
3941
3032
1322
-6
30
441
-31
-804
-978
-865
-1767
-2806
-2932
-2907
-2843
-2156
-1202
-906
-939
-821
-1085
-1302
-932
-592
-350
-143
652
612
294
-201
-697
-497
-766
-754
-279
-186
-506
-576
-1087
-1704
-1883
-2268
-2404
-1700
-1466
-2219
-2185
-1784
-2566
-2654
-2258
-2376
-1482
-1513
-1318
-848
-1343
-1759
-1902
-1460
-1399
-1135
-973
-915
-1104
-1254
-1592
-2170
-2206
-2141
-1828
-1923
-1952
-1952
-2093
-2599
-2688
-2892
-2583
-2247
-2131
-1939
-1603
-1291
-1527
-1461
-1385
-1019
-738
-340
-102
270
253
281
356
194
212
710
1200
1129
1140
1443
1543
1209
1127
1141
1090
992
1419
1669
1661
1582
955
488
871
978
1075
1390
1474
1397
1411
1321
1061
1398
1781
2176
2865
3760
3985
3779
3627
3945
4614
4696
4522
3933
3263
1410
-977
-1290
-265
-237
-1454
-1871
-1343
-1741
-2535
-2658
-2548
-2549
-1908
-715
219
602
735
530
150
359
735
765
784
1183
1221
1003
590
464
-10
-667
-875
-406
4
-61
-379
-807
-964
-1220
-1702
-1912
-1653
-1518
-1460
-1312
-980
-1020
-1343
-1711
-1577
-1063
-840
-813
-513
-140
-466
-1081
-1039
-1001
-1184
-1543
-1411
-1226
-1357
-1567
-2076
-2170
-2262
-2399
-2456
-2427
-2235
-2197
-2299
-2116
-1905
-2020
-2204
-1929
-1527
-1399
-1102
-1241
-988
-817
-733
-590
-417
-138
17
155
270
485
529
532
447
611
765
1001
1105
1076
1200
1240
917
922
1083
1209
1333
1371
1479
1610
1717
1348
1281
1246
1390
1399
1467
1464
1423
1465
1821
2194
2710
3264
3332
3601
3876
4354
5007
4977
4341
3797
2997
1745
-545
-1686
-1150
-840
-1393
-1858
-1500
-2100
-2932
-3014
-2870
-2555
-1947
-1061
-335
590
989
701
158
103
175
41
311
743
889
666
459
18
-628
-1071
-1280
-1227
-962
-618
-507
-783
-1125
-1407
-1858
-2163
-1997
-1880
-1514
-1103
-742
-967
-1227
-1290
-1340
-1164
-1147
-775
-477
-154
-132
-442
-509
-793
-1003
-1460
-1907
-2300
-2391
-1980
-1813
-2093
-2398
-2700
-2898
-2718
-2640
-2474
-2498
-2164
-2074
-2028
-1773
-1583
-1905
-2112
-1668
-1343
-723
-563
-743
-823
-827
-335
-422
-739
-528
-36
-24
32
299
319
49
-287
-121
178
297
535
726
595
564
929
678
771
994
777
914
1254
1232
1019
942
887
796
529
636
874
1219
1525
1998
2330
2785
3061
3120
3125
3687
4232
4424
4566
4134
3105
1419
-1013
-2309
-1814
-1293
-1609
-2003
-1804
-1703
-2365
-2757
-2801
-2748
-1991
-1210
-376
957
1694
1444
584
32
443
221
-71
463
827
578
585
-70
-949
-1037
-1436
-1522
-1332
-872
-165
-411
-769
-714
-964
-1774
-1772
-1430
-1138
-913
-704
-379
-491
-564
-708
-987
-794
-416
-245
69
385
247
-462
-1232
-1646
-1502
-1369
-1207
-1009
-842
-869
-1282
-1862
-2024
-1866
-1883
-1972
-1650
-1046
-1066
-1382
-1463
-1422
-1315
-1424
-1262
-688
-295
154
154
221
-19
-305
-230
-127
399
708
760
818
926
858
811
693
675
844
1175
1450
1414
1406
1193
1227
1311
1335
1331
1376
1445
1500
1502
1328
1170
996
814
736
974
1288
1328
1395
1542
1863
2345
2831
3061
3186
3588
4129
4594
4743
4663
3997
3236
2409
722
-1613
-2621
-1923
-1364
-1848
-2038
-1743
-1885
-2588
-2731
-2410
-2280
-1526
-838
-13
1096
1709
1131
397
156
189
-34
-235
85
202
250
116
-259
-691
-1176
-1723
-1738
-1393
-734
-810
-910
-554
-680
-1007
-1455
-1303
-1539
-1560
-1222
-796
-451
-669
-883
-1010
-1092
-1086
-1359
-1226
-990
-880
-923
-1072
-1322
-1713
-1766
-2136
-2396
-2184
-2021
-1888
-1860
-1806
-1957
-2188
-2363
-2349
-2246
-1878
-1691
-1577
-1407
-1333
-1200
-1388
-1212
-1011
-897
-556
-401
-304
-146
-36
-107
-30
78
4
39
232
719
844
667
600
840
854
946
1073
851
883
960
954
1048
1045
1116
1116
1163
1154
1005
1181
1384
1418
1203
1325
1753
1779
1505
1679
1795
1969
2639
3114
3473
3729
3746
4047
4483
4746
4356
3148
2011
525
-1982
-3291
-2328
-1740
-2292
-2915
-2625
-2555
-3082
-2987
-2561
-2757
-2243
-751
127
621
1707
1439
374
120
-86
-309
-625
-179
-19
-264
-444
-865
-1591
-1766
-2087
-2441
-1861
-1528
-1235
-1441
-1203
-1035
-1644
-1978
-1975
-1747
-1891
-1728
-1162
-986
-990
-1070
-1205
-1226
-1480
-1557
-1523
-1524
-1799
-1794
-1333
-1106
-1296
-1270
-1451
-1810
-1906
-1806
-1680
-1546
-1372
-1809
-1694
-1778
-1827
-2231
-2207
-1586
-1594
-1563
-1174
-891
-1008
-742
-495
-613
-516
-238
26
335
490
642
683
626
922
834
677
728
1027
859
836
1365
1819
1557
1208
1447
1444
1147
1063
1521
1573
1513
1837
1964
1857
1864
1995
1701
1530
1875
2163
2528
2622
2492
2256
2729
3433
3811
3788
4225
4750
4897
5280
5633
5656
4970
4106
3310
1327
-898
-2019
-1623
-1102
-1581
-1668
-1249
-1277
-1665
-1673
-1722
-1750
-1140
-361
830
1646
2048
1928
1081
523
336
-67
-288
-115
98
271
134
0
-474
-962
-1336
-1628
-1391
-741
-342
-377
-374
-247
-539
-1158
-1197
-1080
-1338
-1289
-887
-575
-578
-777
-1015
-1237
-1321
-1514
-1621
-1633
-1591
-1252
-939
-844
-926
-1357
-1553
-1718
-1735
-1684
-1815
-1710
-1629
-1597
-1607
-1729
-1900
-2043
-1987
-1857
-1646
-1405
-1128
-887
-649
-516
-499
-415
-203
-172
-165
213
322
593
695
307
283
319
165
428
761
584
865
1085
1070
920
1253
1313
1296
1224
1249
1136
1169
1702
1318
1216
1255
1415
1419
1502
1561
1847
1928
1838
1909
1771
1917
2245
2578
2869
3414
3906
4171
4135
4154
4285
4580
4816
4060
2711
1123
-1036
-2435
-2305
-1657
-1921
-2294
-1631
-1006
-1222
-1504
-1667
-1935
-1583
-565
336
1158
1815
1755
1111
641
461
88
-426
-400
-284
69
226
206
-46
-657
-934
-1470
-1430
-817
-336
-291
-384
-452
-562
-796
-1298
-1481
-1600
-1881
-1443
-958
-740
-943
-1219
-1249
-1391
-1796
-1943
-1642
-1888
-2388
-1928
-1398
-1668
-2265
-2555
-2219
-2369
-1916
-1913
-2085
-1629
-1558
-1453
-1723
-1875
-1978
-1976
-1750
-1474
-1277
-1394
-1481
-1075
-718
-750
-1021
-804
-579
-579
-282
184
281
150
83
-121
-231
222
499
686
824
838
1201
1453
1261
1185
1064
1305
1445
1369
1478
1345
1580
1678
1813
1929
1679
1410
1434
1922
2210
2140
2122
1770
1995
2175
2596
2846
3307
3604
3911
4109
4317
4628
4917
4731
4272
3742
3221
2096
-402
-2134
-1799
-1092
-1384
-1543
-912
-752
-1202
-1237
-1219
-1223
-897
-219
459
1331
2360
2304
1212
654
610
361
144
368
634
829
742
524
212
-125
-585
-792
-324
188
220
159
527
258
-112
-507
-529
-473
-784
-643
-320
119
227
27
-230
-583
-541
-781
-1071
-1115
-960
-700
-520
-344
-405
-650
-952
-1023
-1033
-1110
-1099
-1116
-1001
-935
-1062
-1285
-1324
-1398
-1451
-1365
-1385
-1136
-950
-731
-673
-513
-367
-312
-258
9
-7
171
494
530
601
667
697
479
410
627
988
954
849
1062
1227
1404
1286
1149
1253
1298
1449
1575
1679
1691
1532
1468
1710
1896
1787
1530
1818
2186
2093
1901
1786
2002
2412
2451
2543
3139
3603
4105
4392
4588
4506
4490
4634
4399
3590
3183
2288
23
-1928
-1851
-1134
-1390
-1789
-1592
-1116
-1524
-1563
-1334
-1353
-1148
-548
-73
798
1488
1782
917
179
374
346
143
-3
181
487
335
-4
-118
-508
-849
-1028
-1113
-799
-361
-239
-333
-491
-683
-850
-1129
-1243
-1294
-1325
-1146
-762
-586
-847
-1182
-1136
-1132
-1333
-1211
-1172
-1329
-1183
-900
-758
-1071
-1252
-1507
-1650
-1449
-1250
-1339
-1476
-1248
-1303
-1483
-1467
-1513
-1591
-1603
-1306
-1203
-1312
-1023
-991
-948
-792
-635
-425
-251
-9
69
23
-146
49
-164
13
179
-4
152
407
726
525
739
867
846
957
982
693
429
671
807
852
791
993
1070
1082
1011
1148
1371
1163
950
1185
1485
1416
1359
1355
1646
1859
2189
2649
3087
3298
3109
3004
3552
4083
3932
3665
3289
2720
1663
-470
-2825
-2847
-1524
-1579
-2168
-1745
-1400
-1866
-2225
-1967
-1800
-1406
-631
-43
650
1509
1873
818
59
95
212
86
-92
252
380
95
-324
-492
-928
-1225
-1137
-1339
-510
204
75
-114
-499
-712
-897
-1402
-1339
-967
-852
-931
-634
-220
-564
-866
-1090
-1124
-1017
-1013
-1048
-1237
-1272
-1024
-877
-1028
-1083
-1037
-912
-1022
-1014
-1136
-1216
-1282
-1167
-1194
-1228
-1010
-1162
-1196
-1038
-940
-816
-702
-357
-358
-349
15
543
733
387
390
606
832
750
746
898
1063
944
614
930
1325
1332
1514
1399
1643
1631
1522
1495
1440
1744
1756
1649
1690
1979
1982
1801
1876
1998
1777
1673
1748
1734
2011
1818
1619
1787
2361
2609
2672
2975
3378
3481
3458
3763
3935
4042
4150
4043
3371
3058
2655
900
-1330
-1967
-1152
-893
-1418
-1180
-920
-1264
-1722
-1772
-1707
-1441
-732
-363
378
1191
1706
1177
264
53
-18
13
88
403
415
379
-29
-355
-565
-945
-1277
-1435
-871
-118
71
-68
-392
-666
-913
-1110
-1037
-750
-746
-800
-498
-430
-483
-997
-1446
-1359
-1250
-1639
-1822
-1671
-1322
-1034
-1088
-1334
-1387
-1250
-1476
-1370
-1125
-1155
-990
-1140
-1311
-1171
-1407
-1797
-1906
-1616
-1541
-1444
-1295
-1134
-1026
-1020
-929
-717
-425
-245
-106
97
236
322
392
234
320
445
446
346
523
935
982
899
844
926
1040
1169
1073
918
1000
1036
895
1341
1706
1268
1096
1382
1534
1567
1306
1324
1415
1547
1828
1856
1938
1709
1788
2326
2682
3033
3074
3188
3487
3794
3978
4029
4095
3705
3010
2603
1718
-371
-1933
-2020
-994
-1113
-1862
-1385
-1452
-2045
-2448
-2054
-1817
-1409
-1257
-738
145
850
539
-873
-1047
-914
-371
-233
-382
-442
-400
-87
-682
-1188
-1188
-1121
-1181
-1028
-478
-95
-489
-749
-931
-1325
-1813
-1593
-1241
-1405
-1454
-1409
-1094
-1558
-1841
-1757
-1988
-1868
-1765
-1908
-2400
-2098
-1813
-1662
-1448
-1445
-1163
-1152
-1095
-991
-1077
-1059
-1274
-1288
-1064
-1071
-1268
-1491
-1407
-1586
-1649
-1375
-1325
-1384
-1047
-664
-487
-503
-405
155
72
48
204
19
352
327
424
493
298
171
511
698
820
1001
982
1150
1298
1303
1187
1323
1644
1551
1371
1446
1549
1835
1705
1745
1738
1706
1827
1905
1956
1921
1900
1745
1976
2434
3035
3060
3117
3512
3636
3814
3830
4125
4611
5106
4585
3655
3183
2494
420
-1647
-1351
-256
-227
-890
-612
-761
-1698
-2078
-1656
-1437
-930
-265
326
877
1256
1308
466
-120
-10
503
788
916
1114
907
294
-241
-405
-590
-767
-555
-311
216
311
-39
-525
-1054
-1271
-1372
-1311
-1137
-966
-851
-957
-1274
-1692
-2023
-2349
-2555
-2319
-1779
-1394
-1051
-1013
-1197
-1371
-1464
-1473
-1348
-935
-697
-504
-645
-780
-1201
-1418
-1632
-1664
-1463
-1398
-1198
-1192
-1276
-1360
-1571
-1526
-1362
-1053
-505
-304
-167
167
208
114
-86
146
138
294
524
633
731
598
765
810
669
757
888
1041
1250
1158
1049
1012
1108
977
1200
1451
1385
1098
1389
1555
1535
1471
1276
1116
1463
1799
1605
1808
1761
1912
2074
2349
2418
2631
3029
3331
3293
3476
3952
4168
3868
2994
2880
2805
1417
-782
-1576
-648
-160
-603
-898
-1199
-1782
-2238
-2150
-1956
-1684
-1028
-596
-302
-68
269
-231
-904
-556
197
698
629
686
640
138
-380
-553
-536
-422
-231
-41
165
170
-101
-665
-1077
-1161
-1242
-1196
-956
-908
-1059
-1364
-1754
-2092
-2545
-2954
-2792
-2307
-1737
-1779
-1592
-2030
-1991
-1925
-1850
-1338
-1065
-810
-424
-864
-1098
-1312
-2228
-1854
-2234
-2086
-1467
-1755
-2102
-1894
-2284
-2782
-2473
-1745
-1746
-1221
-501
-433
-510
-677
-821
-743
-277
119
234
544
313
-88
158
118
-109
183
786
748
1034
872
211
472
853
646
803
1115
1029
1096
1107
968
873
820
883
1305
1705
1789
1840
1648
1418
1353
1699
1805
2056
2585
2946
3046
2751
3021
3423
3647
3681
3335
2703
2972
3425
1778
-483
-1315
-517
-222
-372
-756
-1007
-1791
-2471
-2233
-2120
-1531
-1245
-818
-767
-239
320
-113
-870
-794
6
481
581
694
752
243
-254
-373
-179
109
128
112
217
303
378
4
-372
-567
-637
-529
-395
-214
-816
-1297
-1450
-1354
-1757
-1936
-1523
-1348
-1374
-1462
-1238
-1198
-1157
-1148
-855
-399
-236
23
-48
-157
-243
-491
-594
-490
-572
-486
-593
-732
-686
-990
-997
-816
-807
-818
-718
-449
-262
-244
-308
-194
-118
125
313
420
561
392
447
662
645
728
825
1034
1152
1094
1208
1084
1172
1216
1444
1433
1528
1537
1338
1408
1436
1577
1561
1438
1454
1652
1538
1499
1578
1869
2094
2077
2148
1958
1982
2317
2543
2773
3001
3165
3510
3816
3911
3512
2767
2880
3202
1951
-257
-574
728
1024
-100
-763
-942
-1446
-2115
-2195
-1820
-1452
-988
-901
-1017
-935
-482
-697
-1328
-872
-59
291
-134
59
100
-64
-355
-198
-27
9
420
196
171
19
-203
-307
-462
-403
-451
-459
-520
-911
-1308
-1584
-1617
-1862
-2121
-2139
-1952
-1882
-1608
-1625
-1571
-1506
-1420
-1265
-1058
-758
-620
-589
-659
-606
-650
-602
-663
-699
-703
-562
-561
-956
-869
-739
-752
-889
-1145
-826
-781
-795
-769
-648
-498
-456
-261
-195
-84
219
372
367
205
565
852
929
1222
1152
1253
1227
1210
1359
1498
1545
1202
1361
1630
1376
1169
1492
1452
1280
1473
1231
1079
1517
1547
1197
1434
1368
1156
1664
1728
1338
1402
1823
2151
2128
2425
2718
2819
2836
3023
2771
2997
3001
1235
-540
-76
722
641
-44
-818
-1322
-1858
-2427
-2312
-1594
-1929
-1776
-1265
-1588
-1776
-1471
-1465
-1805
-873
-191
-358
-402
-400
-321
-274
-313
-246
-39
202
378
122
-78
-41
-302
-414
-328
-41
-272
-649
-610
-989
-1206
-1417
-1307
-1544
-1866
-1627
-1935
-2197
-1774
-1430
-1408
-1879
-1677
-1224
-1659
-1599
-1382
-1095
-789
-752
-866
-716
-773
-479
-609
-633
-349
-452
-524
-609
-476
-506
-638
-680
-511
-635
-446
-322
-156
-179
-253
-93
79
299
346
474
771
1187
1250
1331
1528
1957
2014
1651
1737
2125
2490
2156
1934
2212
2322
2163
2065
2235
2150
2261
2230
2120
2329
2249
2154
2268
2368
2417
2219
2337
2556
2415
2319
2567
2981
3100
3324
3516
3727
3760
3482
3237
3553
3805
2725
751
343
1561
1724
796
155
-197
-935
-1436
-1166
-1054
-1152
-1005
-835
-1288
-1299
-837
-1034
-1245
-697
137
212
-270
-183
-1
35
-60
-75
298
328
101
122
125
-41
30
149
159
210
79
-310
-402
-504
-743
-744
-794
-979
-1257
-1498
-1925
-2120
-1814
-1545
-1308
-1353
-1612
-1728
-1678
-1649
-1478
-1296
-1126
-803
-676
-715
-848
-635
-665
-455
-502
-473
-596
-700
-612
-666
-592
-454
-426
-553
-577
-723
-443
-213
-238
-259
-12
41
62
-199
-121
484
749
694
1041
1195
1165
1239
1193
1349
1363
1516
1602
1630
1622
1619
1803
1899
2040
1933
1813
1833
1835
1913
1966
1913
1890
2025
1817
1622
1932
2054
2141
2148
2388
2726
3245
3519
3504
3325
2874
3086
3684
3225
1557
538
1372
1986
1190
425
33
-514
-1173
-1100
-944
-794
-982
-962
-1322
-1686
-1412
-1370
-1438
-1174
-441
-299
-1007
-1080
-1047
-787
-232
-383
-419
-100
-35
-315
-464
-322
-238
-708
-625
-379
-839
-1044
-1232
-1342
-1804
-1624
-1279
-1146
-2009
-2470
-2102
-2010
-2197
-2153
-1748
-1508
-1484
-2037
-1996
-1893
-1801
-1392
-1350
-1393
-1553
-1981
-1890
-1896
-1608
-1363
-1444
-1340
-1458
-1532
-1141
-971
-800
-890
-974
-859
-851
-696
-664
-708
-615
-438
-470
-104
-125
68
123
-71
-12
392
550
621
1037
1043
939
1158
1059
1316
1407
1381
1621
1321
1622
1719
1655
1897
1853
1690
1643
1714
1672
1942
2059
1613
1599
1982
2153
2011
2320
2513
2672
3006
3197
3382
3509
3494
3320
3215
3440
3559
2495
1061
1269
2471
2225
1095
363
-21
-623
-929
-280
-3
-399
-586
-592
-807
-758
-828
-987
-798
-21
570
-152
-644
-354
152
262
308
443
539
416
269
337
427
497
564
593
331
193
75
52
-1
-163
-296
-321
-192
-469
-763
-721
-736
-939
-1506
-1499
-1129
-1026
-1201
-1455
-1500
-1444
-1044
-985
-1085
-1204
-1220
-1272
-1355
-1365
-1148
-962
-969
-1005
-987
-991
-1048
-980
-589
-362
-257
-356
-430
-428
-398
-369
-362
-343
-512
-291
-259
-60
71
125
142
218
444
518
779
884
871
1077
1319
1283
1304
1348
1541
1547
1553
1685
1779
1973
1830
1721
1799
1780
1808
1899
2022
1880
1928
1814
1743
1737
1937
2187
2226
2295
2738
2839
2778
2477
2356
3109
3079
2201
644
635
1807
1886
910
130
161
-535
-987
-575
-598
-1145
-1188
-1133
-1527
-1577
-1316
-1325
-1371
-1160
-840
-1001
-1453
-1429
-871
-610
-593
-577
-396
-504
-682
-306
-267
-333
-211
-254
-509
-545
-465
-564
-540
-609
-667
-826
-900
-1058
-1226
-1048
-1068
-1139
-1628
-1673
-1538
-1311
-1356
-1554
-1726
-1955
-1780
-1695
-1618
-1576
-1499
-1423
-1596
-1547
-1475
-1429
-1117
-1180
-1110
-987
-1081
-1012
-972
-888
-891
-786
-637
-888
-1115
-840
-725
-623
-512
-501
-489
-390
-319
-687
-500
-303
-203
201
37
13
108
217
-224
68
355
141
231
802
1197
1289
1487
1387
1467
1412
1198
1140
1523
1671
1546
1466
1232
925
1045
1432
1338
1341
1773
2115
2444
2481
2065
1732
2164
2276
1115
91
778
2020
1595
274
-220
-296
-822
-978
-635
-487
-1236
-1390
-1380
-1819
-1729
-1521
-1413
-1537
-1117
-1303
-1742
-2024
-1701
-641
-582
-651
-613
-923
-870
-623
-371
-190
-249
-572
-627
-714
-729
-1010
-716
-478
-716
-806
-1066
-882
-865
-944
-836
-961
-1044
-1342
-1344
-1226
-1153
-1154
-1294
-1475
-1469
-1154
-1312
-1588
-1567
-1475
-1401
-1321
-1252
-1283
-1145
-1101
-1086
-1090
-913
-832
-981
-1027
-752
-318
-527
-614
-467
-247
-255
-357
-261
-61
78
135
32
292
363
439
505
562
816
784
1021
881
959
1268
1158
1281
1379
1438
1687
1651
1576
1585
1792
1803
1829
1749
1661
1793
2006
2410
2200
1955
1904
1942
2055
2229
2486
2456
2677
2794
2617
2149
2431
2882
2095
884
1212
2510
2145
791
197
299
-110
-561
-353
-422
-1070
-1244
-824
-1321
-1680
-1414
-1438
-1611
-1394
-1037
-1402
-1727
-1629
-1045
-864
-1078
-1119
-986
-936
-830
-389
-377
-377
-344
-417
-368
-311
-336
-305
-154
-284
-554
-588
-661
-941
-1127
-833
-924
-1366
-1226
-1348
-1180
-1279
-1596
-1467
-1287
-1360
-1327
-1281
-1552
-1477
-1436
-1260
-1290
-1289
-1498
-1402
-1512
-1621
-1460
-1535
-1486
-1407
-1241
-1345
-1335
-1280
-1206
-1162
-1007
-873
-786
-691
-641
-570
-253
-98
-231
-347
-214
-43
-34
46
148
271
140
110
456
575
671
835
897
962
876
929
1335
1528
1478
1508
1641
1662
1750
1669
1684
1731
1867
2000
1840
1688
1665
1961
2178
2177
2336
2651
2624
2671
2481
2635
2517
1503
711
1774
2564
1189
33
40
-211
-697
-363
-260
-762
-1487
-1570
-1420
-1735
-1570
-1909
-2193
-2030
-1808
-1579
-2253
-2580
-2112
-1820
-1648
-1624
-1939
-1740
-1808
-1205
-759
-838
-962
-797
-625
-779
-869
-1163
-738
-619
-818
-1333
-1462
-1299
-1320
-1564
-1751
-1744
-1633
-1869
-1916
-1515
-1629
-2083
-1955
-1643
-1611
-1875
-1760
-1537
-1536
-1559
-1601
-1515
-1526
-1469
-1408
-1256
-1374
-1603
-1762
-1511
-1324
-1322
-1421
-1343
-1384
-1136
-1284
-1060
-732
-824
-716
-887
-713
-493
-529
-405
-426
-650
-338
175
228
146
541
652
370
500
553
867
1362
1409
1413
1337
1357
1475
1582
1777
1900
1924
1904
2013
1657
1787
1861
1911
2118
2011
2114
2151
2175
2336
2661
2887
3155
3472
3390
3129
3357
3456
2597
1764
2849
3644
2449
921
1037
1265
652
297
704
504
-481
-644
-553
-760
-779
-541
-646
-880
-949
-828
-1108
-1058
-730
-347
-329
-751
-682
-486
-454
-304
-15
21
-252
-409
-146
-174
-258
-126
-44
12
-314
-369
-407
-487
-658
-737
-608
-870
-1090
-1233
-1213
-1136
-1189
-1307
-1441
-1385
-1254
-1202
-1056
-1299
-1536
-1550
-1457
-1542
-1569
-1633
-1587
-1376
-1459
-1437
-1406
-1469
-1477
-1272
-1367
-1413
-1339
-1341
-1307
-1155
-1076
-990
-978
-1040
-879
-658
-639
-515
-443
-483
-329
-13
-100
37
211
304
465
556
660
681
1014
980
953
1120
1341
1311
1439
1833
1645
1362
1592
1427
1720
1716
1575
1650
1405
1715
1818
1881
1767
1883
2097
2295
2668
2949
2288
1996
2481
2832
2225
1178
1683
2469
2303
1070
706
950
545
313
580
353
-344
-706
-689
-934
-1143
-864
-1072
-1228
-1189
-1288
-1493
-1543
-1362
-982
-790
-1026
-1128
-1202
-881
-635
-403
-374
-657
-459
-391
-211
-324
-534
-626
-377
-415
-772
-588
-583
-636
-708
-730
-809
-1081
-1025
-1011
-986
-1124
-1373
-1661
-1585
-1293
-1304
-1741
-1933
-1913
-2149
-1708
-1881
-1972
-1695
-1684
-1733
-2175
-1988
-1804
-1776
-2168
-2044
-1732
-2036
-2289
-1736
-1732
-1924
-2093
-2124
-1733
-1670
-1231
-1349
-1261
-934
-736
-553
-654
-738
-667
-382
-169
-138
-98
5
458
132
-53
127
278
583
720
653
605
1184
1242
1135
1005
1041
1397
1406
1394
1477
1698
1619
1587
1757
1941
2319
2373
2327
2586
2442
2222
2270
3068
2709
1700
1224
2060
2750
1633
1026
1091
1132
613
457
646
217
-292
-507
-512
-1043
-1038
-1028
-1303
-1191
-1281
-1379
-1653
-1189
-833
-801
-422
-720
-730
-759
-444
-125
-164
-319
-381
-317
-216
-208
-367
-470
-406
-325
-556
-693
-473
-464
-630
-529
-566
-473
-603
-461
-234
-231
-257
-596
-679
-674
-531
-363
-685
-827
-739
-746
-1099
-1149
-936
-803
-931
-925
-1043
-1113
-870
-765
-569
-825
-863
-836
-776
-598
-754
-693
-565
-353
-282
-341
-334
-93
-42
-65
163
197
154
348
408
320
460
614
653
812
1058
1012
838
852
1129
1127
1041
1293
1263
1251
1385
1538
1492
1428
1499
1762
1846
1780
1743
1782
1899
1848
1937
2241
2241
2481
2850
2700
2331
2453
2748
1914
1303
2314
2943
1693
471
888
1160
616
385
778
231
-625
-485
-362
-797
-1083
-811
-770
-1204
-1298
-1445
-1486
-1228
-1021
-923
-1109
-1387
-1077
-853
-1117
-810
-541
-759
-915
-717
-567
-913
-649
-458
-753
-809
-761
-654
-434
-466
-626
-568
-739
-954
-1115
-1148
-1026
-980
-1227
-1250
-942
-998
-1039
-1069
-1210
-1350
-1287
-1452
-1582
-1516
-1447
-1499
-1471
-1503
-1717
-1688
-1455
-1264
-1438
-1413
-1463
-1464
-1392
-1268
-1312
-1300
-1239
-1286
-1260
-1340
-1066
-848
-634
-559
-725
-771
-547
-184
-205
-268
-225
-84
60
165
373
442
465
591
709
799
921
993
1085
1199
1361
1321
1169
1319
1321
1410
1096
1092
1088
963
972
990
1513
1126
1442
1845
1689
1689
1343
1667
1787
1617
837
10
1364
1612
669
-313
-499
272
-312
-610
53
-510
-1002
-841
-798
-837
-1286
-1150
-1313
-1207
-1233
-1622
-1487
-1527
-1205
-1300
-1623
-1590
-2001
-1815
-1161
-1338
-1042
-1465
-1714
-1353
-1358
-998
-1214
-1242
-1075
-1069
-1107
-1156
-1000
-988
-1043
-698
-883
-1236
-1086
-968
-675
-866
-1033
-959
-771
-1026
-886
-822
-1328
-1122
-1005
-1110
-1762
-1341
-1314
-1379
-1233
-1787
-1664
-2034
-1724
-1605
-1801
-1675
-1953
-1549
-1569
-1080
-1243
-1523
-1150
-833
-832
-823
-731
-630
-477
-425
-261
-304
-303
-164
213
76
45
221
461
497
504
640
658
843
1001
1140
1108
1416
1543
1602
1739
1861
1650
1635
1919
2281
2269
1748
1898
1925
2196
2116
1996
2271
2405
2612
2580
2484
2530
2506
2928
2790
1941
1457
2236
2857
1790
963
1327
1431
708
747
876
423
-144
-161
-160
-549
-688
-851
-889
-807
-1049
-1210
-1394
-1234
-1165
-1160
-1142
-1361
-1340
-1214
-1069
-887
-1008
-1197
-1041
-1052
-1154
-1199
-1109
-1044
-850
-724
-1078
-1146
-897
-885
-1125
-1104
-1205
-1136
-1080
-1086
-914
-931
-919
-1083
-1064
-1096
-1110
-1138
-1185
-1189
-1221
-1281
-1421
-1339
-1479
-1377
-1570
-1769
-1877
-1820
-1667
-1737
-1817
-1769
-1578
-1492
-1353
-1255
-1348
-1415
-1189
-899
-1050
-870
-710
-915
-662
-557
-671
-681
-551
-194
-92
-183
-54
45
231
129
425
478
564
645
530
753
721
1006
1023
1231
1158
1201
1388
1323
1614
1490
1348
1366
1598
1453
1437
1602
1661
1899
1830
1908
1971
1857
1915
1973
2032
1827
1097
1105
1976
2001
1021
546
983
957
271
360
589
111
-214
-259
-268
-516
-644
-566
-724
-804
-1017
-1297
-1162
-999
-934
-1043
-1210
-1184
-1185
-1184
-1103
-760
-926
-1104
-1038
-893
-966
-1127
-1169
-1014
-1351
-1326
-1392
-1619
-1042
-1486
-1146
-1047
-1302
-1270
-1264
-1123
-1149
-1041
-1476
-2010
-1726
-1522
-1503
-1788
-2200
-2176
-2335
-2486
-2138
-2143
-2155
-1705
-1628
-1945
-1881
-1891
-1861
-2005
-1955
-2010
-1840
-1625
-1527
-1359
-1520
-1614
-1442
-1275
-1468
-1404
-1363
-1346
-898
-1035
-1109
-706
-339
-448
-404
-417
-297
-7
118
247
240
395
654
752
861
807
818
1051
973
1047
1300
1158
1264
1419
1536
1609
1330
1635
1466
1607
1752
1484
1708
1818
1934
1889
1670
1653
1586
1874
1972
1391
1042
1471
1707
1519
1161
955
1216
1045
998
1073
741
421
118
192
74
-136
-230
-482
-346
-405
-623
-768
-693
-595
-478
-581
-844
-897
-635
-502
-451
-361
-348
-352
-347
-381
-605
-577
-231
37
-322
-524
-613
-336
-350
-423
-317
-393
-279
-573
-536
-226
-238
-193
-457
-508
-252
-399
-482
-703
-719
-543
-762
-760
-779
-802
-793
-800
-738
-949
-926
-979
-1066
-1073
-1158
-1215
-1137
-1166
-961
-863
-1010
-882
-804
-834
-844
-720
-733
-563
-423
-279
-282
-340
-169
-35
132
200
191
258
458
558
632
581
533
639
865
1055
999
1156
1359
1408
1327
1393
1432
1555
1464
1522
1485
1513
1489
1475
1558
1753
1909
1667
1727
1906
1943
1657
1862
2003
1544
1099
1354
1929
1684
867
771
1277
774
505
555
457
25
-303
18
53
-347
-636
-755
-718
-664
-1240
-1339
-996
-724
-798
-1047
-909
-1030
-1086
-1316
-1104
-916
-1101
-1212
-1305
-1055
-1174
-1143
-1116
-972
-1058
-1206
-1234
-1134
-1038
-1194
-1222
-1136
-1228
-1503
-1145
-1002
-981
-1167
-1249
-1197
-1116
-1131
-1268
-1208
-1258
-1293
-1376
-1159
-1165
-1271
-1387
-1271
-1147
-1226
-1306
-1428
-1041
-1029
-1133
-1250
-1242
-1105
-1024
-856
-932
-864
-761
-870
-690
-490
-507
-324
-404
-240
-228
-202
-113
-98
-15
19
-27
-352
-287
11
147
-3
14
189
-17
199
491
413
478
829
644
522
645
333
128
280
138
13
119
195
497
623
723
852
976
786
893
1004
919
1251
1010
416
38
786
1499
1115
382
15
154
21
-252
-546
-423
-400
-699
-583
-377
-677
-1242
-1189
-1041
-1194
-1290
-1412
-1177
-1026
-1023
-1154
-1137
-1185
-1136
-1113
-977
-726
-922
-1204
-1177
-962
-1128
-1197
-781
-793
-1127
-1150
-1150
-1133
-1065
-1106
-1041
-960
-1108
-1123
-1222
-846
-1145
-1287
-970
-1157
-1017
-875
-798
-925
-831
-830
-545
-463
-554
-397
-630
-676
-512
-515
-681
-663
-697
-618
-524
-521
-507
-590
-437
-596
-569
-401
-383
-399
-431
-278
-174
-90
67
143
18
183
373
321
501
620
1001
744
652
861
975
964
786
1064
1269
1319
1186
1232
1416
1484
1500
1488
1441
1353
1150
1236
1276
1316
1345
1279
1242
1349
1415
1420
1447
1342
1389
1292
1530
1636
1231
851
853
1452
1565
1103
682
651
642
339
475
529
271
-29
-90
90
84
-86
-343
-283
-241
-364
-484
-552
-537
-487
-524
-658
-760
-794
-847
-889
-834
-803
-775
-841
-766
-798
-979
-1009
-960
-890
-963
-972
-975
-1012
-1053
-1255
-1172
-1165
-1205
-1160
-1167
-1183
-1112
-1093
-1129
-1060
-1059
-1196
-1021
-917
-893
-877
-836
-763
-869
-726
-927
-980
-816
-718
-681
-1082
-1110
-1230
-1086
-1031
-925
-1069
-1154
-1106
-1018
-856
-1091
-966
-914
-786
-903
-667
-743
-785
-640
-682
-369
-370
-274
-89
-22
-58
-41
124
273
253
301
485
650
615
660
660
749
775
701
801
868
857
954
808
783
923
881
1006
872
788
730
1003
1058
1023
1061
901
1134
1289
1266
1019
884
982
1007
976
791
759
806
699
782
695
689
524
293
449
250
184
189
-21
-76
-32
-128
-517
-536
-809
-684
-546
-809
-762
-590
-929
-1100
-818
-852
-1139
-1180
-979
-1550
-1607
-1270
-1706
-1914
-1992
-1473
-1583
-1899
-2112
-1892
-1417
-1641
-1788
-1364
-1438
-1618
-1392
-1327
-1497
-1593
-1516
-1472
-1620
-1649
-1730
-1626
-1408
-1683
-1977
-1879
-1421
-1179
-1285
-1028
-1428
-1506
-1164
-1238
-1063
-1166
-999
-1101
-1108
-982
-875
-782
-851
-718
-701
-477
-601
-544
-447
-340
-498
-312
-351
-150
18
-2
-64
115
387
115
471
343
357
382
551
535
457
596
650
833
915
669
1013
908
959
1043
852
1063
1106
1146
1196
1322
1518
1558
1442
1545
1590
1585
1453
1389
1475
1518
1547
1335
1186
1127
1108
908
856
1035
877
773
919
888
752
648
720
483
360
400
578
652
259
59
90
191
89
-24
-85
-35
-237
-340
-260
-309
-88
-113
-356
-441
-435
-655
-597
-764
-758
-800
-967
-815
-893
-914
-996
-996
-892
-951
-983
-1122
-1121
-857
-888
-972
-947
-919
-1011
-1010
-1076
-885
-935
-996
-1014
-955
-972
-831
-1015
-1076
-1012
-1052
-1007
-973
-755
-694
-656
-648
-616
-506
-628
-805
-752
-658
-421
-531
-346
-283
-137
-190
-293
-175
-261
-126
5
209
218
218
133
282
446
534
684
631
714
844
930
883
809
955
897
913
979
927
1264
1176
974
1188
1198
1339
1262
1169
1373
1408
1205
1314
1540
1279
1153
1108
1107
1077
798
993
1177
1194
954
766
923
774
444
378
448
211
283
172
190
168
43
-90
-40
-163
-181
-165
-209
-301
-384
-254
-281
-395
-406
-355
-433
-405
-583
-576
-749
-793
-887
-917
-892
-940
-1013
-1168
-1076
-1144
-1197
-1265
-1076
-954
-906
-1131
-1278
-955
-981
-1023
-1102
-949
-822
-851
-722
-913
-923
-810
-772
-730
-812
-699
-686
-581
-533
-834
-552
-625
-734
-581
-558
-769
-871
-814
-896
-619
-398
-455
-524
-522
-620
-529
-591
-549
-482
-749
-849
-577
-323
-615
-839
-607
-310
-327
-146
20
-126
-165
66
244
215
450
716
659
622
537
580
729
832
900
898
703
595
629
749
358
182
681
832
981
910
981
789
795
893
858
875
744
622
793
756
692
601
537
604
418
581
360
240
150
55
-132
105
-122
-122
91
-112
-124
-112
-100
59
-48
-259
-204
-358
-44
-332
-116
-341
-698
-599
-704
-696
-689
-667
-629
-691
-806
-801
-736
-703
-791
-794
-782
-813
-906
-731
-712
-765
-638
-671
-731
-666
-521
-663
-550
-527
-489
-409
-413
-457
-334
-211
-33
-79
-10
45
15
37
-182
-175
8
312
277
-129
-89
181
255
72
129
275
188
385
253
398
546
588
669
460
568
512
426
582
471
576
549
638
763
779
743
812
901
925
1008
985
1089
1222
1178
1173
1146
980
1060
1091
1104
1016
979
974
1088
1044
968
1080
1246
1351
1296
1158
940
1016
1044
1146
1030
901
948
836
669
732
610
621
408
324
485
437
344
168
133
175
76
-78
-106
-150
-322
-291
-223
-212
-241
-270
-326
-364
-462
-587
-481
-517
-570
-508
-560
-673
-651
-582
-679
-699
-569
-695
-700
-930
-915
-915
-956
-845
-1036
-870
-929
-1133
-1150
-1029
-806
-771
-717
-830
-758
-766
-752
-494
-583
-596
-723
-684
-470
-711
-601
-731
-723
-386
-406
-264
-268
-345
-308
-289
-315
-188
-105
-49
-137
-116
-79
1
53
113
79
-42
130
149
211
175
207
83
162
229
262
348
328
439
417
766
737
813
771
804
1062
892
1021
852
999
994
862
938
916
1075
914
977
1203
1135
1155
1188
1171
1295
1231
1110
1144
1103
993
866
533
686
766
481
157
79
341
125
232
388
19
-29
-176
10
-182
-440
-550
-863
-944
-920
-783
-691
-481
-527
-878
-841
-930
-1078
-969
-751
-716
-715
-785
-983
-1023
-980
-695
-836
-891
-1014
-1337
-1227
-1093
-1062
-1206
-1548
-1521
-1465
-1455
-1373
-1243
-1256
-1074
-1293
-1570
-1264
-1124
-1123
-1137
-1071
-953
-842
-718
-685
-593
-457
-422
-583
-620
-486
-495
-342
-483
-527
-114
-329
-247
-259
-140
103
-147
-197
-20
137
44
334
228
71
199
273
355
260
353
68
135
403
395
393
802
912
895
921
985
1081
1017
1120
1108
1259
1341
1319
1375
1381
1481
1322
1314
1399
1471
1505
1532
1502
1586
1608
1577
1613
1799
1680
1746
1669
1447
1346
1715
1690
1453
1166
1041
1152
874
951
799
830
784
530
659
452
423
508
346
356
182
347
261
120
214
67
114
-20
-127
-67
-104
-234
-331
-302
-346
-308
-436
-442
-592
-642
-527
-752
-837
-718
-887
-952
-953
-944
-981
-1135
-1129
-1015
-1089
-1175
-1129
-1316
-1092
-950
-788
-780
-907
-861
-982
-949
-797
-935
-982
-924
-883
-790
-821
-744
-662
-516
-622
-581
-555
-632
-518
-469
-370
-383
-310
-262
-193
-218
-29
140
-30
55
-13
31
59
54
123
255
172
197
164
357
450
696
476
436
564
620
741
883
1075
658
838
692
852
1117
918
988
1032
895
1001
1106
1213
1330
1192
1037
1023
1110
1199
1295
1233
1324
1232
1182
1120
1119
928
895
897
969
763
588
672
616
476
396
425
139
184
124
62
-44
11
-20
-175
-265
-222
-303
-350
-347
-470
-537
-518
-590
-499
-409
-380
-606
-665
-461
-442
-428
-596
-735
-773
-793
-861
-940
-863
-863
-915
-861
-812
-857
-898
-904
-1061
-943
-944
-894
-822
-975
-1000
-1203
-1328
-1036
-1300
-1192
-887
-850
-985
-1204
-1117
-1112
-1137
-773
-920
-1124
-1144
-1061
-762
-1037
-1315
-1128
-777
-1014
-1237
-1036
-436
-915
-997
-326
-271
-311
-319
-184
-397
-406
-69
-64
-234
-45
84
-147
-142
0
138
-77
-529
137
104
17
413
141
36
163
582
486
306
481
560
594
627
658
703
880
863
772
881
1099
1074
876
955
905
871
1012
897
910
782
665
876
557
452
539
485
327
355
279
185
92
52
-182
-305
-184
-197
-102
-339
-320
-70
-28
-271
-250
-98
-80
-112
-237
-250
-313
-265
-327
-359
-329
-432
-402
-317
-493
-447
-497
-540
-508
-608
-515
-678
-601
-675
-516
-365
-359
-542
-622
-549
-616
-854
-734
-331
-342
-639
-807
-510
-429
-451
-598
-328
-425
-434
-412
-314
-317
-366
-195
-285
-128
-288
-132
-78
-73
115
-65
-45
132
84
107
174
339
298
273
326
295
454
422
306
483
432
516
463
493
467
359
529
627
572
499
694
670
565
564
565
626
568
751
955
945
917
990
1131
921
827
805
787
881
934
985
1090
1136
955
991
956
980
1031
898
856
819
626
618
641
486
426
153
283
334
194
128
-57
-94
-193
-279
-264
-310
-450
-473
-496
-439
-418
-363
-390
-406
-529
-526
-489
-656
-346
-658
-588
-647
-754
-506
-511
-815
-942
-747
-752
-757
-839
-917
-767
-895
-852
-941
-1109
-1003
-1019
-999
-877
-834
-889
-878
-916
-937
-893
-866
-787
-849
-914
-763
-760
-707
-629
-600
-540
-620
-601
-526
-504
-499
-492
-340
-318
-223
-54
-218
-155
-43
-47
-127
115
303
386
307
362
519
586
606
294
404
347
373
537
541
568
615
603
726
625
757
839
852
952
788
779
828
807
791
920
773
561
619
859
517
618
838
796
1035
963
838
715
683
921
811
737
364
443
699
474
177
-389
-285
-9
-104
121
-262
-359
-156
-224
16
-98
-92
-401
-562
-339
-364
-440
-779
-722
-585
-663
-1219
-1239
-1019
-1329
-952
-1285
-1397
-1220
-1145
-882
-952
-1197
-1049
-809
-777
-725
-797
-872
-860
-803
-934
-807
-709
-748
-867
-943
-850
-903
-858
-811
-558
-710
-471
-549
-654
-801
-633
-284
-494
-277
-539
-529
-328
-296
-426
-683
-460
-335
-386
-266
-136
-10
-325
-99
-64
280
275
285
491
367
498
389
551
550
576
647
763
588
668
712
608
678
661
668
615
671
796
865
835
974
995
1080
1167
1289
1491
1372
1201
1114
1373
1567
1490
1112
1234
1368
1369
1258
1229
1459
1340
1314
1230
1389
1374
1276
1441
1350
1406
1228
1143
1206
1044
894
917
804
783
781
652
474
399
395
288
261
36
13
-99
-74
-32
-76
-55
-39
-118
-281
-425
-452
-403
-603
-539
-465
-518
-451
-519
-743
-804
-808
-771
-566
-604
-706
-728
-736
-691
-783
-933
-896
-754
-673
-576
-599
-652
-679
-645
-659
-585
-554
-439
-549
-565
-467
-597
-551
-580
-606
-410
-396
-203
-197
-280
-213
-250
-224
-158
9
-120
-28
-13
150
221
70
159
280
519
356
381
456
298
454
551
419
384
608
408
624
757
646
608
774
711
579
759
771
796
1029
773
744
892
937
910
997
1101
1114
1165
1092
970
1030
1103
1209
1198
1221
1258
1305
1236
1362
1276
1198
1155
1047
1132
1099
1081
820
834
720
611
663
579
449
321
253
116
329
444
158
71
-33
154
94
-149
-311
-92
-72
-284
-222
-384
-408
-433
-470
-646
-681
-494
-610
-605
-660
-575
-547
-718
-791
-775
-836
-967
-1066
-1130
-1094
-798
-801
-1003
-1053
-949
-687
-898
-785
-989
-915
-700
-908
-977
-1128
-869
-909
-787
-947
-1447
-1315
-1100
-1092
-635
-460
-783
-648
-270
-337
-295
-415
-200
-19
-165
-193
-94
161
-132
-377
-382
53
-147
-487
-154
128
-70
-275
-111
-135
-72
309
222
16
325
456
383
530
630
755
719
799
973
732
818
1050
962
959
747
835
972
946
1072
961
941
1019
1212
1324
1135
835
756
1168
1102
1022
1211
919
769
856
861
793
685
776
731
744
378
469
613
666
624
402
476
357
335
227
216
185
42
107
48
36
-64
121
60
-42
-99
-352
-237
-224
-240
-209
-129
-128
-23
-13
-13
-170
-350
-308
-156
110
-212
-314
-241
-188
-271
-401
-188
-59
-98
-274
-202
40
58
31
149
210
137
144
141
84
142
137
11
54
147
58
151
312
367
349
207
141
204
403
381
323
226
297
363
397
375
268
315
210
309
368
439
356
353
380
446
384
315
553
553
754
651
681
697
813
849
760
777
843
957
1055
1049
957
1119
1179
1123
1112
1169
1221
1168
1261
1215
1220
1275
1138
1137
1037
1176
1041
928
921
920
949
879
789
677
666
574
543
505
402
430
541
612
223
218
166
266
60
69
106
-369
-209
-69
-45
-225
-508
-377
-215
-282
-319
-296
-541
-403
-234
-469
-315
-398
-209
-378
-471
-286
-345
-251
-294
-277
-306
-427
-425
-396
-196
-239
-251
-219
-122
-155
-130
-201
-204
-40
-110
-144
-113
-24
-76
-64
-69
112
-8
149
-40
17
-2
154
371
360
313
144
408
427
479
430
413
518
413
629
478
456
658
653
677
628
736
820
724
864
802
688
709
678
782
694
687
365
389
619
618
713
479
457
733
594
603
849
742
426
296
562
382
211
143
496
74
-148
-139
311
292
-124
-389
152
533
184
355
313
476
266
80
-44
153
104
24
-261
-308
-224
-225
-449
-617
-613
-664
-355
-808
-856
-740
-722
-849
-1049
-767
-674
-672
-968
-744
-712
-713
-722
-743
-658
-601
-536
-792
-748
-773
-785
-630
-637
-689
-560
-418
-293
-488
-379
-287
-367
-45
-47
-225
-147
-213
-349
-281
-253
-344
-312
-85
-128
-104
-23
252
176
-153
25
-24
182
463
485
482
453
473
344
406
512
570
624
746
486
434
527
471
597
534
542
640
685
713
676
797
980
959
1072
1099
1087
982
902
922
1316
1442
1130
1029
1226
1283
1159
1073
1215
1419
1206
1215
1245
1241
1401
1343
1306
1360
1242
1288
1181
1389
1321
1132
1175
1233
947
956
878
800
894
766
539
354
595
377
251
325
330
156
212
243
8
-103
-44
-159
-258
-309
-452
-431
-326
-330
-405
-492
-566
-464
-346
-308
-410
-431
-513
-444
-486
-609
-576
-571
-491
-423
-425
-502
-430
-407
-459
-557
-551
-494
-333
-428
-453
-444
-473
-433
-505
-428
-285
-280
-216
-171
-55
9
-60
15
40
9
122
75
139
211
213
171
211
205
114
235
52
287
304
233
40
55
396
237
269
318
326
348
582
565
318
479
485
393
390
311
390
481
603
521
706
763
852
826
702
652
727
761
806
802
768
812
883
952
877
831
748
701
684
782
796
814
827
710
714
853
737
743
722
504
421
271
524
592
484
260
221
233
150
119
-86
-36
-60
-38
-26
-86
-180
-299
-240
-176
-337
-213
-333
-393
-354
-449
-506
-505
-535
-724
-507
-743
-970
-833
-934
-714
-696
-1100
-994
-715
-826
-767
-830
-978
-1117
-840
-1147
-1254
-1043
-801
-997
-1245
-1254
-1099
-850
-1146
-1288
-1183
-412
-590
-760
-503
-269
-364
-563
-522
-240
-546
-349
-176
-485
-455
-234
-207
-511
-227
-339
-180
-364
-208
-31
-211
-334
-116
33
-161
-78
70
193
235
286
395
362
344
532
515
693
637
649
615
755
645
493
736
635
667
683
815
514
842
887
893
901
691
884
763
591
814
757
814
705
539
915
738
736
705
698
584
427
714
710
803
630
491
520
420
442
353
369
350
429
290
190
117
53
89
-58
-54
-56
-154
-241
-61
-36
14
32
198
221
84
175
-171
-31
119
294
90
-99
-134
-11
143
-124
-90
40
37
41
29
129
309
268
381
355
306
399
275
255
136
228
362
253
98
265
346
233
252
388
435
323
287
339
357
307
248
289
289
343
287
233
262
197
160
98
39
41
60
87
222
202
160
177
351
539
499
500
346
396
471
369
352
216
340
337
302
424
519
438
411
526
485
360
429
451
553
538
613
410
352
623
677
852
672
531
580
647
662
694
578
530
478
496
647
467
329
466
378
346
182
-69
295
44
-74
-56
-231
-148
-224
-207
-211
-86
-375
-221
-96
-313
-238
-418
-448
-645
-488
-230
-243
-292
-114
-153
-250
-228
-147
-317
-251
-337
-431
-247
-374
-338
-377
-328
-295
-224
-307
-211
-139
-223
-118
-85
-71
-156
-166
-252
-178
-107
-178
-8
-12
0
-98
-137
-154
120
298
154
133
181
356
367
386
323
270
339
456
466
348
381
432
372
522
308
476
590
466
578
414
584
539
422
481
466
320
-18
292
187
25
261
-16
263
478
269
120
291
429
43
99
336
175
-79
99
241
-51
-407
-354
38
100
-319
-570
179
220
247
192
267
362
250
-43
114
425
319
226
-94
-183
-322
-114
80
-511
-748
-517
-517
-216
-364
-422
-671
-769
-403
-336
-437
-435
-370
-354
-411
-315
-336
-206
-204
-214
-177
-341
-252
-274
-159
-226
-86
-176
-159
-220
-206
-257
-169
-120
36
104
-241
-161
-21
-57
95
-153
-127
-28
-142
5
181
70
-10
159
141
33
-82
303
398
514
272
301
367
357
475
439
498
495
546
576
524
480
531
655
558
574
572
618
737
721
714
764
876
870
970
1023
1031
739
654
979
1235
1085
624
854
818
810
706
683
969
948
742
605
740
1043
879
847
863
724
739
705
842
748
766
764
704
820
907
835
794
772
726
794
634
555
585
623
555
489
420
459
476
428
401
331
185
40
-3
-26
-29
-47
-1
92
-74
-172
-236
-202
-81
-20
-158
-267
-159
-147
-171
-238
-262
-305
-265
-111
-146
-221
-139
-160
-169
-217
-150
-110
-262
-220
-93
-160
-112
-232
-148
-10
-69
-105
-203
-126
-39
-56
15
77
-18
-2
152
133
164
260
398
186
171
274
128
273
165
52
166
301
250
333
167
74
84
145
146
285
414
196
314
9
180
326
-15
240
127
136
289
414
265
288
346
269
222
168
258
315
324
186
204
380
428
341
329
377
402
428
447
322
410
324
351
266
273
372
349
460
411
249
142
269
326
285
281
161
191
416
240
215
81
125
175
150
224
64
82
52
29
64
-178
-11
-7
55
100
-21
-64
-102
-177
-178
-194
-469
-489
-589
-219
-472
-645
-663
-402
-307
-480
-649
-551
-405
-631
-804
-803
-379
-701
-1029
-1098
-553
-705
-867
-946
-1214
-879
-713
-488
-866
-408
-87
-186
-419
-597
-321
-393
-440
-530
-522
-336
-570
-752
-470
-469
-911
-1190
-622
-495
-544
-846
-605
-427
-342
-644
-726
-425
-312
-318
-299
-297
-280
-163
-104
-162
-134
-37
127
-80
-131
-10
-108
-101
-227
-82
43
65
-45
193
-175
208
298
148
219
421
301
59
-2
-75
-29
-86
206
202
358
355
367
417
330
312
594
458
390
316
280
313
154
321
415
418
208
341
344
309
352
366
399
221
372
250
340
240
225
402
533
545
496
567
726
609
264
446
841
846
519
137
494
549
356
484
432
521
357
431
423
519
553
429
552
449
448
452
376
381
374
433
498
447
345
333
297
361
410
384
333
263
235
300
316
249
293
273
328
284
64
127
67
-40
-30
-137
-101
-101
24
37
-31
-168
-190
-196
-143
115
72
35
-14
-59
29
-145
-143
-112
-129
11
34
143
169
137
184
145
-58
-21
-28
-14
92
231
198
169
-21
-85
4
72
48
-36
49
-44
-13
89
-54
-217
40
109
177
158
47
225
359
162
-25
130
-43
132
-99
-90
-46
11
116
-100
121
122
14
-9
70
282
215
62
76
53
54
-26
53
-93
-65
-69
-83
-8
-65
-74
-161
-121
-132
-124
-68
67
-8
-102
22
36
-33
34
3
-21
15
53
32
-71
-101
-56
-35
39
-117
-55
-11
30
-244
-146
-3
172
342
166
83
150
338
-6
66
-60
-111
137
22
-81
-142
3
161
62
182
123
200
146
-15
18
40
51
-2
42
53
-95
-246
-143
-380
-180
-286
-675
-352
-268
-471
-312
-192
-396
-320
-378
-753
-524
-676
-966
-695
-752
-1064
-902
-605
-872
-1166
-645
-484
-807
-644
-208
-337
-328
-303
-503
-273
-87
-336
-509
-286
-275
-529
-736
-327
-490
-856
-1019
-512
-379
-427
-490
-865
-674
-671
-500
-265
-614
-496
-320
-87
-53
-168
-67
-151
-351
-147
-159
-12
20
-231
-87
55
-50
24
94
-134
146
-227
183
49
151
282
24
13
156
354
136
81
-141
-2
85
-94
284
160
-185
22
-172
300
237
144
250
229
232
229
374
325
149
302
425
405
449
449
290
586
430
315
194
228
273
200
344
281
