-184
-240
-265
-279
-340
-222
-108
-11
-76
-38
-17
6
-49
69
-45
-52
-91
-65
-7
8
-48
-128
-60
-140
-82
-8
-118
-130
-169
-165
-171
-187
-158
-162
-269
-303
-295
-326
-360
-487
-364
-403
-326
-317
-330
-363
-332
-384
-371
-305
-469
-419
-276
-262
-320
-308
-229
-124
-126
5
73
96
46
-25
-93
-137
-264
-196
-128
-257
-361
-298
-328
-381
-193
-173
-213
-214
-192
-173
-129
-66
-83
-140
-24
18
-61
-103
-38
-105
-37
4
-97
-109
-62
-48
-10
-89
-64
-54
-140
-131
-198
-176
-138
-230
-155
-40
-63
-57
-41
-86
-143
-158
-106
-115
-77
-119
-15
-18
-3
104
-63
-15
46
21
45
190
110
-48
-70
27
34
112
32
-43
-58
-48
-29
9
-7
-47
-19
-38
100
90
25
2
-152
-162
-134
-195
-52
-4
-82
-62
-89
-113
-173
-93
-120
-134
-146
-207
-100
-205
-230
-235
-358
-306
-255
-258
-192
-225
-285
-295
-378
-354
-287
-333
-252
-238
-302
-242
-302
-340
-410
-372
-343
-357
-323
-389
-208
-243
-315
-249
-225
-119
-136
-168
-117
47
42
22
66
2
-13
38
1
23
68
-18
-83
-78
-74
-2
79
82
-7
-57
-83
-70
-130
-131
-137
-153
-170
-147
-68
-207
-255
-239
-234
-258
-243
-286
-248
-303
-299
-265
-351
-312
-298
-327
-285
-246
-278
-286
-331
-297
-327
-330
-292
-299
-356
-370
-238
-238
-174
-137
-150
-182
-203
-108
-138
-167
-260
-171
-131
-121
-12
-57
-134
-97
-93
-54
-152
-169
-54
-121
44
-38
-109
-114
-136
-219
-106
-72
-131
-36
-27
-55
-138
-44
-7
-158
-201
-98
-169
-179
-120
-139
-87
-176
-138
-25
12
11
-46
-126
-77
-96
-132
-123
-72
-163
-124
-35
-141
-212
-181
-87
-168
-114
-98
-204
-138
-149
-166
-134
-155
-109
-189
-183
-154
-129
-15
-38
-4
-5
-64
85
116
-14
-122
-25
-1
247
-173
-187
260
-196
-339
33
133
-352
-214
197
-171
-458
139
42
-234
-165
29
161
-166
-257
193
77
-80
-3
258
72
-103
184
2
-256
27
16
-62
170
-60
209
40
116
126
-126
448
153
-84
63
21
-106
-280
141
128
-82
31
166
-137
-68
387
7
-72
351
333
18
61
361
41
250
300
159
-58
333
153
148
346
438
99
-29
444
-80
79
319
291
110
-81
86
129
317
205
188
66
210
286
-54
464
90
162
216
-61
87
392
286
58
119
194
-107
-39
2
220
-75
77
207
42
125
-117
112
301
157
-65
61
20
290
-335
269
159
-253
40
118
108
-24
296
255
38
284
165
-60
593
229
165
167
215
259
-186
245
316
3
105
124
264
69
32
324
-116
169
198
55
195
-238
226
52
8
196
-288
260
-241
65
180
-2
288
23
318
2
-174
264
47
170
228
221
358
-217
236
48
202
41
147
442
-161
474
54
-212
287
8
171
208
311
156
-136
148
340
209
30
214
315
75
-63
605
375
49
252
355
100
303
135
351
289
-156
544
215
18
303
591
267
50
326
319
291
-147
467
228
55
244
-299
489
-291
536
105
375
304
-358
181
109
342
-253
136
155
328
-143
371
416
114
134
342
176
189
182
120
277
4
494
-155
344
606
-182
57
316
-10
147
246
210
-300
288
63
-206
231
312
-279
285
609
-538
514
142
-277
-64
581
162
-220
379
198
-539
47
552
-127
-237
687
126
-108
84
184
242
59
796
-382
123
288
35
19
206
243
-459
-58
367
-218
320
54
118
-129
480
-65
-343
620
-297
255
-71
-51
377
-71
-345
428
29
271
-394
382
270
-724
618
85
193
54
242
331
-242
549
66
-89
-25
536
-63
-41
872
-568
477
135
-759
648
-221
-133
-91
205
-88
-31
100
-255
369
-383
-112
178
216
-472
-27
197
-236
0
-103
774
-707
189
323
-268
25
-222
443
-224
337
-26
166
116
-221
407
-179
-129
99
207
204
67
369
-289
578
496
-458
449
621
-310
-319
745
-292
-304
806
309
-650
614
-23
-578
74
372
-148
-611
944
-246
-390
-95
173
-320
-250
505
160
-433
488
-238
-127
437
-530
476
-368
47
-94
-803
87
78
-166
142
-116
-334
-519
-201
248
-479
-113
237
214
-191
25
288
-534
-204
613
-13
-267
100
428
-359
28
128
-262
-267
629
-409
-127
464
-447
208
-528
479
232
-429
344
-307
565
-878
619
19
-288
716
-568
541
-572
310
-183
-363
232
-276
483
-128
-350
210
-818
692
-356
-375
798
-657
240
-334
-112
19
-884
654
-762
199
-332
241
-307
-937
689
-869
-218
-29
216
-238
-326
233
-598
46
-319
-459
99
404
-421
-453
494
-481
-881
632
-97
-920
806
-111
-552
-330
223
-586
-133
743
-929
-112
378
-405
-320
847
-217
-1288
1549
-825
-367
403
-368
312
-727
702
-147
-19
361
-229
131
-183
-281
299
37
-144
68
-105
-577
-319
-90
-285
427
-265
-122
517
-188
-140
-508
373
-659
64
-435
30
556
-1079
1246
-653
-18
662
-961
1372
-1266
593
866
-1009
147
403
-90
311
-164
-9
-363
-468
1083
-1320
721
353
-847
179
-198
-650
39
319
-55
-205
217
133
-1346
239
137
-272
-701
803
-195
-571
473
266
-1248
73
765
-1310
850
35
-250
-954
514
4
-480
181
-284
365
-734
506
-993
599
-995
436
489
-1045
653
-790
95
-559
165
-62
-378
84
-526
113
364
-693
587
-601
429
-682
325
237
-1506
462
40
-525
-679
536
-17
-558
61
-131
-511
60
-143
-345
-157
-249
-136
-292
-75
222
-231
-59
126
-42
-672
574
-283
27
531
-1401
681
-280
-324
-487
385
-992
115
156
-790
140
-276
130
124
354
-1280
590
-659
-280
263
-1076
195
-119
-389
307
-604
72
78
-580
-254
-686
-430
-135
87
-962
365
273
-1354
724
-1124
-195
-307
-687
38
-350
-68
-1141
139
-1080
-1308
665
-264
-742
-192
666
-563
-890
18
-392
-1075
165
-443
-176
415
-783
32
-945
258
-411
512
298
-93
-1499
684
-736
-663
1066
-1085
-56
-757
-148
-765
-437
-406
-446
-767
-668
1271
-365
-1256
-412
-741
-199
-344
-51
-241
-184
-377
-417
-638
-559
-260
903
-1045
-297
-467
-879
-257
414
-439
-184
-874
-438
119
-1857
451
343
-1326
218
-478
146
-1433
-1331
1234
-1827
380
-164
-569
-743
-1052
211
-1557
419
-808
61
271
-713
-215
-524
-499
-6
-245
-635
-243
213
-548
10
-597
-1252
966
-1753
1352
-387
36
-11
-1111
1593
-2442
236
-610
-101
-372
-686
621
-1367
-394
-498
-1209
-358
-1444
1138
-494
311
-888
-396
-816
-312
-629
-655
1032
-1318
836
-984
-70
-1478
468
-406
-43
286
-1301
1003
-1151
1
-247
-160
-786
-356
-72
-655
-156
-494
218
-650
-175
-575
-350
-807
-793
595
-1854
792
-330
-1917
-111
615
-2296
-293
1509
-2524
364
845
-1107
-76
-23
-1404
84
901
-236
-82
-65
-137
-640
1039
-227
-402
68
-772
424
-2166
2149
-1581
583
-6
-1026
1090
-1350
423
-1855
1735
-1055
-647
1171
-430
-555
-1613
1318
-1796
-38
1173
-1160
-932
1342
1242
-1804
497
248
-1197
-1182
1897
-1273
-249
181
-1365
73
-1112
311
-740
-110
277
-1418
869
-1043
-792
-587
348
-880
-374
1759
-1403
-832
-166
-1072
-129
-559
612
114
-907
-227
-284
-742
52
1051
-1229
958
-383
418
-492
2
766
-1494
1290
-474
-248
227
276
626
-800
193
-748
-601
638
-307
342
-779
1611
-1363
-159
803
-1094
524
-1101
1330
989
-1740
110
1024
194
-966
355
101
-686
424
-23
1031
-281
-95
507
-1316
433
-1143
-511
1651
726
-2206
814
355
-1335
-610
789
-657
-1021
1821
-925
-603
39
-776
-1590
1024
324
-2316
278
1303
-1674
878
479
620
-2004
-150
645
-465
907
289
2831
-2408
3222
-935
-603
1139
-1273
414
1277
793
-821
2638
515
-1820
697
1322
-457
1581
771
-772
-46
529
-2353
1346
375
549
1058
432
-864
-254
102
226
1323
-1792
1495
-1015
-1293
-233
-536
-1649
619
954
-526
1397
-1231
903
-1962
-66
-145
-644
2768
-1344
207
723
46
-892
-1034
895
-612
-1124
2988
-1010
833
57
-770
71
-1042
397
-851
1075
-1405
2636
-2288
169
1775
-1758
822
1468
-863
-30
883
932
-414
-854
2206
-754
980
-92
1589
-1784
1377
966
-1544
2075
565
-1160
45
2251
-862
1367
-109
-803
2843
-509
-311
1165
1090
-2210
934
1162
-882
1756
560
386
1445
-30
-1742
1174
2346
-1759
1913
2649
-1926
653
565
1378
-732
1768
-83
1306
1612
-856
-258
1661
-640
-1872
2331
-1188
1757
-2052
1817
-619
1789
-1501
-40
983
280
1193
43
721
-538
627
-1811
1873
-409
-670
2145
-487
-1676
2848
-1456
-637
3005
-920
192
1481
-154
735
306
317
-329
-1041
2196
-1724
795
2086
-504
358
-425
730
224
645
-819
141
1067
-1528
-324
718
1438
-480
-1238
1496
-84
-323
1236
758
583
-1762
3378
-1876
389
122
98
2463
-174
1412
-107
1520
-1315
1444
3095
-1134
1569
397
-2353
1663
986
1440
-312
2800
-1717
1194
1728
-1961
2085
1710
950
671
649
-255
354
1029
-1960
5089
363
-976
2387
1336
-2416
2138
1634
-284
-66
2275
-387
1183
1894
-2168
1181
949
-476
825
2892
-597
646
-2583
1621
-304
-2105
2758
93
396
2308
-821
1843
-1090
1706
-3490
2000
796
-1811
2753
-207
160
-341
2514
5
1143
-559
1294
2025
-281
1391
-1128
157
1967
-2028
1825
1068
-80
216
1887
1762
-2607
1373
-980
1256
-2322
2277
1520
-1243
2083
625
-1144
1352
1269
-1545
1593
3824
-924
89
2464
-350
-22
1417
1484
-1616
1301
-513
441
2946
-54
2449
335
1058
-59
-68
-392
867
761
-432
2364
-1848
521
1406
-1456
-37
1442
504
-877
829
1730
-1132
326
919
668
752
-856
490
-3506
1954
447
-1470
1666
-184
-386
-832
3053
-2102
-1262
1419
-496
-348
-702
1153
-259
-2552
1075
-249
287
-1838
-1064
1102
-1824
1791
-263
485
246
-2030
2127
-2351
284
1889
-464
-1237
559
-1575
-825
3291
-3407
-681
3010
353
-796
1096
2353
-884
-693
1122
-142
180
32
1863
-1332
-1419
890
371
-497
-216
1061
-1929
522
2249
201
308
-57
-1557
-332
1292
2774
-2390
1989
-268
-1545
874
-1367
1337
585
1667
-132
2113
-3012
-1396
2331
-326
-1452
3263
1452
-3504
2030
-542
-1619
2595
678
-393
-793
2640
-3551
-908
2146
-1625
1045
201
863
-1247
-494
-108
373
6
579
1878
-1187
-818
2562
-2614
1090
56
663
991
1005
-892
809
132
-1557
1390
-2640
-6
442
580
-349
2080
-2027
-1726
1291
-2050
-399
1932
3
-1401
-1044
526
-1602
-1047
407
169
1068
-163
1155
-119
786
-1564
1492
754
-1258
2736
1851
-977
2222
586
-2188
2122
-622
-483
1115
1647
-677
-646
1260
-2067
-766
3257
-11
-1254
222
412
-1695
735
1299
-1168
1782
1703
-31
946
645
-1196
-1
1123
325
860
856
107
-194
-825
-178
144
-443
840
2024
-911
-273
115
-1396
-233
227
-962
219
1614
-961
-1232
1394
-1388
-1028
2537
103
383
1629
682
205
1348
148
-1025
914
475
-390
2640
1451
-1935
181
1573
-557
831
-269
-935
2068
-779
-2460
1482
1363
-1631
-305
768
-1707
-1064
1803
450
1720
-124
-1275
1184
570
-214
1295
2117
721
593
241
-74
117
-72
275
1848
85
390
1318
-165
-618
765
1561
1444
387
989
739
-73
-440
479
695
-970
243
-635
806
73
-717
865
568
-264
-576
1455
272
271
1377
347
1145
19
-309
78
363
-1374
-269
1023
-1078
76
342
-1067
-314
-803
-763
431
227
403
721
1183
-607
-478
-826
-345
441
363
14
503
-1398
-2125
776
790
-276
990
-118
-916
712
1032
616
1222
1193
-954
68
1208
451
1087
2637
1061
1088
1722
1326
1096
1596
3188
2937
2886
983
308
-578
-1038
924
2039
1429
1034
-33
-1647
-1736
-2057
-1895
356
-255
-1091
-1283
-2644
-4046
-4681
-3760
-3093
-1902
-2414
-2114
-2840
-4621
-4778
-3785
-2662
-2474
-2395
-2520
-3680
-3894
-4149
-3504
-2340
-3011
-2083
-322
-1129
-969
11
106
290
2070
3262
3404
3728
3310
3990
6217
6348
6055
6881
7182
7484
7837
9121
9284
9575
10435
11759
11051
10272
7934
5886
4775
4850
6604
6144
4396
2062
-1293
-3054
-4247
-4245
-3629
-4523
-5638
-7073
-7001
-8508
-9835
-10206
-10322
-9940
-9141
-7329
-6456
-6966
-8224
-8238
-7349
-6585
-5261
-3571
-3298
-3998
-4353
-3541
-3543
-3560
-3512
-3067
-2171
-2562
-2731
-2510
-3122
-3980
-3662
-2081
-1459
-1717
-1725
-1564
-452
9
1575
4279
4776
5223
6602
8708
9689
11003
12984
15095
16280
16148
16621
15620
12228
9603
11139
13171
12533
10116
7417
3684
-567
-3346
-2948
-2217
-3875
-6372
-7652
-8709
-11944
-14081
-14267
-14607
-14403
-12567
-10302
-9282
-10246
-11647
-10969
-8906
-6391
-3319
-212
-34
-852
-1131
-376
590
885
1974
2742
2281
396
-1145
-1694
-3187
-4186
-4354
-4190
-5170
-7175
-8663
-9614
-9961
-9972
-7844
-6561
-6466
-6739
-6402
-5143
-3367
-724
2355
4993
6859
8442
10469
12651
15059
18086
21032
23686
23442
21872
19745
17480
16418
16898
18533
17371
13240
8227
3092
-182
-3263
-4487
-4472
-6207
-9073
-12436
-14840
-17369
-19957
-20637
-19053
-17128
-15574
-14367
-14741
-15419
-15648
-13670
-9088
-5247
-2485
-640
185
25
143
1871
3316
4465
5417
6128
5741
4181
2177
250
-1129
-1967
-2212
-2662
-4539
-6900
-8866
-10043
-10115
-9764
-8753
-7698
-7787
-7451
-6228
-4639
-2606
-681
1961
4803
6999
10038
12874
16051
18513
21110
23120
22637
21143
19602
19558
20810
21508
21367
17997
12598
7121
2890
1222
-396
-1791
-3900
-6850
-10961
-14745
-17346
-19584
-20843
-20874
-19081
-17627
-17709
-18332
-19353
-19264
-17313
-13159
-8499
-5488
-3395
-2781
-2772
-1893
-151
2657
4751
5979
6049
5566
4816
3200
1849
889
3
-420
-908
-2132
-4952
-7372
-8729
-8862
-8565
-7888
-7526
-7374
-7443
-7218
-5305
-3383
-1020
1264
4349
7767
10061
12961
16122
19922
22093
21320
21700
21070
19901
19901
21609
23618
20872
15167
9618
6410
3848
1037
444
-369
-3498
-8880
-13040
-15085
-17933
-20042
-20762
-18912
-17868
-18568
-19098
-19493
-19464
-18908
-15150
-9936
-6286
-5531
-5849
-4950
-2962
-239
2998
5388
5542
4434
4241
5007
5205
4152
2790
1849
1014
-178
-1866
-3839
-6140
-8327
-8543
-7517
-7094
-8568
-9953
-9839
-8673
-6774
-4711
-2329
-909
-68
2214
5956
9949
13027
15929
19275
22714
23511
22033
20671
19172
20192
23045
24894
23811
17788
10870
5512
2983
2724
2048
748
-2992
-8034
-12994
-16152
-18327
-19936
-20217
-19653
-18592
-18495
-19209
-20682
-21908
-20319
-16386
-11208
-7443
-5568
-5567
-7028
-6590
-3722
1348
4769
6213
6026
4459
3402
2675
2957
3157
3111
2821
1992
101
-3142
-6118
-7327
-6656
-5396
-4875
-4562
-5861
-7142
-7163
-5046
-2136
52
2779
4863
6957
9032
12254
16550
20315
20586
18949
17402
16978
19584
22135
24401
22978
16542
11009
6850
5210
5101
4195
2849
-345
-4885
-9904
-13520
-16422
-18145
-18050
-16813
-15655
-17067
-19499
-21684
-21970
-19643
-15967
-10660
-8049
-7913
-8147
-8330
-6172
-4013
-255
2995
3882
3523
2111
1830
1436
1847
2299
2360
1944
59
-1948
-4081
-5841
-6931
-6628
-5302
-5504
-6460
-7547
-8112
-7332
-5625
-2570
-316
993
2711
4838
7733
10683
14263
18365
22576
23921
21986
20353
18704
20526
23689
25751
24817
18631
12284
7179
5017
5057
3796
1801
-1972
-6445
-10820
-14888
-17682
-19733
-19964
-19032
-18014
-18394
-20561
-22823
-23305
-20619
-16473
-11249
-8902
-9092
-9079
-8722
-5894
-2584
947
3349
3942
4012
3372
3647
3551
3578
3806
3650
3155
1277
-792
-3451
-5399
-6213
-5679
-4559
-5159
-6670
-7982
-8078
-7137
-5437
-2567
-902
220
2841
5635
8266
10717
13573
18276
21914
21910
20681
19398
19453
21591
24401
26324
23795
17090
11091
7680
7078
6497
4982
2551
-1886
-7375
-11757
-14554
-16537
-18229
-18634
-17804
-17996
-19342
-21759
-23088
-21723
-18738
-15275
-12243
-10951
-10312
-9995
-8883
-6111
-2456
687
1569
1984
2693
2713
2584
2951
3823
3744
2580
1895
958
-1325
-3644
-4811
-4336
-3819
-4367
-5273
-5983
-6607
-6275
-4913
-2651
-632
491
2355
5486
8512
11245
13795
17087
20329
20743
20020
19182
19598
22187
24767
25720
22778
16788
12008
9083
8277
7765
6717
4020
-1162
-6642
-10709
-13093
-15273
-16697
-17131
-16810
-17736
-20319
-21814
-22284
-21324
-18644
-15072
-12443
-12208
-11781
-11075
-8669
-5919
-3377
-353
606
951
1560
2132
2755
2753
2949
3264
3026
2103
502
-1112
-3113
-4389
-4121
-3024
-3249
-4526
-5603
-6373
-5598
-4445
-2572
-84
1119
2839
5404
8355
11370
13958
17397
20045
20605
20018
18503
19243
22723
25519
25661
22086
16402
12053
9616
8514
8219
7155
4064
-1324
-6486
-9946
-12789
-15438
-16793
-16784
-16507
-17916
-20573
-22184
-22669
-21369
-18158
-14590
-13087
-14193
-13883
-10818
-7249
-5000
-3920
-1861
-679
-542
1174
3397
3853
2751
2098
2950
2790
1491
196
-805
-2132
-3753
-4223
-3675
-4120
-5824
-5840
-5537
-4619
-4015
-3628
-1306
331
2324
5451
8616
11496
13433
16481
19171
19572
18891
18159
19694
23455
25740
25061
21110
16014
12548
10482
10328
9950
7826
3936
-1040
-5645
-9066
-11864
-14372
-15525
-15935
-16243
-17918
-20541
-22272
-22544
-20861
-17990
-15416
-14585
-15403
-14354
-11621
-8825
-6804
-5321
-3312
-2368
-1484
264
1828
1905
1121
1519
2579
2644
1524
344
-437
-1776
-2520
-2501
-1700
-2650
-3952
-3745
-3674
-2962
-2689
-1197
877
2340
4574
7140
9792
12276
14385
16925
18180
18614
17403
16829
19465
23180
24638
21482
16394
12795
11205
10532
9440
8617
6561
2056
-3198
-6778
-8550
-11348
-14039
-14744
-14321
-15333
-18323
-20703
-21219
-20321
-18612
-16211
-14774
-15306
-15067
-13224
-10088
-8309
-7461
-5418
-3907
-2818
-1939
-170
1060
691
466
900
1574
1278
311
-227
-1010
-1822
-2159
-1816
-1835
-2300
-2535
-2315
-2242
-2486
-1072
783
2765
4330
6659
9307
11271
13623
16151
18083
17942
16241
15510
18594
22779
23973
20937
16278
13300
11592
10233
10107
9571
7897
3563
-1240
-4522
-6953
-9823
-12616
-13173
-12914
-14093
-17094
-19385
-20351
-19936
-18523
-16203
-14712
-16351
-17088
-15027
-11526
-8928
-8387
-7137
-6055
-5637
-4231
-1771
560
330
-17
777
1412
1145
105
154
220
-205
-698
-483
-888
-2074
-1642
-1022
-120
66
269
1895
3040
4553
6733
9079
11246
12542
15446
17373
16743
14250
12926
16891
21655
22783
19671
15364
12637
10632
9753
10088
10278
8276
3456
-273
-2468
-4592
-8194
-10786
-10761
-10782
-12328
-15595
-17604
-18630
-18637
-17353
-15268
-14324
-15969
-16568
-15414
-13175
-11071
-9460
-7597
-7299
-7407
-6643
-4621
-2216
-1649
-1263
-883
-130
-330
-1015
-928
-811
-835
-668
129
25
-820
-1059
-445
630
1248
2099
3139
4322
5892
7499
9367
11431
13630
16167
16468
15418
13473
13350
17130
20433
21224
18123
13623
11399
10044
10281
10080
9276
7314
3415
-153
-2744
-4501
-7014
-8978
-9519
-9764
-11719
-14883
-17011
-17439
-16551
-15448
-15065
-15642
-16124
-15714
-14379
-12827
-11247
-10227
-9671
-8925
-8045
-6742
-5333
-4248
-3351
-2620
-2153
-1590
-1393
-1542
-1316
-871
-392
28
258
276
278
451
858
1678
2733
3790
4615
5557
6825
8263
10109
12222
14280
16057
15603
14033
11949
13002
17403
20538
19827
15512
11564
10140
9386
9379
9525
9511
7266
3033
-514
-2528
-4174
-6441
-6947
-6559
-7447
-10805
-14568
-15818
-15218
-13892
-13209
-13643
-14495
-15550
-15218
-13762
-12068
-11130
-11006
-10138
-9116
-8618
-8115
-6808
-5434
-4897
-4329
-3300
-2429
-2529
-2840
-2000
-1179
-908
-747
-129
391
527
723
1245
2013
2239
2777
4316
6241
7441
7929
8573
9812
11853
14599
15963
14905
12275
11081
13626
17691
19191
16423
12282
10252
9319
8808
8788
9031
8113
4693
1312
-743
-2389
-4588
-6052
-5740
-5585
-7930
-11547
-14037
-13913
-12920
-12007
-11626
-12445
-14306
-15090
-13974
-12143
-10865
-10791
-10465
-10134
-9831
-8934
-7625
-6259
-5739
-5340
-4391
-3372
-2855
-2993
-2584
-1442
-744
-640
-202
633
927
1016
1272
1869
2281
2318
3097
4192
5121
5829
6473
7317
8165
9499
11654
13428
13086
11591
9501
10372
13796
16397
16462
13232
10223
8659
8178
8927
9269
9283
7731
4547
1714
-52
-1277
-2473
-2790
-2672
-3766
-7028
-9891
-10997
-10866
-10295
-10490
-10752
-11754
-13180
-13096
-12362
-11890
-12121
-11723
-10764
-10189
-9991
-9406
-8408
-7577
-6792
-5665
-4326
-3816
-3684
-2631
-1560
-1059
-885
-538
366
895
1474
1697
2055
2085
1805
2260
3049
3339
3345
3850
4369
4825
5463
6570
7711
8569
9903
10100
8935
7991
8444
10820
13103
13631
11912
9100
8042
8269
8992
9623
8909
7620
5403
3607
2264
1098
174
-330
-982
-2379
-4263
-6475
-7807
-7817
-7567
-8251
-9586
-10378
-10965
-10715
-10359
-10123
-10514
-11478
-11000
-9791
-8530
-7874
-7407
-6757
-6334
-5607
-4275
-2881
-2262
-2020
-1241
-533
-571
-591
356
902
1194
1544
1428
1161
685
621
1035
1097
704
541
732
1170
1143
1816
2148
2231
2794
3706
4888
5853
6950
7297
7052
6353
6468
8136
10246
11181
10425
8698
7602
6880
7102
7687
7988
7152
5128
3414
2142
1260
721
304
-282
-1452
-2924
-4338
-4989
-5150
-5436
-5651
-6049
-6779
-8155
-8439
-7708
-6716
-6337
-6537
-6613
-6720
-6225
-4565
-2924
-2283
-2879
-2721
-1820
-1178
-537
-3
184
-230
-660
-374
-413
-708
-933
-687
-749
-1281
-1931
-1903
-1862
-2064
-1984
-2042
-1953
-1925
-1813
-1185
-727
-323
-46
262
808
1287
1951
2733
3413
3934
4366
4455
4870
5394
5647
5833
5680
5012
4804
5246
5808
5234
3891
3086
2636
2394
2187
2080
1937
1195
217
-303
-199
-551
-865
-695
-435
-1011
-1647
-1350
-749
-523
-383
32
165
-439
-594
20
581
825
548
569
206
-579
-889
-795
-863
-1374
-1814
-2105
-2653
-3184
-3486
-3524
-3539
-3740
-3744
-3609
-3830
-3890
-3529
-3149
-2802
-2663
-2554
-2307
-2064
-1539
-1230
-961
-963
-832
-539
-413
-277
-21
-2
-112
-218
-96
49
-173
-514
-447
-440
-776
-752
-573
-550
-752
-625
-437
19
98
246
1008
1553
1735
2012
2529
3187
3548
3825
4225
4359
4457
4451
4634
4788
4779
4883
4627
4065
3671
3217
2845
2743
2620
2188
1757
1194
619
270
-74
-149
-110
-159
-282
-436
-739
-757
-546
-439
-333
-269
-124
-200
-343
-455
-641
-785
-975
-1094
-1345
-1595
-1982
-2390
-2694
-2969
-3277
-3660
-4042
-4254
-4450
-4570
-4871
-5061
-4994
-5039
-5058
-4772
-4501
-4400
-4191
-3843
-3384
-2869
-2500
-2125
-1649
-1192
-530
10
423
781
973
1336
1786
2141
2474
2584
2533
2426
2306
2284
2425
2633
2467
2399
2301
1984
1992
2032
2242
2458
2726
2803
3019
3237
3352
3658
3887
4420
4656
4704
4807
4950
5093
5033
5066
4884
4557
4124
3736
3489
3101
2679
2215
1705
1153
407
-255
-758
-1273
-1724
-2317
-2836
-3435
-3980
-4363
-4433
-4544
-4704
-4671
-4711
-4744
-4730
-4672
-4444
-3946
-3566
-3246
-2970
-2820
-2638
-2292
-1863
-1444
-1080
-765
-641
-560
-570
-433
-288
-159
-82
-45
54
44
38
-78
81
160
224
405
544
818
977
1291
1492
1790
1968
2125
2361
2478
2705
2843
3102
3250
3213
3171
2820
2764
2621
2568
2640
2568
2341
1952
1580
1119
897
663
584
442
81
-205
-479
-778
-864
-860
-922
-922
-1003
-1171
-1194
-1083
-882
-708
-443
-115
-136
-165
-151
-9
364
523
593
565
546
585
633
799
920
926
823
620
574
593
556
762
901
805
633
508
534
672
821
845
1057
1089
986
1055
894
919
957
949
1086
1098
955
790
619
381
261
223
338
331
18
-14
-194
-438
-595
-772
-708
-636
-751
-901
-1109
-1222
-1303
-1184
-1089
-1159
-1209
-1322
-1315
-1169
-1091
-997
-960
-893
-924
-854
-707
-581
-349
-261
-95
77
119
243
429
834
1003
1061
1193
1239
1290
1367
1549
1843
2071
2197
2286
2294
2420
2405
2524
2727
2895
2871
2735
2590
2394
2225
1894
1997
1841
1735
1469
1190
1004
606
351
283
319
205
147
24
-112
-250
-445
-472
-578
-667
-556
-503
-562
-614
-589
-552
-640
-653
-659
-608
-695
-634
-685
-776
-824
-932
-951
-1022
-874
-882
-761
-709
-677
-616
-599
-500
-410
-108
-32
267
451
621
888
810
1275
1671
1843
2185
2493
2427
2412
2438
2454
2754
2766
2705
2532
2100
1767
1561
1324
1157
1003
677
410
101
-236
-444
-512
-505
-460
-563
-721
-908
-917
-748
-777
-759
-702
-562
-617
-510
-293
-121
66
212
303
341
404
300
347
443
411
408
303
239
253
84
39
-26
-83
-239
-114
91
170
86
-23
78
445
803
1038
1214
1213
1187
1301
1680
1998
2315
2452
2632
2543
2306
2258
2237
2286
2289
2143
1846
1434
1084
940
744
289
184
-5
-504
-828
-929
-1067
-1174
-1282
-1300
-1292
-1429
-1448
-1444
-1265
-1044
-912
-801
-701
-733
-546
-351
-170
98
223
340
389
279
368
382
274
331
310
373
282
155
78
25
1
42
182
357
439
461
445
526
777
1121
1295
1541
1646
1731
1925
2088
2340
2534
2606
2613
2549
2450
2333
2154
1930
1993
1693
1232
860
463
114
-87
-328
-729
-1049
-1475
-1607
-1830
-1796
-1905
-2167
-2261
-2249
-2131
-2145
-1959
-1887
-1548
-1484
-1305
-1139
-1132
-917
-736
-481
-269
-38
86
4
170
253
247
240
136
153
96
148
100
96
108
132
159
266
388
374
471
709
935
1091
1219
1276
1518
1693
1839
2051
2235
2358
2358
2462
2562
2513
2311
2255
2280
2044
1714
1485
1141
835
561
56
-281
-599
-944
-1148
-1583
-1812
-1780
-1874
-2044
-2090
-2116
-2146
-2148
-2060
-1862
-1709
-1404
-1370
-1332
-1168
-977
-645
-463
-217
-93
-18
37
74
-4
-28
104
72
111
36
-138
-155
-185
-108
-139
-113
-41
-71
-83
47
118
212
427
527
513
686
914
1161
1515
1714
1705
1873
2027
2147
2277
2376
2390
2352
2116
1883
1781
1568
1376
1133
909
601
189
-100
-317
-661
-762
-912
-1128
-1410
-1614
-1599
-1705
-1770
-1686
-1555
-1569
-1589
-1433
-1341
-1118
-987
-889
-714
-444
-464
-460
-384
-228
-84
-196
-116
80
240
30
5
245
291
417
534
488
427
426
415
402
517
710
864
911
715
628
714
891
1094
1132
1202
1088
995
966
1046
1112
1121
1150
1038
761
517
316
271
257
206
28
-314
-573
-732
-954
-1081
-1096
-1146
-1183
-1284
-1485
-1640
-1608
-1547
-1528
-1304
-1103
-1036
-978
-874
-879
-852
-692
-405
-248
-268
-174
-250
-268
-308
-234
-600
-940
-442
-150
183
615
107
-520
-248
-118
321
793
890
1010
1236
1344
1418
1242
1068
1001
1169
1283
1137
1682
2169
1336
806
732
-348
-415
-158
186
-97
-344
-519
-911
-1656
-1399
-1365
-1453
-1049
-1063
-1341
-2059
-2631
-2806
-2491
-2094
-1854
-2058
-2495
-2973
-3230
-3015
-2494
-2083
-1499
-1521
-1449
-1443
-1287
-785
-1191
-469
-515
-679
263
-30
-314
183
372
-581
-358
127
-81
193
84
584
763
-138
791
164
-175
628
1142
1021
592
627
726
854
889
637
756
917
1465
613
1166
792
343
966
1086
186
301
684
-1189
34
-665
-513
-379
-953
-1393
-1501
-2281
-1660
-1946
-1778
-1286
-2842
-2313
-1291
-2293
-2994
-1693
-2042
-2353
-882
-1053
-1502
-1473
-1901
-850
-591
-1054
-41
-323
-338
-371
-141
491
863
35
752
208
1040
650
1276
971
84
1511
1421
605
1115
1338
1102
460
1831
740
1380
1264
1285
659
520
1115
280
1901
-856
214
943
-208
-355
819
-296
-1223
349
-308
-1360
-633
-1429
-783
-1176
-1456
-2046
-1448
-1877
-3028
-1754
-2560
-2572
-3546
-2291
-1361
-4209
-1076
-2351
-3259
-1411
-1612
-2020
-2685
860
-2315
-1127
-4
121
-819
-322
0
-258
905
2612
-916
2185
566
110
1513
736
1479
1414
1345
737
1156
801
2648
534
1793
1420
2938
-267
2179
1405
746
943
2317
854
1529
1923
592
460
432
2170
-152
1181
146
469
430
-372
-532
-1120
-242
-2230
288
-2227
-2442
-319
-3435
-1800
-3984
-897
-3097
-2332
-3094
-4109
-1492
-3707
-2763
-2476
-1994
-2964
-2202
-539
-2449
-520
-1508
1
-1169
-452
1115
-367
-144
870
916
-296
2812
-1203
1882
260
2031
158
2406
1571
586
1632
-98
1678
1071
2637
1558
3949
-453
3045
927
1453
2911
2931
231
3160
813
1599
2593
372
2321
461
896
-66
799
1027
-422
896
-1173
-1066
583
-1892
-2175
-1153
-1335
-3187
-1777
-1254
-2834
-2190
-2812
-1969
-2758
-1920
-2830
-1607
-1084
-2320
-1235
33
-1350
631
-1509
303
261
-1712
2255
-2243
3212
-487
1595
592
-553
1657
-712
2262
-708
2463
-89
42
2032
246
158
1259
562
-755
1916
416
1523
-57
477
2319
78
1839
2204
1168
2074
1396
2036
783
3136
433
1187
1154
-314
1680
435
464
-425
271
-2803
-219
-69
-2820
-359
-2061
-3592
-1298
-1358
-1508
-2538
-2037
-2126
-2542
-1372
-678
-630
-2703
-451
-1376
-584
133
-338
264
1917
-1118
812
1502
1311
1764
-907
2417
428
-269
2923
-326
1557
1524
-256
1716
403
537
-1008
690
364
-296
2631
214
-221
-637
1663
-176
1695
474
1175
1570
-577
2186
1808
-124
1831
-212
1842
140
166
913
124
-804
-1061
608
-2299
-882
-645
-2189
-1899
-217
-4491
-252
-3649
-3141
-241
-2719
-2038
-2119
-1066
-2395
-498
-1111
-734
-354
1086
-371
-86
2996
-166
1675
1846
1445
765
2387
1423
1875
1106
2477
546
1616
955
1609
991
-63
1871
-665
1430
506
441
-463
-491
667
226
605
-275
1375
-109
422
-149
1167
384
573
1576
1840
677
-62
813
436
1317
2729
20
899
256
-1727
-108
-616
280
-664
298
-1849
-3256
-1660
-1287
-2344
-911
-122
-3252
-775
-247
-3430
-1390
640
-730
-428
1610
419
-572
3064
-124
2144
1963
1759
2126
2240
2399
3889
-324
2552
2635
1174
1423
3418
1334
-282
1401
-1409
1108
1085
-310
782
-428
256
-1656
1168
-1695
705
1111
-724
505
583
-182
-106
1633
894
438
175
843
932
764
754
496
-286
105
1033
-149
-1769
-305
-232
-1143
-2242
-649
-1612
-3189
-972
-2823
-2317
-845
-1435
-3017
704
-2353
-744
-297
-1180
187
412
1144
157
3408
723
999
3333
1301
2799
4396
688
4159
1880
1301
4441
1491
3002
1642
2297
-252
2380
1482
458
413
718
-642
1924
-112
698
-845
1
281
487
1272
-2281
2940
349
329
1798
1060
-227
711
2346
686
1544
127
773
-282
215
1309
-2453
-258
-152
-1132
-1513
-790
-1884
-1969
-1354
-2652
-1576
-1428
-922
-2108
173
-3369
148
-647
-968
2426
-1752
1555
1173
604
336
2858
1200
1256
4183
1591
1880
3814
1961
2486
2499
2537
1565
3496
3276
932
1725
1926
2597
-1894
2080
1952
-1622
3288
-45
-1655
1818
-752
520
-274
1321
1290
-1033
2046
-845
1522
-307
1300
793
393
3052
-164
2126
1823
-3026
2257
937
-1468
-567
-29
-1740
-1707
185
-2510
-15
-1121
-1547
-2435
-953
-902
-2182
-527
-2439
40
-2132
463
1059
-452
1355
-1226
2794
2062
995
2504
2197
2188
2702
3111
1970
3120
2665
2286
1881
2123
1331
1916
1847
2137
1613
442
835
2551
-705
1490
-756
947
548
-1704
1461
84
-752
-608
1065
-347
1418
1322
116
3136
-1088
1365
434
94
3285
-1373
2064
-1087
1736
-2433
381
-595
-1818
374
-2627
-19
-2437
-383
-2914
-1193
-793
-1632
-396
-1140
751
348
-1940
1751
1531
-2034
1876
2119
3041
2203
2139
2112
686
2345
2191
3565
3901
1514
4199
2118
3193
783
2708
4486
405
2392
1841
2277
150
2560
600
-839
2928
-1246
2969
-404
427
-1330
1742
1276
-3236
4039
-1594
13
543
-1555
679
1198
-720
-1365
483
-91
1073
26
-1079
135
-994
-2865
-329
742
-2293
-1612
101
-3699
-1145
-1517
-2246
1253
-2468
-968
700
-88
-1051
1578
403
-98
1537
442
1593
1696
3220
1856
2821
1834
1644
3413
2878
1702
3980
3694
1694
2772
1595
2884
1799
1830
2643
1667
1090
3169
1044
538
2491
530
-101
3514
211
341
863
-1044
3241
-205
2926
-1137
1301
-367
-1772
2648
-507
398
-366
-876
1361
-2923
291
885
-2875
-126
-1251
-1089
846
-1849
-2290
502
-2114
-1236
-1242
21
-1727
-1399
-14
-510
779
1362
-1233
3329
-922
544
4036
-1293
3496
-711
3236
3318
766
3148
1210
1495
3843
1655
2333
3112
636
2555
1583
3788
-467
3147
2840
-2019
2508
138
-93
1401
1303
-606
716
85
-143
1162
-1580
1818
-1522
1236
429
-1397
321
783
-765
-1016
935
-440
2136
-1667
-207
514
-2036
-1332
1552
-970
-797
-874
-1009
-193
-812
-887
12
-712
571
-623
-56
1213
-1102
1747
-454
2821
1286
580
2388
1468
1375
1592
2231
2132
723
3467
1650
3158
2985
2641
1682
237
1334
1895
3335
1068
3894
76
-255
-126
-169
1256
513
1698
2000
-3317
1138
70
-218
-654
1188
-2010
-2021
1621
-249
-971
-1563
148
-2401
1649
-1356
986
-2128
1926
-2156
-585
-740
-498
-883
-1813
-144
-832
1066
-760
-1540
85
-1444
370
2864
-161
-304
1965
-708
891
2875
1147
1733
2543
2900
1639
4081
1251
2306
1963
2936
2800
4480
1715
3282
903
3431
1566
2581
1693
710
3253
301
1989
1561
1078
-437
873
-668
175
1140
-600
-520
237
-3199
2119
-3262
-2954
646
-2509
54
-894
-1080
-104
-2328
-1532
-2920
611
-2179
317
-919
-1527
533
-1041
-2566
534
-2637
90
1103
-873
694
-608
-984
-813
1142
-332
854
-62
893
1681
733
2666
88
2276
1512
643
4508
968
3280
2142
861
3430
2769
1809
3375
3712
1164
1719
2679
3833
1238
4041
679
842
1792
1345
1807
863
666
-278
365
-1486
860
-44
-469
-1204
-1977
993
-608
-4320
824
-1389
-2238
-562
-1430
-1312
-2178
-1397
-707
-1353
-1344
-554
699
-2246
-800
-572
-1857
-1641
1019
319
-1085
1035
-2569
1383
-1098
914
-576
656
1378
-499
1641
-731
1813
2490
-585
2298
2818
1417
1095
2144
3403
-933
4264
3281
1359
4393
1327
4091
2792
854
4355
1449
673
2324
3081
-126
399
2053
-1876
1040
466
498
-565
-507
-2269
-765
603
-2661
-979
-1694
-1021
-1901
-1222
149
-1469
-160
-3655
836
-483
648
-1523
1483
-999
-1463
838
-526
691
-1377
2092
-748
1357
-1021
953
-10
983
1086
525
820
-2241
3528
-2443
2431
930
-446
3167
-233
1666
-528
1943
783
2847
670
-53
4066
149
2054
1612
2283
439
2363
1425
2398
-309
2403
1086
-1310
575
452
301
-1632
894
-1416
-202
-1439
-521
-227
-1832
-512
-2135
-573
-2393
363
-3241
-2153
-396
-2211
-874
-2263
-5
-2317
-785
680
-1466
-1836
391
-517
-1324
1977
1230
-1299
642
3438
-1595
849
1454
-547
1855
2380
-1262
2652
1291
944
875
-343
2843
323
1770
2577
1493
964
1704
-426
642
997
1576
1065
1963
763
545
990
-465
1516
-220
1274
1624
533
-245
64
-696
-514
776
-1690
743
-1339
-1035
21
-3177
-1612
-181
-2469
-2058
-896
-2141
-1807
-1458
-2042
-1529
52
-2428
1191
-1566
-1670
1765
-1870
980
-1101
1799
-208
1485
-2226
1404
55
524
2025
-1103
3341
-1352
727
1104
-81
767
-444
1355
1347
-1188
708
-56
1637
1969
-668
3428
-1143
2265
1484
277
1617
625
1320
153
883
-517
871
2556
1410
491
-330
441
-2261
334
-152
-313
-532
-855
-41
-2042
-1790
-1467
-2261
-1092
-797
-1574
-390
-2658
-1962
-1595
-1891
-1721
-2911
253
-134
-1273
736
-1639
-2328
2058
-3284
1033
851
-1329
454
236
-287
809
109
-1857
3257
-2036
1487
1308
-2064
1580
-870
-707
2373
-1280
1580
-1146
2641
-638
51
2235
-499
4406
-104
2357
1046
195
226
652
1020
278
3145
-275
1274
-211
-971
441
-37
284
-1777
-305
840
-2139
-2257
8
-3398
-2777
-59
-2297
-2076
1069
-2041
-2592
524
-2252
-1022
150
-1118
365
-1412
35
-742
133
-1765
139
1946
-979
-401
-134
-740
-1857
2251
-149
297
-1259
1345
-270
49
-44
-1098
415
-1025
1426
-963
1910
-1137
225
2250
292
-408
1384
1639
794
2347
3065
1032
-438
1947
-1730
630
3477
-2623
1969
726
-162
-246
-2651
981
-992
-1429
-119
30
-2130
-3058
-441
-1895
-2611
-1724
-493
-1916
-320
-1635
-2923
-204
-2837
319
-1806
1852
-1642
-812
-420
318
-15
1654
-1280
-161
2033
-1538
1514
120
-65
891
-675
113
910
-2167
287
624
35
1119
-879
746
-1593
1874
-689
-740
2740
187
-1599
1948
281
1203
1846
1281
690
2108
542
1089
2973
1789
1014
911
1084
-797
-462
25
2610
-1666
2345
-1886
-2224
-2666
-1107
-1341
-2672
-386
-2345
-1262
-2779
-1286
-2821
530
-3830
-2451
-935
-1453
-242
-725
-647
-2030
-1395
-1116
1163
-2016
2893
-2757
3379
619
-1144
868
-765
2148
-3230
3376
-139
46
201
-541
-710
-419
2314
-3650
-616
1279
1582
-1485
716
2012
-2219
877
2018
-101
2309
2721
947
-63
3277
-1307
1155
3159
67
2508
2253
45
-266
530
-287
75
655
528
-203
64
-1377
-2025
-2199
-2121
-2088
-516
-1062
-2182
-1206
-1824
-1014
-1251
-2234
-1809
-2015
-297
-52
-808
1602
-1271
-2341
1638
109
-3085
68
2270
-55
1212
596
-574
-272
-2311
718
-445
-1222
-274
96
1857
-1570
-22
231
-1332
-520
-164
1210
-205
-1683
1973
1335
-1787
1372
-534
1794
-215
2521
-1686
1968
3287
-1279
4596
-403
-293
-359
2466
-1883
235
-934
-512
-1581
-1614
-1743
1814
-3775
-1303
709
-3895
-848
-2434
909
-3487
15
-795
-2424
-1044
-1194
-2521
-2243
3987
-4546
1737
2962
-2532
353
1964
-1944
-1334
2151
-2310
-927
1935
1020
-2132
1810
-2220
-2913
975
2533
-3195
1883
1848
-1654
1876
-328
224
-1292
298
-1812
-576
3311
-1663
1955
4090
-1068
361
321
461
-1004
3729
2336
-419
4424
-2432
-919
1582
-1969
-9
621
1437
-1581
-1271
-781
-1295
-2900
78
-2788
249
-1236
-1176
-1134
-4029
-870
-1351
300
-1666
-178
-1326
-329
-567
10
-1240
2069
862
-822
3169
-1306
-567
593
-2158
261
949
643
45
-280
-644
-717
-291
-1043
1307
-1603
1842
2613
-1496
1037
1196
-2615
-752
2059
-566
1740
1791
-2067
4029
-667
271
641
2178
-1814
661
3131
-78
-1132
3115
205
-2013
920
-460
-479
130
-650
-1900
1277
-958
-1763
-691
-812
-2457
-302
-2473
-1085
-450
-3034
-1055
635
-2919
1861
-1165
-1216
344
-1498
-606
-630
2015
-758
346
1525
-505
-542
1200
400
-403
1000
-214
1858
-859
-408
1924
-766
859
-2233
1707
-514
449
-640
1301
-155
-214
2063
-2992
3089
-1972
460
3013
972
-305
1724
687
-1462
945
3100
-121
486
647
497
-1976
351
185
137
291
-1324
546
-3468
40
-1172
-915
-954
-591
-2313
-1613
-820
-785
-3925
280
-910
428
-473
677
-1347
-1325
820
-2060
-1938
129
1369
-45
1292
1220
-409
-99
-571
-139
-211
443
1147
-611
3192
-1491
-374
911
684
8
-2753
4118
-485
809
3176
-2642
3095
-1304
-2296
3768
1227
-1758
2169
3395
-1061
1666
1600
-1253
3572
-431
3048
1420
-415
163
1018
682
-2314
1165
-2582
1354
-1109
-1559
-13
-2069
-3784
80
-912
-1032
-1022
-938
-1299
-2020
-727
-2381
856
-2387
614
-2008
213
-1821
-409
-601
-93
168
395
649
128
1171
-1170
475
-295
-69
-1957
4780
-294
-3238
2546
-802
-2062
436
-378
-776
893
1737
-528
624
794
-2038
-975
178
760
-461
-546
3340
-1674
633
1548
-440
-494
-893
1925
-795
1769
104
547
1713
-3354
101
-1438
-1230
-1338
2482
-1439
-256
-922
-3413
-704
-1732
-1023
-1774
604
-1759
-311
-3068
1261
-465
-3355
1737
-363
-2485
2473
-1091
-942
2525
-2752
1129
596
249
-156
1484
2123
2170
-2164
-853
4069
-2182
958
3029
545
-2720
2190
-1443
-2577
2714
-2530
2610
2647
504
-1606
174
2395
-2822
3124
2501
-462
2062
1170
-373
-237
51
-169
-41
1960
1700
-498
-993
-176
623
-722
-1127
-1583
-790
-987
-1741
2541
-2412
357
-996
-3288
-1810
-1719
280
-1739
872
-697
-211
1042
-2967
276
166
-3244
563
1350
1573
-2130
1241
893
347
551
899
1701
-641
2147
669
764
1800
-1901
3204
535
-1900
3185
-2464
1883
1010
-591
824
2164
-183
-2619
3348
-585
-1817
2178
780
1359
-968
2224
347
1217
1047
-1076
1972
875
2011
-1042
3400
-661
-937
569
-2462
-732
-572
-1204
-1266
1116
-2268
-1544
2768
-2016
-1907
-206
-606
-694
-1404
1619
-1444
84
-800
-783
827
-123
-1178
186
2695
-2126
1378
1105
-1295
1745
-1209
1727
-1110
1881
-91
-442
3121
-2136
665
935
-2836
838
-949
2444
-792
-142
2670
-3206
2207
450
-2086
4275
-1137
-2735
2325
-384
-3376
2401
3560
-948
876
422
-809
-813
2274
319
2774
1553
-550
973
-1423
635
-2764
-1286
1965
2428
-2029
1032
1031
-2995
-1140
1946
909
31
-444
1757
-247
-1111
1539
-1377
1627
343
762
73
2997
-1239
785
1408
-1282
482
1023
-389
1430
1078
-1264
404
1405
-1865
-1021
711
-779
242
264
-1637
1397
-3123
914
283
-2437
-419
-1929
3142
-1828
-150
-381
-122
-1097
-153
-844
1217
-94
187
259
1668
-3069
1100
-378
-1707
1675
-618
-518
-1951
2440
-4757
-1524
1903
-2684
-1334
2641
-1680
-1181
-79
50
-2104
-689
259
-996
-193
-1920
711
-44
258
1077
1009
1141
690
851
1234
2128
955
-79
2487
1746
-386
1670
2752
689
205
2331
756
-841
451
310
656
587
672
372
-2026
-60
-460
-1430
-411
1646
-1665
-452
1360
-1479
-336
1940
-501
-913
1044
535
645
274
-442
168
141
555
-850
1004
514
-286
172
-852
-1332
582
-543
-1399
-364
-254
-2265
397
1006
-2980
1585
1333
-9
272
1130
141
-311
1707
1835
1172
1814
67
722
2996
811
1132
1456
2140
783
1448
2801
1022
-1572
1720
1439
-331
-28
573
267
1020
1525
-731
971
886
-2489
553
1329
-971
738
2214
-297
-1304
1577
252
-818
5813
-124
-1637
2921
-1786
-2444
1923
264
-1028
2154
618
-493
-2130
488
-935
-1381
1080
147
605
671
838
-3361
-1262
-587
-2285
2381
-443
-627
1624
-975
-980
2186
405
429
2297
2158
-1203
4796
70
422
1121
571
1253
407
1411
-1550
994
2137
-1057
-1512
1636
-2088
-424
749
-800
-635
127
1161
-635
-802
548
918
-649
172
808
-441
536
528
753
-1563
862
-2064
1855
137
-880
410
-863
688
277
1444
-1785
1879
-700
-658
-726
205
-1100
-1991
-239
653
-1772
-1665
1003
-644
-1351
-194
755
1055
-1625
1513
1874
-2477
-73
1591
-109
2144
2766
-1500
1617
-383
-994
1457
3149
-1556
1902
1749
-2679
1592
1319
-1358
1351
2145
-1568
-163
2271
-2237
-1715
1741
-819
-1506
-140
52
-2166
-311
2062
-1572
-119
-1865
-2527
-287
396
-2374
-59
-343
-3054
-507
861
-1319
-1223
2707
-2455
693
-801
19
822
-1486
17
-1612
-506
-1926
-1095
-156
487
-283
827
-524
19
-605
-345
622
1009
555
-2444
3789
829
-3290
2426
1422
-1473
91
942
-20
1300
2775
32
1514
1040
-1455
1751
-1235
1706
585
-457
-837
1498
-235
-1455
2116
-982
-1977
2054
-43
-1119
846
-1887
-249
-223
845
-3167
1453
920
-2155
-703
33
513
-2615
1896
-901
-1344
-331
89
-680
-203
-709
-2213
1817
1194
-1241
1849
-237
-78
-558
2512
359
-2948
1670
-938
94
2095
-50
-892
34
3228
-1542
2427
3214
-1167
2100
880
685
1244
177
-1186
1306
-1735
79
534
-774
-137
-1279
-2571
-682
257
-1740
-1335
384
-1163
-892
787
-566
-1884
-1309
-451
-1459
-2037
375
-304
-1101
-658
261
-664
-1944
120
-1407
-3062
-518
-852
87
-648
-1777
-335
-2131
-1812
-313
134
-1824
1684
598
-1685
-504
602
380
-1012
2690
687
-1319
1980
-2150
-553
800
-74
256
638
1151
-2241
1472
1411
-234
1141
1503
-801
-79
2199
410
-211
1604
684
-1261
85
1525
-1803
655
1114
-1745
786
-471
-1305
-1305
101
-88
-1783
1001
388
-2329
-64
-1125
-910
184
-245
-520
-568
2077
-2097
-1760
776
-649
-701
230
696
105
4
-561
-228
267
204
-623
-1299
418
8
-527
1989
-689
-865
2551
1549
-146
1873
431
660
0
990
2142
686
538
56
277
188
-125
255
1523
1199
1222
2109
-828
-726
-1410
-3371
1383
2682
-2116
1694
1199
-4114
-512
750
-3803
2774
755
-2141
2002
-700
-2443
-369
1220
305
-242
904
1626
-406
993
580
2135
-825
2025
1231
-1513
1522
86
262
1029
1864
-2464
175
1488
-390
435
1266
-349
-690
-99
-194
584
2028
837
-757
1602
-550
-555
843
1278
-217
-486
682
-618
11
921
-1585
935
-926
42
2153
-547
21
-96
-46
707
2543
-978
790
-332
-2543
9
-2073
-770
-83
-286
417
1137
-849
-1510
-826
-1432
317
34
-563
-2062
-1634
-2428
-1997
-1546
-1423
34
-1084
-889
589
528
-354
1680
405
368
322
645
642
744
673
-598
281
-73
561
2213
2031
-1166
1078
-1209
-109
493
286
807
203
464
-1164
-606
502
670
-129
524
601
-1480
-218
543
191
722
-567
117
-525
-360
245
382
230
-447
85
-334
-515
-411
452
395
-1015
-686
427
417
-1067
137
186
55
405
-605
-697
311
-1068
-1503
-255
1464
-1843
-315
1299
-2060
-628
674
-1
209
1452
-468
98
1355
544
136
2161
29
75
907
-393
-89
-63
-27
406
613
-16
-558
98
-853
808
717
-756
2496
485
-418
888
624
-970
57
209
-1276
642
617
305
269
-1520
-1021
-240
-1910
-1393
872
-1027
-40
1154
-1337
-286
232
-938
18
2149
-573
-747
360
-457
-2102
1305
786
-919
938
-144
-1521
477
-367
396
2165
69
-641
13
-696
-2561
1464
641
1162
2531
489
-11
2151
212
-658
4065
1144
-499
966
923
-642
-98
1277
1003
804
2109
745
810
1290
641
1337
2012
496
-1065
767
1048
249
310
1147
1527
-644
507
1067
-114
-766
1880
565
-822
90
-75
120
734
-1217
-366
1001
-489
-598
600
-600
-33
-539
-581
-23
-410
-1398
-217
571
-1102
453
946
-81
-705
-1002
-1054
737
310
-496
1288
877
-339
1252
-177
-89
-819
-754
1344
1285
214
972
2228
-1088
-24
2131
-656
501
1546
809
1726
2958
-194
-105
722
-1539
-492
1377
1684
-6
711
1066
213
92
-485
1398
1489
941
2178
1171
-282
-994
-1433
-135
703
-89
128
435
-702
-2283
71
-492
-693
90
495
-488
-32
-1255
-1599
254
-1834
-177
2084
407
-1385
-146
-1625
-2292
597
1272
472
1456
-396
-1664
935
-923
-468
2131
1496
74
120
-495
-307
221
-964
635
1795
-692
-994
810
-150
-548
1596
41
-219
728
297
-448
687
1601
408
2900
1081
16
536
890
150
243
570
-94
47
-506
-757
-974
-1737
-1798
-354
-740
224
582
-1929
-1002
-695
-1737
-1157
-175
-963
-1723
-609
-460
-1158
283
-442
-1261
-299
-659
67
590
-316
361
103
-13
252
32
-408
182
-52
1048
2138
591
868
1042
-841
-1261
2029
338
-702
1387
211
-656
166
93
-182
650
751
-137
583
1039
-63
1120
1933
902
-880
980
1451
161
1029
1983
888
-11
317
-1264
-411
3
-1831
124
582
-1014
-439
-640
-1580
-1739
-807
181
-132
-796
-466
833
919
-327
386
1268
-332
-697
752
522
-411
1316
742
737
823
-460
-1345
741
494
-230
1321
638
-111
-401
746
155
1494
-280
454
2085
323
58
1105
2113
1118
1629
1969
731
200
496
541
560
817
-172
-120
1580
-84
-1326
789
346
-1650
793
-142
-1403
-260
-600
-1007
-1284
-1064
-979
-153
-708
-192
633
1270
312
-442
-454
580
-384
-275
500
-122
-436
-556
-527
-247
-632
-1004
-636
-230
504
-64
1326
772
-228
233
1214
769
547
986
274
685
1043
1257
1118
373
273
518
1103
1557
2151
2246
1359
862
1016
356
833
774
1131
790
1369
1106
1
266
-476
22
1178
1609
767
1952
579
-193
361
32
-395
-409
362
-810
-165
409
-152
-563
-1008
-1005
-1054
-76
14
-135
-342
-339
-784
-796
-344
-859
-60
1374
1637
1586
2092
558
-524
-137
-609
231
1955
1287
1188
1002
-36
-563
-414
-49
1011
1506
1923
1556
763
47
-339
-689
373
1934
1886
1982
1033
95
139
617
859
1612
1124
-146
144
219
79
135
-298
-354
-299
41
300
-323
-415
-564
-119
-11
458
648
348
235
-957
-250
-424
-290
-34
-451
549
619
541
-326
-594
-1156
-840
-177
-214
729
915
382
85
485
506
-473
-309
790
779
99
-154
21
-734
-467
139
274
384
1014
837
1017
1169
1090
1285
1292
409
700
970
1038
1214
56
-576
-1127
-969
-791
-588
-400
-1106
-445
88
-399
-1026
-352
455
196
19
122
-26
-188
-1155
-1385
-633
-40
305
-301
221
85
-34
-384
-980
-478
-454
-568
245
-8
-1316
-1546
-1074
-1639
-748
146
-444
-245
450
-479
-936
-248
-725
-473
617
1627
671
283
341
10
-568
-1104
-691
473
341
-171
-260
-424
-698
-723
-190
-125
-349
-698
-504
-76
-281
-96
42
485
792
365
886
457
-143
222
616
81
82
400
-42
-335
-72
-1028
-1065
-467
-503
-469
-556
-1120
-1347
-1637
-1328
-335
-228
-240
171
266
36
-6
138
-36
430
856
959
1135
971
73
66
557
501
572
763
966
1013
465
120
149
-145
-234
-284
-64
-15
-586
-660
-477
-560
-497
102
143
267
32
187
480
668
787
610
314
159
20
517
794
537
337
-425
250
542
318
-379
-301
351
-17
-310
90
-304
-318
-363
-737
-1023
-586
-769
-1241
194
138
-158
77
278
-524
-666
129
-168
253
453
707
575
618
468
-264
-257
-93
175
792
612
841
1112
421
449
-352
-710
-255
582
785
1424
878
479
454
-508
-879
103
508
113
804
543
376
164
-487
-224
60
265
513
233
68
-520
-873
-443
-267
-278
186
-15
-618
-493
-678
-672
-913
-19
-187
-420
-393
-505
-771
-829
-761
-569
-202
20
501
47
152
-396
-1103
-1042
-721
-570
-432
-270
-421
-903
-1008
-541
-488
285
460
281
106
-341
159
-27
-737
-696
-813
-652
-117
77
-427
-878
-698
-745
-1167
-754
-689
-380
150
333
-175
-646
-881
-597
-518
-206
302
-545
-916
-385
-742
-1218
-584
-662
-662
-322
-502
-651
-451
-1103
-1624
-1335
-1138
-669
-467
-229
-497
-1085
-543
-142
141
-15
206
224
-446
-1193
-1213
-990
-1271
-861
-802
-322
-296
-895
-1292
-1220
-922
-466
-194
18
213
-312
-124
-228
-168
-45
21
-137
-167
-248
-300
-452
-265
-230
-250
-291
-203
-487
-1099
-1040
-1044
-584
-472
-472
-290
-44
-121
-114
-200
-242
-84
-211
-142
125
554
330
152
-238
-727
-850
-563
-384
78
129
-647
-905
-652
-1128
-1298
-1198
-1275
-911
-283
107
-318
-286
-406
-244
52
46
111
39
-243
296
697
588
976
202
-458
-520
-380
12
214
388
-280
-434
-562
-622
-164
-145
-122
-197
257
856
515
4
-43
-131
-83
148
79
363
351
221
191
380
694
412
375
278
-468
-220
254
17
-423
-149
-167
-396
-231
-691
-802
-776
-890
-555
-511
-609
-370
-386
-449
198
76
-203
389
269
265
704
860
1008
1035
708
569
1083
776
569
333
406
716
969
800
452
177
120
-63
10
133
405
331
46
250
194
141
466
893
591
624
524
181
631
975
924
527
812
461
352
465
207
731
878
1075
766
424
-199
146
227
-217
138
84
-300
-301
12
376
83
-369
-81
-160
-423
-123
57
-175
-54
-167
247
483
-12
49
181
17
187
146
245
687
718
565
873
383
87
768
584
668
971
625
533
483
102
169
163
63
32
375
972
979
706
645
462
275
32
180
54
-4
33
152
140
-207
-36
-239
-528
-373
-265
-284
-53
-79
24
238
552
416
573
567
194
374
509
675
558
414
161
61
-155
-201
-312
-378
-760
-470
-182
-188
-310
-598
-631
-780
-426
-189
-444
-18
466
428
819
718
691
1060
1222
761
884
1341
1044
1166
1250
1146
825
500
-81
-533
-656
-582
-460
-458
-285
-518
-909
-1189
-1014
-1164
-682
-426
-371
-283
-400
-194
-163
343
460
122
190
-54
-118
122
308
235
169
218
-356
-523
-705
-1237
-1171
-843
-968
-776
-438
-757
-1279
-646
-282
-267
-61
59
377
621
824
632
621
556
548
474
508
279
252
307
261
238
76
33
65
-90
-401
-515
-266
-112
-255
-340
-811
-579
-321
-185
266
313
148
230
454
526
111
388
783
872
698
447
568
447
-60
-67
-11
-255
-265
-257
-52
-387
-696
-926
-925
-760
-427
-148
-245
-660
-825
-1046
-1097
-940
-615
-368
-450
-545
-728
-664
-414
-366
-279
-147
-151
-227
37
203
266
743
861
945
787
285
377
345
267
394
373
77
-1
-310
-691
-695
-672
-870
-552
-37
-106
-67
45
-61
-216
-91
344
522
845
910
724
673
745
671
391
630
390
534
489
209
115
-476
-912
-626
-555
-726
-601
-923
-1164
-1108
-1169
-1455
-1228
-812
-661
-97
212
396
367
126
-83
282
671
807
966
795
289
-6
-32
-311
-386
-299
-91
-254
-224
-565
-1097
-941
-740
-614
-159
309
241
-36
-323
-457
-598
-125
364
775
768
282
87
-138
-286
-213
-162
33
3
-560
-773
-1286
-1514
-1279
-1015
-829
-687
-550
-884
-731
-661
-753
-489
-271
-398
-421
-277
-194
-329
-487
-331
-154
-363
-288
-125
-76
-391
-564
-466
-777
-725
-504
-402
-503
-507
-423
-524
-776
-716
-587
-293
49
-78
16
255
210
43
292
471
-69
-162
336
233
111
66
-117
-353
-732
-643
-385
-175
-156
-194
-176
-206
-397
-635
-269
-342
-512
-716
-553
-511
-548
-187
-175
-423
-672
-625
-633
-581
-399
-98
-128
-319
-489
-371
-320
-241
-457
-225
-69
-251
-122
-297
-401
-371
-218
-75
109
173
101
156
101
-59
-10
-107
-99
103
33
15
56
61
41
125
338
157
108
-221
-650
-798
-437
-220
129
362
91
-432
-759
-715
-601
-158
141
125
-248
-684
-800
-649
-769
-727
-513
-189
10
-106
-227
-209
-243
-298
-233
-43
-176
-448
-479
-349
-332
-589
-669
-630
-607
-877
-1094
-761
-659
-742
-749
-463
-343
-179
-421
-638
-518
-745
-480
-315
-428
-574
-571
-456
-592
-477
-599
-699
-734
-611
-536
-515
-474
-824
-1033
-810
-785
-965
-794
-644
-678
-655
-387
-374
-329
-187
-289
-288
-251
-286
-436
-537
-699
-613
-525
-589
-535
-601
-448
-517
-171
-214
-572
-745
-1054
-1035
-833
-860
-632
-417
-672
-773
-631
-706
-782
-512
-88
-49
-243
-339
-686
-731
-666
-603
-378
-87
-225
-406
-467
-579
-816
-763
-521
-370
-204
-91
7
39
-74
-248
-336
-155
-197
-146
110
104
-106
-271
-310
-717
-1014
-1081
-754
-495
-456
-390
-355
-592
-815
-956
-901
-676
-500
-432
-272
-241
-490
-559
-586
-832
-689
-411
-461
-502
-188
-320
-452
-471
-665
-514
-553
-752
-970
-1027
-743
-406
-411
-476
-621
-747
-840
-919
-677
-440
-350
-443
-380
-363
-422
-475
-456
-297
-317
-177
72
11
-95
47
-106
-222
-211
-301
-529
-559
-359
-99
219
-8
-96
-127
-419
-404
-337
-246
-15
20
-43
-129
-4
-50
-368
-639
-625
-401
-333
-304
-341
-376
-588
-612
-594
-629
-733
-774
-483
-432
-483
-439
-345
-265
-296
-218
-184
-85
-19
-173
-128
-84
-169
-173
34
109
-78
-243
-315
-314
-452
-364
-106
-11
138
0
-103
-13
-195
-341
-23
318
244
325
253
52
-76
-50
-74
113
236
64
-152
-257
-187
-464
-382
-274
-254
-179
-142
-232
-442
-489
-642
-377
-21
163
62
-101
-212
-290
-181
151
267
193
22
-83
15
-20
54
79
217
256
15
-191
-108
-303
-193
-218
-27
125
-40
-256
-425
-351
-484
-310
-102
37
140
52
-68
-98
-188
-346
-281
-13
219
231
324
287
-77
-167
-85
-18
-37
-20
-7
-85
30
-112
23
95
-245
-89
55
129
256
49
-84
-184
-248
-141
-55
-23
-45
-72
-42
-108
-264
-551
-617
-454
-354
-269
-281
-343
-419
-430
-531
-353
-379
-589
-464
-162
-166
-140
-173
-88
-63
-12
-27
-2
72
92
20
50
27
18
-29
-74
-188
-452
-360
-320
-157
-198
-322
