-111
-103
-216
-287
-254
-306
-259
-193
-146
-144
-77
-223
-280
-308
-320
-345
-283
-314
-272
-225
-353
-315
-300
-336
-393
-256
-324
-420
-441
-436
-303
-377
-456
-303
-228
-271
-244
-322
-358
-326
-434
-588
-596
-703
-675
-577
-641
-643
-668
-630
-560
-646
-603
-478
-530
-536
-438
-423
-321
-436
-551
-541
-484
-357
-252
-183
-124
-116
-341
-274
-277
-303
-312
-298
-224
-259
-248
-286
-305
-327
-195
-122
-265
-257
-292
-259
-266
-235
-250
-194
-373
-272
-106
-194
-211
-308
-405
-516
-542
-504
-446
-521
-542
-657
-711
-647
-742
-797
-806
-730
-712
-628
-588
-669
-668
-644
-808
-674
-635
-637
-558
-574
-567
-645
-469
-445
-603
-592
-540
-557
-564
-395
-311
-435
-295
-402
-461
-476
-370
-301
-316
-273
-245
-192
-267
-265
-379
-272
-258
-115
-120
-138
-21
-72
-100
-93
-147
-108
-103
-181
-200
-213
-126
-181
-194
-175
-217
-131
-187
-336
-354
-342
-288
-206
-238
-231
-318
-384
-411
-313
-356
-347
-223
-285
-365
-469
-421
-362
-397
-361
-255
-322
-232
-253
-248
-270
-330
-309
-405
-269
-237
-183
-162
-142
-144
-54
-46
-31
120
149
34
261
293
-36
120
167
78
138
331
243
156
-3
61
42
18
293
158
175
223
374
42
110
424
255
207
182
214
180
89
220
206
38
174
271
-120
171
318
-324
22
171
183
-18
40
207
77
314
313
-105
12
305
54
86
280
202
-4
181
174
91
219
106
293
210
96
167
83
150
109
86
-15
71
26
-113
69
231
65
123
183
13
-109
13
152
91
285
152
359
18
-102
127
102
62
54
176
276
82
68
300
137
122
72
410
149
-69
40
-1
149
51
73
83
103
-167
-103
354
233
5
155
367
23
121
296
-80
134
233
370
146
208
-84
-190
336
159
9
295
132
-32
277
257
-95
413
295
173
344
296
88
83
417
267
165
478
127
16
408
191
126
557
70
-91
514
5
-101
265
281
143
755
419
-1
707
247
-25
614
494
132
500
459
122
154
235
-65
343
450
213
372
221
158
-115
289
117
87
427
251
247
355
214
-32
377
-31
-91
763
369
130
195
212
-126
-89
432
277
-346
380
119
-213
157
241
-169
264
278
-67
425
-56
-213
105
98
79
196
-97
-33
-30
147
-168
334
-28
-420
2
207
-235
-407
368
-230
-296
263
-35
-434
-11
228
-91
-176
588
-50
-278
37
-116
-390
51
334
-249
211
23
154
-355
446
140
-17
485
-34
97
101
309
-76
50
392
-286
241
40
64
89
198
151
-226
433
33
-110
96
-83
138
-224
58
33
-734
91
82
-122
-17
450
-216
-205
404
-49
39
316
236
310
201
194
111
152
231
124
-99
252
72
-168
151
-104
200
54
77
197
78
-22
64
603
-107
-15
822
-196
168
350
39
7
253
315
-110
76
228
-39
17
167
200
312
1
94
84
-138
379
396
69
410
207
-200
-142
579
-19
-50
208
-68
19
-153
553
160
-239
18
484
-424
185
382
-246
225
-135
225
410
-111
180
298
-55
227
364
116
-98
669
-227
154
692
-812
728
182
-347
581
-219
105
299
242
-391
295
390
-229
396
28
12
352
290
-25
-124
323
323
-593
487
35
-284
402
340
-138
61
500
-170
381
282
178
154
-215
339
-341
137
-87
268
69
-431
884
38
12
-243
757
-333
618
732
9
538
44
3
161
600
393
448
465
454
-574
385
79
346
192
368
120
175
775
-303
1071
-449
485
485
-51
374
96
412
372
-80
439
290
-246
551
244
-1
-120
647
223
-254
944
-569
222
33
263
454
-206
542
145
1028
-403
532
388
67
672
-130
375
-177
-100
902
-200
104
-4
470
-250
-170
1074
-833
624
606
-747
753
218
-47
131
1074
410
-557
1051
-310
251
736
-78
758
95
-68
891
-363
-70
893
164
351
52
-64
465
-17
-48
226
574
-821
237
626
-200
441
-29
276
249
-576
542
172
38
693
-66
-278
-120
111
-222
138
917
-744
907
85
-437
371
327
172
27
-221
-170
328
33
135
889
-398
-218
430
-447
1289
-569
948
153
-388
522
537
-617
54
1188
-1048
514
727
-421
-550
916
-287
305
-122
314
709
-926
882
41
-397
869
-259
329
123
597
-554
667
256
-419
708
-243
733
-45
558
378
-157
415
-343
917
29
-127
185
464
-5
89
888
-352
705
-479
1140
73
-55
176
179
628
-268
632
284
483
-268
428
246
172
126
-104
707
-11
-424
976
-112
141
783
-611
703
-498
415
526
-458
813
-191
402
514
-199
110
-379
1069
-317
-314
1062
-1395
752
-250
96
721
-125
481
235
526
-315
361
-20
245
-477
996
-64
-1038
974
-506
-145
-81
-29
267
-736
190
241
-503
437
-116
119
330
-793
1517
-719
-182
751
-158
508
-424
493
413
-75
-99
253
290
-163
104
595
-559
250
294
-364
697
114
136
-582
716
21
-240
-82
353
-418
408
333
-23
108
-1039
373
331
-527
-75
674
-627
286
-450
203
-203
48
-539
186
85
-534
395
-254
63
50
-746
818
-303
-430
535
-262
91
-120
-79
480
-938
651
-105
-663
551
-200
-756
48
16
-334
604
-1204
965
-505
94
-200
-447
-17
-977
260
-776
705
2
24
438
-726
-26
-45
-331
16
-95
-226
-64
-94
-525
618
-195
112
136
-607
915
-325
-268
-14
426
-155
25
861
-225
-644
583
-309
-235
95
-214
-405
-19
141
-819
557
-708
25
-407
-323
420
-1142
597
-389
-804
439
-131
49
-787
1305
-529
-193
937
-956
670
-293
-473
291
292
-112
111
-174
598
-1077
215
448
-729
561
-256
-61
-645
-511
420
-593
-296
-238
-912
-91
-454
36
273
-743
-40
-817
454
-299
-526
1003
-1783
642
173
-783
-183
322
-744
-317
594
-712
-49
278
-465
272
-364
-6
-102
-635
321
-93
-8
136
20
-310
-680
385
-271
-75
-551
-331
-90
237
-260
-385
192
-1795
1159
-1816
526
-856
153
1006
-1988
1143
-786
-334
-271
937
-1067
-65
-53
-820
443
-949
677
-79
-641
-55
-196
195
-152
-385
126
-366
-148
-355
128
-1600
1589
-1073
-169
487
-933
685
-734
781
-1309
893
-750
190
-324
-382
326
-1548
1326
-729
-23
-484
-577
347
-1349
592
-466
-728
694
-756
202
-1177
441
-239
-261
713
-1961
1316
-1087
-562
47
72
-313
-604
144
-2411
2242
-2115
-55
1245
-1608
408
-1023
436
-786
-2
659
-890
544
132
-1517
719
-417
-290
-268
-154
-701
-394
648
-599
-785
269
-663
-115
-134
104
-180
132
-430
922
-482
-403
117
-1011
625
-937
621
-723
-288
-357
263
-14
-221
608
-1998
1721
-1046
542
-974
886
-622
-661
1449
-888
-121
-290
718
-1916
1019
-663
-63
181
79
-899
409
201
-1305
1129
-229
-362
-555
-243
-256
-150
-146
-579
549
-680
-459
-522
1660
-1751
1101
-260
-1346
571
-1263
697
345
-906
656
1005
-2070
880
-513
487
185
-1380
372
-470
-582
424
-1463
397
-760
-141
-130
-1750
2116
-1868
145
-714
-222
-167
-453
-375
-741
751
-1240
82
-748
716
-1535
1236
-305
-83
539
-451
503
-1078
261
-767
-166
558
-103
-1152
1068
-1124
-1320
1484
-969
-1534
1040
-1373
375
-369
-568
-240
-999
767
-1781
1119
-1856
200
250
-900
757
-1398
896
-1057
-649
745
-759
-492
185
961
-1140
-292
757
-1596
-352
377
-703
-57
663
-1377
-461
-93
-812
780
-554
-686
42
277
-1126
730
-1259
40
118
-949
-363
-598
1137
-1677
905
-261
-760
121
-2115
1046
-1153
204
-1070
-663
517
-1826
911
-315
-942
-509
192
-537
-289
509
-1140
561
-2086
459
-724
-859
952
-951
-4
-1815
511
-326
-773
339
-347
-543
-155
-1194
810
-844
-517
317
-833
222
-72
-455
-98
119
-953
58
-262
313
-1903
1549
-1337
210
-854
-493
-631
-976
145
-1341
613
-1992
734
-123
-123
-765
595
-668
-1053
77
-40
-564
-11
-684
142
569
-1421
17
157
-1244
-2222
1407
-979
-1073
582
-307
-726
-420
-353
354
-1103
-466
1361
-1254
287
-980
-62
493
-1278
-572
554
1191
-2078
168
499
-1947
199
-862
921
-2258
673
501
-1808
1293
-2005
33
7
118
-2427
944
861
-2795
1602
-200
-634
-547
941
-2115
51
973
-2052
891
-1133
-1722
493
179
-1168
-11
226
-1640
283
325
-393
1141
-2473
773
599
-1349
411
188
-1569
-302
-585
-288
726
-611
-303
38
-716
-126
-166
530
-883
-752
-936
-1171
107
-1109
-416
298
-377
-1012
316
-1233
-688
-285
187
-835
305
-914
-1102
858
-846
-1255
919
-447
-949
-31
-239
-655
-433
322
-1124
89
-1000
-342
-946
1958
-3559
787
362
-2200
651
-762
-144
142
-985
-108
437
-1626
-167
819
-3046
343
21
-2530
2028
-1379
-1010
-310
1190
-2518
1168
154
-913
193
-1980
865
-1043
-136
-476
1663
-1777
-851
1645
-1424
-353
-1595
2218
-880
-149
535
-1386
-74
-1323
891
157
-391
-770
372
-1172
-1316
693
-1836
175
-19
-1911
670
-613
-539
-1250
795
-1490
933
-438
-260
-528
-787
415
-1039
283
-1012
229
-452
-1466
588
-1074
326
-455
-598
-199
-563
-240
-961
-602
420
-726
308
-1010
-1202
883
-1063
-1689
2238
-1240
-2113
1678
-1690
-823
-606
-249
780
-1106
486
-1063
341
-324
416
92
-861
-923
536
171
-883
836
-2631
18
-1762
592
-1055
-140
-112
-1545
522
-819
788
-871
432
-1029
303
-2243
510
-97
-724
-774
428
-1381
192
1202
-2327
1689
555
-2215
866
-828
-1166
-1107
-64
1200
-2680
290
-421
396
-1364
-257
980
-1028
-874
906
-859
250
-1987
320
-359
-1360
54
-458
-431
-696
410
317
-362
-145
167
187
-994
306
-383
-525
745
-1213
-1388
-110
-186
-698
1319
-1190
474
-562
-524
-1037
275
562
-1227
710
-592
-476
-1334
-460
-12
-1171
275
-941
426
-263
392
-502
-907
638
-1556
1279
-699
-1250
380
438
-1509
-1161
1252
-2947
667
613
-629
-297
631
-944
-682
780
-1240
-53
92
752
-574
-938
323
-1436
-822
176
218
-988
10
1013
-941
96
-276
1210
-548
-817
116
1085
354
-1180
349
368
-1089
-357
147
-160
50
-569
595
-569
-1072
262
-583
-1112
-316
-760
-706
888
-1586
-865
1186
-1149
-807
799
1691
-1700
612
708
-2828
1311
941
676
-693
-467
-841
-1237
517
-1767
246
906
-2104
-356
-59
-1514
-1772
1206
-29
-1622
1165
219
-1773
519
-575
-246
-2222
1057
-47
14
863
-2460
1623
-1536
125
-1100
594
-523
-2348
2282
-1870
491
-769
-931
915
-943
818
-985
207
-933
-217
-403
-667
-719
-1808
1658
-1076
-730
-217
-432
105
49
1754
-1751
61
-546
245
268
-836
-437
-1072
1041
-969
72
1861
-2398
412
805
-672
2001
6
187
-591
-622
-27
646
452
-988
-1640
758
-1301
691
-1563
19
-82
-1831
923
-72
-168
-199
203
-220
20
32
-1570
2189
-1036
519
-59
143
486
-487
472
-606
1156
-14
283
454
-359
-320
-1255
-566
1309
-713
-1222
1101
202
-1831
1279
97
-1193
14
-1122
2102
-465
324
-219
-66
-685
-984
2458
369
199
149
-715
1731
-3216
974
431
301
548
-1062
1214
-493
-1415
-381
3400
-1205
-1476
1734
-300
-1712
1684
1420
-1650
675
328
-156
116
-2098
617
1625
192
-1416
616
-177
-1860
730
1127
750
-41
-569
195
221
-1121
1667
2037
-1738
1459
251
29
-480
-430
-73
403
192
-778
1848
-961
-2136
1806
-84
-953
1291
-329
853
-515
-2659
1014
913
-970
-1254
181
825
-357
870
405
-1040
-960
1116
861
179
-740
495
550
-725
-271
558
426
448
-338
669
-365
-909
-559
-944
777
-1242
180
1910
-81
-1331
191
-174
-633
344
165
1557
-486
221
-186
-81
161
-1304
1263
1373
-1188
495
564
634
-1226
953
1054
-842
1383
-526
169
287
-909
1281
589
-1113
-761
1510
129
57
1442
-536
29
-500
771
-163
-115
-98
-178
1053
642
-1127
-1226
132
630
708
2667
101
-342
290
-166
192
130
-309
1193
996
-708
917
-273
-612
-214
834
384
143
539
511
-33
313
-320
672
-261
-10
-444
-263
352
-222
-264
1460
-261
102
232
73
1296
-901
-587
110
437
-577
546
1063
-696
-566
900
790
961
211
841
185
514
-474
-172
729
-532
43
1636
651
-1446
660
568
-1061
254
1216
244
87
-178
625
-405
1048
-122
137
1631
151
1626
592
308
-838
130
1371
-241
468
178
-459
50
-523
845
635
-903
-370
507
289
304
447
223
33
237
350
254
793
-1106
-1180
513
332
445
432
600
-624
-576
86
179
234
-263
-210
-342
-826
-742
-186
-534
-415
-551
-541
438
-585
-649
-23
-854
-1199
-53
1400
371
-69
600
355
219
550
331
1224
2226
1994
3026
2713
1756
1931
2248
2881
2539
3448
4547
3500
3296
3079
2692
3216
3802
4318
3274
2375
2508
2100
1729
1415
1261
1085
-150
-1113
-1265
-1970
-3179
-3649
-3615
-3943
-4604
-4639
-5327
-6152
-6355
-6682
-5736
-5716
-5640
-4941
-5248
-5784
-5413
-4710
-4230
-3337
-3130
-2665
-2000
-2096
-1981
-1497
-718
118
353
1736
2257
2373
2152
3367
4066
4492
5434
6396
6254
7206
8116
8197
9352
9278
9303
9491
10373
10779
11614
10633
6692
4469
4575
5237
5765
5140
3803
751
-2615
-4397
-3821
-3416
-4861
-5382
-5366
-6142
-7239
-7551
-7924
-9030
-9396
-7846
-4909
-3324
-3399
-3762
-4495
-4595
-3394
-765
1749
2244
1956
1558
1273
1146
1138
963
840
809
596
169
-952
-3676
-5864
-6412
-6097
-5648
-5710
-6380
-8284
-9911
-10075
-9054
-7592
-6912
-6239
-5678
-5536
-4731
-2974
-1020
22
1862
4283
6255
7614
8843
10314
11392
12980
15036
17451
18576
18700
18005
15647
12697
10810
11359
12306
11182
8921
5711
1516
-2875
-5058
-5297
-5694
-6688
-8377
-9381
-11137
-13456
-14752
-14883
-14492
-13909
-11643
-9439
-8700
-8708
-8895
-7436
-5360
-2681
1211
3514
4363
4444
4650
5348
6259
7207
8022
8308
7429
6075
4655
2954
1103
-939
-2848
-4920
-6661
-8196
-9566
-10908
-12953
-14235
-14889
-15035
-14508
-13604
-12420
-11507
-10695
-9072
-7096
-5226
-2937
-388
2125
4888
7985
10487
12558
14311
16574
18810
21090
23035
24497
25312
23526
21253
18155
15460
15316
14803
13976
10520
5318
333
-4311
-6861
-7981
-8738
-10275
-13114
-15524
-17419
-18965
-19972
-19940
-19273
-18059
-16192
-14397
-12917
-12113
-10991
-8850
-5509
-1212
2098
4586
5913
6589
8143
10188
12237
13099
12133
11303
10808
10092
7495
4754
3171
64
-2394
-4233
-5703
-8220
-12346
-14373
-15286
-16289
-16867
-16397
-16153
-17118
-16731
-14782
-12466
-11058
-9074
-5685
-3329
-735
2712
6533
9689
11797
14714
18287
21133
23515
26100
27542
27491
27186
25452
22318
19405
18685
18342
16543
12701
7864
2988
-2507
-6232
-7409
-8558
-10789
-14248
-17022
-18855
-21045
-22490
-22436
-21455
-21107
-20214
-18089
-15988
-14951
-13884
-11046
-7374
-3976
-601
2918
5193
6305
7202
9275
11510
12871
13679
13730
12287
9350
6713
5841
5237
3306
720
-2007
-5478
-8777
-11022
-12041
-13224
-14680
-15068
-15290
-15826
-16451
-15923
-14644
-12760
-10236
-7222
-4578
-2805
-409
2651
5994
9790
13987
17632
20264
22198
23939
25708
25663
24515
22990
22359
22552
21946
20028
15979
10947
6390
2749
912
-582
-3168
-7135
-11502
-14484
-16546
-18012
-19000
-19885
-20596
-21161
-21012
-19882
-18596
-17587
-16019
-13635
-10490
-7515
-5515
-3782
-1872
859
4148
6529
8267
9166
8788
8060
8233
9215
8771
7489
6267
3870
1464
-1104
-2691
-4001
-6349
-8096
-8776
-9397
-10796
-11946
-12387
-12648
-12580
-10732
-7797
-5687
-5293
-4100
-1503
1101
4413
8327
12175
14801
16321
18816
20367
20015
18760
18809
21043
22266
22070
19720
15369
10818
7075
5769
5809
4648
1319
-3391
-7425
-10507
-12406
-13598
-14658
-15884
-17191
-18153
-18445
-18112
-18119
-17514
-16076
-14025
-11448
-10247
-9196
-7713
-5556
-2947
-560
1774
3023
3162
3374
4083
5362
5992
6084
5783
4200
2577
1067
322
-478
-1928
-3384
-5232
-6151
-6743
-7196
-7634
-8573
-9152
-8938
-7652
-5978
-4658
-3739
-2756
-703
1726
4178
7135
10192
12738
14936
16722
16952
16315
15248
16391
19291
20383
19452
16031
11979
8612
6288
6241
6426
4687
678
-3947
-6994
-9064
-10624
-11469
-12165
-13675
-15308
-16637
-16828
-16790
-16681
-15300
-13443
-11491
-10615
-10484
-9669
-8042
-5513
-2476
-368
1032
912
456
1013
2478
4264
4715
4565
3774
2204
821
465
219
-858
-2127
-3378
-4322
-5515
-6239
-6453
-6894
-7322
-7103
-6561
-5874
-5212
-4219
-2442
-871
838
3203
5355
7015
9042
12127
15457
17181
16953
15471
14147
15137
18104
20663
19968
15870
11378
8067
6588
7002
6926
5453
1317
-3288
-5885
-7521
-8679
-10164
-11898
-13148
-14305
-15292
-15608
-15907
-16229
-15551
-13888
-12092
-11369
-11463
-10689
-9009
-6515
-4114
-2237
-1112
-1261
-1137
-49
1707
3232
3378
3124
2900
2076
1590
1230
843
-2
-1030
-1585
-2094
-2907
-3849
-4343
-4684
-4641
-4387
-4068
-3435
-2921
-2316
-954
702
2586
3753
5352
7237
9574
12319
14013
13714
12146
10638
12108
15653
17924
17171
13612
9794
7048
6155
7100
7558
5836
1982
-2147
-4187
-5264
-6430
-7631
-8927
-10333
-11971
-13106
-13492
-13775
-14097
-13580
-12134
-11012
-10896
-11765
-11221
-9794
-7761
-5406
-3873
-3120
-3828
-4118
-2735
-1050
86
412
729
881
214
-53
-108
-309
-1026
-1327
-1113
-1291
-2105
-2791
-3120
-3075
-2653
-2418
-1936
-1643
-1633
-545
1111
2770
4049
5078
6406
7796
9922
12571
14133
13254
11178
9784
11843
15238
16651
15306
11564
8144
6263
6012
7412
7267
4913
873
-2193
-3280
-3790
-4822
-6371
-7853
-9522
-10817
-11603
-11509
-11854
-12312
-11856
-10944
-10014
-10418
-10856
-9976
-8485
-6496
-4834
-4134
-4361
-5342
-5088
-3117
-1456
-766
-1092
-1579
-1820
-1965
-1585
-1106
-1401
-1941
-2085
-1894
-2161
-2788
-3090
-3136
-2560
-1648
-1230
-915
-1184
-1087
191
2003
4008
5223
5841
6667
7933
10000
12594
14241
13455
11399
9604
10824
13756
15352
14520
11038
7713
5871
5264
6121
5762
4184
1162
-1685
-2654
-3360
-4210
-5861
-7105
-7946
-8789
-9464
-9697
-9905
-10310
-10094
-9145
-8225
-8426
-9239
-8925
-7934
-6260
-4895
-4211
-4171
-4879
-4954
-4054
-2556
-1979
-2360
-2587
-2503
-2713
-2860
-2641
-2548
-2691
-3048
-2738
-2458
-2938
-3269
-2894
-2148
-1772
-1365
-655
-756
-552
385
2262
3832
4387
5253
6225
7222
8056
10033
12072
12700
11637
10511
9744
10090
11548
13013
12515
9598
6964
5847
4943
4632
4351
4091
2304
-572
-1788
-2696
-3815
-4850
-5169
-5307
-6116
-7582
-8203
-8241
-8170
-7787
-7012
-6486
-7157
-7901
-7292
-6317
-5259
-4675
-4412
-4564
-4944
-4552
-3868
-3242
-3158
-3494
-3037
-2744
-2735
-2997
-3385
-3242
-3077
-2792
-2143
-1999
-2693
-2937
-2603
-1725
-1149
-931
-414
-438
-486
-77
936
1868
2390
3311
3812
4105
4719
5757
6835
7410
8158
9518
9620
8397
7033
7091
8604
9816
10041
8563
6232
4532
3776
4418
5096
5063
3273
1020
-594
-1322
-1494
-1648
-1844
-2434
-3629
-5261
-5966
-5874
-5510
-4940
-4934
-5020
-6051
-7036
-6608
-5766
-4549
-3911
-3965
-4727
-5850
-5876
-4615
-3159
-2565
-2473
-2557
-2959
-3259
-2794
-1748
-1320
-916
-770
-595
-1157
-1834
-1708
-1265
-743
-428
-329
-677
-1452
-1601
-1109
-538
-92
-24
-128
-594
-555
-4
782
1286
1357
1821
2071
2348
2974
3925
4363
4415
4392
4283
4562
5263
6040
6199
5549
4904
4916
4725
4371
4007
3991
3733
2894
2187
2011
1322
289
22
4
-489
-1256
-1920
-2204
-2461
-2362
-2258
-2380
-2988
-3579
-3482
-3061
-2770
-2583
-2439
-2406
-2787
-3212
-2777
-2051
-1249
-831
-642
-688
-1214
-1366
-944
-544
-481
-676
-584
-824
-1615
-2099
-2191
-2043
-2278
-2311
-2380
-2871
-3681
-3995
-3907
-3868
-3622
-3640
-3754
-4293
-4184
-3953
-3466
-2905
-2470
-2024
-1808
-1477
-892
-275
395
1190
2017
2591
2839
3172
3717
4206
4461
4687
4996
5264
5389
5227
4889
4787
4613
4361
4176
3873
3535
3237
2895
2614
2336
1954
1377
972
861
1042
1027
743
474
210
221
365
588
780
704
642
489
413
581
585
651
786
445
68
-311
-615
-736
-985
-1317
-1881
-2428
-2835
-3206
-3605
-3874
-4160
-4675
-5092
-5484
-5634
-5808
-5869
-5883
-5873
-5809
-5793
-5501
-5322
-5132
-4691
-4098
-3663
-3345
-2889
-2543
-2340
-1934
-1369
-693
25
299
497
540
552
800
1221
1734
2059
2288
2237
2066
2211
2344
2614
2801
2977
3160
3129
3092
3212
3552
3642
3562
3459
3479
3703
3956
3979
3915
3804
3709
3701
3637
3732
3625
3444
3418
3185
2934
2731
2527
2360
2276
1984
1662
1292
745
298
-30
-240
-335
-573
-1058
-1575
-2149
-2292
-2556
-2977
-3049
-3364
-3765
-4294
-4577
-4783
-4703
-4704
-4750
-4856
-4993
-4937
-4822
-4548
-4358
-4082
-3934
-3739
-3540
-3277
-2961
-2732
-2466
-2261
-2065
-1762
-1414
-1187
-1024
-874
-854
-601
-263
-48
279
507
336
231
177
364
738
960
1086
1051
862
850
908
1155
1349
1524
1464
1480
1602
1579
1828
2127
2459
2621
2885
2899
2865
2983
3110
3413
3523
3452
3448
3304
3069
2991
2931
2998
2867
2690
2550
2241
1811
1543
1533
1397
1208
728
385
-2
-289
-464
-542
-613
-818
-1074
-1403
-1486
-1651
-1715
-1808
-1916
-2070
-2259
-2408
-2321
-2282
-2360
-2468
-2440
-2485
-2508
-2265
-1936
-1656
-1603
-1781
-1709
-1633
-1403
-997
-793
-773
-783
-846
-895
-727
-504
-417
-427
-471
-732
-759
-785
-682
-529
-613
-775
-791
-990
-1157
-995
-981
-875
-815
-834
-853
-851
-679
-592
-301
-87
12
155
299
306
451
651
726
858
891
1124
1317
1226
1438
1436
1792
2028
1949
2095
2127
2152
2132
2090
2206
2282
2255
2077
2035
2207
2138
2197
2007
1969
1824
1759
1994
1956
1983
1827
1691
1645
1653
1654
1711
1581
1399
1147
1041
863
643
581
531
112
-237
-520
-725
-913
-1048
-1152
-1313
-1622
-2060
-2329
-2696
-2614
-2484
-2427
-2614
-2708
-2879
-3147
-3113
-2886
-2499
-2450
-2501
-2371
-2371
-2242
-2099
-1677
-1518
-1347
-1270
-1284
-1131
-988
-706
-573
-332
-241
-153
-206
-190
-122
17
206
408
477
547
584
513
730
787
932
965
1127
1232
1415
1631
1566
1595
1626
1767
1816
1909
2052
2156
2128
1919
1992
2050
1994
2017
2101
2063
1956
1823
1664
1667
1769
1584
1565
1702
1557
1383
1161
935
1030
901
923
797
516
376
213
67
-10
-38
-151
-332
-630
-766
-924
-961
-972
-1110
-1177
-1265
-1347
-1394
-1512
-1488
-1317
-1229
-1228
-1112
-1082
-1039
-944
-779
-559
-491
-441
-446
-218
1
102
148
239
440
346
433
604
765
754
773
706
719
880
956
884
779
707
480
432
328
279
290
165
76
81
102
-97
-138
-46
-36
25
16
-10
10
179
258
336
459
404
414
499
497
672
820
792
826
892
841
752
726
568
530
600
441
323
250
91
20
9
33
-32
-103
-133
-31
-6
31
96
178
144
122
145
386
455
582
795
700
743
727
780
766
833
950
951
1030
920
904
950
970
794
578
447
429
363
276
138
-30
-159
-313
-319
-476
-413
-481
-409
-345
-454
-593
-642
-528
-435
-323
-254
-206
-267
-406
-313
-140
75
247
282
190
178
308
328
543
485
523
562
386
387
247
256
244
244
315
206
73
83
86
124
131
97
145
101
86
86
211
298
455
471
437
422
498
521
551
956
905
853
784
824
984
895
956
1026
851
733
600
548
573
563
588
566
309
166
11
-17
-138
-167
-166
-244
-359
-623
-496
-328
-265
-267
-217
-324
-398
-323
-228
-91
-22
119
177
110
10
117
283
454
606
584
535
273
230
298
399
383
258
192
43
-80
-91
-59
-20
-79
-119
-155
-238
-258
-142
-89
-12
65
70
75
59
237
409
520
598
667
631
767
755
952
1126
970
1009
1020
982
1006
934
972
916
746
682
618
397
350
241
132
132
-18
-191
-228
-226
-422
-327
-397
-514
-454
-448
-513
-461
-432
-300
-118
-182
-114
7
52
235
265
304
178
72
89
89
24
148
194
72
45
-72
-142
-235
-251
-211
-213
-387
-437
-384
-392
-304
-160
-138
94
-8
-205
-6
186
314
345
572
502
487
682
862
853
986
1118
1167
1268
1350
1367
1429
1301
1319
1198
1117
1063
971
847
665
664
421
431
269
19
25
57
-13
-127
-246
-302
-191
-172
-61
48
-81
92
195
259
413
602
661
666
600
453
430
520
575
539
394
330
186
27
-198
-249
-229
-343
-386
-674
-865
-925
-1041
-1035
-1102
-1232
-1169
-1104
-1051
-991
-896
-747
-593
-544
-433
-310
-11
238
456
686
866
872
962
1271
1602
1700
1776
1785
1618
1567
1510
1549
1537
1404
1390
1175
980
770
596
461
306
194
62
-80
-427
-438
-338
-337
-257
-203
-260
-230
-185
81
170
264
447
516
571
607
770
848
971
907
968
861
729
727
807
728
649
530
179
66
-78
-148
-300
-431
-750
-1276
-1833
-1057
-982
-1239
-692
-599
-955
-1051
-1075
-1086
-1280
-1339
-932
-625
-180
244
642
550
221
58
277
614
1285
1564
1599
1029
713
656
872
1130
733
402
207
-231
-533
-259
-129
-209
-197
-366
-714
-1059
-1267
-924
-1038
-1166
-1017
-1011
-858
-1019
-652
-808
-567
-467
-526
-206
-210
-172
108
229
81
412
323
279
400
603
269
440
42
-221
-200
-447
-17
-347
-251
-87
-341
-877
-877
-497
-788
-752
-579
-89
-923
-546
5
-917
-110
139
-495
467
831
789
704
854
880
270
1526
973
799
1521
379
1383
850
238
1044
300
331
-307
126
-689
-423
-767
-647
-1142
-1085
-960
-1575
-569
-1777
-408
-1204
-1025
-403
-803
-347
-1033
-333
-1143
26
-863
-214
6
-764
620
-152
-38
429
361
-19
419
-176
-88
307
-663
-104
-871
-737
-704
-883
-974
-1039
-987
-762
-1283
-870
-897
-1048
-393
-831
-90
-223
37
2
285
605
517
392
1941
575
1168
1859
1226
1770
708
2583
1763
495
1970
1705
1110
1845
316
1253
1241
324
698
223
-475
-248
81
-174
640
-1465
685
-754
-916
-5
-724
-65
-1454
775
-943
-298
-382
-514
-369
-383
-405
26
-428
-506
796
-628
-247
128
-565
-154
-882
-318
-275
34
-812
-857
-749
-2160
-440
-387
-1425
168
-563
-1000
-528
-858
-424
-1072
594
-228
-390
871
-42
-405
458
-345
1092
-330
1515
1475
-836
1731
52
1299
390
782
1522
996
884
1229
83
200
1328
-38
490
-15
1863
-47
871
-20
545
-582
624
1005
-741
1469
-831
-369
-241
-687
526
106
-232
-187
30
-541
-179
360
29
-407
-346
1023
-1288
-224
358
-537
-1037
274
-261
-1202
366
-221
85
34
-45
465
-133
-95
663
151
-240
230
-145
493
963
294
-71
1203
-167
246
-126
541
148
-733
202
-402
116
-698
-51
-382
-215
450
-764
-339
265
125
233
441
-325
176
421
-543
144
1356
-151
226
206
-555
350
94
-520
874
178
360
1230
-580
-905
388
126
-100
-94
384
-1404
-364
-480
-663
-469
202
-511
-2261
229
330
-2388
557
-7
348
-1338
2080
-851
-605
1556
331
-532
977
2287
334
1448
1045
52
1228
1012
485
704
2179
-101
718
1435
-690
-1169
1091
177
-1325
1633
-1595
-1299
-79
-1745
-430
-287
-232
-1314
-736
-470
-1963
1668
-2586
147
457
-1083
792
422
353
-1385
2205
-163
1142
1309
325
1369
930
262
1338
630
-386
1052
765
-144
-175
-77
-24
15
-1141
491
-596
335
-355
322
-1868
-852
-394
-902
-193
712
646
-1560
1355
-1451
802
1374
1132
1129
1514
995
841
1287
-696
1280
1518
444
1080
104
1397
-2398
1054
33
-929
479
-152
-601
-2579
621
-246
-1409
-330
-1435
2
-862
-905
-27
-559
378
-2206
2243
-740
-824
-221
948
1392
-62
161
2235
-73
-76
2851
-822
2305
1175
676
1914
-22
926
-411
2366
901
-1208
1853
-543
137
-161
670
1573
354
159
-578
14
-33
781
2
1052
798
-1383
876
1120
-2046
1673
1163
1117
1011
2149
-118
140
990
560
1321
1032
331
760
853
-1392
658
-462
1114
-871
1298
677
-358
-171
-1982
871
-1645
-1012
938
-423
-286
-832
-303
-487
-1793
1726
600
675
-571
-120
1257
272
107
1303
752
203
594
1186
930
1292
638
507
1366
1255
824
1590
196
450
2153
-972
1335
513
105
-464
537
1138
-687
-31
924
-715
209
1509
18
200
992
142
106
-317
1048
335
313
344
2117
-1608
921
586
-246
1163
-132
990
296
1175
-1025
631
1228
-1386
2125
-148
412
970
-808
-446
-309
866
-129
-478
1217
102
-707
1446
-489
-370
-175
890
855
658
59
618
-506
2045
27
2989
-2529
2866
680
-2392
4515
-1979
1792
449
1438
682
1050
-546
-109
1082
-1287
1803
569
-699
864
453
-958
952
-440
410
1217
-1
495
1107
-749
-238
791
1031
-519
782
1765
-899
2105
-924
745
300
-811
2791
-796
2445
-1282
1410
-1612
1288
1311
-1113
2350
-353
1966
-80
1121
677
600
-791
2712
44
1679
2218
-271
1043
251
2089
-320
960
1129
2369
67
-337
2054
-1259
42
1832
1218
34
404
1372
-466
2342
434
88
733
-1408
1653
450
177
85
2365
-728
-1045
2609
-770
105
479
1093
609
303
610
-1578
1790
633
1268
500
157
-130
-210
908
-857
2218
68
0
353
-803
130
265
1776
825
-1031
2379
-2470
544
1317
2035
424
-370
1149
-617
1426
26
2335
-581
784
2006
1316
535
709
3174
-21
2200
2015
-1034
1534
-409
1262
3825
-1058
1206
697
846
2531
363
1069
2579
158
265
2002
2114
242
1202
-690
1039
-149
1169
2643
-1764
3519
-2373
780
1385
390
421
1609
864
-2198
2949
-2106
1263
281
-1786
3668
-1947
494
1497
-418
-498
1609
-126
-668
1338
-254
14
602
68
1846
-46
811
-717
809
2416
-599
2568
208
2160
-1470
2096
1894
765
2087
-830
2399
-672
543
1995
327
1249
1060
1053
1873
-862
-147
74
752
-513
2196
2990
-2732
3922
-233
1430
822
1314
773
-627
2810
585
1614
1053
-405
11
433
3131
-1800
2877
2321
-1531
259
1091
500
-232
1112
171
531
524
233
1404
531
-1727
1929
1773
-234
779
-375
1589
923
-592
2534
-51
592
-1170
1312
2226
-557
1075
743
675
-688
1844
605
1749
130
201
2591
-2288
1309
885
1172
881
-903
2609
-1470
513
700
1531
1381
-985
1136
-521
714
-1199
1463
1477
-2103
3432
-1450
1599
452
-16
1964
338
1567
1834
1477
-265
52
1622
1095
1702
-939
1618
382
504
1249
777
1712
-707
1603
605
354
2572
-955
2671
415
1364
-354
2968
1423
-1688
4015
-516
2484
-97
684
1726
-1753
3198
234
975
1513
209
1066
693
2057
-1455
2719
-861
-625
974
2099
-728
467
506
445
286
428
1357
-118
1129
-1675
1518
-454
-1718
1232
-417
-994
-542
-1726
-275
-1138
1370
-1131
1128
902
-1045
1091
495
161
-2276
4013
-173
480
1909
-163
1583
-1843
1606
-1091
2221
1648
-1911
3202
1094
-783
643
147
91
-1547
1345
2312
-144
1568
-500
-1395
752
-2219
1682
3508
-545
2619
1215
2078
395
-166
4013
-201
2223
557
3845
1106
-448
3226
-1316
1410
-121
1934
300
51
1691
-260
-823
-1689
-118
-15
3125
-1104
-1507
1113
-2405
-1430
751
-679
-825
-669
1422
-3577
2386
-2887
-1101
2071
-734
2543
-620
1259
-624
-522
1579
-1246
2985
785
654
2479
112
722
-1388
2042
-490
-602
2583
-2721
2305
-429
-478
473
-1264
159
980
1698
-1317
1418
-511
-2922
3326
-2815
1391
2683
-2662
4245
1403
-318
3130
1097
1843
832
1682
1251
1681
296
-1104
3240
914
-383
3276
458
-1088
1435
921
2666
286
914
-789
115
-2670
88
-403
-949
577
-393
841
-1703
534
2
-514
1476
-629
-382
-351
1429
-82
-1385
4838
-3095
1501
1197
-303
563
414
2063
-406
2730
-2889
2006
-1886
-2978
2488
-1710
2012
-1675
1872
-1100
-117
1299
-338
830
1260
994
120
540
-377
1960
-837
352
-700
2513
378
-883
2294
-693
969
45
-751
2300
1311
-2753
1494
-326
372
-507
1363
207
1389
-1175
2082
-89
600
-896
545
1423
-1658
1598
14
-1033
87
1370
-169
1171
-1410
2050
-1157
-456
2043
469
2931
-475
879
1945
-1658
1958
251
2071
661
1072
-292
-38
-575
1604
-958
-277
-101
97
-952
-850
-1095
-898
184
306
35
-716
1823
-2575
334
703
1107
-525
992
578
-819
-389
-99
-321
1071
-634
1298
534
198
1144
-1131
-61
-619
480
-2088
-1096
-511
994
-501
1505
-1292
-873
340
1573
-134
975
2660
-2586
2482
-251
-598
958
-178
65
1508
1035
145
-1159
1572
-586
-202
2642
1095
539
1332
476
-991
2753
-755
-573
3810
-127
-1203
-67
2531
-1506
-1402
1792
-791
1333
382
1204
307
158
-808
-636
1541
-3121
1110
-178
-607
32
-249
-1373
816
937
-1311
-194
1534
-3513
1403
2069
-3943
2559
-1277
98
463
-3441
2055
-1465
146
807
-132
-712
-1787
1483
-2885
-104
-1874
-1376
-227
-480
-2875
948
287
-2403
2506
-879
1249
209
166
2265
1089
1013
-1321
1942
240
-1834
2277
-2061
230
-1196
244
1338
-1073
-479
-171
-921
-1674
1818
-1125
-440
572
-4160
2698
-1909
-1142
1838
-1225
-96
82
-753
-1452
1552
-112
228
3036
-195
-201
1043
-1985
852
-441
1597
-1716
2018
-762
-711
2094
-2146
492
-333
-1326
664
-11
300
288
382
-1522
550
-731
-436
-701
-324
1750
-35
-100
-1563
-285
-303
-1609
2053
-398
-1512
1616
-2092
-763
576
-164
-132
221
1206
-2221
515
-333
-1296
2069
-518
-780
872
-552
-3368
1217
-2629
-1646
15
-432
-2798
991
-1708
-1008
-687
-909
-2801
-1165
2435
-2073
2509
638
-476
-290
-134
29
-1390
1131
1318
-254
1350
-1611
709
-1531
-76
1250
-543
14
215
-593
-450
-641
177
1326
-1879
648
175
-819
758
-1528
201
902
2081
-581
-132
1220
-912
-288
423
445
-122
-1765
2585
-1496
1063
-1534
-1694
1078
-1758
-2004
1493
2056
-2572
-348
747
-2936
342
-2110
-380
465
-21
1927
-1263
1290
-2940
-1265
2832
-1307
-1374
928
-1362
881
-1904
-1073
-996
-1265
732
-1925
-285
-1246
-843
-908
806
-1420
-4011
1660
-262
-305
1638
-3166
2505
-2954
538
-245
-1063
797
-989
2056
-1314
483
-1031
2847
-1633
306
1740
-477
573
-463
297
878
-1434
705
-416
1495
-1954
1012
986
-3638
2925
-2264
653
-1046
-380
-829
-417
-1016
-651
742
-1964
41
-970
495
-1830
1125
522
-916
-413
-1785
1752
-2164
-571
897
-1351
-767
-2416
78
-2114
-800
-2467
1026
-3021
-628
-380
-2414
-557
-1806
1040
-749
324
-947
-2321
1224
-2195
1660
932
-2984
-177
-1234
1116
-1661
-104
-1150
-1291
79
473
-988
-1550
391
-2258
-826
-928
-617
-1284
-115
1148
-1729
63
-1836
-313
1332
-1946
2621
-1794
1512
-691
33
-1466
-621
302
-1925
-431
-1967
1193
-137
-2745
1268
-2434
-1093
-603
-983
36
-1492
-1207
-350
-122
-1685
184
-1378
691
128
-1974
232
-332
-2615
1238
-863
-1588
1005
-966
-992
-796
-415
-2278
433
-3262
2159
-1958
199
1668
-2762
2236
-722
908
-1226
265
1544
-1411
320
-1229
-1487
-2100
55
1482
-3643
1776
-1352
486
205
-1642
10
-1410
-1531
-2993
-485
-549
-430
-615
-2649
-1026
-2971
-832
-1678
813
328
170
-621
-381
-708
-1061
389
-1713
-373
1066
-1156
1576
-2163
-713
629
-5371
3545
-3954
1062
-120
-2185
891
-1003
-1313
-2724
997
211
-1733
878
846
455
-546
-912
1714
676
937
1836
-1136
-310
-702
947
-248
-270
2056
-2426
-758
1307
-1569
-1254
2137
76
-638
289
-33
-1510
659
404
-2275
353
-1973
783
-1173
-999
803
-2395
581
-2309
-509
-513
-3080
616
-586
-2153
330
-1377
-1506
528
-2754
2518
-2366
-401
-146
152
-558
-780
670
-1130
-222
-1895
-347
1039
-1409
-320
568
-1797
691
-2565
-81
112
-1272
1723
-1959
311
-1490
-756
586
-1652
2199
-2098
1055
-480
-1353
2709
-758
1816
-665
1484
1377
-1703
2864
1770
-423
388
-780
-72
-1575
915
-622
472
-527
-3555
2537
-1952
-1021
-1237
315
363
-1045
-1812
301
-539
-2655
1580
-2900
2165
-1259
-1823
1897
-2886
-84
-745
699
2256
-2675
2063
-579
-1222
-128
287
1191
-1375
777
-551
1517
-2470
-1173
1711
-2864
2272
-2716
656
-1529
-398
1082
-2828
2904
-1965
-1311
2004
-239
-945
725
638
-648
-731
740
-2132
1376
1617
1723
586
676
-1088
1110
-1246
-851
1159
1359
-839
1014
504
-1143
-2036
1482
-1105
785
131
-1277
800
-2563
-893
278
-1067
-2241
-32
1046
318
-424
-284
14
-132
-278
-351
2165
694
-665
3890
-3314
1215
-1244
-304
907
-116
-414
2057
-428
-2333
1221
-491
-1200
785
169
-389
-1172
190
-2111
-459
-245
-2202
2396
-436
-253
2178
-1613
503
-499
366
400
1475
331
-2017
2719
-1726
-806
2190
-479
1088
-1019
288
2308
-3448
3449
-701
-685
-592
-343
239
-719
-1217
-384
345
-1851
-112
462
-1296
377
-409
-546
1418
-1470
13
-845
42
-1168
-1478
1671
-1978
-1043
1969
-432
-451
-91
1704
-329
-774
921
41
82
1759
-2438
2327
-438
-1476
1615
-2509
1227
12
-635
27
3111
-2009
-408
-129
-2061
1226
335
104
-382
1172
-1699
914
-1294
-572
1260
29
378
-72
538
-262
-2210
-441
-1035
-509
122
-37
1374
-1548
-522
725
14
854
-2250
191
957
-1823
1005
-113
641
-3311
2008
-822
83
-655
-1078
-2842
-88
1213
-2058
1764
-1540
-1911
519
31
-552
-168
736
632
-1190
821
-278
170
-633
1180
464
1106
435
802
937
1284
179
-1085
2037
-2038
551
1966
-2351
4163
-3117
-2607
2055
-1512
-774
1182
144
-2240
722
-126
591
797
-264
732
245
-180
-404
721
-490
1779
-718
-277
973
-589
1574
1805
-1947
303
588
-902
489
1023
-358
-1181
233
-1659
-2637
2459
-1779
-230
2275
-3788
1897
-1569
-554
-2039
4313
-2488
347
166
-2786
2303
-1803
-453
1699
-449
99
1251
-1832
-698
202
-728
1171
27
526
1809
844
-1153
-22
1034
-1694
-922
2224
-2629
1262
233
596
670
-3361
2099
-751
618
-800
-1246
830
1863
-1644
-758
2525
-1899
-761
1281
-462
-1214
-61
2242
1735
-1190
496
-239
1565
-2399
-723
1296
-1089
1925
-617
-744
1123
-699
-758
460
-868
-957
-1682
1045
640
-116
-1793
1979
-2237
-1690
1789
-696
-774
281
1570
-26
391
1524
486
1121
1104
-2127
2084
-1994
-1285
2021
-1839
1457
42
-717
-158
-300
-249
446
188
855
-887
1948
-2060
-898
-386
-1226
678
-2684
2842
53
-905
2112
-1360
-584
724
-2222
36
371
-5
-674
3279
391
-3369
2235
-1162
-13
503
-211
-467
-100
-2089
2337
68
-1858
1263
-1179
303
787
-2389
940
710
-2152
1711
88
-515
-804
2880
-768
-628
1671
-2316
827
1146
575
1814
1546
-1768
-379
1324
456
-1247
2161
719
-2477
1795
-1223
330
1274
-2934
2033
734
-1784
-85
-168
2080
-2245
1485
-900
-363
-1649
256
921
-2455
2755
-2783
2011
-12
-511
674
-1349
3252
-2022
1478
1076
-1991
1482
-2279
1400
73
-1666
3203
-1863
104
-383
-838
1777
-1954
1071
1149
621
-1324
565
609
-3074
1239
-390
424
1415
-132
-896
-348
1889
-3377
3607
532
-2427
1555
-1476
3339
-1204
574
319
341
2404
-1711
3027
-2392
2046
-354
-1612
1307
-669
3082
-3188
1245
1341
-2441
1139
603
855
-1736
2752
-858
-1102
463
109
-940
-563
1719
-2629
325
1932
-642
1009
1599
-1784
-175
89
-301
752
-43
-71
-45
-409
-1382
-2389
1961
-2678
2071
654
139
2393
-1785
227
-1562
-450
2548
-460
-1225
564
220
-720
1765
-2645
1119
-147
-2373
971
756
1164
349
1079
183
-703
-75
153
1087
578
-78
732
3394
-2502
1120
1979
-3149
5604
-100
3931
123
1066
1807
-3731
2389
-497
88
848
1359
-1321
-668
1469
-3307
276
652
-1678
-530
1107
-277
546
2407
-1697
-1558
1578
-1521
947
-4
-85
-1030
85
468
-2086
1293
-568
156
698
222
1421
-549
-886
-637
1586
-2326
1533
-472
-1577
1987
-450
-1316
140
1021
423
-1638
1624
-1892
348
-1357
208
-76
-3071
3862
-2837
-139
1917
-1932
1624
-1545
326
1731
163
-229
240
-234
822
535
-967
3083
-148
1118
-658
-730
1332
-1785
999
-972
-200
4197
-1846
16
2118
-1831
652
-1186
-205
71
1612
-273
481
2173
-1271
-777
-35
-803
1718
-997
2010
-982
293
937
-1584
1183
-354
-1213
-1566
1991
-2162
3562
1348
-955
352
986
1748
1013
199
264
1921
664
-442
1766
-1308
1125
-948
-933
3171
-1819
897
236
-735
1243
1139
1108
-281
-221
-369
1152
-2540
767
1826
-2761
3186
-1207
-1118
2209
-1047
391
1063
1315
168
-262
2032
-388
1484
-1335
1075
1180
-304
1757
-1944
3373
-2149
1177
2053
-1047
2299
468
-583
510
2170
-1027
984
468
-2662
692
-1825
970
1191
-1059
763
-1938
1007
-1709
212
2145
-768
115
-512
2117
-1951
-718
1717
-2680
908
832
208
27
-1749
-1457
744
1571
447
808
-611
709
-1981
644
-820
-2686
225
817
-1813
-201
1511
-486
-1218
1201
-1140
-1234
2439
-45
167
1350
-2224
-2514
-220
-629
-744
-873
721
-1313
-1018
650
-86
-1407
569
960
-660
2331
-88
-2330
-850
-1236
-1314
1339
1103
-1702
943
438
-3076
-428
1597
-61
-593
1229
-1281
-1105
1533
-2263
35
1189
-507
621
913
2245
-2510
392
1274
-1554
420
-167
3128
-475
1432
886
-766
3157
-570
320
-177
-1980
1181
-2581
762
1197
-3487
1311
1136
-1208
-2193
1227
608
-2407
412
-2475
-77
1846
-2190
-751
893
-969
-886
1101
2024
-2031
2427
1876
-806
-372
-1593
1000
-2145
-630
70
-408
-1025
-1108
567
-1634
2220
-91
681
65
-2837
2757
-929
507
151
-2595
-598
-4518
893
-1433
627
1243
-499
1465
-73
2182
-933
2353
-838
2704
-1243
860
345
-2389
2803
-2888
696
-429
404
1630
-1137
411
-361
867
375
-1311
1803
-998
619
1128
-1245
-498
1310
-710
99
325
2015
-174
18
101
-3153
856
-2497
281
785
38
526
-3877
-235
-423
-1454
-1535
1571
1278
-2261
1818
1452
-3548
1578
-32
-155
1974
-1587
1294
-557
803
-1599
-1629
1351
-215
43
2027
418
-1100
-615
1702
-1052
-675
-543
1175
-478
-1173
1748
-3420
-449
1285
-1116
-1106
-355
-1642
-212
2339
-1151
-1729
-877
-448
-1691
-934
1385
523
-2042
1363
2869
-3655
172
-250
-806
1776
-1636
939
2110
-1300
-790
-1010
-1127
1425
-1263
-636
1765
2384
-1791
3452
-339
-1131
748
-2124
3398
-598
2529
1292
-1307
1033
479
-80
363
591
1613
2261
1873
-1970
3145
1087
-798
-1053
61
646
-1299
29
-1282
-846
-875
-73
-605
-1767
305
583
-1632
1605
-125
-634
201
442
-284
-2554
2301
-105
-1793
1498
151
-1714
1031
2530
-1643
1392
755
35
110
-1650
-748
-1610
1266
-609
110
974
-2935
-1124
-1347
1050
-486
969
450
245
947
-601
853
963
1584
-1850
266
791
-1367
1944
685
699
270
768
2077
1319
3101
2452
-833
-578
484
-2487
-1296
1238
284
-20
-559
1125
-1649
-124
903
-473
4367
406
1903
67
-573
579
-2140
1691
1320
289
605
880
-320
-759
1858
-724
1047
301
-172
2524
-1336
899
344
931
1010
-681
1939
-424
-1035
-128
114
2445
-470
1510
633
-283
95
913
2734
797
-1252
-2
-232
-1330
-1079
-1261
1126
-1524
-3601
-840
282
701
-678
144
1691
-1025
-653
1713
-620
-1271
1495
642
201
852
-543
-1298
1571
-2003
-757
3434
-205
-1012
353
-294
1250
-554
-2137
1595
-609
-537
2296
199
-659
1501
-1004
-972
-510
-571
-967
-967
809
-473
-95
-276
1030
-722
-687
2920
-624
1277
2437
-109
1316
-255
2548
649
-108
904
416
255
329
821
477
44
494
1370
48
-31
-573
-978
595
-123
-579
397
2184
-471
397
-73
228
198
-892
1517
703
235
-469
1983
-1792
683
974
-577
605
2511
20
-252
11
-129
1599
-411
1736
364
1732
154
571
246
290
78
287
2471
1112
-2859
14
1824
-3974
2133
2666
-1659
115
2268
413
-1246
-1787
-1697
-415
63
-1359
1392
-2190
-814
146
-1624
1517
-1023
-1548
1677
955
-1360
-761
1272
-3946
-2094
-184
-2099
1225
-2377
72
-448
-1371
-581
441
387
-3482
-288
1163
-1085
-514
-24
84
-351
855
-794
476
-32
-424
2191
-510
1281
2068
-972
2263
-818
-795
983
-1264
1276
375
-492
-1194
1051
-660
402
1943
-1846
485
637
-823
-504
2942
-92
-1919
2381
916
-2041
-160
1692
-973
-520
2393
-1415
-944
1013
-20
-3105
1557
886
-1426
1626
40
-1314
-1158
-18
-188
464
-247
-580
52
587
-639
-982
914
-146
-992
831
1351
-1115
498
17
-1218
667
-1221
-138
1308
852
-1347
680
1298
-2889
-104
-141
-1066
-1188
224
1798
-1251
-193
109
-38
-178
302
1349
337
692
-2188
-527
423
-469
-913
-720
1293
847
-882
-446
1743
-1204
-972
2203
523
-1497
1686
-1146
-416
830
-405
-505
197
1474
-88
292
979
437
-1229
1489
-138
-1350
-323
-315
-711
-631
-538
-931
557
6
-728
373
719
-721
907
326
249
1296
-218
-58
-575
-480
439
932
161
1150
706
-989
-552
-76
1194
-174
2262
-456
-145
-507
-467
-1368
1266
962
-1346
2374
-754
105
581
-412
-1304
1206
-538
-22
1857
-1167
-399
-546
-1475
484
-383
136
981
-1131
-784
1101
-1150
-1943
1362
-1579
-965
238
-406
-637
-53
-832
-1260
-515
237
-1300
-1495
-201
-2420
-249
206
-1514
-1301
-2296
-865
30
-2028
-280
-270
-815
-1115
1090
700
-1246
1747
-733
504
2392
-1609
1650
356
-2348
1139
73
100
-188
641
-1130
1861
1166
-2342
1926
856
-895
1661
-172
-680
841
-65
-1061
797
-462
-1734
-410
189
-651
1122
-187
-129
1571
66
1377
-183
621
-131
-38
-917
1005
1215
-2105
432
377
-910
-630
929
286
-911
577
811
-642
1009
-401
-2203
1604
-1546
-1842
1399
-450
-2273
-688
-522
273
-579
-200
-511
-812
-246
93
1010
986
478
-1331
342
-12
55
969
-169
6
758
-1028
598
-348
-1857
-578
-1077
1033
273
666
1209
-779
444
-292
59
-166
762
755
-1964
1295
107
245
1031
-895
-619
1007
1503
781
1138
454
-1260
311
370
-467
748
1682
262
1472
889
-1370
1072
-1189
-703
-120
122
1757
720
44
-1475
-848
1720
2144
1053
377
1901
-569
-1130
1599
1044
365
-1198
-97
-233
-646
-1338
-76
1498
923
-952
559
1532
-2074
-242
-836
345
-75
-1281
1078
413
-2622
-1314
1366
-2180
-430
975
-458
-29
-1003
-998
412
-883
-4212
133
230
-1999
-326
-1014
-73
-916
-1441
-1254
781
-408
-1488
1166
901
-396
-1708
714
866
-1516
-240
-95
688
-838
-1520
763
-725
-1197
451
2627
27
-73
-392
251
1334
-690
13
1547
-2201
-1842
331
-56
-1041
-2501
590
433
-2089
-259
605
-1147
-1144
1203
750
234
-156
89
1860
-1348
707
1427
-872
-216
950
-535
975
-252
-2680
1990
-563
-1507
660
54
-349
-1160
-620
1391
-1916
-601
2381
-770
-1241
100
-753
-1312
513
-446
-1049
861
253
-1117
1175
586
-1654
-1094
-33
183
-784
1584
1388
-1054
-1514
-1111
609
743
-646
1833
749
-2890
825
-973
-393
913
254
-202
-601
1085
-2049
236
1309
-545
-642
757
479
-1496
-532
847
9
-1139
383
974
453
-357
1029
1323
267
-1094
-367
618
-296
495
42
603
-763
-1305
210
1332
318
-1211
1283
490
-1313
352
1268
1022
-10
-535
971
748
-959
683
1275
563
-74
-38
1789
460
-185
536
476
-270
243
543
207
1269
-1398
-1325
152
-622
84
1058
370
-1792
566
-145
-840
-799
672
-87
-1067
-137
735
-331
1255
1004
-385
732
-212
276
287
660
48
-1005
595
439
-1311
-785
566
-904
-1102
1792
890
-1377
97
792
879
547
147
1155
-758
-366
-351
1053
1917
-131
-367
1021
1233
-1287
143
2600
-22
-262
882
-92
-25
277
296
694
-194
-192
1291
-273
-890
-88
-243
1528
775
604
-282
394
-554
-1120
2536
1275
-1402
748
1147
-1286
198
884
-407
-700
941
-263
253
1670
-108
-332
863
646
-545
1395
628
-1190
-349
1733
146
-1018
1676
-20
-1191
456
220
576
438
467
-606
-1569
264
43
427
62
861
-1051
-593
1016
-1329
-306
1352
90
114
723
-805
-499
-571
287
172
341
1261
540
-192
228
1350
462
-113
708
1050
50
-114
878
1137
832
-476
414
9
72
345
1243
716
213
394
-1972
-381
364
-1205
823
814
-521
315
364
396
1193
1432
-669
192
1403
493
1421
-463
1235
1028
-896
36
-310
-482
-544
384
479
-527
260
24
-673
552
-647
-922
140
-385
-129
13
534
1191
-767
749
609
-1194
-4
-217
-566
174
1751
-578
-475
1547
359
-225
432
213
398
853
854
586
235
-126
404
1203
1095
173
-521
22
-736
-403
1141
149
114
-177
-580
-193
892
1149
-68
1051
841
-98
617
402
-702
-1141
631
356
-981
385
1693
21
65
725
-223
-542
342
1022
325
1051
471
328
514
4
-1056
457
1970
-320
-327
848
-555
-78
421
614
29
-306
-99
887
1053
-647
-618
706
178
-848
-951
548
-37
-997
366
800
59
286
957
522
-267
-544
562
634
855
674
477
86
-503
-211
376
1160
93
-162
618
377
-108
439
740
-29
-331
-492
740
-112
-576
-262
-643
293
-276
1093
547
-322
294
1127
1643
1128
1408
485
179
641
614
1042
257
337
452
427
1321
37
130
467
253
522
1894
746
174
1051
-413
-518
-604
-96
223
566
1261
578
-723
-802
-345
689
748
415
520
742
-597
-1963
521
732
-363
1026
1207
387
-500
-20
1300
890
1079
770
670
49
-1160
-883
-474
-75
219
1270
1099
-965
-1077
-180
-921
-468
392
-409
-545
-291
-635
-515
-620
-516
-805
1128
1620
1202
176
686
438
-134
1418
1510
834
569
17
554
417
89
-55
537
567
358
700
529
-105
-594
-1027
-864
495
657
493
949
363
-1632
-1139
-100
-392
493
1035
473
196
-352
-243
40
-60
-155
23
1160
252
-820
-861
-603
-330
-173
804
-91
-846
-196
-588
-378
295
-295
-764
-370
-155
-14
-286
295
-362
-717
64
-714
-729
-698
-165
-14
-447
-246
-107
26
-294
-229
518
415
314
340
-150
-57
-143
282
180
26
169
-191
-12
-74
-223
-248
-332
-97
132
518
834
726
-669
-909
-41
225
-250
593
549
-147
-511
-249
-719
-762
-316
-957
-175
191
31
95
319
-273
-415
-464
-1005
-199
1059
-120
215
156
-135
143
400
-127
379
1065
290
-195
391
506
297
460
149
-247
-1432
-301
-111
-908
-779
-342
-164
-1111
-1120
-741
-834
-911
-378
194
-226
-383
184
496
176
147
835
1061
519
-136
402
693
-111
-18
361
522
188
-358
148
235
-784
-469
374
164
-87
-604
217
-192
-284
524
686
-102
-542
92
647
342
213
1189
940
480
-361
72
283
-430
-275
1322
1216
66
354
608
12
-351
-368
250
1090
580
136
796
746
-659
-309
152
-326
-388
719
951
-126
-329
194
170
38
385
344
496
-26
-419
194
737
-9
205
1098
379
-224
278
915
309
514
504
286
711
325
55
-17
17
-475
393
1177
856
419
239
387
-334
-4
249
473
936
-32
105
667
-240
-567
454
896
239
801
1047
622
343
-292
360
881
461
224
507
145
-278
-38
2
-225
-168
368
478
715
365
195
1073
525
12
1102
1891
930
310
655
307
189
591
583
238
-129
-302
392
798
535
721
419
41
-24
-284
-16
235
435
261
547
252
-696
4
615
392
137
636
619
-256
148
890
659
576
598
268
-239
-509
-100
508
553
22
-166
-81
-405
-661
-118
-91
-286
-34
205
186
441
70
-240
33
325
133
271
140
-26
485
611
197
219
604
412
397
384
156
474
1129
291
106
163
-142
-262
317
169
462
468
68
175
-182
-46
340
394
454
652
123
84
345
333
-32
443
301
125
454
76
-267
50
349
300
129
261
449
-141
144
213
447
507
371
256
-222
-318
34
104
392
89
74
24
169
36
-301
327
60
11
159
40
-23
-165
-79
309
710
737
848
172
-495
-582
-28
323
514
555
494
675
-76
-551
-288
-12
94
606
1054
519
57
30
119
312
103
162
545
341
308
650
526
-76
-152
84
109
-13
-70
-285
-295
-600
-300
128
-96
65
538
366
246
636
411
368
1044
994
1041
1259
1043
805
836
1077
710
724
303
-174
-397
-355
43
-42
62
-58
-180
-509
-598
-547
-590
-139
-31
-296
-391
-84
127
176
364
528
474
99
347
832
722
424
356
359
234
-15
88
470
202
-126
49
33
-159
-218
-351
-174
-476
-719
-355
-152
-383
-347
-104
173
-96
-482
29
256
-90
234
801
831
187
-201
141
-15
-341
23
616
466
-81
286
216
110
157
203
208
39
51
24
393
65
-455
-386
-170
-31
-12
238
353
127
131
330
172
224
273
296
621
574
364
343
131
-258
-23
326
220
257
215
7
-428
-326
-311
40
82
42
201
-182
-140
-183
274
558
616
367
111
104
-124
-125
-182
300
306
124
-10
-102
-144
-607
-404
141
390
148
-49
-314
-321
-43
-119
27
91
-407
-99
77
-20
-43
289
853
674
377
780
863
508
500
566
252
227
446
220
111
86
-354
-630
-578
-738
-418
-251
-172
-196
-578
-744
-674
-716
-734
-296
-189
66
177
-42
-165
-175
-230
60
75
-119
92
106
60
-35
-17
-16
-111
-317
-259
-141
-378
-398
-417
-519
-703
-779
-704
-739
-756
-501
-517
-571
-297
-449
-595
-201
-197
-130
300
217
92
-12
81
34
-22
145
174
104
-52
-144
-208
-387
-389
-285
-506
-327
-438
-970
-851
-610
-762
-728
-434
-664
-632
-348
-358
-355
-120
-155
-56
-111
-65
167
234
415
391
273
-73
-74
18
-93
-271
-313
-260
-356
-446
-722
-871
-969
-1061
-867
-892
-948
-809
-772
-673
-734
-784
-512
-308
-286
-58
-25
38
229
164
285
407
252
120
137
119
46
-135
-319
-208
-391
-629
-579
-709
-742
-601
-424
-294
-439
-599
-601
-712
-519
-321
-245
-131
-226
-431
-408
-335
-316
-146
-318
-232
-214
-452
-582
-416
-423
-451
-436
-510
-469
-746
-513
-486
-483
-560
-498
-287
-410
-528
-277
-175
-350
-488
-300
-318
-315
-256
-296
-381
-361
-358
-436
-315
-355
-326
-327
-261
-324
-162
-116
-151
-193
-157
7
103
166
-59
-46
-230
-426
-369
-554
-589
-424
-296
-246
-260
-408
-472
-546
-506
-380
-140
-194
-274
-230
-369
-95
-154
-230
-136
88
-52
-130
-30
-158
-217
-289
-208
-211
-394
-452
-560
-665
-493
-715
-636
-473
-701
-654
-500
-558
-657
-557
-418
-272
1
-184
-301
-137
-420
-507
-239
-6
77
26
116
-92
-280
-431
-476
-320
-66
86
-30
-136
-252
-424
-467
-348
-149
-83
-6
90
-94
-425
-540
-569
-546
-315
-255
26
56
-272
-416
-309
-137
-139
-38
109
177
43
-161
-59
-25
-84
63
84
16
-89
-21
31
-81
11
-87
-111
-159
-355
-294
-280
-564
-620
-469
-476
-308
-160
-225
-222
-244
-412
-316
-156
-90
94
282
227
248
103
17
225
-17
42
174
138
31
122
175
-213
-420
-383
-508
-553
-566
-433
-154
-377
-382
-408
-525
-610
-436
-137
23
110
133
109
152
6
-85
21
-45
81
127
113
56
-21
13
-205
-270
-182
-97
-254
-315
-212
-369
-326
-321
-311
-226
-204
-287
-216
-126
-72
103
216
137
-57
-46
-100
-174
-159
-15
144
-181
-163
-237
-415
-264
-303
-309
-168
-86
-126
-209
-214
-164
-196
-91
-85
-18
-28
6
83
45
-77
11
6
-89
-127
-54
27
-97
29
6
75
171
67
152
185
187
323
429
284
183
-20
47
16
67
260
298
203
