145
-32
250
278
273
306
228
21
-315
-391
-331
-167
-275
-119
-174
-356
-435
-377
-361
-479
-252
-197
-57
62
-70
-155
-325
-424
-475
-395
-106
-3
79
48
-106
-230
-185
-182
-128
-44
-88
-194
-271
-207
-232
-152
-80
-106
-143
-128
-229
-149
-84
-53
81
39
2
-151
-239
-171
-82
-138
-203
-104
-136
-74
8
78
-51
-148
-90
-65
115
165
254
160
100
73
-119
-139
-196
-97
-17
45
53
-59
-67
-87
-170
-210
-256
-340
-309
-107
19
141
113
-92
-95
-104
7
62
118
165
196
180
287
327
183
38
-58
-43
-66
-42
-55
-27
-48
-213
-153
-235
-276
-110
-55
10
189
271
185
177
247
291
482
424
290
195
10
69
179
339
363
313
274
126
79
156
58
56
102
192
-17
-137
-282
-445
-360
-243
-268
-101
12
-50
-76
-137
-96
-85
1
-112
-148
-28
-15
-52
-90
-90
-71
158
216
153
-27
-114
-62
-120
-224
-199
-209
-161
-91
-60
-21
-60
-31
141
239
209
123
150
148
109
124
6
57
65
37
92
-91
-106
-151
-257
-87
106
73
9
12
-32
-23
-40
82
-9
-7
-78
-67
-88
-232
-168
-278
-315
-297
-324
-201
-191
-438
-437
-407
-490
-450
-356
-331
-421
-464
-418
-400
-332
-292
-304
-245
-135
-180
-209
-253
-226
-146
-156
-88
-43
-139
-149
-1
215
358
-124
99
467
-175
245
179
97
415
-9
451
-78
442
179
-389
590
31
21
292
195
111
-51
163
367
-97
-143
507
-44
164
45
289
225
30
371
205
-101
250
447
-184
241
-163
312
127
63
723
-102
399
187
-4
245
362
377
321
-7
549
217
130
258
71
478
342
-93
666
141
-250
412
38
-86
20
876
-74
-108
632
-58
114
-283
520
53
-236
892
-190
-67
559
318
206
437
149
336
-290
592
574
-175
751
347
161
314
186
285
-37
304
450
97
588
46
295
65
478
40
-28
533
-11
307
-26
578
285
202
83
147
168
-36
508
200
94
336
258
434
0
320
560
75
320
734
-9
21
664
-42
73
461
352
200
346
403
353
312
-28
330
106
130
378
-52
559
160
97
270
286
163
-53
679
-259
304
305
-201
434
-10
442
-137
230
352
112
356
221
80
-196
491
58
-164
380
-115
-195
228
128
179
50
352
166
86
406
-47
271
349
109
328
-101
281
-53
241
235
117
463
39
4
178
118
69
-89
232
-333
-64
389
-433
-2
478
-166
-158
384
-121
-141
-133
-248
258
-417
43
-102
96
-88
45
205
-567
127
-140
-262
-462
72
-202
-473
0
-358
-27
-182
-325
58
-149
-83
-41
-123
71
-29
-202
117
-257
-378
-52
184
-221
-405
43
-270
-146
-226
-146
152
44
-327
237
-197
104
-163
35
-156
157
-17
11
272
23
240
-169
455
-224
-312
134
-329
-249
-66
91
-16
-129
-11
-153
61
-333
246
-4
-19
149
-239
147
-232
-58
271
223
-266
-51
6
21
-216
352
120
-308
322
336
-524
152
131
-152
-437
303
128
-439
249
129
-150
284
-130
335
-82
57
453
-144
601
-55
689
-446
604
280
-583
704
177
-32
288
-36
162
-350
-132
308
98
-35
-49
422
-169
43
-152
275
-263
169
352
-20
-180
385
12
-196
85
-106
160
151
-101
233
10
164
202
-72
47
165
645
-566
774
-66
192
-243
434
432
-140
74
731
-409
-173
680
-532
438
-185
471
-214
-20
392
562
-735
418
214
-256
209
215
-460
304
287
-1017
774
-86
-79
-32
103
53
-158
43
87
173
-93
25
688
-14
116
286
499
-291
36
821
-151
61
765
-424
466
191
84
109
287
384
-227
-40
916
-564
155
901
-614
664
-267
387
-84
295
-4
-238
482
-334
469
450
-391
459
28
-8
-17
-56
302
-341
664
-156
-12
494
-450
343
-644
777
-290
-345
646
-472
177
76
406
-157
-15
518
-493
504
283
-173
251
-62
273
-539
583
66
-365
400
143
-14
-262
775
-649
-12
220
245
-1076
333
73
-505
-243
521
-241
-267
408
-240
149
-913
1109
-718
184
395
-142
491
-131
189
-113
255
50
-352
456
-115
-804
991
-255
-520
-366
759
-285
-187
613
-406
98
-593
-182
50
-410
605
-16
159
526
-569
312
-275
-203
-278
112
-395
143
-52
144
-367
-541
346
-633
213
-80
-711
295
-118
182
-458
-101
379
-916
369
-557
220
-388
188
3
-454
381
-478
-188
288
-369
103
367
105
-122
-522
437
-14
-390
-634
679
-362
-456
742
-669
-535
328
-382
19
-316
-141
325
-845
224
2
-389
-343
-215
-281
601
-638
-29
119
-400
175
622
-798
-18
118
-642
403
-688
660
-599
99
-14
-572
556
-424
172
-172
-102
1003
-1077
174
95
-895
120
-552
962
-1070
50
274
-702
776
-1020
506
-925
246
-170
-429
685
-867
252
-520
-193
73
-669
629
-497
-105
-33
-437
371
-740
361
-681
161
-495
194
276
-124
475
-358
366
-531
-35
-222
736
-254
-11
169
27
-165
-365
475
-358
-418
-131
734
-170
35
547
-757
379
-390
102
-270
174
-101
-565
616
-904
751
-32
506
-443
222
386
-1049
311
-65
244
176
386
-189
284
3
-633
-65
626
-475
-642
1015
-572
-32
951
-993
273
-36
266
272
211
255
1
288
-397
239
306
-899
444
582
-722
841
-322
-116
-584
180
-418
201
164
-12
544
-690
-16
452
-527
305
402
-558
221
-90
-47
-302
685
-633
420
435
-1047
345
277
-445
-334
856
19
-564
903
-316
489
151
-198
43
527
-128
-308
684
-903
-104
546
-345
363
-685
183
-472
-518
1044
-957
341
582
-424
116
121
140
550
-522
783
-42
78
19
195
926
-1243
752
270
-524
-375
96
-249
-9
-52
67
176
-154
-422
319
-407
373
-29
-103
168
-615
-136
29
-73
-69
434
-62
388
-691
146
211
249
-138
175
-307
-94
-275
330
-303
363
-210
93
302
-583
-258
-686
738
-1270
998
327
-561
-469
239
89
-321
764
-89
431
-317
-54
-296
-219
-494
411
-134
-566
55
-38
-288
-6
475
-45
-210
29
112
-4
-69
136
-24
46
133
15
-86
-126
642
-381
478
228
190
-64
-238
1020
-1184
-332
962
-952
730
-565
219
-192
-394
355
-40
-358
115
-209
233
-851
15
716
-1119
933
-616
290
-273
-83
183
-126
199
-300
354
-334
246
-286
-168
74
-823
259
316
-881
926
-365
-413
99
-169
-798
232
21
-778
347
-534
-441
280
-216
-736
420
-749
-85
683
-515
294
-192
-95
507
-1370
1224
-1251
624
182
-92
1230
-1417
1385
-1067
232
113
-247
286
-16
217
-301
597
-864
-253
101
75
-328
994
-715
819
-421
-427
311
-669
9
1081
-958
-542
1675
-1722
848
-605
201
-1018
1013
-607
-304
570
219
-471
158
-352
-82
428
-388
-416
408
1121
-1976
2832
-1548
-400
1109
-1066
638
-1086
603
-103
-1346
218
-199
-878
-406
9
-396
-607
12
-61
-546
-3
-225
-438
-187
786
52
-513
364
17
-75
-186
1352
-818
481
-257
1483
-2120
1724
22
-708
1950
-1427
331
-198
1100
-1084
672
145
-588
-957
2016
-1203
-123
-39
-819
1274
-948
644
98
-607
-231
654
-398
603
-770
470
-229
146
155
-390
-149
344
-908
92
-498
82
-762
617
-321
-1052
578
-388
-184
147
-1130
379
563
-992
-158
148
476
-1266
1626
-892
-44
164
-876
778
-1370
515
848
-653
719
-606
704
-911
-194
1677
-1812
47
967
-190
-727
-216
42
154
-260
776
-108
-642
520
368
-1319
411
-199
-190
113
-274
736
-609
-646
1048
-1581
798
-40
496
17
-1389
686
266
-118
-1078
227
-1584
971
-589
-804
880
-566
-261
538
-655
-621
-506
118
-753
-867
346
-1083
-48
189
-337
33
-547
196
273
-823
897
-1080
1691
250
-1256
1486
-547
803
-610
-878
-265
1009
-237
510
1162
-1041
-289
1182
-112
16
895
-667
349
843
-64
-32
-730
1281
-1228
871
-154
1002
-393
-12
1401
-936
-501
1309
-1143
132
193
746
-187
-1577
1767
-948
237
-614
502
20
46
-550
1047
-55
-1615
970
-1172
-250
721
-1245
659
-481
-343
-340
-1161
43
1087
-222
117
305
-444
107
1516
-800
-431
1124
-604
289
-97
519
-86
-1150
967
-239
-86
-1059
118
1067
-284
478
-1329
571
-1565
-543
1222
-659
1842
-1336
922
-154
-909
-960
852
-1646
-499
531
-154
67
-1020
1207
-401
-573
436
-365
-3
1393
-259
-600
453
-33
-1811
-344
85
-836
-455
1339
-600
-1259
-154
292
-763
-436
-569
811
-989
500
206
-486
693
-1436
1384
202
-1136
1003
-458
-629
1136
876
-2968
1337
428
-1121
2149
553
-1171
326
246
613
335
229
-247
470
-167
-251
-767
889
-66
389
420
-8
-391
-324
1178
-2432
2184
903
-1204
-757
1102
998
-765
997
398
235
-1484
1027
215
-1060
368
-424
-671
-553
-140
-96
-1186
487
303
-885
1012
-237
-1777
1034
-193
-1002
216
-233
-134
-187
1104
400
200
841
450
-1138
1561
-485
32
716
1246
-899
1134
-214
-946
1363
-856
-58
403
541
887
78
-745
-102
1267
254
-544
1979
-1092
1955
-580
1734
1016
-259
1115
-180
368
760
-149
344
485
-949
2977
-2889
818
-134
-1119
1216
419
387
-333
-660
1062
639
-542
-100
-236
340
-606
180
851
-86
-1093
1318
378
52
38
52
84
300
297
-334
1812
-783
-466
528
62
-1288
94
1086
288
484
71
305
-995
965
-89
24
-492
825
-769
816
2119
-2080
471
344
143
-827
3786
-863
-688
1308
441
1851
-2220
851
-129
491
159
548
1259
-1191
-297
690
521
-207
796
528
-598
1538
-1831
1132
129
-1421
1631
-992
2498
-2834
2312
-1313
293
212
-185
1309
-1356
1381
-549
702
-162
-557
1564
-240
100
1514
-2290
1241
-1069
42
452
1179
644
-1320
1029
-1712
50
-611
1789
-1299
1065
1741
-860
-1072
397
491
-203
319
437
408
111
-290
837
-894
77
-853
415
248
233
-503
1796
-2342
-621
1943
-2029
1011
694
-804
-1430
2421
-538
-2320
2936
-2287
-414
842
485
-1823
525
2558
-2397
298
-77
130
-920
671
16
-572
1170
-1316
-116
-1225
871
-716
-781
2513
-2725
942
-1139
212
-1958
378
1889
-1517
121
-786
-157
275
-2068
1214
-233
-1151
1434
-280
215
-326
-599
-1273
460
584
-1245
1652
741
-1494
273
-320
989
-1078
-460
1622
-1271
-1829
2725
-165
16
-1068
2173
-56
-1858
-956
1354
2425
-2042
2633
-620
-1032
-847
96
556
681
1238
-1276
2238
-1582
-1469
628
-742
1259
353
-2195
1167
-774
-2271
1158
-861
-246
-1329
791
-489
-3685
2378
-2967
16
-231
-1661
673
161
-829
-773
-1323
1076
-193
-1804
876
1151
-3113
1969
316
-2398
513
-1221
635
-645
1935
-82
1569
-272
-721
1331
827
-723
-36
375
2113
-1000
-557
2082
354
-2008
1644
1476
-507
-172
1881
1980
-1981
1610
-68
-471
-138
411
-643
2001
-1320
1130
-170
-980
743
-1253
-182
533
413
-48
-1002
783
1101
-1491
1312
-942
-2266
973
3510
-1110
-657
2272
-1237
-1531
-288
348
-1644
1148
2206
-1724
862
1402
-1914
-418
538
631
-2147
2370
115
-1617
648
1907
472
-1170
3535
-155
-591
393
-221
1593
1230
577
337
983
-84
174
213
965
607
-1648
811
2493
-2230
-6
1974
-627
-1552
-1094
1263
-944
-1122
-616
-693
868
615
36
642
-121
-1842
61
668
226
564
1069
-2216
1201
-1353
-464
1696
-338
205
-338
1710
1696
-3841
3167
-948
1982
-181
822
2264
-3541
3382
-338
844
249
2169
-1268
-1047
1125
-115
-589
1356
701
167
158
3089
-2653
908
1794
-1104
-199
3215
-270
991
2612
-494
516
1077
1174
-633
2635
938
-1545
1173
958
297
1315
525
763
101
1362
415
-15
145
1291
142
-122
1250
1578
479
185
900
615
1573
659
1728
1311
-517
380
2098
380
201
-1389
1313
-231
815
1211
-3831
2803
-1107
-573
827
305
60
375
2636
-813
657
2428
-142
1862
-234
957
-548
797
2194
-1724
2726
-379
237
907
1736
-402
2467
713
-4185
4276
-732
-595
1656
-651
-129
1307
-888
-1539
3511
-516
876
2223
-77
-1611
1762
-836
-1627
3590
-1450
1467
2023
-1843
498
-1070
1833
357
-693
3898
-140
-853
3410
407
-2101
2507
2784
455
786
2763
-1512
239
2928
-3194
1959
2896
1031
-233
1419
2523
-3015
1256
1179
1932
30
1157
2456
-2626
928
-470
2897
-416
-1639
3499
1293
-273
-95
4590
-47
-1427
1906
-220
1462
-24
1149
2145
346
-1412
-248
2875
-1897
819
624
3151
279
-2185
2866
-104
-1105
-2606
4163
1042
-657
1390
946
1226
-1412
798
2679
1256
171
1127
2836
1550
-1309
-3
1528
280
-549
24
2850
-739
-1628
1825
179
-172
-193
1343
1589
144
567
221
301
-952
1053
928
802
282
-159
2177
448
-486
1826
1713
538
1683
1325
2090
557
-455
1195
778
-1057
-806
2812
87
-722
1033
-21
-295
-858
823
490
1064
461
280
2024
-136
-1221
1370
-127
-834
803
1036
475
-24
548
593
-243
-1076
956
428
74
-86
446
-242
-358
-421
-658
-70
-1505
360
-581
-1340
-1393
-1270
-1678
-923
-1284
-2736
-1106
-1577
-548
-710
-166
-710
-1907
38
1377
-921
-226
2902
1066
-339
2418
3703
2501
2519
4454
4612
4374
4495
4700
6339
5250
4222
6205
8640
6772
4793
6746
5256
2241
3076
4596
3829
3098
2490
1504
150
-1528
-3289
-3414
-2811
-4336
-3954
-2757
-4418
-7512
-7701
-7713
-8333
-7921
-6783
-5469
-5959
-6789
-6353
-5913
-6876
-7008
-4100
-2838
-3625
-2716
-1623
-2222
-3854
-2695
645
-758
-310
2133
851
166
548
1463
3103
4767
3993
5131
7471
5553
6417
10357
10674
10454
11019
12583
11086
8490
6446
7161
8987
7893
7899
7694
5226
1366
-677
-858
-1787
-2584
-2680
-2892
-3731
-5317
-6222
-7324
-9213
-10428
-9058
-7031
-6290
-5316
-4997
-5744
-6904
-6875
-4639
-2354
-1882
-481
1129
994
-265
-240
107
-916
-1437
-878
1023
1018
-993
-2123
-3452
-5821
-7730
-7150
-6329
-7155
-7803
-7189
-6658
-8251
-8706
-7200
-6377
-5933
-4017
-1341
644
1283
2025
4329
5975
6766
9185
13133
15218
15363
16429
17129
15715
12741
11921
13128
13744
13510
11959
9764
6131
2148
-502
-1281
-2127
-3495
-4847
-5803
-7765
-10271
-11630
-13043
-14363
-14647
-12537
-10463
-9960
-9986
-9595
-9754
-9824
-7533
-3782
-1329
-33
376
771
1043
1075
2817
4472
4653
3590
3004
3491
2506
274
-1002
-2174
-4161
-5729
-5457
-5932
-8026
-9806
-9861
-9241
-9215
-8800
-7923
-6687
-6599
-5489
-2199
845
2413
4777
7577
10222
12328
15336
18506
18242
16475
15620
16630
18297
19542
19552
16928
13225
9159
6764
5974
3930
1406
-489
-3267
-5573
-7785
-9744
-12341
-15410
-16699
-16036
-14683
-14091
-14030
-14853
-15483
-15319
-12904
-9164
-6023
-4975
-3770
-2464
-1573
153
2000
3267
4335
5852
6561
6667
5243
3902
2646
1644
1419
839
-53
-2340
-5542
-7765
-8777
-8510
-7775
-7010
-7162
-8273
-8341
-7712
-6221
-3991
-1909
850
3598
6063
9276
11803
13187
13921
13970
13856
14909
18059
20431
20454
17712
13963
11303
9262
8042
7036
5694
3167
-459
-3454
-5632
-7965
-11335
-14011
-14900
-14680
-14103
-14180
-15159
-16456
-17112
-16490
-14312
-10994
-8663
-7452
-6792
-6162
-4565
-2486
-131
2163
3695
3994
4420
4340
3760
3094
2244
2077
2183
1534
127
-1865
-4402
-6885
-7580
-6958
-5580
-4687
-4963
-5522
-6316
-5991
-4304
-1560
1446
4302
6663
8857
11182
12818
12172
11715
10980
13101
17702
20162
20087
16080
11656
8461
6915
7148
7440
6371
3018
-1009
-4122
-6294
-8307
-11269
-13702
-14288
-13629
-13394
-13766
-14479
-16253
-17086
-15891
-12402
-8891
-6978
-6505
-6534
-5692
-3420
-1299
988
3270
4206
4837
4049
3861
3843
3311
3060
2680
2141
709
-1358
-3493
-5251
-6641
-7750
-7970
-7555
-7683
-7596
-7963
-7636
-7091
-6166
-4182
-1473
1667
4268
7155
9696
11610
13492
14204
14224
13945
15670
18891
21123
21289
17697
14124
11110
8622
7756
7165
6082
3019
-883
-4254
-6945
-9264
-12161
-14438
-15276
-15142
-15221
-15803
-16069
-17046
-17119
-16248
-13580
-10424
-8429
-6999
-6787
-5308
-3207
-1245
1415
3542
4969
5021
4158
3951
4691
4661
4237
3882
2467
946
-1408
-3360
-4212
-6021
-7148
-7558
-7115
-7208
-7917
-7718
-7416
-7345
-6353
-3780
-808
2266
4605
6895
8971
11236
12641
13448
13258
13158
16161
19972
21579
19071
15631
12819
10509
9292
8957
8542
6476
2036
-1928
-4366
-6039
-9120
-12118
-13621
-14187
-14106
-14853
-15720
-16688
-17209
-17176
-15282
-12145
-9577
-8706
-8425
-7418
-5433
-3082
-1039
805
2599
3477
3784
3252
3402
3425
3501
4272
3592
2248
-168
-2317
-3594
-4616
-5375
-5934
-6399
-7550
-8481
-7938
-6264
-5553
-6044
-5476
-3652
-564
2701
6015
8987
10451
12061
13478
14457
14005
13873
16737
20627
22097
19945
16311
12950
10177
8466
8407
8754
6552
2176
-2435
-5486
-7248
-9939
-12446
-13796
-14346
-14895
-15940
-16509
-17081
-17631
-17225
-15272
-12010
-9561
-8411
-8301
-7399
-6170
-3299
-58
2318
3310
2299
1767
1658
3108
4837
5475
4586
2209
323
-1057
-1648
-2336
-3738
-4714
-5690
-6151
-6881
-6709
-6111
-5681
-4587
-3804
-2517
-419
1905
4170
7012
9986
12382
13247
12308
11108
11756
15834
19526
20205
17765
14009
11439
9788
9021
8864
8171
5835
2088
-1211
-3227
-5191
-8422
-11226
-12306
-12186
-12452
-13998
-15141
-16110
-16013
-15050
-13131
-10740
-9744
-9450
-8994
-6886
-4825
-3508
-1814
312
2004
1531
305
143
1600
2681
3482
3244
1130
-1426
-3402
-3289
-2779
-3782
-5475
-6524
-6742
-6999
-7161
-5899
-5273
-5435
-5170
-3057
472
3072
4616
6304
8310
11607
14696
15487
14471
12351
13773
18309
21723
21277
17357
13240
10472
9360
9490
9998
8107
3353
-1129
-3437
-3925
-5987
-9696
-12457
-13343
-13404
-14147
-14833
-15609
-16477
-16346
-14903
-12251
-10303
-10109
-10236
-9104
-6268
-4208
-2697
-1481
-345
25
202
1608
2815
3047
2201
1834
1824
1207
-364
-1261
-1747
-3216
-4386
-4701
-4707
-5194
-5930
-5303
-3917
-3596
-4101
-3570
-668
2717
5201
6390
7657
10279
12423
13262
12036
10981
13421
16993
19282
18341
15212
12394
10114
9331
9477
9761
8209
3903
-308
-2265
-2829
-4649
-7702
-10362
-11327
-11922
-13049
-14049
-14416
-14418
-14688
-14124
-12003
-10486
-10406
-10081
-8661
-6710
-5592
-4419
-2248
-662
-1021
-1806
-716
1256
1969
1426
1171
1022
-347
-1763
-1653
-1389
-3034
-5080
-5095
-4433
-4890
-5967
-5426
-4149
-3761
-3558
-2721
-705
1644
3667
5965
8098
9961
12306
13659
12963
10872
11893
16089
19934
20182
16363
13057
11294
10273
9914
10031
9391
6083
1793
-1096
-1574
-2649
-6043
-9277
-10576
-10611
-11679
-13304
-13992
-14237
-14313
-14013
-12739
-11196
-10793
-11124
-10204
-7927
-6224
-5168
-3722
-2142
-2209
-3166
-2063
419
1722
874
59
343
-189
-947
-1346
-990
-1931
-4074
-4405
-3157
-2783
-4076
-4655
-3821
-3085
-2783
-1874
195
1615
2771
4566
7250
9862
11749
12994
12230
10917
10490
13991
18416
19596
16943
13025
11183
10489
10242
9681
9157
7513
3964
1050
-312
-1177
-3994
-7317
-8777
-9022
-9214
-11130
-12724
-13426
-13233
-13057
-12503
-11315
-11122
-11519
-11001
-9303
-7639
-6598
-5284
-4386
-4221
-4559
-4071
-1933
-774
-780
-1212
-1208
-1496
-2143
-2069
-1718
-2324
-3486
-3848
-2592
-1993
-2756
-3604
-3490
-2519
-1764
-498
1170
2484
2910
4280
6716
9547
11585
13432
13713
12304
10470
11385
15947
19458
18840
14439
11146
10227
9976
9546
9066
8313
5667
2085
-46
-791
-2128
-5307
-7952
-8519
-8278
-9716
-11599
-12770
-12686
-12206
-12283
-11455
-10839
-11118
-11481
-10587
-8880
-7336
-6083
-5502
-5367
-5721
-5302
-3435
-1975
-1470
-1978
-2278
-1767
-1348
-1368
-1719
-2023
-2877
-3322
-2361
-1108
-1252
-2302
-3352
-2940
-1655
-241
1179
1994
1966
2967
5746
8113
9660
10118
11500
12533
11601
10521
12032
15371
16974
15560
13048
11692
10473
9224
8736
8890
8570
5913
2849
828
-129
-1462
-4128
-5671
-6284
-7006
-8805
-10689
-10961
-10907
-11274
-11500
-11088
-10793
-11102
-11561
-10618
-9167
-8256
-7739
-7759
-7780
-7626
-6010
-4442
-3709
-4119
-4427
-3464
-2392
-1952
-1948
-2126
-2462
-2511
-1912
-977
-229
-851
-1751
-1735
-684
337
952
1838
2178
2507
3260
5423
8151
9706
9859
9791
9855
10423
9812
10464
13054
15461
14922
11416
9423
9000
9351
9276
9125
8693
6569
3725
1559
1146
777
-1019
-3286
-4241
-4664
-6387
-7989
-8895
-8892
-8993
-9279
-9758
-10443
-10669
-11149
-10790
-9992
-9528
-9396
-9567
-9066
-8514
-8037
-7358
-6486
-5648
-4969
-4092
-2852
-2248
-2538
-2380
-1719
-859
-372
251
793
665
-108
72
1259
2074
2539
2285
2591
2821
2946
3975
5636
7037
7064
7297
8422
8663
7115
5738
7459
11316
13569
11660
8511
7091
7332
7778
8398
9695
8910
5824
2906
2430
3111
2419
411
-1098
-1725
-2982
-4514
-5375
-5495
-5791
-6982
-7630
-8130
-9069
-9900
-9454
-8149
-8432
-9730
-10238
-9101
-7949
-7567
-6707
-6319
-6707
-6266
-4439
-2502
-1936
-2828
-3055
-2532
-1634
-548
615
871
-126
-927
-560
577
1151
1200
1003
714
245
228
752
1255
1717
1544
1636
1889
2302
3296
4325
5067
5395
6412
6522
5674
5520
7175
9943
9652
7993
7688
8093
7805
6151
6406
6906
6081
4149
3431
3660
2317
-34
-902
-457
-1338
-3040
-4281
-4085
-4467
-5509
-5904
-6368
-7037
-7927
-7020
-5805
-6130
-6734
-6357
-4744
-3748
-3206
-2672
-2304
-2565
-2578
-1495
-326
-160
-1175
-1498
-1310
-1298
-1503
-1316
-1516
-2522
-3243
-3202
-2808
-3024
-3205
-3436
-3799
-4146
-3985
-3637
-3394
-3064
-2615
-2172
-1787
-1082
-141
732
1155
1754
2743
3496
4148
5148
5898
5984
5907
6416
7009
6560
5929
6078
6788
6732
5655
4918
4500
3833
3043
2550
2417
1694
598
-15
-100
-507
-1446
-1969
-1942
-1836
-2230
-2624
-2519
-2423
-2181
-1743
-1278
-1204
-1326
-1334
-790
-595
-862
-937
-435
-127
-374
-992
-1434
-2238
-2793
-2718
-2603
-2645
-3418
-3939
-4318
-4504
-4598
-4441
-4254
-4400
-4500
-4274
-3712
-3236
-2710
-2397
-2157
-1827
-1428
-848
-394
113
443
706
885
1203
1251
993
995
874
954
952
949
796
591
168
-220
-326
-364
-153
-334
-261
-282
-338
-331
-90
248
499
971
1320
1715
1961
2118
2545
2914
3194
3235
3473
3695
3615
3413
3295
3488
3428
3062
2565
2040
1582
1313
939
547
272
-224
-675
-1122
-1420
-1652
-1757
-1812
-1797
-1809
-1917
-1848
-1782
-1574
-1342
-990
-835
-668
-439
-481
-513
-513
-430
-277
-326
-592
-734
-1056
-1239
-1511
-1573
-1668
-2014
-2396
-2811
-2882
-3265
-3395
-3491
-3683
-3744
-3899
-3990
-3952
-3806
-3456
-3129
-2716
-2338
-2050
-1852
-1346
-827
-513
-30
393
722
793
930
1241
1449
1676
1929
1802
1610
1274
1177
1378
1483
1321
1141
1168
1129
836
873
1360
1672
1761
1702
1799
2223
2639
2882
3155
3586
3850
4000
4251
4304
4248
4205
4242
4233
4254
3970
3458
2737
2375
1790
1343
1163
670
45
-805
-1513
-2036
-2522
-2959
-3392
-3799
-4098
-4436
-4611
-4563
-4758
-4617
-4373
-4234
-3926
-3943
-3629
-3095
-2686
-2467
-2173
-1900
-1723
-1505
-1374
-916
-704
-639
-612
-566
-560
-741
-783
-738
-618
-689
-646
-774
-809
-972
-1043
-816
-491
-202
-96
182
433
801
936
1282
1580
1892
2255
2375
2546
2652
2767
2920
3039
3050
2920
2790
2422
2048
1885
1754
1612
1232
909
463
44
-242
-556
-804
-1056
-1245
-1455
-1505
-1613
-1778
-1830
-1809
-1611
-1488
-1398
-1283
-1096
-926
-663
-499
-238
-169
-208
-78
-22
132
334
399
273
255
164
107
127
27
-214
-180
-149
-300
-430
-460
-433
-331
-185
-152
196
317
476
659
841
878
1048
1206
1455
1463
1474
1571
1706
1779
1760
1673
1546
1364
1082
996
809
701
554
324
-22
-391
-649
-718
-1032
-1082
-1216
-1455
-1474
-1709
-1800
-1797
-1713
-1551
-1412
-1494
-1432
-1460
-1336
-1206
-1028
-769
-685
-587
-727
-633
-509
-428
-384
-332
-161
-173
-141
-257
-219
-92
-100
40
151
301
172
323
528
749
892
1133
1478
1474
1580
1731
2099
2188
2419
2493
2428
2326
2405
2434
2540
2487
2115
1913
1654
1401
1009
953
773
649
407
104
-160
-361
-577
-690
-685
-712
-796
-722
-826
-1092
-1177
-1151
-1008
-803
-841
-879
-815
-964
-1004
-968
-773
-714
-785
-879
-1013
-1038
-974
-981
-983
-1008
-1083
-856
-818
-874
-772
-729
-557
-393
-204
37
172
336
594
833
1311
1488
1618
1838
1904
2195
2209
2298
2417
2346
2259
2076
1994
1939
1759
1448
1311
1079
791
607
365
239
40
-201
-376
-465
-628
-798
-1005
-1093
-950
-832
-902
-850
-711
-769
-807
-613
-360
-246
-343
-250
-101
-175
-71
-86
-5
-33
-249
-310
-329
-300
-313
-466
-539
-581
-548
-524
-530
-433
-325
-227
60
168
117
249
348
489
791
1002
1246
1402
1499
1488
1667
1760
1878
1950
1936
1918
1745
1454
1320
1271
1026
693
410
178
-88
-438
-525
-609
-771
-1019
-1258
-1240
-1449
-1597
-1493
-1390
-1341
-1151
-1125
-1104
-1014
-890
-691
-480
-304
-282
-192
-87
2
0
73
198
252
163
53
93
145
253
217
272
214
147
-12
-31
-53
-3
133
274
458
553
564
522
510
641
953
1248
1428
1580
1574
1554
1800
1781
1693
1573
1369
1236
1074
1061
856
806
431
214
17
-234
-385
-732
-774
-890
-928
-1143
-1225
-1353
-1544
-1552
-1532
-1384
-1165
-1155
-1155
-1184
-1012
-815
-662
-411
-155
-229
-323
-249
-162
-144
-48
123
99
33
-106
-58
24
-45
20
-50
152
80
-37
135
186
340
386
628
805
868
816
894
1146
1213
1326
1386
1676
1732
1635
1767
1833
1898
1697
1669
1469
1272
1256
1211
1088
804
443
124
-91
-306
-466
-597
-711
-786
-817
-1006
-1281
-1318
-1347
-1332
-1292
-1109
-1122
-1327
-1257
-1313
-1126
-833
-735
-654
-598
-562
-727
-701
-548
-458
-424
-462
-383
-565
-563
-412
-339
-228
-171
-83
-127
-38
105
206
265
321
411
426
545
626
671
915
1178
1292
1464
1560
1677
1689
1832
1923
2029
2111
1906
1786
1628
1619
1578
1408
1167
917
620
348
199
4
-189
-305
-477
-684
-726
-932
-1157
-1093
-1141
-1075
-995
-1072
-1160
-1010
-969
-974
-710
-546
-486
-526
-581
-494
-357
-315
-230
-115
-60
-241
-215
-174
-108
-97
-79
27
41
65
61
56
97
192
328
406
497
612
683
630
698
851
1061
1182
1099
1217
1342
1410
1273
1507
1583
1385
1315
1153
1127
1099
948
917
721
469
234
23
-179
-373
-396
-545
-591
-682
-924
-1056
-1135
-1227
-1276
-1114
-987
-1062
-1118
-1004
-966
-918
-712
-425
-209
-263
-228
-146
-164
-133
36
254
318
250
82
172
339
419
525
567
504
502
527
438
521
640
625
536
577
671
603
572
610
586
725
880
937
852
822
901
954
972
914
995
985
876
711
713
789
578
478
316
25
-91
-244
-316
-417
-615
-671
-780
-885
-1092
-1155
-1063
-1049
-1062
-1102
-1153
-1142
-1061
-944
-848
-749
-675
-713
-565
-560
-584
-327
-208
-254
-78
-136
-133
42
6
-3
219
431
469
454
479
496
618
810
890
829
915
899
761
765
918
964
910
1015
1103
1094
1049
1162
1158
1149
1048
998
896
908
855
783
763
665
517
332
106
-7
-146
-309
-394
-434
-628
-756
-880
-969
-1056
-1219
-1184
-1180
-1203
-1144
-1093
-1091
-1083
-1130
-993
-789
-603
-550
-617
-583
-419
-325
-251
-74
11
-12
44
64
197
250
332
496
503
608
616
681
734
693
746
775
798
738
821
845
898
898
870
957
1032
991
1037
1051
1133
1252
1052
1061
985
933
838
680
671
492
314
-2
-227
-466
-785
-791
-870
-1235
-1355
-1456
-1675
-1848
-1891
-1793
-1961
-1930
-1809
-1816
-1803
-2306
-2556
-1884
-1949
-1389
-104
354
-360
-1313
-928
-1122
-1279
-275
702
776
990
1208
1025
-383
-990
-243
-108
-67
778
1453
1212
480
200
-388
-369
692
1413
2155
2161
1842
1228
1093
1342
910
116
-3
144
363
1020
1149
918
82
14
-148
-606
-678
-184
-332
-368
-553
-1399
-1864
-2181
-2172
-2207
-2102
-2453
-2928
-2706
-2555
-2640
-2668
-2729
-3282
-3324
-2175
-2397
-2078
-1736
-1345
-960
-1257
-645
-497
-1005
-917
204
533
219
1091
507
-352
-46
1456
2077
1323
781
580
1270
2045
2091
1698
697
1173
1588
1218
1836
2051
1278
1247
2079
1276
1616
2426
2271
1217
1320
1159
2286
1586
1503
2220
611
528
1983
-330
699
588
-1036
-431
-2015
-290
-640
-2036
-1485
-1732
-2633
-2538
-1598
-1733
-2396
-3463
-1968
-1040
-3100
-2265
-951
-1253
-1886
-1353
-1280
-85
197
-1101
-1205
704
1726
-937
-14
1818
1142
-258
1256
1509
411
711
683
1365
-277
2006
1015
-1181
1838
1256
615
2244
341
-160
84
693
771
842
2431
1108
-39
2115
1411
233
2074
2752
147
954
3038
149
-395
814
2779
-1550
-731
1249
-153
-1290
-2127
-414
-1753
-2192
-547
-1749
-3567
-2014
-1379
-2450
-3589
-559
-1487
-2572
-1799
-1641
-281
-350
-348
-248
50
666
-813
2397
1259
-1511
1374
2024
36
1457
1881
848
-21
29
2788
808
-192
-57
1579
-238
-121
426
371
943
1420
-466
869
193
-136
626
-127
2907
1134
1467
1574
-509
247
2451
-77
643
2106
2151
410
-1748
626
-248
-669
207
6
-1264
-2015
-220
-859
-3542
-1576
-904
-2810
-3243
-57
-3341
-3012
512
-1524
-2011
-1843
-810
-902
-624
461
1364
805
-669
803
435
419
2487
311
2038
1339
81
2467
1499
808
1406
184
1651
406
1270
-181
391
128
-1274
1739
-70
-1302
-642
1308
-1712
-95
735
552
-1234
2665
-110
117
2228
2515
-735
820
2510
134
112
1872
3239
-1719
-634
1975
-1402
-267
1162
-1033
-2454
-2172
1307
-2725
-1187
-1261
-3518
-187
-1665
-2262
-694
-2308
-2408
-29
-672
1395
-1352
-1260
1449
332
2039
230
1013
2877
625
-326
3318
2444
1772
1963
2003
-388
670
2810
171
2340
51
1784
-2014
986
2127
-1604
1753
-598
-631
-174
-904
-355
-239
1824
232
-267
-105
297
-34
-110
1466
-607
2216
1304
632
1603
284
-1009
-142
1158
407
-2776
-72
3018
-3438
-1244
-1308
-1582
-3029
-1858
-2652
25
-2369
-1289
-1994
-1139
-1070
-2502
-361
1783
-2215
683
3378
-1011
1375
2296
1489
798
3993
1382
3816
889
2928
1587
2108
2609
2684
2038
2540
207
511
1322
665
1007
1931
-418
801
-279
372
833
-3943
2515
1245
-1264
971
2148
710
-2277
971
2077
-252
821
614
3776
-1192
-343
3599
-803
-921
1259
651
147
-2368
935
-1309
-870
-1437
-563
-1739
-2620
-270
-2033
-1891
-1095
-410
-775
-3285
1366
-624
265
-1436
751
2849
-391
1648
1023
2010
68
1893
3191
1943
517
1892
2745
433
3463
1816
11
3521
-1174
2909
917
1619
997
-404
1655
-1261
442
1203
-464
241
134
-188
619
498
-159
893
527
816
1734
1374
313
247
594
2987
-736
-943
3462
-1499
-1673
2877
-1890
-291
1592
-2600
-671
-1833
-514
-1333
-1089
-699
-1669
-2328
-357
-1465
-2459
1172
-2057
77
-1154
-1244
1260
47
1540
887
-80
3045
-84
888
2701
1553
2092
3461
1779
1601
1691
1549
3964
-683
3155
1625
870
1111
1854
104
-757
2917
163
1313
-800
1553
1956
-1983
1048
1599
-731
762
1891
-6
200
3511
-2317
462
1228
659
1889
3
482
198
-2041
245
1076
-619
1465
-2424
-779
1029
-3435
424
-142
-1315
-2047
-1485
-115
-813
-303
-450
-681
-478
376
-642
1522
2970
-1616
2329
175
1353
2067
649
3188
254
2521
1364
1979
1938
78
2945
1344
1240
1531
1443
2077
72
2801
641
2594
-279
252
114
1311
206
1510
2417
361
1209
-159
-431
1722
2065
-352
1430
2363
-802
248
936
302
-1039
1240
843
640
-1383
468
-661
-479
965
-3331
1169
-1226
-2481
1258
-1490
-123
-1602
-1453
592
-2323
450
-98
-603
909
-982
2395
-538
2092
2228
-120
3678
1208
501
3082
1408
1318
3528
1294
3994
2717
377
2580
354
2562
1655
1785
3539
-877
2734
1432
-149
2603
861
785
1343
2606
-1329
2305
1903
-1554
1385
2809
-1295
1229
1851
-1022
543
702
527
1418
-1004
830
388
-1709
1291
-1134
504
-875
-966
-807
49
456
-3031
218
577
-379
-941
1146
-1054
-2678
1595
205
-3
1555
807
414
200
2299
-812
857
3661
408
517
2383
3241
-928
1900
2326
1400
1181
3847
2187
535
2387
229
2522
-449
3520
1997
-172
3972
-687
771
2207
105
2031
573
2455
-151
-1046
2419
-393
1817
580
1407
118
273
2127
-545
748
1079
825
192
52
2097
-2415
-191
450
-2105
399
319
-350
-1741
1747
-1173
-240
-1114
144
1889
-1556
569
1534
-184
-578
2223
849
153
1593
1150
2618
593
2190
2541
-818
3419
1514
1437
2741
335
4019
1513
892
2127
2300
1057
1946
2656
1453
-539
2939
1021
-28
596
3040
2017
-477
1326
1507
-68
-83
504
2118
979
18
875
917
-1621
-749
1234
-2127
1237
442
625
-798
-399
304
-912
-389
987
91
26
321
1055
-1782
922
484
-1674
2937
-49
593
370
826
829
1374
1887
1106
1760
831
3461
669
1418
2267
703
2333
2224
1033
1886
2073
2212
1800
1673
2033
2129
1168
2807
1138
2237
694
2543
1278
-160
2569
1365
128
-39
1420
810
-394
900
-369
222
138
637
-10
-548
172
-753
-765
-580
-651
-907
-519
-1725
-472
-264
-1534
-1027
-1684
540
-843
-2249
991
199
-2690
830
-353
-629
-1175
1041
961
960
567
358
828
1201
1801
1150
3498
921
-74
3786
2369
-113
2599
3692
1670
961
2204
1554
2695
884
1204
3477
1535
343
3221
2175
-163
2283
179
3225
-902
784
2136
1294
825
-1297
1185
-1204
979
773
-2306
2847
-999
-983
-568
-1128
792
-2765
888
73
-3081
487
-1305
-2052
194
-881
-925
-631
-2163
-718
546
-1067
-667
322
-2028
-393
786
-384
430
2017
-1124
1246
-1152
1922
1016
-1541
3381
3702
-1204
1567
1900
-507
2958
279
2358
3424
446
3311
1606
1960
2790
1096
2134
1897
1974
2210
-214
3856
-356
1968
797
811
1183
1227
-676
-266
758
981
-1618
-118
929
-3038
1993
-2158
-774
145
-950
-1548
-35
-1996
280
-1792
567
-497
-700
-1311
-249
741
-2722
-116
495
-813
789
-1387
1315
1444
-3353
1833
33
156
-1464
1430
412
-685
476
-618
386
404
-1057
3127
705
810
1312
664
2394
-1000
1791
3528
1601
-365
3148
2198
982
1815
97
912
2635
-857
769
2349
-190
596
-1224
2724
-1529
-911
-631
887
-2213
-1707
486
-1576
-2578
229
407
-1757
-576
-3351
568
-654
-1938
-403
2181
-2915
1069
-2477
1223
-1061
244
1155
-3222
2707
-432
-202
-66
1481
-822
-700
23
1646
-873
497
349
809
1614
-152
525
78
2194
-916
361
2371
1152
883
471
3205
-515
3140
949
-535
4273
-237
965
1999
3370
547
159
3126
-365
91
1265
-228
947
-859
3011
-1271
-240
495
-2131
-219
-1373
1049
-2851
1676
-1158
-2451
-471
142
-3341
-946
3800
-4018
-449
1708
-3666
1115
-1284
22
1161
-1276
978
1156
64
261
345
512
757
-22
1721
218
954
1158
-545
-458
1745
720
82
1560
1091
883
-97
1418
-450
842
2639
42
1013
2180
2413
708
534
3891
-540
2650
1732
1209
966
-425
1627
-652
-41
151
1951
-2131
923
1690
-3738
582
172
-3128
370
-999
-1186
117
-1118
-2466
-896
-587
-1433
849
-1480
226
-758
-1219
751
-760
592
857
-1271
1652
341
-1153
-286
656
-1045
1248
-823
1246
1464
-1678
-886
245
-470
-600
1781
-1176
1551
-693
1379
-360
1570
-1366
1347
2082
546
2453
558
887
2767
361
1064
2743
929
1117
1275
1118
856
-898
1621
9
442
-602
452
788
-2842
1434
-996
-2193
-1324
462
-1909
-657
-1084
-852
-1099
-1883
379
-1027
-271
239
-1665
-258
626
-288
-1433
481
667
-2580
1395
-1059
2169
-2499
2725
-653
135
712
-2110
1208
-330
276
-37
-167
753
-1150
-414
2086
-1188
689
1330
978
-2236
2124
852
-96
2208
-207
4384
-1596
817
1940
-292
2852
168
2620
-117
2647
-327
-47
478
-373
1181
-2320
1007
-106
-1356
-1490
-1333
1250
-3981
2068
-2229
-2008
491
-1408
-1047
267
-371
-841
-1653
1107
-988
-1229
-1076
2109
-889
-202
-257
788
86
-1389
1454
1010
426
-976
1181
1999
-1744
-792
1265
-1144
2868
-1137
527
-776
349
-1686
1147
1216
-617
538
-1591
1796
1542
-2817
3150
1483
-639
1539
423
2252
-2308
2003
2684
-1447
1566
2619
-1064
-300
632
1361
-2796
1704
-1046
242
91
-1278
-810
-2232
-1891
-1458
-2071
-1383
-422
-1215
-1936
-1719
-869
-3390
-63
63
-1641
-1312
-372
-1850
-268
379
-216
-1373
1309
1149
-2677
2508
1192
-2666
1276
1301
-1314
-190
981
-748
579
-830
1868
29
-2624
2169
-937
-534
1581
587
-3010
3391
389
-2234
3117
374
392
1566
-334
3934
-996
-249
2935
1254
802
1577
1369
-199
2142
-1263
-321
730
-715
-745
-136
1146
-3015
-770
-212
-2032
-1893
-1578
533
-2968
-1053
209
-2655
-986
-2268
225
-1526
-957
1185
-2173
584
-167
-158
-3422
1657
-1007
-1810
1792
-72
360
-2608
1377
-214
-3726
851
3039
-3912
4677
-2044
-3688
2916
-3709
12
-308
278
151
-1271
292
1739
-1814
-1934
4094
-396
315
2555
2391
-351
-96
1784
-510
2229
1385
-71
1465
857
-478
-620
-1140
1312
-561
-1857
3037
-1697
-5105
1697
-2308
-1722
-28
-533
-1038
-4648
1875
-2276
-840
-111
-601
-663
-26
-2664
973
-676
-491
983
-1787
-1264
1072
-1032
-1669
725
-1710
-469
303
1726
-2008
-228
-336
-952
441
-1525
1519
-72
-599
1583
-1189
439
-2123
-480
215
1701
750
-1734
1704
-372
-308
1430
-2124
2632
780
-2686
2811
-1204
1599
-1244
1030
1684
-3008
3096
-2070
1699
-1723
826
679
-1370
578
-1141
-368
-969
-3452
1490
-862
-2066
-3079
1150
-2135
-3910
2246
-2767
-796
44
-2218
-311
-721
-1126
511
-129
-48
-96
1287
-60
-2030
1848
-724
1109
-1229
1606
164
-1136
1434
-1416
378
-959
1846
-943
26
1671
-1278
534
-11
-260
71
-1382
1740
-2570
2766
774
-664
134
316
-1366
1771
1364
-1090
-154
3115
-1157
532
1121
-1346
-304
-608
-1400
-909
-513
-287
-1173
-1615
-1011
-2583
-202
-2624
1498
-3001
-2877
2782
-5259
-820
-195
-2417
1417
-1804
-2072
614
-366
-2411
1712
1445
-2247
3683
-2347
1776
-1510
121
2119
-1986
3261
-1587
1496
-304
947
-800
-1081
-49
-917
1644
1652
-1107
656
661
-1640
-859
1376
-351
-1551
4998
-1828
1450
1137
-1378
617
-244
21
832
3277
-635
-1879
2261
-801
-1552
-690
241
-87
-809
2023
-1418
-1125
-1503
-902
-3452
1048
652
-3575
1448
-1521
-2926
-1034
-619
-1353
-682
-77
273
-2098
-522
-393
-1061
-1316
-468
998
-892
1572
675
-572
345
-872
1548
-2431
4874
-3194
502
952
-531
73
-2184
4349
-2874
1140
28
180
-354
88
2586
-1702
374
407
547
-290
218
1974
-2543
1855
267
-1225
1741
811
-165
-379
730
-2149
363
73
-659
39
-22
-399
-2422
-1313
97
-2468
316
-3154
60
-1379
-1809
-616
-2864
18
-2353
865
-2031
-1582
2181
-3626
-122
434
-2229
2918
-2728
2624
-651
-1768
3166
-1014
-832
1364
326
-350
763
-610
1340
-1661
1322
-1061
415
418
-354
363
1808
-3442
760
3519
-5082
1250
2143
-1924
-250
1399
-642
962
107
223
1167
88
1009
-37
1311
-2839
1830
1021
-2019
3158
-2906
489
-155
-3221
1113
-1030
-375
-382
-246
-1598
-1028
-2392
-1551
28
-1290
-925
507
-1514
-2369
-84
-2642
-837
574
-2523
2305
1722
-2136
226
-636
339
-846
1555
-460
1468
2324
-1945
2143
222
-668
691
-1924
2355
94
-714
2432
-2767
-1186
3207
-1818
-1148
2504
901
-2073
2624
-945
-1832
2763
-1610
1014
2715
-2709
716
688
892
-1072
-638
3710
-2098
1428
252
357
-809
-1084
1102
-1123
-993
791
-2848
761
-1519
-2529
61
-1242
-646
-2450
683
-2553
-3712
4087
-3113
-527
2001
-2869
171
-512
-1457
120
2414
-1988
3447
-579
-419
2221
-1828
1029
404
1165
1749
-118
219
-784
888
-1553
692
404
-956
3056
-2372
-832
722
-1865
780
926
480
1538
-1674
1740
128
328
-570
1300
1453
-1513
3232
-1377
-229
1881
-1733
-362
2428
-1007
-2024
3306
-1268
-2349
920
-955
-1346
-1680
588
49
-1806
128
-2314
130
-533
-3228
2547
-854
-1394
-347
1553
-1367
-1280
988
67
-161
1495
817
-495
3166
-1636
506
2246
69
2477
-1163
221
2382
-3298
2315
-505
110
1871
-2922
1298
-1124
-1205
-1247
0
2711
-2206
216
767
486
-1834
1299
1170
-1023
2569
-564
643
1540
975
-688
1882
-451
-2142
3384
-1202
408
2119
-1068
-1070
-2159
-1347
-180
-580
-1843
506
-370
-2860
224
-1799
-881
-604
-2
1094
3
291
-358
-979
2530
-1695
1331
1699
-1174
2666
-442
939
-344
841
1240
-778
1296
642
1104
-1322
448
-47
-2160
3654
-3040
-1365
2097
-1879
-1512
1109
-1050
-2101
2964
-1031
-347
1045
-1388
870
1575
-947
1829
508
-165
1150
147
1196
-839
-193
-500
-98
-1713
784
1428
-2124
92
-1502
-320
-1807
-209
-448
-917
-2728
605
-106
-2398
94
-1669
-40
-1282
-212
713
-1779
1856
507
-1645
685
1119
436
144
2229
-928
1863
1052
1215
195
916
951
895
1593
-1418
3758
-1544
-27
1184
817
845
-1587
2067
-941
-60
2198
-2042
-1597
2003
634
-1661
3239
405
-3861
1656
1155
-1131
661
1936
-105
-703
884
-1449
-155
1034
-31
-876
-739
1433
-2847
-169
953
-2174
759
-2287
-451
-1765
-984
-94
-1585
43
-1219
-352
-1309
-184
1327
-1269
-1434
2346
-304
-680
1048
890
1487
-1257
2154
515
-179
1484
1136
1080
-804
2149
50
-1732
2233
-871
-205
1264
1022
1445
-2935
56
1481
-1650
958
1583
677
-2884
2806
751
-4007
2418
2267
-2785
1733
2351
-2554
-589
-418
1394
-553
-775
3174
-2212
-295
1374
-2244
1301
-2591
-72
558
-1510
389
-1130
-2789
433
137
-3051
1547
-790
-762
-157
486
-555
-1037
215
-78
1392
-1516
1671
3444
-1916
-195
2263
-996
1995
-869
1208
3733
-1713
576
1325
-1705
2707
-1552
2305
925
-1049
405
-809
-669
377
-586
-382
1028
290
-834
504
317
-1879
1336
-1088
517
2005
-150
319
1853
-1390
-2111
1370
-964
281
158
1703
-138
-1415
1323
-1986
205
-2
-1107
1640
-1324
1103
-885
-1940
715
-1670
53
-667
387
-370
-508
1912
-479
-2062
2539
32
-828
2727
462
-406
1407
-318
1256
-1177
391
2309
-1269
1962
1934
-2318
703
1594
110
-1688
1638
-942
1712
175
-1225
3409
-4064
1922
414
-2089
1247
620
-471
-897
498
-1688
-325
1101
242
609
-1682
1634
908
-2394
1446
33
-389
-482
-562
1395
-1928
-208
794
-3086
1287
-1548
1066
-260
-1947
2029
-2141
-591
102
-422
-153
483
118
-224
1095
-497
-482
-75
325
1980
-34
1848
1244
-1728
2944
-603
712
1258
690
667
1437
285
-294
1788
355
-409
1725
-1124
951
-592
-661
1704
-2417
978
439
-1702
-594
730
-2489
2028
-315
-1203
900
-547
-175
-340
115
337
-2016
1330
-156
-1192
2416
-1844
352
-403
978
-1351
-308
1599
-631
-629
-1305
1168
-1399
-1251
1332
-547
52
-225
-1
-653
285
-280
78
448
190
1397
-1625
1833
632
-2135
2541
-1132
442
561
-389
1813
-183
-408
1555
339
-997
-1283
1762
1285
-1993
1392
1066
-1566
-59
1373
793
-1307
-88
417
-152
-1715
1683
-578
-2450
3094
-246
-2830
1812
-1135
-1249
1965
-1080
-199
-152
-247
-1662
907
-1990
252
1571
-622
-1004
656
-154
191
-120
-182
695
-881
3025
472
-2755
1357
15
-2501
2421
250
-169
1405
-1212
1156
50
150
875
-441
1275
-419
1594
-785
551
1296
-766
-60
998
-104
1238
-1199
-279
2053
-1722
-833
2531
-2619
75
467
-1193
809
-1268
662
-1023
-866
307
-433
18
67
-1138
1229
-271
-1462
-503
921
380
-2234
1657
946
-1142
233
1589
-1865
336
-1200
1597
-176
-1915
1773
-88
-1746
1971
-740
-1075
504
-765
2887
-2528
1621
7
-2045
1879
-413
689
-748
499
-571
1299
-1531
-281
658
301
252
-90
-758
123
-57
-708
1619
-227
-929
1520
-917
53
554
-2410
1355
-594
-115
923
-595
75
233
-1282
-71
-409
-234
247
-593
23
-524
-732
-917
61
66
-4066
2074
-1167
-570
722
-697
1850
-2650
113
1285
-427
525
-498
-606
176
310
-1058
258
833
-1636
957
-146
-588
762
1189
670
-173
-981
2487
-681
-518
2785
-1726
1205
-625
519
855
1525
-605
-8
1795
-2159
1486
-3
-1284
333
306
86
324
1018
-1563
-592
666
-1974
-979
269
1704
-1458
-283
188
-2933
-197
-366
-1357
1081
-559
-891
306
-267
-2328
-338
213
-1536
496
191
-868
296
-899
416
-1968
442
1352
-3021
640
964
1075
-2901
935
1178
-1712
544
326
1236
-1955
-235
1269
682
-164
538
320
24
-121
994
1039
250
997
-84
702
1008
-1091
1031
2877
-1348
290
2137
-298
-1712
3298
-522
-1586
4420
-1502
-1504
1497
-507
-1054
470
567
151
-1793
946
-250
-2945
277
836
-1667
-932
3123
-2217
-2058
2281
-2998
121
444
-1291
2749
-635
-1777
725
-246
-1557
1291
840
-260
-1038
1021
-422
-2121
2113
-1768
633
1130
-1375
101
-1336
2916
-1298
-1685
4333
-2921
-558
2597
-994
-1173
1715
221
-212
175
-135
-70
1232
135
1067
-32
-452
1073
97
-233
553
1577
-727
-892
1378
-613
712
-828
17
701
-1558
1847
-956
297
566
-2156
2624
-2095
625
-651
-1927
4000
-1993
-1284
1525
-755
-911
1274
1076
1242
-256
-1546
1968
-59
-1056
1667
-19
356
1233
-1790
1456
-172
555
647
130
276
-1697
1111
621
-701
667
556
-459
1451
-1262
1427
110
-1124
2009
527
628
100
722
1218
-435
1141
-173
1696
-713
706
845
-1497
1369
-1253
1407
236
-835
1985
-1389
-265
-327
423
-1164
159
1172
-1440
-515
-517
279
-2222
323
-197
-1691
1061
-157
-1421
1489
-1285
-621
1683
-160
-1520
1878
-1148
466
-236
-1660
2581
-574
-229
2261
-1510
-912
260
292
1209
700
1404
-1057
330
-1279
-855
1343
-1859
2490
431
-1031
2438
504
-2624
1104
1689
-1916
1266
2787
-1556
-1282
3121
-858
-2375
1254
442
-826
507
1081
-1447
1475
47
-1866
1299
-1833
353
1032
-608
-78
-600
-271
-1091
-239
-519
-446
976
-1500
1028
-1868
-1470
719
333
-2085
1909
89
-1426
1768
-2197
268
389
-2354
3263
655
-182
1380
-1728
985
-947
1176
1814
-930
1367
1038
-1289
419
221
178
2402
-217
-636
1540
108
-892
1410
1023
-178
1312
-941
1291
1255
-4353
1691
1959
-3767
1071
2119
-1172
-2006
276
742
-1730
-612
2189
-1955
-214
973
-2399
573
-985
-1388
512
276
-996
-1098
521
-1553
-85
-1224
-146
917
-1759
-105
977
910
-803
140
-29
-1728
90
1362
319
-562
950
589
-821
1167
16
106
1525
83
1904
-327
464
351
338
990
-1009
881
-198
794
1568
-2096
1138
1942
-1869
904
1408
-777
443
1115
-1222
932
770
-1224
1429
-26
-955
663
-277
135
-1017
-742
712
-151
-1017
1219
-2082
-764
-218
-1305
-1507
69
379
-291
-75
-352
-614
-1986
124
311
-1154
789
87
514
635
-358
-1422
-273
455
-303
103
1184
1427
-2130
1171
1045
-2028
1315
-477
660
608
-2538
2331
876
-971
21
347
537
332
25
1679
-67
-1380
1839
492
-384
-412
549
-472
487
650
-1222
1121
241
-207
-515
2083
-669
-1422
1427
-1402
-846
965
-109
-714
1511
-2015
-840
-46
-812
98
23
-29
-523
-2040
1601
-845
-1587
-66
1097
-884
-1199
2084
-16
-615
-190
2715
-3144
-103
3342
-1815
-57
1347
-529
-435
564
1130
899
-131
-68
2522
-1340
1012
1962
-1538
2280
1051
-1036
1447
1262
-1895
1784
468
374
1624
-590
1439
-335
280
1314
-606
552
132
-516
762
-1074
-1353
411
273
-1725
-407
751
-1487
-1463
1814
-1477
-558
216
-884
1792
-2738
-729
177
-987
-445
-867
1806
-70
-2199
788
209
-418
-1147
236
2038
-852
-2071
1503
1425
-1887
710
1163
-1019
-71
609
-76
1071
406
-623
485
874
33
6
539
2555
-22
-1064
2141
1142
-1629
1174
915
1200
-694
1245
2052
-1160
865
74
1621
-652
296
2254
-789
-351
460
457
-311
-87
445
-885
397
-641
-353
-714
-150
-328
-1318
1192
-973
-957
-478
978
-434
-1934
1299
5
-1452
765
-1561
416
1104
-1044
1436
173
-917
-362
805
213
356
1284
426
589
-842
757
237
-373
1328
489
542
442
-119
-174
423
214
-539
849
1359
651
431
-158
1046
-651
278
806
-175
155
-483
812
764
-368
-983
1113
-409
-394
1015
250
-335
-297
165
-1124
370
968
-735
184
211
-1012
-1523
1105
-471
136
510
288
1137
-1560
-146
870
-576
278
975
-163
528
-676
901
969
-1481
521
1948
-840
-434
2149
-523
109
1510
25
-251
1457
-33
556
736
982
195
-411
726
820
236
728
1342
-575
230
-925
1078
324
-119
1667
810
-549
73
815
-1339
-765
944
169
-495
757
-1127
-979
-262
-1216
885
-420
-127
304
-108
161
143
-781
684
360
-1773
401
1169
-1257
-388
2122
-1265
-412
1267
279
-441
613
951
173
218
264
146
500
736
-702
65
1738
-182
-891
2641
193
-612
316
1481
72
-489
2156
346
-109
598
538
524
-412
964
543
-32
1136
284
330
-150
449
-253
122
521
39
546
566
-1378
156
265
-1622
375
704
-439
-415
-1190
1093
-1546
-988
1932
-2173
21
1020
-372
-853
36
25
-865
-215
1209
-717
159
1194
-455
1035
-1368
-55
1757
-1132
373
1120
-490
726
471
318
-155
-224
714
1207
148
-49
1529
368
-363
1337
-176
387
1576
-1281
726
2312
-1538
634
1142
-960
728
589
279
-4
226
127
41
-543
938
-91
308
456
-171
-597
483
420
-2154
264
1380
-1714
-396
421
-700
-600
936
-247
-631
659
-1277
-362
-109
-4
168
-501
270
-55
-600
932
1076
-409
1610
533
-704
1869
270
-55
1378
686
-44
568
726
-347
-303
1258
-142
143
2017
-384
-379
1413
125
-811
997
1326
-410
22
1818
-240
-1130
1044
528
-987
519
159
-194
760
-718
419
537
87
-149
-625
31
655
-1352
163
1013
-270
-249
-31
-543
371
-592
205
1472
-798
-325
688
-4
-977
924
1125
-1246
303
738
195
-856
953
451
-1189
1089
1015
-1101
828
1218
-422
1130
977
-150
-126
714
209
530
714
245
447
706
50
341
1546
-290
331
1476
297
92
284
1296
-60
-540
1968
150
-271
375
168
455
-247
733
-174
-50
-26
83
381
-1367
1605
358
-1965
900
-158
-1162
-195
83
-49
-263
-257
796
-710
-349
463
-669
-77
299
-145
586
361
-1121
226
513
-656
161
1148
-558
278
612
-793
767
231
-255
-78
-416
616
184
-54
690
322
342
38
496
-67
1198
243
65
1415
-1253
528
236
-318
1350
105
138
84
-41
296
-458
905
324
257
-701
-122
-64
-978
-195
283
68
-634
-453
429
-525
-540
633
-937
-468
700
-721
-523
1558
-351
-1090
-359
462
-329
-1007
832
773
-304
-535
-267
152
-711
-110
186
501
-284
-816
1638
-349
-628
379
-199
-290
1192
517
-1100
1405
1710
-1855
1228
1476
-706
-255
804
113
-427
855
-369
-196
991
-46
-564
501
973
-99
-115
538
-18
49
1284
-514
-882
1217
-480
-565
595
-46
-305
47
890
-703
284
905
-139
-91
-64
-255
134
-381
-609
992
-565
-274
312
-396
-284
297
-385
923
633
-1108
1386
735
-1088
1390
701
-922
732
655
-860
774
890
28
-98
143
941
-167
799
934
-408
-66
615
379
-78
859
665
-253
398
-2
237
826
-138
-37
1184
220
-1035
697
542
-701
319
749
74
-75
89
98
489
-247
332
-127
-498
282
446
-252
-457
294
-206
242
-646
-584
19
320
-615
-267
386
-613
169
-90
391
394
194
198
450
417
-181
284
541
556
286
303
829
-548
-256
1308
218
-270
996
127
-958
1556
753
-643
457
328
-594
4
578
222
-678
721
847
-1057
-642
1100
-916
-226
1485
19
-229
219
681
378
-747
278
916
-543
-438
455
443
-408
-155
384
-203
-313
-118
-131
-16
103
-651
-370
908
-908
-833
925
549
-111
-857
283
108
-636
38
1111
-235
-154
826
116
-45
569
380
532
487
318
565
206
546
-223
10
576
210
-236
1067
896
-706
327
961
-574
-388
1472
5
-67
785
113
-878
182
268
-1090
295
1230
-205
-205
1219
-503
-1361
231
972
-305
223
849
259
-535
-70
120
-921
-249
825
-204
-360
1195
-463
-656
299
-248
-519
1096
40
-513
-13
-15
-326
-389
-51
579
356
-1094
578
1182
-900
14
1533
259
-263
582
889
-11
116
589
-86
875
387
-55
573
-59
-175
118
421
113
-275
-410
617
305
-105
963
652
-419
-6
-121
330
142
501
923
911
-381
-683
216
-352
-297
-638
10
1153
-427
-703
826
-397
-1107
-153
48
227
-780
87
1035
-467
-642
-183
621
-905
-410
-26
165
9
-525
276
693
-495
-167
906
185
371
111
-60
903
-12
170
1007
610
178
-425
712
271
-1443
443
994
-308
-287
1430
764
-1216
697
333
-531
530
517
107
-164
765
-413
-152
424
-87
54
169
136
126
47
-147
194
-387
-739
-145
-161
-729
185
55
-1002
-114
889
-679
-700
734
55
-818
99
763
-431
-564
413
624
-814
-55
804
-242
0
-313
-301
187
-377
-636
430
244
-430
-200
659
-178
-350
-52
-141
-47
-22
1002
-240
300
307
-476
-157
-105
170
551
-361
-492
673
-147
-582
-144
-65
79
-86
39
167
-301
-421
-149
-447
-234
-162
-438
86
-198
-1189
-232
120
-443
-50
-589
-179
157
-1390
-130
489
-751
-100
299
196
-776
-378
467
-632
-311
185
226
-104
434
328
-624
-255
-155
178
98
298
662
-324
482
1159
-462
-482
423
290
-70
459
832
-209
-159
147
299
179
-501
282
804
568
340
-6
900
105
-742
580
417
-415
641
844
-47
19
80
-627
75
877
174
-284
55
251
-458
-502
1238
41
-516
872
-589
-321
178
-367
632
105
-360
726
-421
-238
-329
-236
-216
767
439
-623
-245
-199
-342
-577
323
452
-544
128
688
-125
-644
53
149
88
464
590
89
-38
711
613
139
920
-315
-257
814
-298
-194
833
1040
74
-295
-266
-279
-183
-286
-28
85
88
244
-336
12
-111
-937
-547
270
341
-271
-63
470
406
-654
-660
193
90
-258
-275
704
-197
-903
221
-196
-478
-88
205
-264
73
-337
-473
57
171
7
342
362
-134
-524
192
-202
-561
415
560
141
-95
-82
-420
90
-127
75
974
130
130
-112
-229
-234
-799
346
13
-542
-283
73
-448
-428
-70
193
-303
-166
100
-247
186
-4
-123
127
-187
-488
-467
342
54
-663
-350
-472
-401
-541
-119
-146
-45
472
-140
-936
16
-10
-629
-408
149
9
63
301
-373
-7
-380
-737
450
289
-373
-79
442
-251
-86
218
-289
-286
96
232
96
44
37
267
133
27
208
56
-169
10
-138
53
-370
-425
-341
-314
-253
-394
-291
-320
-677
-661
40
168
-100
-365
70
72
-555
-943
-154
-5
-231
-410
359
26
-988
-259
241
-562
-488
61
-329
-213
-87
-501
-484
-350
-207
-585
-449
299
138
274
28
-189
122
-241
-345
415
1016
-43
-423
464
-480
-363
590
-92
-149
-161
-96
7
-32
60
-354
-75
754
111
-210
529
66
-667
-291
100
69
-168
-654
-298
-94
-426
-631
-369
-392
-755
-620
-277
-164
-369
-390
-106
-438
-630
-336
-374
-325
-955
-315
-55
-570
-77
-342
-545
-157
-547
-502
342
-223
-318
-216
-276
-397
-307
-261
-29
290
-200
30
-151
-497
144
16
94
328
23
-397
-97
19
-189
-235
104
357
222
-59
-28
158
151
168
-89
162
-93
88
102
-48
24
-278
-424
-419
-481
-184
131
-75
240
307
-430
-533
-74
42
193
406
201
159
10
-291
152
5
-934
-265
57
-441
-440
271
-166
-468
-177
-541
-509
248
-39
-156
93
-190
-432
-119
192
-559
-347
360
535
-159
-287
182
-7
-460
-38
97
-134
-243
-331
-267
245
-57
-407
47
-64
-577
-560
38
-298
-240
392
-39
-713
-363
-169
-478
-465
-200
-145
-613
-489
-395
-566
-307
-209
-339
-605
-154
31
-513
-32
-318
-358
-618
-287
-220
-596
-153
-488
-357
81
-598
-907
-460
-531
-423
61
-287
-462
63
-393
-333
71
-2
126
-185
332
256
-331
-315
240
-8
-422
48
-157
-344
-381
-274
-187
50
-206
-69
-8
-395
-313
80
114
-140
381
195
-7
-170
-165
20
-472
-464
-49
-359
-453
-227
-579
-395
-545
-723
-623
-287
-435
-721
-402
-452
-622
-573
-217
-132
-865
-271
517
-531
-180
187
-364
-134
-16
25
234
-385
-335
166
-6
-568
-132
133
-769
-483
16
31
-868
-359
-108
-442
-429
-135
76
-249
-364
-439
257
233
-242
-323
47
101
-403
164
79
-464
-188
37
-22
-161
-294
-507
-282
-284
-396
198
-312
-401
-408
-622
-477
-649
-203
-125
-222
-137
-10
-247
-764
-396
-341
-657
-220
-135
-455
-367
-702
-426
-246
-406
-612
-118
-44
-645
-498
-72
-203
-728
-415
-191
-458
-405
-99
-122
-549
-662
-39
32
-260
-248
185
475
-169
-433
-137
-386
-226
-57
105
287
88
-98
-94
-390
-559
-369
-154
75
-54
-141
-440
-937
-963
-585
-579
-407
-70
108
-207
-647
-413
-617
-319
-285
-196
370
-7
-611
-463
-299
-751
-565
-201
-121
-349
-289
-137
-336
-719
-814
-534
-619
-506
-243
9
-324
-489
-471
-702
-456
-193
0
194
243
-114
-360
-427
-392
-98
19
300
77
-150
-91
-121
-529
-290
-70
-387
-545
-325
42
-675
-606
181
-244
-661
-315
5
-323
-199
-132
-149
-133
-425
-318
-55
-127
-367
-372
-336
-541
-550
-399
-324
-727
-480
-196
-549
-503
-840
-672
-504
-479
-339
-203
-228
-541
-751
-554
-328
11
-99
-93
-293
-301
-323
-112
-44
-57
-193
-253
-161
-202
-216
-290
-257
-409
-471
-591
-309
-400
-192
-270
-170
-310
-737
-674
-644
-594
-183
-128
2
-485
-749
-581
-665
-169
-5
-136
-273
-181
-297
-468
-201
-38
76
103
-343
-164
-435
-486
-448
-604
-323
-209
-301
-200
-447
-728
-456
-350
-413
-382
-338
-515
-411
-177
-294
-156
-240
-452
-437
-167
-210
-139
21
100
-20
-185
227
-69
-263
-44
-32
-128
-156
-223
-197
-407
-493
-397
-407
-262
-314
-124
-394
-514
-290
-430
-436
-356
-93
227
-47
-253
-15
-58
-323
-198
314
291
-121
-287
-284
-248
-378
-427
-41
29
-221
-515
-502
-559
-571
-355
-319
-372
-490
-329
-499
-654
-463
-366
-187
-508
-590
-400
-371
-358
-234
32
-288
-509
-372
-118
-171
-332
-34
224
-183
-438
-218
-64
-332
-359
72
-42
-626
-305
-428
-549
-236
-457
-360
-29
-56
-522
-374
-240
-464
-114
-46
-102
-327
-316
-255
-498
-231
-112
-575
-297
-150
-340
-273
-389
-109
-224
-362
-443
-595
-288
-180
-167
-240
-311
-358
-616
-461
-286
-115
2
-92
176
-169
