-379
-416
-447
-507
-560
-528
-483
-353
-341
-248
-260
-457
-414
-375
-402
-397
-233
-170
-148
-222
-350
-357
-329
-285
-270
-121
-81
-67
-126
-374
-451
-438
-408
-221
-249
-348
-216
-261
-441
-407
-500
-485
-353
-269
-327
-272
-90
-121
-68
-52
-82
-37
-204
-254
-170
-174
-16
-45
-93
57
-1
-157
-66
-185
-221
-172
-144
-204
-306
-292
-259
-299
-390
-363
-432
-436
-432
-388
-376
-307
-266
-366
-343
-358
-477
-499
-428
-400
-461
-476
-454
-444
-468
-374
-276
-201
-328
-285
-280
-361
-411
-430
-303
-185
-144
-244
-337
-316
-398
-455
-405
-300
-335
-416
-281
-350
-411
-464
-403
-392
-345
-285
-344
-311
-560
-620
-436
-400
-327
-403
-305
-335
-356
-284
-311
-224
-198
-168
-163
-195
-214
-288
-287
-291
-285
-194
-247
-393
-251
-220
-319
-221
-288
-238
-308
-481
-439
-267
-291
-240
-223
-334
-240
-338
-328
-227
-229
-265
-318
-341
-340
-341
-309
-217
-243
-297
-289
-337
-418
-357
-199
-112
-236
-159
-281
-333
-291
-281
-282
-322
-295
-285
-230
-294
-298
-273
-333
-457
-302
-338
-421
-310
-354
-381
-427
-409
-459
-437
-423
-428
-419
-485
-528
-344
-403
-442
-376
-467
-533
-349
-360
-411
-461
-346
-211
-215
-73
-312
-378
-308
-356
-249
-226
-224
-223
-135
-141
-184
-104
-131
-150
-106
-143
-181
-88
-45
-117
-150
-41
-55
-72
-91
-128
-159
-156
-22
106
52
-471
-298
-272
-367
178
-515
-93
142
-366
-312
-50
-195
-460
133
-172
-215
-370
-340
-264
-138
-368
72
-215
-300
-435
58
-107
-669
270
-251
-685
-234
100
-529
-99
-100
-224
-317
-336
46
-499
-24
122
-121
-207
-75
-235
124
-354
-324
74
-254
-8
201
-281
-89
-288
-198
-209
-195
100
-371
-17
-409
-368
-801
-251
-97
-382
-491
172
-558
-735
-206
-677
-162
-265
219
-483
-210
-229
-321
-319
-295
-627
-16
14
-359
219
-418
-310
-221
-186
-261
-428
-123
-114
-420
-483
16
-335
-146
-330
-486
192
-581
-541
53
-549
-174
-670
-185
-19
-1096
361
-305
-386
193
-472
69
-662
212
-225
-418
195
-376
-131
29
-369
-211
164
-158
-99
-32
-238
-103
-116
-497
141
-430
61
-82
-171
-61
-308
-91
-127
103
-94
37
235
-63
-258
151
-344
79
-216
-3
149
-268
38
-175
106
-226
-114
350
-5
-53
-323
34
-125
129
56
53
-349
89
89
298
-464
588
80
-528
546
-156
-129
112
-208
31
262
-69
192
-76
-67
221
-268
53
-396
501
-431
515
369
106
73
-394
499
-203
-119
251
616
-384
457
91
280
304
-328
191
128
106
203
-363
219
-301
-323
301
-189
8
-305
300
438
-727
-94
58
-224
52
-41
35
-88
-129
204
-157
19
-251
488
12
-131
-80
-25
304
-359
299
472
14
-315
93
115
93
-4
-79
179
-616
208
-226
-282
84
-72
-279
-267
319
-369
-402
282
9
-737
-6
120
257
-432
459
136
-378
-202
-166
-316
-22
3
-589
281
-67
-281
181
-245
262
-408
54
143
-295
298
-23
-35
91
-165
250
-429
-200
268
-313
46
-51
-178
168
-90
-781
303
-193
-423
-69
246
10
-638
272
429
-202
-682
251
-61
-416
257
134
285
-704
123
212
-656
-80
258
-544
195
-111
-108
186
-358
-221
121
-77
-343
594
-563
50
114
-96
95
-636
224
88
-849
255
-259
-449
347
-448
295
-492
307
-351
-505
14
-382
-479
176
254
-552
-86
359
-686
-327
-407
535
-546
-382
895
-65
-355
522
-281
-400
-288
-392
508
-854
155
-83
-102
120
-933
197
70
-950
419
486
-399
333
-177
139
-564
-23
422
-267
447
-536
39
95
-235
51
-145
-141
-209
561
-880
276
294
-954
490
109
-155
-39
-218
232
104
-10
-284
305
-218
-190
151
-237
-193
-515
43
-162
-767
441
-398
471
423
-232
-132
-379
-727
130
-341
620
-492
-29
64
-388
-366
-292
312
-768
773
-379
139
-640
205
-718
-473
14
196
165
-462
484
-108
-820
880
-297
-329
-296
-508
957
-1370
488
-25
-206
-277
-294
634
-1474
520
506
-1278
812
-758
31
-241
-1129
877
-1035
251
-596
256
591
-545
345
-59
-401
59
-402
327
-813
697
176
-857
341
-649
545
-331
-279
963
-991
620
-321
-399
338
-601
458
381
-278
-395
578
-929
102
105
-264
-213
241
-182
189
-178
-572
479
-215
162
-631
144
259
257
-579
242
252
-804
318
-112
353
-85
-192
-289
-496
665
-199
415
-777
147
523
-63
-332
-6
682
-212
-293
806
-415
-22
224
708
-634
629
137
-62
451
-867
455
160
-813
558
462
-534
549
-552
222
234
-936
704
280
-695
48
555
-891
-269
-176
1038
-290
-136
851
-636
19
-324
667
-649
-78
826
-20
12
-297
-56
-102
627
-601
-295
304
-942
667
-844
-513
377
-518
858
-113
-370
653
-583
-359
686
75
-440
-298
775
-239
-498
443
237
-294
-739
583
-1131
-231
576
-745
867
-836
-214
-374
-933
111
-302
-138
553
-10
555
161
-1034
-108
-444
-166
-453
43
459
250
-179
426
-53
-407
-287
533
3
-156
-2
-455
826
-375
-39
154
-451
-325
-118
-85
-392
657
-306
268
212
-658
-307
710
-212
-1035
16
783
-467
422
-161
48
364
-1082
315
442
-1055
252
-16
234
169
-811
-150
535
-417
177
-623
626
-156
-76
188
-587
207
-436
1104
382
-537
1324
-1148
121
337
-529
558
-50
374
-495
584
-217
-1021
710
348
-923
1043
-23
407
-252
105
796
-941
315
-68
120
251
-232
318
387
-295
17
99
755
-712
232
469
745
-419
857
-656
-15
-23
288
555
138
-110
199
221
792
-1216
825
1270
-1649
731
338
-217
-1214
1382
121
-1318
290
-1211
140
192
-549
477
-369
173
-306
297
-152
-1059
742
-412
-723
304
499
-1046
561
368
-2439
1049
-921
1573
-630
744
83
-751
823
-868
-302
1036
-240
628
772
-1199
598
-271
-547
899
-452
773
-435
360
1908
-2107
148
161
316
721
-333
1480
-707
-613
515
-456
-233
418
512
644
-1088
494
-512
847
239
-954
1998
-1675
269
29
-100
32
-1389
852
-940
-289
709
-155
134
-625
470
-493
-1393
311
428
69
-565
-85
89
-380
606
-804
-198
-563
-180
-418
-891
51
-235
171
-244
-422
914
-856
427
-1356
413
-399
778
-594
-258
1108
-922
-981
487
69
-1666
688
-406
-717
588
27
-336
-597
451
-589
-549
-693
684
1430
-613
-215
4
27
-686
79
769
152
0
554
-1011
343
-640
-361
557
-647
1578
-1720
-24
49
-1663
938
-395
-34
1244
-1699
600
-1235
815
-1127
-385
872
-422
616
-886
-878
360
-1012
-879
-6
-15
567
-883
260
-54
45
-1300
-128
-300
276
-970
276
89
-534
-1468
347
353
-1417
-191
-195
-612
-207
-541
629
-1639
1039
511
-2024
475
-1044
454
-432
1136
200
-2437
2230
-400
-764
-211
1801
-316
-338
835
567
-323
-203
385
109
416
448
694
-1197
-9
514
783
-774
-499
1266
-796
1650
-1684
807
1092
-2013
1494
-1290
76
177
-752
1360
-574
-285
-818
-139
272
-666
256
-296
-95
-63
-1165
1189
-2585
1489
413
-131
355
-899
754
-524
-721
399
-1093
631
709
-1513
1861
-2405
460
350
-451
578
176
447
-899
1333
-494
437
449
93
-1044
259
620
-891
699
302
756
-289
-775
1417
-358
-1402
1189
156
-725
1003
-576
1453
-170
-653
1142
-716
510
547
-1480
1805
114
-1082
790
813
753
-1444
289
1183
163
-210
1133
1246
-834
766
-940
1150
651
278
-813
204
861
-1509
408
-426
-261
-636
1702
-763
-1724
661
-343
-604
1025
149
-121
-1851
1213
-196
-1165
1481
-1674
794
-905
1458
-937
-511
1107
-563
-204
-520
2024
-1068
-222
560
11
-1119
273
211
-424
530
-844
-69
-12
-455
1120
682
-1488
137
1806
-80
-2289
2145
-1111
-178
520
189
76
-104
-100
758
1067
-127
-627
51
1142
516
-264
175
1915
-2022
2454
-157
-119
1467
-563
-30
-425
1673
-426
538
1975
-2584
996
-738
-222
782
-660
2024
-255
-167
1298
-803
-1628
2113
-1089
-755
1990
-1014
55
946
-19
-469
-1408
1666
-436
-1186
1782
-772
2219
-501
501
523
-1903
260
858
-179
1053
340
-430
1226
15
-566
1124
-1049
798
30
13
971
-376
-107
555
-831
-469
-145
102
16
-257
-853
276
-271
-722
1378
-1062
498
-1224
65
959
273
1093
-547
1075
659
-101
-677
1098
430
-722
1629
-583
668
-348
446
-298
-734
1156
1135
-1357
2118
-310
382
413
-971
2521
-1744
2094
-2008
809
1210
222
1341
-1168
856
1678
-933
478
-177
-1414
2224
-89
-308
-675
2168
-1482
-1464
812
-897
1062
787
758
-270
-97
-659
1195
-521
-313
527
896
-420
-431
561
197
817
-1374
544
-263
1339
661
-389
1750
-241
-339
1416
-152
537
1765
434
29
1926
-129
1032
1296
493
566
-4
749
1921
-2022
1935
270
244
1022
-17
1192
-822
602
1102
796
608
1503
374
774
-338
-594
709
1310
225
1517
1996
-1725
1543
-602
187
845
619
1853
624
343
523
312
-1206
-188
2089
-286
1051
1024
433
1030
-1165
183
1038
-1152
2391
-73
814
935
-1030
1874
-655
-114
134
755
898
-190
2231
-704
-775
1874
-557
393
474
588
313
-1224
2651
9
-444
693
1903
-305
-180
995
1524
458
517
1486
609
888
-1040
2298
496
-407
1390
222
754
1172
347
-472
1755
-477
1097
-79
1532
-1155
-30
1222
235
337
-135
817
35
769
-271
-296
1496
-722
48
865
375
588
-614
1144
100
-2074
2111
569
-1070
1075
1160
498
979
289
1248
-1557
410
1772
-1399
2790
270
567
795
-1580
2449
-558
98
3062
-669
1063
1301
-362
128
897
1009
940
1048
1148
1324
436
136
1963
1228
-297
1930
1741
423
-136
889
-248
-450
1253
739
528
1033
-701
690
-547
-738
727
341
578
287
-215
-586
172
-1601
-1712
1520
-932
-877
1639
-476
-2094
-1669
-1046
-62
-94
-567
-157
-557
-641
-229
-1579
-1265
1240
-1557
-87
3055
-795
485
1977
217
-157
2638
1896
273
1782
2644
2425
1879
2059
3197
2067
2198
3888
2549
3816
3806
2119
2441
3521
3283
2187
2891
3260
1348
2076
1745
1475
794
577
674
-722
-1141
-1177
-1342
-1318
-1172
-1179
-2279
-2489
-2514
-3712
-2662
-3534
-3588
-3043
-3100
-4186
-4103
-3212
-4756
-4737
-3756
-2770
-3662
-3295
-2698
-3504
-3624
-478
-1369
-2282
-694
-209
-244
-1050
707
2169
2307
2119
2618
1725
3406
4313
5633
5284
5642
6520
5476
5723
5100
4193
4334
5447
4974
4555
4433
4920
2446
1485
1730
1107
931
802
805
547
-294
-965
-943
-1942
-3008
-3198
-3284
-2141
-2048
-2386
-1900
-2030
-3421
-3207
-2539
-1920
-1339
-1121
-482
-676
-1517
-1614
-1791
-2635
-2866
-2849
-1568
-1836
-2677
-3329
-4101
-4314
-4948
-3965
-4064
-4086
-3998
-4727
-4055
-4149
-4645
-4450
-3609
-2798
-2214
315
467
-119
50
75
2706
4970
4487
4701
7261
8192
6644
8751
9099
6448
5938
6440
6809
6911
7150
7432
5948
4249
3416
2568
1968
1580
254
-102
313
-782
-1861
-2295
-3014
-4938
-5396
-4785
-3696
-3845
-4259
-3483
-3835
-5053
-4432
-3137
-3379
-2965
-2187
-1465
-1051
-1261
-1405
-1261
-2199
-2418
-1146
-401
-1038
-1849
-2484
-3606
-4914
-5338
-4773
-4900
-5643
-5504
-5796
-6490
-6639
-5910
-5152
-4500
-2370
-1995
-1191
258
-230
1018
3603
3722
5491
8112
8548
9405
10255
11626
10884
9688
9549
9223
10128
10580
10950
10827
7875
5362
3203
2286
1834
827
1320
569
-1552
-3168
-4561
-6014
-7680
-8227
-7780
-7239
-6808
-6527
-6459
-7459
-8391
-8307
-7102
-5140
-3455
-2157
-1217
-1809
-1996
-1979
-1434
-556
-255
727
1395
1500
390
-1000
-2152
-3354
-3881
-3537
-3317
-3865
-5102
-6240
-6975
-7214
-6930
-6225
-5021
-4060
-3620
-2940
-1930
-860
837
2642
4580
7306
9285
11289
13328
13566
13176
12745
11251
12132
13900
15447
16083
13524
10657
7652
4935
4462
3660
3331
2221
-59
-2025
-4326
-5743
-8139
-10371
-11012
-10624
-9940
-9720
-9622
-10612
-12063
-12323
-11291
-8981
-6412
-4679
-4023
-3822
-3201
-3356
-2694
-1197
387
1701
1778
2339
2361
1306
48
-1368
-1189
-1274
-1392
-1535
-2630
-4575
-6891
-7290
-6361
-5675
-5122
-4644
-4296
-4681
-4398
-3069
-995
1164
2751
5177
7632
9411
11337
13195
13664
13261
12404
12648
14652
16051
17464
16456
12809
10118
7844
6513
5769
4750
3599
1413
-1421
-3744
-5345
-7592
-10229
-11738
-12042
-11457
-11233
-11486
-12280
-13469
-14103
-13325
-10730
-7943
-6432
-5608
-5687
-5510
-4587
-3087
-776
-99
756
1785
1875
1701
35
-829
-1296
-1702
-845
-324
-839
-2866
-5329
-6177
-5787
-5013
-4037
-2979
-2742
-2928
-2704
-1807
47
1752
3773
5978
8791
11723
14230
14589
13301
10905
10054
13230
16710
19259
18705
14379
10274
6649
5643
6124
6085
5296
2638
-354
-2630
-4914
-7415
-10489
-12579
-12415
-11369
-10339
-10804
-12523
-15109
-16532
-15245
-12011
-8246
-6220
-5863
-6609
-6388
-5536
-4334
-2193
-32
1930
2204
2538
2268
634
-556
-1240
-243
312
35
-896
-3331
-5362
-7156
-7452
-5728
-4819
-4567
-5440
-5960
-5477
-4933
-2768
-632
1782
3885
5268
8234
10618
13227
15073
14863
14883
13538
14926
18351
19883
20173
16611
13098
10560
8290
7910
6554
5442
2669
-573
-2610
-4792
-7120
-10467
-13146
-14012
-13682
-12920
-13296
-14203
-16036
-17181
-16200
-13855
-10657
-9026
-8139
-7439
-7560
-6657
-5110
-2611
-279
649
1511
1987
1739
987
64
166
245
151
13
-843
-2433
-4769
-5928
-5322
-4149
-3778
-4065
-4370
-4492
-3958
-2730
-447
1508
3795
4950
7110
9913
12929
15246
14485
13501
11740
13099
17482
20050
20475
16931
12963
10470
8084
8130
7464
6341
3824
-139
-1998
-3701
-5953
-9737
-12792
-13352
-12962
-12404
-12845
-13960
-15998
-17158
-16281
-13508
-10313
-9313
-9074
-8428
-7737
-6247
-5047
-2939
-617
-252
678
1375
1483
705
-760
-502
-29
75
-330
-1486
-2751
-4769
-6210
-5803
-4482
-4103
-4835
-5045
-4976
-4005
-3012
-1193
1070
2537
4759
6367
9092
12778
15177
15208
13430
11025
12727
17387
20764
21018
17446
13622
11150
9121
8753
8692
7651
4605
402
-1626
-2625
-5308
-9258
-12571
-12983
-12537
-12913
-13873
-15072
-16450
-17685
-17173
-14037
-11245
-10897
-11013
-10659
-10059
-8324
-6019
-2900
-1400
-1985
-2076
-1475
-216
255
53
305
-42
-966
-1520
-1784
-2516
-4104
-4786
-4038
-3264
-3375
-3728
-4366
-3753
-2411
-1212
882
2687
4585
5957
7242
10245
13930
15392
14560
10944
10212
14640
19171
20886
18474
14156
11675
9254
8454
9000
8492
6804
2254
-899
-1411
-2930
-6273
-10639
-12343
-11454
-11699
-13181
-14146
-15422
-16580
-16947
-14975
-11715
-10687
-11720
-11744
-10126
-8579
-8003
-5824
-2613
-2024
-2786
-3032
-1271
-319
-1386
-1259
-188
14
-1391
-2492
-2361
-2945
-4592
-4887
-3233
-2812
-3381
-4104
-3838
-2517
-2456
-728
1585
3255
4921
5573
7930
10829
13732
15114
13777
10950
10741
14869
19291
20245
16987
12710
11101
9281
8863
8911
8303
6309
1501
-1292
-1782
-3029
-6282
-10403
-11243
-10534
-11263
-13210
-14428
-14838
-15599
-15577
-13696
-11284
-11203
-12504
-12202
-11217
-9016
-6782
-4771
-3400
-4907
-5398
-3689
-1821
-974
-1862
-2005
-1874
-2275
-2021
-2384
-2573
-3563
-4633
-3904
-2733
-2034
-2495
-3079
-2550
-1442
-42
1844
3583
5489
6763
7749
9726
13282
15479
14419
10654
9028
13698
19646
20834
16811
11740
10311
9329
8868
9247
9293
7399
1829
-1669
-1231
-1048
-4357
-9127
-10451
-9074
-10003
-12884
-14250
-14076
-14295
-14899
-13589
-11201
-11057
-13230
-13041
-10685
-8481
-7454
-6764
-5581
-6384
-6971
-4779
-2048
-1577
-3646
-4394
-2871
-2180
-2162
-2171
-2505
-3581
-4782
-4182
-2435
-1663
-2075
-2460
-2479
-1452
-428
1546
3856
5045
6771
7787
9150
12136
14369
15083
12870
9661
11903
16760
20253
18391
12767
10472
10344
9710
9344
8985
8193
4610
1
-1302
-507
-2006
-6249
-9319
-8972
-8310
-10922
-13419
-13504
-12989
-13198
-13878
-12155
-11316
-12764
-13933
-13120
-9675
-7936
-8245
-8072
-8019
-7455
-6816
-5549
-3660
-4136
-5155
-5038
-3256
-2047
-2760
-3831
-4025
-3660
-3351
-2400
-1252
-362
-985
-1207
100
1174
2886
4233
6436
8968
9951
10646
12047
13940
15206
13115
10232
11628
16414
19658
16993
11522
9231
9774
9128
8004
7386
7273
4400
-439
-1761
-711
-1732
-6024
-9285
-8311
-7861
-10455
-12780
-12582
-11301
-12146
-13461
-12204
-11040
-12045
-13769
-12351
-8660
-7770
-9095
-9737
-8578
-7170
-7319
-5889
-4510
-5000
-6208
-5922
-3418
-2430
-3534
-4756
-4359
-3569
-3376
-2764
-1420
-633
-1239
-1225
-198
978
2174
3509
5624
7631
8794
10433
11793
13273
13625
13492
12511
11564
13801
17209
17748
14691
10648
10136
10760
9233
7309
7106
6915
3688
23
-1053
-580
-2588
-6099
-7476
-6748
-7810
-10790
-11771
-10041
-9885
-12010
-13204
-12447
-11313
-12061
-11782
-10287
-9728
-10313
-9954
-8168
-7141
-7624
-7669
-6430
-5151
-5100
-5031
-3972
-3235
-3345
-3599
-3067
-2653
-2408
-2097
-983
105
277
68
288
1007
2485
3725
4690
5541
6415
7452
8637
10321
12284
13433
12838
11215
8870
9664
13145
16118
15906
11816
8862
8390
7596
7441
6977
7243
5606
1948
-354
-470
-400
-2680
-4698
-4988
-5285
-7004
-8953
-8775
-8245
-8721
-9958
-10868
-10600
-11250
-10964
-9843
-8887
-9084
-10165
-9858
-8727
-7998
-7168
-6680
-6091
-6260
-6301
-4660
-2902
-2564
-3596
-4216
-3502
-2354
-1673
-647
542
349
-145
-585
299
1643
2486
3367
3604
3637
3676
4491
6138
6850
7276
7641
8480
9549
10370
9303
6585
6457
9156
13164
13196
8587
5791
5784
6927
6885
6292
7328
5566
2256
317
1326
1955
-777
-3158
-2384
-1414
-3567
-6677
-6855
-5768
-6194
-8285
-7895
-7227
-8914
-9915
-8822
-6863
-8170
-10233
-8821
-6886
-6485
-7095
-6379
-5176
-5698
-5649
-3811
-1879
-2807
-4257
-3670
-2001
-1022
-950
-163
-14
-643
-760
64
1497
1097
810
1548
2252
2029
1030
1226
1926
2008
2483
2790
3073
3095
2990
3891
5057
5405
5253
5893
5505
4786
4790
6746
9049
8078
5902
5705
6380
6473
4977
4832
5791
5244
4301
3679
3477
2205
337
275
1199
625
-1370
-2605
-2605
-2825
-4011
-4962
-4834
-5470
-6107
-5746
-5219
-5128
-6003
-5766
-4470
-3976
-3897
-4124
-3434
-3271
-3053
-2025
-1547
-1336
-1840
-2004
-1527
-1434
-1531
-828
-221
-473
-1235
-1514
-1255
-1511
-2104
-1620
-1269
-1594
-2135
-2515
-2133
-1977
-2147
-1788
-1142
-734
-590
-666
52
809
1156
1481
2011
2950
3671
3746
3934
4586
5016
5266
5522
6027
6113
5496
5131
5474
5999
5872
5140
4871
4493
3792
3129
2887
2700
1863
1131
1100
1064
299
-640
-1091
-895
-751
-947
-1006
-831
-1166
-1509
-1265
-545
-306
-383
-465
-503
-477
-607
-717
-590
-776
-1175
-1178
-1431
-2011
-2623
-2949
-2904
-3218
-3487
-3726
-4269
-4489
-4485
-3987
-3616
-3637
-3773
-3598
-3114
-2740
-2442
-1969
-1413
-943
-664
-230
232
498
718
922
1228
1564
1580
1522
1483
1450
1604
1449
1258
1149
1008
710
458
193
-70
-306
-372
-186
-209
-273
-523
-387
-237
-42
547
959
1191
1280
1554
1863
2176
2466
2652
2969
3187
3125
2990
3005
2869
2832
2692
2432
2148
1729
1390
1079
786
437
75
-231
-462
-727
-762
-714
-756
-856
-688
-424
-551
-613
-452
-59
80
142
429
404
433
223
104
555
524
348
186
19
-280
-758
-1066
-1186
-1342
-1660
-2069
-2346
-2507
-2808
-3052
-3157
-3193
-3366
-3503
-3271
-3107
-3132
-3080
-2603
-2271
-1974
-1711
-1329
-779
-644
-200
94
417
739
858
874
686
696
821
904
804
644
563
514
131
-148
38
92
-54
-226
8
361
320
365
822
1552
1807
1803
2049
2635
3298
3387
3674
3940
4002
3869
3790
3983
4240
3907
3502
3269
2885
2595
1996
1844
1550
975
301
-62
-305
-738
-1200
-1605
-1783
-2290
-2626
-2622
-2421
-2285
-2314
-2284
-2282
-2061
-1984
-1893
-1455
-938
-812
-789
-502
-351
-248
-193
-254
-107
-25
-160
-284
-394
-361
-372
-459
-631
-704
-919
-926
-806
-694
-500
-265
-71
129
333
727
1049
1346
1873
2222
2628
2816
3035
3117
3320
3356
3323
3473
3513
3431
3064
2780
2566
2240
1991
1450
1049
757
235
-29
-184
-597
-1033
-1440
-1769
-1972
-2035
-2090
-2003
-1864
-1924
-1832
-1831
-1610
-1497
-1263
-875
-539
-345
-381
-25
191
274
402
785
766
668
612
354
335
437
428
504
339
213
198
137
315
307
519
576
678
879
1140
1493
1724
1863
2048
2557
2896
3162
3188
3252
3308
3325
3315
3323
3384
3118
2860
2636
2334
1935
1520
1163
780
433
105
-59
-364
-647
-1152
-1534
-1744
-2044
-2104
-2085
-2003
-2033
-2180
-2236
-2220
-2295
-2238
-1799
-1495
-1426
-1400
-1325
-1294
-1063
-945
-753
-469
-587
-466
-494
-648
-417
-255
-167
-28
85
66
122
85
219
541
710
974
1096
1334
1654
1826
1943
2244
2444
2672
2801
2781
3039
3138
3050
3004
2967
2771
2594
2371
2160
1835
1608
1523
1224
791
290
-32
-250
-213
-460
-645
-753
-1077
-1287
-1572
-1517
-1348
-1265
-1308
-1293
-1241
-1282
-1342
-1391
-1146
-902
-942
-993
-1018
-982
-1014
-1015
-949
-729
-634
-777
-908
-776
-645
-595
-462
-433
-370
-242
-168
65
352
592
795
975
1259
1461
1716
2031
2369
2517
2647
2729
2781
2743
2701
2850
2830
2620
2385
2318
2074
1933
1627
1384
1069
747
605
327
141
-88
-311
-362
-469
-737
-825
-1006
-1007
-809
-705
-700
-718
-791
-786
-662
-678
-437
-316
-328
-425
-383
-470
-491
-475
-573
-573
-594
-539
-547
-608
-619
-499
-434
-417
-403
-337
-186
32
23
217
369
633
943
1131
1322
1482
1772
1854
2024
2168
2312
2529
2513
2437
2431
2222
2084
1991
1775
1744
1466
1425
1170
692
379
134
8
-223
-346
-489
-846
-1012
-1080
-1188
-1066
-1187
-1249
-1123
-1084
-975
-959
-930
-865
-888
-631
-551
-386
-169
-76
-205
-193
-210
-131
-150
-117
-75
-85
-17
-114
-147
-131
-4
22
-108
-120
169
326
499
638
724
898
1045
1297
1622
1853
1999
2085
2121
2285
2425
2179
2257
2303
2207
2135
1855
1644
1466
1266
998
881
698
470
223
-97
-257
-466
-526
-687
-928
-1095
-1140
-1206
-1302
-1398
-1413
-1352
-1386
-1364
-1188
-939
-927
-874
-808
-481
-307
-300
-237
-288
-117
-116
-60
68
27
40
126
140
230
192
328
166
355
455
511
572
537
727
962
1130
1395
1470
1699
1733
1797
2041
2164
2387
2356
2313
2270
2347
2297
2469
2290
2045
1904
1802
1541
1361
1163
983
788
499
348
230
68
-171
-429
-775
-757
-860
-918
-1045
-1079
-1162
-1270
-1301
-1305
-1162
-1048
-1054
-1078
-913
-889
-791
-812
-782
-630
-641
-684
-588
-561
-626
-544
-428
-429
-284
-303
-363
-203
-308
-156
105
145
138
140
266
523
670
905
1000
1233
1392
1401
1655
1842
1935
1958
2052
2059
2219
2163
2053
2024
1879
1871
1889
1695
1489
1317
1116
885
736
610
459
160
-125
-243
-374
-539
-688
-774
-984
-1029
-1156
-1270
-1230
-1324
-1291
-1278
-1338
-1294
-1252
-1210
-1042
-935
-1006
-934
-928
-901
-758
-711
-585
-478
-342
-268
-323
-235
-64
71
220
448
473
605
785
825
1016
1084
1210
1216
1357
1423
1390
1459
1470
1546
1571
1480
1572
1652
1552
1529
1281
1438
1498
1350
1227
1086
994
846
667
707
544
378
135
14
-146
-257
-205
-435
-558
-624
-679
-716
-570
-702
-684
-688
-908
-814
-776
-696
-692
-732
-706
-620
-491
-440
-355
-292
-221
-101
64
67
182
222
323
509
596
568
649
925
886
1031
1202
1257
1284
1237
1234
1500
1566
1693
1578
1607
1730
1592
1665
1747
1772
1718
1676
1514
1449
1355
1262
1308
1307
1125
965
850
778
717
459
303
217
121
-190
-267
-411
-561
-729
-820
-887
-860
-799
-1103
-1149
-1117
-1154
-1125
-1144
-1171
-1187
-1176
-1088
-1020
-965
-867
-729
-723
-560
-376
-259
-233
-66
97
220
426
562
558
579
773
932
969
979
1046
1116
1111
1205
1245
1345
1376
1260
1287
1263
1248
1300
1272
1103
1123
965
959
978
888
795
675
629
597
513
467
281
185
88
-18
-45
-123
-346
-576
-590
-800
-869
-893
-960
-1111
-1165
-1280
-1293
-1245
-1242
-1147
-1149
-1208
-1043
-938
-930
-838
-660
-457
-328
-107
26
116
192
353
479
571
731
971
1065
1135
1204
1340
1435
1515
1652
1614
1545
1629
1592
1560
1457
1463
1427
1374
1185
1089
1035
1115
968
654
591
500
456
398
338
200
45
-119
-199
-368
-502
-561
-613
-825
-988
-1200
-1998
-2331
-1993
-1532
-1208
-898
-1391
-2332
-2585
-2219
-2060
-2392
-2420
-1951
-1789
-2419
-2244
-1788
-2009
-1821
-815
-383
-370
-654
-620
-524
-325
374
739
578
661
1085
1455
1841
2073
2016
1760
1827
1796
1930
2233
2480
1890
1351
1420
1316
1088
1129
1687
1410
863
856
863
787
676
337
283
102
-288
-130
-290
-358
-569
-952
-1180
-1214
-1093
-1714
-1436
-1866
-1861
-1635
-2735
-1975
-2150
-2227
-2451
-2085
-2755
-2277
-1850
-2504
-2128
-1999
-1909
-1456
-989
-1447
-1058
-747
-380
-241
-1007
-483
449
604
-423
651
990
753
1189
1423
1656
943
1450
2487
1194
1302
2663
1724
1558
1995
1886
1436
1832
1634
1933
1454
1544
2123
851
420
2133
898
426
966
600
109
431
1071
-444
117
-113
-977
-591
-6
-1066
-1173
-809
-1802
-1366
-946
-1680
-2314
-2446
-1983
-2289
-2637
-1508
-2159
-3156
-1424
-1755
-1418
-1971
-400
-1346
-2081
-738
-1102
-5
-132
214
512
-5
902
975
-52
1145
1379
1115
1103
2176
1407
579
1698
1532
1951
471
1346
984
946
2121
689
1157
1676
1194
621
1799
801
870
414
2178
853
1103
843
957
72
546
1161
173
-202
-300
1135
-189
-620
97
-419
-759
-633
-1187
-995
-2128
-1371
-728
-2123
-1892
-1525
-1976
-1586
-1911
-1030
-1364
-2051
-1820
-797
-848
-984
-1324
218
-97
-1118
-139
885
281
-205
855
638
72
1356
1247
434
1023
1343
1528
31
2280
1272
470
1573
1653
1285
829
1349
78
1973
2214
1492
673
1300
694
1208
898
905
373
1786
850
25
1883
-682
264
1398
-845
488
-55
-1012
1146
-2535
-567
-31
-1314
-1732
-1797
-1113
-2399
-1179
-588
-2594
-1352
-1511
-1478
-1519
-786
-1912
-683
248
-532
27
-437
34
-114
132
1903
740
-793
2463
79
1199
1326
1606
-138
847
1023
976
462
1213
151
154
900
380
927
318
187
1241
-457
1196
1654
-764
857
1564
-124
977
1743
929
266
873
1692
991
-141
2094
752
625
730
1001
358
240
-30
-763
-923
360
-760
-1543
-106
-523
-686
-1377
-2208
-1027
-414
-3133
-287
69
-1383
-706
-388
-1405
-1281
1015
-787
192
877
427
84
86
765
1777
478
887
-159
2341
1851
-601
1747
648
1999
-397
2477
-145
1006
1857
-191
-281
1984
246
-99
1334
-239
1627
102
565
1337
91
538
1378
645
1409
-109
775
1045
607
806
-527
747
218
-715
-66
63
-1593
-822
-1306
-1238
-1564
-2038
-1528
-651
-2215
-1661
-1663
-1555
-1849
-2295
-60
-1185
-1121
-124
-1271
-207
495
-484
1669
317
363
1570
2053
-357
2527
1710
1830
825
1434
3030
530
1293
2137
967
1251
1531
1607
-151
543
1487
-362
1183
1013
431
-475
90
789
-252
106
1141
-198
48
586
675
29
669
321
-54
912
-922
1040
-135
47
513
-996
406
-264
-1961
-1600
-1030
-535
-1183
-1204
-557
-1942
-1661
-1460
-2323
-1371
-1925
111
-1205
-2038
369
-1084
-496
488
-60
366
-149
542
1142
1690
1833
439
1660
1957
1246
2480
1639
1935
1028
2152
2107
1412
1530
1490
940
240
78
699
-590
1336
1213
632
622
942
-231
892
-119
1272
1792
532
1536
1209
105
-968
1372
1087
628
1894
-255
-190
-342
682
-736
-904
400
-647
-1107
-957
-1131
-2233
-1432
-1786
-1966
-1350
-2535
-1859
-1623
-979
-1251
-2631
-266
-812
-1345
129
-123
-354
501
1957
573
-432
2579
1098
624
1745
2181
1655
2277
1501
2646
1092
1197
2154
815
1683
1236
2060
1907
-795
2246
311
-656
1222
1020
201
699
89
857
850
21
-54
943
-132
777
-9
62
373
998
-600
316
804
-1462
-670
-529
-428
-473
-1076
250
-1092
-2876
-220
-2252
-1795
-605
-1580
-1320
-1224
-1249
-1492
-1889
-1864
33
-28
-1065
1938
-1330
860
96
903
-138
2152
1644
1817
2019
1715
1544
1466
2997
1561
1554
2716
1806
1073
2019
935
2718
978
2250
1558
-453
2470
203
225
1004
625
719
945
274
1929
-599
1260
333
-173
847
202
336
1275
-1169
46
-789
-672
210
-1618
27
-1773
-187
-608
-1664
-1905
-1157
-947
-2540
-529
-1035
-2119
-916
-781
-2278
-1241
-218
-361
250
-515
714
1196
-1373
54
1580
1447
429
1807
2947
918
481
2170
2595
919
3263
2848
1416
1919
3052
1616
1954
2636
1944
1145
2370
969
2127
1124
1664
2278
686
2034
1278
1132
1024
1142
-139
-68
2192
663
622
2449
-1518
738
272
-766
386
-177
-238
-1358
733
-2231
325
-2071
-1126
-392
-1989
-252
-1223
-2280
-1081
-3352
464
-876
-2516
470
-1022
-1875
872
122
-277
-36
1147
1736
381
1864
2155
508
2091
2319
1708
2043
1947
2730
1648
1517
3400
990
2691
1074
2124
1657
1942
937
1670
1880
2082
1573
1037
2472
239
755
1224
1603
538
1286
465
1841
-689
252
1674
932
-276
-406
1741
-1184
600
36
542
-198
-2180
689
-989
-2270
1123
-1658
78
-1305
589
-1993
-2510
1817
-1685
-838
1637
-843
-572
1061
390
706
-198
1479
1176
-143
2141
1387
1817
1999
1382
2403
2725
1184
2359
2185
2601
1294
2001
2353
1845
1622
2003
841
1242
1074
865
2599
361
1931
338
2170
214
-232
1869
-205
171
1277
-4
1304
-904
398
818
-1325
825
-1416
323
-214
-1329
-300
-530
184
-2280
-62
-430
-2633
1346
-1278
-49
396
-2872
401
982
-1310
853
90
1143
695
1443
717
2408
941
1283
1925
2178
2011
1407
2287
1771
3036
2012
1385
3443
1930
565
3873
1276
693
3687
2553
1593
2526
2420
1641
596
2467
1451
289
2959
848
1571
1731
-592
1851
-540
154
719
-1532
763
-145
-1047
29
-543
-1499
-1371
240
-2750
266
-2092
-2388
-675
-283
-2695
-610
-1599
-2011
-1407
-235
-963
-1138
1175
-1347
278
386
440
498
664
949
1532
1164
304
3616
1556
1122
808
3589
1556
1521
2845
2309
1130
2412
2724
99
4502
975
2362
2017
2312
672
2494
1783
1328
1175
2347
1690
468
520
1214
940
-278
1152
803
-150
536
-1055
700
361
-906
-116
-1114
-344
-950
-1720
-597
-1296
-1477
-798
-1589
-727
-1410
-892
-1309
-1673
-1841
-325
-963
-952
-810
-876
-355
-1351
274
29
-909
-633
713
62
314
1056
1264
881
445
2675
921
865
2433
1941
656
2115
2241
1059
2012
2399
2582
1571
2711
1320
1383
2638
1969
2958
643
1271
2920
-362
1344
2333
462
602
1429
746
-38
6
447
-93
352
-716
105
-719
-1443
-1059
-1399
-331
-1114
-941
-1817
-174
-1189
-1773
83
-1828
-505
-708
-1318
288
-1259
-858
277
-615
446
-1133
379
306
-1240
2313
172
774
727
1692
661
-364
1857
768
702
1556
1143
1382
1495
1544
1423
1078
2123
755
1513
1622
2475
2369
112
2649
425
545
3197
-153
1107
806
1253
1650
431
167
1231
-324
178
241
800
-431
-640
66
-114
-1318
-892
-1747
-600
-473
-1230
-772
-1053
-1205
-1323
-1103
481
-1897
-407
-29
-654
-488
-1221
1379
650
-1600
1290
-317
861
934
-181
1144
1192
420
1011
584
1203
1404
1114
581
1306
531
142
1837
1322
-95
1860
627
1154
876
1756
568
611
2296
400
1966
270
1719
638
725
2271
1331
309
1777
457
1069
340
1465
-20
370
27
-610
457
-2231
542
-1379
-982
619
-1360
-1276
-651
-776
-1476
-937
-1375
-96
-1492
511
-1564
115
-596
-1456
300
362
-209
541
246
964
616
411
633
740
915
-70
1897
161
1523
992
519
983
163
1563
-781
756
1826
311
890
495
712
1140
167
1311
1402
161
1222
1295
871
1513
1376
572
1286
884
415
1348
341
971
395
-183
588
89
-292
-1161
292
-1015
-189
-1116
-663
-298
-1319
-1796
459
-2203
-656
-1414
-988
-640
-1634
1106
-948
-104
-292
-799
-820
526
655
82
-986
1129
-166
430
478
-576
550
-160
382
182
-50
460
1046
-246
805
-501
533
688
-325
27
1971
98
866
738
-40
1737
-359
1721
792
98
1207
1465
1133
1409
-128
1563
472
-180
1297
-116
559
286
-1267
680
43
-1065
289
-1811
671
-2008
-1763
535
-2415
-861
270
-1588
-964
-5
-1454
-300
-1581
-744
37
505
-1019
112
542
-640
-308
947
-1331
288
663
330
-581
1191
1420
-579
-422
457
-890
774
1218
-672
676
684
630
-940
831
-781
-291
1511
-11
1900
504
157
839
266
1045
1127
1045
1423
622
160
918
412
163
-159
872
-1410
1297
139
-875
-986
-571
-1117
-943
-721
-637
134
-2010
-1464
-949
-815
-749
-2215
-325
174
-1642
22
-294
-1009
-473
-87
-608
75
-665
-209
1042
172
684
736
-909
-190
612
-357
521
-265
795
573
61
-125
172
607
433
712
702
862
-39
2195
511
785
1159
252
317
1266
1274
608
664
908
1326
523
592
914
-53
472
638
-161
765
-83
-117
993
-1795
-673
-859
-1584
-316
-1863
-171
-1189
-2043
-1391
-1568
-1241
-2160
-354
-95
-2012
-2266
174
-314
-1206
-902
776
-795
-1146
807
-774
-164
-307
-122
977
-978
159
652
-463
615
-314
497
-774
-260
-64
-306
-110
-541
1847
-650
295
2495
-1412
794
1343
517
2061
1406
1779
744
-19
2622
324
1166
1527
1051
986
759
1324
-962
314
1700
279
-83
-378
-869
-33
-2155
-177
-1382
-649
-1949
-963
-373
-2791
-1241
-1484
-1953
-1266
-440
-727
-303
-1736
-18
-74
-3008
469
590
-766
-550
-747
654
-47
-882
1004
-2028
940
-60
-2093
1325
-1022
-132
293
-521
726
-1049
-241
418
205
97
283
585
629
1082
-1427
1511
1172
114
1403
1372
548
1175
654
1035
183
1586
134
475
1267
99
485
255
-608
-507
346
31
-538
-2264
223
-779
-2454
469
-1045
-1586
-1046
-1311
-757
-1159
-1705
-10
-732
-1227
-619
-429
-1497
76
404
-931
552
-731
-843
-244
-337
-394
21
-848
113
-692
45
735
-364
100
314
265
-253
336
689
-1149
445
-585
-10
330
476
400
47
361
484
418
663
1969
670
-164
571
1236
-49
152
444
320
397
257
-324
349
-160
-715
16
-912
-981
-1150
-797
-865
-125
-527
-1129
-1464
-1873
-2068
-1038
-1712
-544
-137
-1527
-45
-1579
-437
-607
-827
-1479
-34
445
-527
-777
1000
-538
-1636
374
513
-17
-1049
311
415
-307
-670
-330
1052
259
-355
1061
200
766
472
66
1556
293
30
31
607
1370
-178
733
742
417
-83
706
555
326
553
-378
775
-612
-201
589
53
-1519
59
-567
-668
-1174
46
-1539
-454
-1520
-1408
52
-1129
-655
-2112
-600
-921
-1356
-829
-376
-1330
-1690
8
-391
-637
-1558
3
-412
-771
-22
-332
-1201
-4
-322
973
51
66
1694
-1350
251
916
-349
-4
1269
-63
235
449
79
-132
836
280
328
1064
744
545
1176
-694
1218
342
-321
2273
-368
860
1027
-86
919
-4
-775
1325
353
232
609
155
-696
-173
-375
-636
-893
-154
-514
-1256
38
-1579
-691
173
-1851
-701
-1104
298
-1044
-939
-496
-937
-1269
-92
-397
-234
-1008
854
-490
436
-357
32
771
-442
1339
214
82
692
-233
1528
215
174
593
172
1488
-110
775
638
1394
31
519
1444
247
673
959
565
1240
-790
1239
1627
-690
454
1632
-96
-600
642
635
358
-413
-84
822
-1476
1843
-382
-799
288
-1768
467
-1103
-2033
983
-1853
-136
-951
-451
-1206
-2097
-100
-1296
-305
-380
-1110
431
-1333
-358
166
-241
-54
-485
-419
-963
1627
-684
435
844
-161
1084
270
-668
931
-160
930
-363
1111
737
81
180
106
1530
-901
961
854
685
-682
914
1861
-108
50
518
744
951
-542
1716
-215
-632
2310
-557
-200
476
-1236
1502
-1781
1111
-795
-703
317
-595
-1914
1297
-1466
-1494
122
-852
-965
-1236
-863
-705
-866
-1228
-650
-428
24
-958
-767
-546
-6
-701
-796
845
271
-135
810
-840
311
1261
-93
976
686
-839
2106
353
1233
411
393
1300
-584
825
-594
1317
64
493
1146
362
-301
980
-350
932
270
-738
1909
108
1036
-158
998
397
-866
753
820
-407
139
812
-1191
1147
-959
-245
-896
-1565
1046
-1620
-823
-502
-1192
-47
-1090
-941
-1282
-1818
-873
-493
-422
-891
-776
-1345
-317
-1066
8
-571
636
-758
-291
249
711
-448
1071
-322
183
381
189
266
369
1546
818
498
170
982
-442
197
795
356
-127
887
310
898
236
-16
1083
-219
461
668
1064
209
485
902
489
37
403
404
242
351
-127
1034
10
-442
667
-1027
22
-298
-468
-452
-1233
-975
-1110
-391
-1445
-471
-372
-1189
-542
-1282
-326
-1139
-176
241
-1155
415
102
-1397
69
900
103
270
132
-23
546
935
-301
1716
200
-121
833
984
-270
497
210
970
-396
585
1409
-660
718
435
-305
510
-810
-340
1280
204
254
23
471
493
-760
207
1040
-331
825
48
11
473
165
-308
8
41
-1032
395
-557
-464
-346
-46
-395
-898
-868
-515
-1464
-1375
920
-1398
-435
-856
-156
-539
-973
72
-689
-247
399
161
331
-135
683
1140
-423
-90
1220
380
411
962
1126
387
476
-105
930
793
-222
1662
-239
249
125
370
455
-374
-102
535
-502
474
-869
132
738
-1587
1360
-1334
24
-766
-89
-300
-48
-32
-1102
-177
273
-1866
-54
-1055
-202
-210
-1752
-224
-1194
-794
-1251
-545
-861
-380
-581
-1183
-597
-1027
-706
474
-2050
1014
-450
-526
178
-212
33
-257
20
1334
45
692
2298
-585
944
556
597
848
1169
50
1274
467
440
-253
491
399
-384
707
-44
287
-514
-255
-51
-110
-219
63
57
-485
210
-868
649
-489
-7
-1253
-204
-138
-52
-803
176
-744
-1530
281
-899
-190
-1898
771
-1782
-648
-812
-1455
-748
-952
-948
-520
-1317
-438
-804
-903
447
-1741
904
-1094
-973
1457
-846
1047
-1169
-260
1754
-640
933
560
595
1096
-179
819
-147
756
1492
14
919
-579
1034
-667
154
-15
220
500
-922
573
-682
365
-1003
-174
746
-1457
-357
1343
-1903
71
559
-1656
202
130
-955
-1335
255
368
-1133
-441
141
-1124
-894
246
-1631
-420
-621
-567
-574
-875
-409
-770
-2035
-415
-880
-791
-263
-943
543
-1345
808
-931
-77
324
-197
420
252
1641
-609
685
779
387
1225
211
250
1525
-773
1409
424
452
407
-145
930
-205
-178
619
327
-76
688
-239
-467
288
-850
110
510
-694
216
-46
25
-898
-88
470
-299
-747
713
-80
-891
560
63
-874
562
-793
-106
-645
-53
-226
-578
1162
-1053
-959
1259
-2706
891
-1181
-13
395
-1276
880
-709
-353
18
-448
579
-301
357
320
862
748
-149
596
264
1359
532
699
316
169
1744
-60
-156
1276
-49
638
155
909
-653
109
-21
-348
517
-254
265
157
-1488
-241
-504
-528
-258
193
1
-780
1009
-135
-1489
126
147
-799
-413
732
-265
-502
-154
468
-1114
-246
-469
-1170
747
-1841
359
1019
-1843
823
-1136
-782
384
-1456
1075
-1366
246
395
-1396
686
-688
209
874
214
-219
60
1135
-529
930
662
80
928
431
-52
-433
1282
-120
-387
884
1079
575
-638
196
693
-1151
149
-77
533
437
-413
-880
-472
212
-717
-65
531
-805
-173
440
249
-1972
-266
1069
-2087
779
-521
-1609
817
-1542
-522
-93
-219
-1289
323
-611
-322
-633
-1652
478
-686
-132
1092
-1590
-522
301
-347
-465
490
266
-1221
669
-130
-304
549
-581
1055
-233
-676
2340
-1588
973
526
-1441
2047
-576
63
1279
-784
970
-1018
774
43
-1440
1262
-677
196
-246
-1156
426
-1149
707
-414
-334
358
-1182
398
-228
-225
-886
-144
-433
-626
562
-1526
767
23
-2014
528
-267
-125
-1070
-559
2279
-2508
1088
-430
-1160
1071
-1259
-814
-20
512
-900
-1411
1115
-563
-614
846
-410
-967
-168
469
-1148
544
-571
369
750
88
193
-343
417
-256
120
-1061
761
-9
1324
-1249
641
-766
-1153
813
-315
-613
584
-436
963
-1652
45
1584
-2304
363
420
-606
107
589
423
-596
-1306
1123
-458
-69
-536
575
647
-789
874
-1160
-845
-27
-1027
25
1187
-1009
325
-1325
725
-1095
-2006
2211
-1078
-1438
1078
-988
62
-477
-1147
2069
-681
-180
882
454
-1467
545
1580
-1970
624
1213
-61
-324
399
424
-315
-129
1083
-1207
1111
410
-915
-70
-465
129
-92
-614
1703
-1092
-1007
-119
-393
-886
111
590
-1272
-801
-202
-587
-1487
-741
212
-1387
-407
1081
-2060
-470
55
-958
-792
-420
-859
-179
719
-1234
-641
758
-975
-1528
1809
-1789
56
659
-684
1489
-1645
-110
2158
-2625
201
708
-1126
1312
304
-598
224
629
-1218
833
277
-1840
2229
332
-373
1788
-791
819
-1429
459
827
508
-520
103
509
-2182
1235
-507
-683
814
-678
-117
1191
-2193
658
-800
-905
534
-1763
889
-1239
-802
-667
-916
513
-1983
1351
-1245
-2075
1245
-391
-1930
499
-641
-470
-1245
249
-279
-1451
-675
1796
-2060
-345
1181
-2196
1001
-1007
901
1039
-2466
1967
-521
-599
581
195
1966
-1213
1720
-15
-1218
2603
-232
172
1795
756
188
223
1161
136
596
831
381
10
2056
-1677
-295
2735
-3563
3011
488
-1798
1800
-197
-709
369
-635
-124
819
-890
-376
2086
-1909
-473
616
-1194
-399
199
-301
-19
155
-1275
-611
606
-2164
1265
592
-3350
2493
-1307
-774
1244
-2197
-470
1710
-1694
1122
967
-316
-980
1054
-1403
433
627
-1235
1299
1897
-1831
1852
-315
-749
1639
-1599
2610
-492
98
2652
-1330
171
902
458
-258
1055
1093
-267
1234
-930
707
-572
-1242
1537
-138
-1744
1912
-1379
-84
-692
-66
-381
-1004
-146
-609
-56
-972
-168
-706
-991
-181
-1631
134
949
-3147
1358
-392
-2552
671
-825
-671
-701
-499
240
-436
-1633
481
54
-2474
640
448
-1016
1105
-1680
117
1320
-3101
1911
966
-1042
496
2049
-709
522
789
-215
1765
-429
465
167
-157
1867
-668
-1384
2650
-1566
-1126
2633
262
-1421
1541
565
-840
654
-1676
913
326
-1536
231
266
-414
-1737
1283
-476
-627
1159
-1034
-822
2225
-1901
-1789
597
881
-2319
466
740
-1576
-148
-1780
598
-454
-570
458
187
538
-1311
100
-136
1607
-1035
5
1595
-1587
359
2591
-1114
437
-199
602
338
-972
2101
511
895
816
657
-594
710
-360
746
769
385
1285
-508
-569
574
-707
121
537
813
-1355
880
897
-1792
803
-970
92
-862
-1488
2682
-1680
-1305
611
275
-825
-825
2486
-695
-2282
1799
1024
-1615
-654
648
-947
-957
418
-1185
-871
361
-567
-562
1018
-1414
866
-286
-1407
1679
-424
-1154
2143
-1107
730
-413
411
411
-723
2156
-634
-365
1491
-677
559
2438
-997
216
1254
-419
-1548
921
1895
-1930
833
2660
-2224
-216
1278
-1382
69
-81
-15
-463
-703
809
-895
-969
293
100
-1733
882
455
-1769
53
441
-1321
-501
-736
-53
-718
18
-368
222
-614
-1828
1351
-1643
-1781
2110
-742
-269
1138
-1284
738
-63
-583
353
-514
517
-698
1101
559
-306
736
1828
-449
-823
1558
446
-758
1278
1861
-1115
326
763
-327
-145
153
1024
244
318
345
790
-414
573
845
-22
-243
1408
-539
-358
1699
-1080
178
515
-1523
-524
-158
-955
-372
-700
386
-951
-144
-422
-1887
-824
-1120
733
-702
-59
640
-2742
1299
-1229
-2309
1621
-215
-1157
966
820
-1320
-430
377
-1028
257
390
942
459
336
-74
417
-935
-1457
1342
99
-276
914
-310
965
-375
-951
893
-917
977
400
774
121
426
328
-617
833
-1272
-297
596
-382
650
-437
1231
-1309
-781
1315
-1102
488
1139
-1623
68
-37
-384
-1569
-599
952
-1577
428
-789
-474
-465
-1507
-53
-903
348
522
-656
-201
-58
-400
-197
728
94
-661
-288
-91
416
-213
-327
993
-483
-1322
1435
-3
-1413
946
1186
360
-370
140
90
-523
-728
494
930
60
806
6
445
-294
-646
382
325
215
1060
1136
-204
-688
1039
-991
-842
1567
860
-418
1284
-225
-1312
219
80
-567
106
-32
-612
-762
-129
156
-1981
-904
656
-1179
-1148
1009
-1209
-739
-455
-1256
895
-677
-1906
651
-887
-2064
2039
954
-1766
110
-514
-363
643
-852
1277
1129
-1412
-67
1873
-543
-744
1594
1199
-167
1076
54
668
407
652
349
838
1213
-1069
986
928
-277
905
597
389
404
-558
-10
-334
168
-797
892
1178
-803
473
540
-616
-1403
-18
-340
-536
537
-265
-1421
610
-968
-2655
991
-131
-2225
318
1234
-2151
-975
692
-2041
-451
80
28
-725
-1311
968
-789
-1715
790
334
-476
491
-86
127
515
-302
-229
764
418
292
-166
403
-660
-693
1270
-5
229
766
-452
616
502
-157
373
780
144
-317
1369
-175
-61
-638
-481
964
-242
-559
932
183
-1593
338
118
-955
-297
490
-1169
-1317
571
-1447
-948
180
-1904
108
-674
-975
33
-26
-546
-505
337
-137
-1500
-280
459
149
-92
-944
765
-468
-1407
-292
1013
-366
-300
994
-451
-651
-14
860
-821
-2
1690
-415
-730
1243
29
-955
483
599
-649
473
-140
476
-278
-42
992
-1229
1607
176
-2182
671
325
-556
-1262
986
1843
-3000
368
1602
-2353
73
-532
-168
-363
-178
-462
-942
24
-1007
-1864
509
-335
-570
-1655
235
53
-1960
294
-390
-272
-1152
-698
151
43
61
-215
-54
358
-740
-1243
569
494
-1589
1363
1036
-1149
262
-949
365
25
-1266
1968
588
-419
-207
753
-574
-1115
2224
-454
148
1134
205
391
-490
-98
602
-544
-211
253
-232
961
-952
-113
1620
-1611
-1543
1424
-1154
-979
1206
-66
-735
-111
-37
-1741
-462
-715
-657
533
-674
274
144
-999
-726
225
-1001
-444
1148
-909
-738
1950
408
-1892
967
-1141
-205
1088
-1167
744
1044
-794
-400
752
-456
-878
615
-263
-100
1041
-823
204
1370
-1494
-142
1506
109
-513
592
1834
-184
-632
1036
461
-654
1480
-386
521
955
-299
-352
713
-455
-1325
138
308
-463
-680
-278
-1201
-1106
613
-177
-1232
1090
-451
-2429
425
-130
-1063
-809
-199
245
-394
-1016
69
-1096
-715
866
-1135
320
1374
-752
12
1083
-600
-570
-262
754
-195
24
463
751
-848
-85
957
-748
280
1260
-689
-19
927
-937
-342
1138
-985
-181
417
-438
-87
-317
173
851
-883
-71
1720
-313
-215
336
156
-1013
873
658
-897
206
37
-1496
-305
-466
135
-1056
-764
766
-1206
-251
-43
-586
109
-1225
321
-261
-1671
838
-52
466
-219
-401
10
357
-288
-51
840
-460
320
84
-349
343
-672
-749
943
-321
-402
889
367
-1057
1342
-79
-899
1008
-35
276
-653
431
1122
-1037
-413
1868
-779
-1292
540
669
-698
36
1014
32
80
-409
149
-245
-713
632
-243
-554
1333
-128
-718
-379
88
-443
-800
813
-356
-1107
338
-337
-900
-673
-247
98
-1695
-104
427
-1835
-282
932
-705
-988
572
316
-1630
813
-420
-297
324
-789
88
-116
-154
154
-749
37
919
-1602
313
320
-328
-690
647
-29
-203
-380
-399
811
-1190
33
479
-274
749
12
-505
567
358
-1342
-951
833
56
-770
-350
666
-669
-1051
740
-758
-1065
488
-522
-170
-165
-176
-1096
-1033
278
-1478
-963
527
-708
-434
-399
-395
-173
-1174
-1017
825
-1159
30
-35
164
-152
-415
35
-475
137
-380
-341
515
-759
-881
1487
-820
674
285
-392
861
-333
-1450
188
502
-717
68
867
-412
-1051
-224
-1082
-1
944
-296
81
533
-91
-553
-514
-211
309
-116
98
444
-796
41
-517
-1286
517
-496
-516
332
-302
-259
-637
-76
47
-613
-88
-384
-495
-294
159
-1227
122
212
-1559
-416
246
-786
-169
-146
-93
-704
-639
71
-580
689
-842
-920
1288
-837
-767
641
54
-550
-270
242
138
970
-201
142
944
-807
-425
1285
-133
55
609
102
-48
-508
241
-392
276
281
414
-594
732
-89
-529
389
449
66
-521
655
-174
-3
495
-18
704
-191
-140
-46
-149
-360
-451
417
-784
-401
415
-368
-705
-137
-85
-239
-374
417
184
-365
241
515
-675
85
495
13
214
459
262
122
127
120
-207
39
-51
-801
36
985
-71
-218
485
567
219
-604
642
493
-209
450
1007
238
-332
1045
-189
-1644
499
818
-454
266
1113
419
-285
350
-241
-826
405
-289
-45
943
-41
-853
202
-564
-1141
-333
-500
-241
84
139
-141
-107
23
-988
-852
167
-604
-111
496
-655
162
411
-768
-702
524
452
-383
-122
433
-160
-144
657
-379
-258
994
126
-775
1314
483
-1271
583
621
170
94
-39
790
719
-397
605
366
552
233
-75
827
261
-76
-111
416
-325
223
-59
225
463
364
-283
921
24
-494
1033
-36
-257
-257
271
-420
-538
758
-634
-867
306
-309
-548
-403
341
377
-477
496
-217
-926
-444
-179
-345
-56
502
345
-255
-25
-215
-464
403
37
-476
478
266
-201
99
229
225
-599
5
662
-147
756
485
-357
642
-182
1160
-20
-539
2029
475
-896
780
1241
-290
-793
578
1009
-71
-121
575
213
-528
-224
661
141
-766
558
364
-903
422
-36
-698
-212
682
268
-556
-104
42
-1046
303
719
-700
-424
65
-389
-500
212
-225
-278
-135
-358
57
-372
-939
-6
106
-121
-102
-132
197
-173
-952
-927
485
-201
-409
723
89
-321
-204
121
234
-331
132
1074
386
-421
10
268
-240
-340
376
562
518
-4
298
732
-109
16
319
547
5
168
300
-319
-649
-353
-457
-707
-298
96
-184
-449
-494
-803
-358
-192
-125
-185
618
-325
-167
-174
-319
298
-137
-1209
-82
689
-1345
2
1189
-259
-729
-841
-158
-730
-210
120
-188
148
-550
-458
-339
-531
447
-183
716
1366
-691
142
426
-97
175
-1
607
-14
374
-38
-83
-54
-626
324
221
-74
203
-235
276
-8
-639
413
1138
19
-230
975
56
-76
835
224
528
-51
-916
349
372
-760
-398
491
-484
-1351
-737
-347
-980
-180
-12
-201
-770
-799
-103
-515
-63
176
-913
-47
769
-744
63
612
-531
134
-328
-24
-407
-314
531
221
-568
-554
458
-313
-443
276
84
-8
-945
-530
681
-189
194
157
-522
-105
163
-346
60
513
0
-6
436
242
55
-256
-87
-102
-228
98
372
-302
-134
583
-194
-295
214
-89
779
-116
-104
626
-670
-207
848
25
-628
-376
-504
-360
71
321
-478
142
-66
-475
-638
104
-454
-1120
549
119
-364
249
-248
-127
-146
-61
8
167
263
-228
-50
864
63
-35
-321
-167
154
-34
-295
-279
587
-238
-183
479
-172
-518
87
216
-457
174
-165
79
-81
-402
97
-356
-273
-399
-453
-112
-405
-582
98
-902
-525
248
228
-1093
81
472
-901
-353
-196
-353
-1100
124
471
-354
-744
-96
-198
-273
-305
47
-104
-40
92
-164
492
89
324
-24
-475
-307
278
343
-461
-548
-5
-474
-801
523
-699
-921
88
-416
324
309
-168
111
-126
-206
411
1
-145
480
214
-579
-423
-41
-19
207
-73
-271
248
-43
-673
-424
-167
-110
246
-263
-154
-855
-780
-429
-690
-464
-488
-469
-560
-843
-452
-279
80
-324
202
667
-65
-416
-28
-139
-450
115
708
566
435
-138
-165
-132
-327
490
229
-10
403
-170
-297
-145
-578
-603
-431
563
586
-479
-380
581
-237
-625
921
876
216
-24
241
-219
-978
-377
75
-175
-120
81
-90
-634
-288
-368
-346
168
-119
-463
-320
-107
-585
-545
-153
-318
-569
-378
-9
216
156
-283
-88
-632
-682
-12
-527
-268
-103
461
136
-1085
-417
-230
-28
2
-431
238
200
-197
-612
136
-89
-688
298
85
226
332
150
302
102
387
-16
386
-78
-341
665
35
-175
-55
-142
31
-187
358
228
416
-146
-131
239
-63
-131
470
337
-694
-694
185
-201
-261
-236
-339
-142
-974
-443
-92
-365
-743
-700
-54
-32
-64
72
-158
77
-59
-327
10
313
-202
-87
267
-217
-560
-469
-215
-259
55
301
228
259
-228
-372
-76
-35
266
817
413
37
499
7
-330
-164
-284
234
210
247
407
-203
-111
-390
-559
173
318
140
163
-64
-276
-597
-412
48
228
199
167
232
193
-464
-128
6
36
-396
-162
203
-448
-658
-945
-1046
-622
-298
-403
-161
-474
-730
-569
-488
-356
-55
-444
1
243
-137
-507
294
-273
-635
-87
-120
142
204
91
86
-377
16
67
-262
-33
153
286
-140
84
-140
-982
-691
-346
-332
200
399
211
-157
-222
-277
-136
292
660
426
178
381
-157
-341
216
-3
93
463
532
158
-259
-49
-356
-983
-184
185
-385
-102
249
-659
-948
-321
-439
-480
174
139
99
-454
-374
-130
-921
-513
320
191
-144
-70
-478
-964
-629
-275
-155
145
381
299
131
152
282
-195
-8
558
261
356
674
-175
-787
-557
-266
-519
-190
300
-23
-209
-74
-404
-1120
-938
-349
-314
1
370
70
216
223
-189
-200
104
358
223
199
520
348
-388
-513
97
140
-183
-221
-336
-768
-1319
-1190
-386
95
-329
-131
-635
-954
-506
-237
217
645
411
561
931
347
-553
-350
227
-474
-421
236
210
-249
-411
-654
-691
-624
-304
-32
694
876
130
132
150
-449
-343
209
317
880
761
562
587
46
-494
-265
222
241
217
636
264
-243
-297
-400
-413
-957
-537
-11
-524
-247
44
-801
-803
-333
-41
52
218
702
600
377
170
245
518
244
222
336
174
-379
-855
-531
-314
-339
-393
235
-221
-671
-25
-177
40
206
307
255
177
31
-93
76
-166
-586
-362
-27
33
-29
204
331
-194
-142
193
331
255
509
835
657
204
-403
-219
16
-139
398
354
354
260
-134
-365
-444
-691
-372
203
250
107
364
450
-92
-344
-523
-76
92
297
877
598
141
381
79
26
-49
9
409
152
115
-147
-342
-797
-584
-291
-341
-54
-236
-197
-164
-503
-469
-78
-331
-338
-329
-84
7
91
164
234
90
341
380
320
363
1
14
180
245
263
273
88
-54
7
132
-147
-433
-379
-382
61
275
92
-27
-48
-93
-264
19
95
-290
-331
-140
-783
-481
-40
-30
6
139
302
205
7
-73
-224
-231
67
266
262
345
-21
-367
-18
-160
-245
-102
-190
13
-160
-336
-347
-669
-1084
-563
-325
-222
23
53
143
-99
-371
-23
-21
153
739
771
911
432
-68
-23
323
220
648
1118
1005
685
218
363
120
-246
88
141
14
45
91
194
-413
-858
-931
-490
-189
-88
267
48
-97
-675
-992
-464
-357
-283
237
699
401
-137
-204
-274
-502
-176
476
712
78
-107
-195
-495
-722
-669
-183
135
77
69
138
-102
-472
-341
-91
73
341
182
318
299
133
110
217
445
497
660
916
727
425
670
727
664
441
231
152
161
0
97
188
35
-61
-167
-390
-229
-106
-200
-134
58
30
-169
157
361
496
365
382
250
-9
-5
448
624
466
44
101
-156
-509
-105
-268
-328
107
295
88
-64
-274
-337
-67
269
341
467
468
391
305
276
174
-29
260
642
781
1002
1023
785
681
563
735
816
479
575
896
389
103
322
230
-36
198
128
253
226
292
415
249
252
80
244
177
57
50
26
269
439
510
637
598
258
91
244
242
5
486
485
682
961
458
41
-89
-297
-490
-78
392
517
243
310
262
-139
-251
-17
-16
123
255
517
532
317
192
102
-61
-57
272
372
643
1012
922
860
572
347
94
215
202
290
491
227
209
216
20
-27
-151
-171
-143
-86
-80
124
227
22
5
-107
-106
33
144
392
563
673
675
825
817
478
276
277
539
435
453
593
314
104
-100
-258
-561
-543
-212
-174
88
72
-174
-424
-472
-479
-397
-157
-4
217
202
327
271
138
-49
25
319
545
688
1080
975
479
644
451
391
754
951
708
547
604
143
115
-15
-123
219
216
227
88
-40
-298
-261
-266
-301
54
110
82
149
-82
-271
-136
7
79
144
517
755
623
674
677
514
665
522
507
878
860
417
256
241
0
-31
-140
-37
-11
-281
-253
-331
-612
-631
-545
-341
16
-21
108
142
-20
-47
211
332
570
866
799
645
717
588
395
679
600
625
531
447
286
250
172
214
-11
-146
-120
-176
-142
-121
-4
-211
-94
-40
51
269
318
263
310
215
235
160
87
201
116
98
87
-85
-188
35
-23
-167
114
121
-54
-21
-111
-100
-308
-511
-412
-199
-168
55
129
-193
-121
-150
-264
-23
224
159
-9
11
32
-82
16
139
164
310
238
223
222
165
109
70
134
149
266
189
13
42
18
-125
-92
-139
-37
86
141
19
-92
-172
-127
-80
-152
-131
153
128
-38
109
-23
-331
-209
-65
111
419
406
348
356
375
141
155
-13
123
212
83
124
-103
-223
-313
-251
-226
-240
-268
-236
-220
-302
-307
-357
-373
-206
-1
-44
-1
118
159
243
394
433
197
201
111
106
214
289
378
318
240
149
137
49
-23
-165
32
56
-51
-37
-148
-199
-322
-363
-359
-198
-312
-200
-105
-254
-203
-176
-66
-102
-93
103
133
165
-4
-86
-127
-183
-128
-137
6
44
-33
26
29
-156
-181
-256
-338
-392
-316
-98
5
-33
-188
-281
-444
-442
-352
-202
-12
53
-12
-197
-251
-280
-404
-238
-80
-100
-1
123
103
-84
-201
-17
165
244
184
228
277
43
99
204
-17
-121
-132
-183
-164
-105
-370
-400
-246
-429
-564
-569
-340
-256
-383
-520
-579
-580
-609
-601
-554
-636
-562
-313
-337
-263
-172
-46
102
49
-4
-102
49
-156
-255
-157
-213
-243
-448
-381
-439
-682
-711
-497
-521
-496
-420
-452
-475
-312
-391
-580
-350
-214
-193
-12
187
208
164
286
178
19
188
248
35
14
84
-43
-190
-28
-289
-309
-113
-258
-305
-347
-292
-525
-536
-310
-351
-412
-312
-417
-546
-545
-412
-450
-171
-165
-324
-242
-174
-41
44
4
-157
84
20
55
90
-103
-163
-277
-285
-234
-240
-258
-461
-536
-592
-595
-661
-629
-662
-497
-368
-436
-284
-355
-365
-327
-132
-28
-14
54
43
140
135
68
72
-167
-235
-202
-88
-146
-143
-161
-244
-372
-419
-339
-437
-423
-486
-537
-592
-588
-544
-580
-543
-676
-769
-610
-461
-388
-415
-218
-123
-179
-181
-226
-211
-102
-223
-72
-114
-205
-315
-530
-508
-417
-360
-408
-412
-567
-508
-589
-533
-416
-257
-99
-235
-380
-309
-303
-285
-92
74
245
202
-47
-218
-43
19
-116
58
226
213
160
-38
-248
-290
-247
-180
-243
-207
-301
-338
-185
-249
-315
-325
-218
-422
-373
-350
-458
-379
-433
-299
-194
-225
-284
-418
-232
-251
-283
-312
-245
-157
-256
-319
-432
-440
-398
-295
-316
-116
-199
-331
-325
-449
-362
-217
-117
-19
10
-22
114
137
-114
-38
51
147
99
54
113
20
-20
117
103
-39
