-365
-303
-193
-332
-154
-108
-205
-273
-305
-256
-353
-304
-332
-333
-292
-340
-180
-289
-287
-249
-251
-245
-221
-204
-134
-166
-311
-283
-345
-349
-266
-189
-274
-420
-343
-318
-249
-236
-453
-344
-474
-456
-284
-243
-407
-331
-332
-420
-275
-235
-287
-296
-255
-294
-177
-212
-270
-200
-194
-225
-144
-27
-54
-141
-86
-71
-168
-253
-106
-164
-179
-118
-143
-138
-246
-254
-277
-290
-151
-102
-239
-370
-374
-459
-376
-254
-382
-319
-213
-343
-554
-419
-337
-497
-467
-267
-349
-360
-222
-277
-198
-289
-202
-65
-115
-173
-269
-286
-298
-180
-141
-129
-196
-194
-298
-236
23
-54
-52
14
-109
-215
-234
-272
-339
-335
-332
-375
-306
-286
-219
-255
-354
-341
-233
-85
-70
-57
-93
-46
-53
47
-87
-52
-40
-93
13
-181
-88
-75
-9
-96
-130
-235
-266
-161
-246
-326
-344
-245
-326
-392
-382
-358
-304
-287
-418
-452
-333
-194
-170
-208
-228
-284
-237
-254
-356
-250
-167
-127
-88
-76
-156
-209
-126
-12
-3
26
-108
-149
-80
-123
-81
-218
-368
-378
-329
-353
-257
-207
-482
-572
-374
-452
-394
-377
-417
-354
-329
-275
-208
-277
-375
-277
-227
-251
-170
-98
-126
-273
-156
-171
-164
-36
-174
-231
-124
-42
-157
-173
-299
-258
-179
-145
-214
-253
-264
-471
-466
-359
-184
-224
-282
-145
-202
-346
-216
-281
-319
-287
-291
-341
-221
-184
-337
-242
-213
-340
-411
-327
-365
-302
-280
-326
-350
-299
-316
-270
-249
-126
-160
-183
124
-419
-145
479
69
-349
42
-233
-722
17
286
-201
-68
439
-195
-289
-121
10
-362
-328
101
14
6
146
-337
-442
-197
-395
157
-329
-227
69
-35
-378
8
29
-651
52
-182
-150
224
-242
17
-52
-293
-79
-238
-339
375
35
-543
193
-384
-143
-19
-362
-72
287
361
50
-119
-166
-206
263
-255
107
-95
-63
348
-365
239
431
-195
215
156
-159
266
-147
233
165
-373
352
-81
-517
356
-269
-273
390
-507
9
249
-47
282
-97
319
322
-111
-231
715
-258
-185
772
-279
230
417
-173
72
172
120
295
120
-97
112
102
25
-18
-193
61
214
-103
652
-53
-272
389
-306
243
187
159
176
-62
-64
31
194
381
238
61
168
451
-173
297
439
-263
757
95
-75
396
127
88
184
-357
518
-273
273
634
-277
186
62
115
66
91
447
66
254
7
477
422
-94
479
492
-171
137
426
52
202
-168
277
41
-59
327
8
362
-47
123
609
67
506
342
275
-40
265
173
310
436
116
671
-153
-203
550
-163
23
159
-83
150
314
130
-59
450
-2
65
342
46
404
-232
155
475
-149
269
678
-235
281
601
-397
724
169
104
-10
384
-17
-713
24
216
-294
246
-283
-191
882
133
112
530
-521
90
139
-522
366
318
208
1135
-96
-250
765
-603
-88
847
469
654
148
-92
-214
-224
-42
458
-207
-117
409
-141
-258
511
71
-91
213
-404
160
177
92
375
-141
85
273
-80
355
-407
-23
-228
-484
-112
647
43
-441
-154
-624
-282
87
310
402
282
-19
652
-110
572
-70
-474
112
35
-59
65
451
-19
105
-339
-483
-214
-259
516
440
-246
202
415
-254
-397
24
83
-298
39
179
-289
173
-63
30
158
-225
-114
-401
468
-154
185
872
-125
-94
-338
-489
99
44
461
238
195
-196
-457
212
-349
387
256
-103
357
-168
74
314
231
229
-976
72
-449
-101
599
-189
485
-325
99
471
-237
-223
-10
453
-116
464
398
-264
400
-348
26
658
-557
419
340
-384
235
79
431
-3
729
-1190
553
159
-224
747
-362
530
237
-228
-251
625
-117
-29
399
403
143
206
75
56
-419
457
-66
-132
-14
338
732
-250
48
135
3
14
392
-15
135
380
129
177
537
-83
303
420
-68
746
57
-444
1111
-400
67
143
307
-79
188
-124
245
79
319
522
5
-154
180
318
-564
412
-193
673
449
-376
72
387
319
-332
-205
247
200
144
368
-30
64
-64
2
576
170
571
56
580
465
48
112
372
311
-468
692
99
-184
-302
843
-373
-258
257
30
332
252
132
-395
649
132
-91
153
-72
-57
-70
-13
-37
-578
738
-244
-75
76
-814
657
790
-702
1088
-29
-1
275
266
750
-166
443
-37
276
-357
170
404
-194
10
794
-41
1180
944
33
152
422
-703
601
303
-64
779
-373
-332
205
355
-937
271
734
394
-273
901
199
-114
180
-492
1194
146
49
503
-94
500
-1289
916
79
-544
951
-147
477
-329
428
845
-74
-80
-777
1101
19
-323
708
-621
311
-46
173
185
9
-511
-437
856
-299
1019
653
-320
325
-553
582
89
-439
-160
353
-75
369
-98
-265
155
-206
318
325
377
-766
242
618
-439
33
-424
-668
345
223
-365
209
-213
-702
585
-670
-152
624
94
336
307
-234
50
-497
44
93
294
454
606
169
-509
271
-691
610
261
511
-483
79
502
-441
437
-79
448
-314
129
25
-223
-336
950
60
626
838
-447
80
-862
726
110
377
1314
-252
-73
-633
-241
986
152
1156
-957
228
116
565
915
-381
491
-489
51
370
-533
1047
-300
-288
66
-370
-143
494
51
-645
1085
-882
-280
482
36
-190
-516
399
549
-112
243
411
-132
-859
314
1038
-52
84
-714
73
-384
-502
1383
-594
6
542
-77
-79
220
-414
926
301
-16
-179
-224
-33
-660
-500
-301
886
-763
7
568
-980
-62
-110
-64
-478
1089
-73
55
-525
-144
679
8
285
464
-17
99
1374
-670
1256
185
-1059
684
-567
205
445
-282
261
290
-922
526
483
-409
803
1002
-832
591
-431
-656
-116
688
671
-304
453
-176
177
-587
271
554
425
183
353
-389
-443
364
76
1122
-131
83
35
-1105
-41
374
-43
-96
-735
382
373
14
354
152
239
151
-592
388
508
-210
213
854
-660
190
763
-92
524
-290
1061
226
-626
182
514
265
999
1201
-267
165
-688
-1
-842
272
698
60
932
188
-870
-549
175
40
205
561
553
-12
514
25
-782
575
-1066
-31
818
73
1104
-694
-642
593
-677
-143
357
67
289
68
69
822
-979
1385
-748
-200
789
-203
757
-588
-53
713
734
-669
-213
617
-711
1893
-86
212
527
-33
-83
416
646
-306
568
39
63
814
127
-83
733
-456
114
-685
-77
796
380
704
558
435
-495
1190
-802
697
-139
69
392
180
494
427
472
373
-426
-1004
693
1765
821
734
-162
-150
-141
317
133
748
398
356
1020
-1520
760
-1161
821
364
661
396
344
-149
-296
459
63
1200
-1024
747
255
35
99
-623
-646
448
285
1417
-341
703
-407
-2
842
-446
1126
421
1148
-245
1057
-758
725
-672
-811
2160
-530
1730
49
132
1027
-1635
229
769
-267
295
572
534
861
623
83
318
-624
-62
788
754
1275
-1000
1505
-400
-102
-513
-348
2158
-1635
1198
936
-401
129
453
-263
260
-897
397
1013
838
-38
-326
537
-81
-251
-366
1785
-1674
150
1870
-976
1577
-868
1200
510
-1840
878
682
1265
-739
240
265
295
263
742
1456
-1793
666
434
224
459
-576
781
-199
294
-100
269
902
119
377
42
-679
-166
1489
179
241
113
-419
653
146
946
294
896
71
-166
-746
638
-396
9
836
1070
500
384
1353
-1588
704
933
-860
1110
-294
-39
-183
-909
225
788
440
691
-26
-6
-42
1402
773
84
824
-950
563
872
-353
2022
-495
-252
173
-1333
1169
-396
627
1463
143
-120
-893
320
373
-1120
-91
541
-360
-319
421
-518
92
-305
275
1718
-287
-535
1225
-552
-1084
557
216
-537
1125
369
-546
1338
-447
1424
741
-1127
590
1131
618
-126
1294
-328
544
579
-20
654
394
301
810
113
-396
1049
-70
1051
-1088
1390
686
-535
1238
-223
240
211
434
441
462
-252
1205
-202
833
378
160
-1081
833
564
872
1356
5
675
884
556
268
156
199
1615
-872
992
934
-1065
1893
177
688
-1019
1106
373
329
1634
288
3209
-275
-1647
850
-646
711
311
-567
281
-450
1216
-770
361
-796
-1363
1558
-422
-486
1647
-655
-271
377
-901
223
-742
1778
-368
505
1200
-1585
889
-9
449
-789
303
1081
-379
1241
-1407
911
-137
154
936
-172
1837
-184
53
291
-1325
2164
-1400
712
1539
-1493
-135
1238
1231
326
308
223
635
755
493
1002
94
390
-465
578
-1311
1109
1817
10
1307
-1591
508
357
272
-231
1478
156
-224
1992
159
-70
284
-1565
394
1963
387
260
452
-1185
336
-949
-1296
116
-140
-206
57
1217
-1752
-415
1137
-1744
-155
838
290
2015
341
715
-910
-961
-75
393
1303
654
268
-595
-448
-2014
-128
-134
1223
-621
39
460
-662
1458
-1409
-768
258
79
1571
856
-223
743
-989
-23
1089
-637
2167
-226
500
-624
-392
-169
-296
1747
-1761
589
-252
-984
1798
929
290
-218
-440
-1022
1123
298
-5
354
-1211
-244
517
395
260
809
-1221
574
154
296
916
-323
-749
-415
326
1364
721
-1072
-1876
-1020
-442
693
1176
-127
-123
445
-327
-312
377
-1294
-692
1058
91
387
635
107
-762
-673
330
1861
495
815
2073
-941
-873
380
-365
847
-759
-385
940
-142
-276
-45
-536
-421
-308
-348
630
1620
280
180
363
162
-804
1077
168
-97
1535
-586
581
-125
-576
1765
263
313
-1300
2659
1270
480
635
-1377
1212
-532
630
914
229
-1694
-539
2092
-1193
-828
1074
235
-749
1481
116
-1393
-170
141
1230
30
530
368
-66
-411
-562
-1430
1409
164
361
1175
-1557
811
-1874
317
1471
-399
806
929
136
-787
-436
371
59
1127
167
341
827
-1548
313
635
-41
-647
454
-944
-660
836
-508
681
-842
-1747
1197
502
707
1276
421
488
1175
326
768
235
236
455
1056
998
-1047
480
781
-692
108
-1175
-159
546
-117
1094
-537
772
-358
-642
2158
612
-32
2015
617
-132
116
-321
-869
-599
-131
1298
-21
-623
-347
-517
-875
-66
1302
-85
639
602
-261
259
-520
190
-736
748
598
-852
497
728
169
-455
215
50
-520
1361
900
695
663
-840
1010
-117
-829
2013
-868
-241
444
267
-648
-1366
675
-207
175
409
-281
35
-241
-653
-899
212
40
690
48
-641
243
-561
874
-463
-2000
12
-60
-770
-64
-34
-553
-831
-295
214
-162
-329
783
297
-895
662
-235
176
-213
-617
-144
-507
-467
-1583
-999
842
-988
-723
330
-434
446
135
541
577
-272
-28
518
647
-660
-405
325
-460
-694
-220
-506
-1275
-194
373
85
-732
-671
-684
-1527
-510
-485
-500
-582
-668
-432
-902
-375
-565
-773
-87
484
36
726
494
259
193
-676
-445
-85
261
844
1007
-355
-86
589
415
166
299
690
641
375
1332
740
1045
-524
-222
1803
1115
894
1276
1438
673
241
826
837
280
-238
103
-655
-1427
-985
-538
-1621
-2280
-1449
-2480
-2514
-2201
-3170
-3085
-2891
-3468
-3450
-2974
-3152
-4057
-3050
-2506
-3336
-3221
-3453
-2185
-2082
-2443
-1947
-1101
-2059
-2303
-645
-760
-279
-309
225
1641
1775
2024
2738
3065
2538
3102
4111
3742
4675
4591
4554
5766
4286
3968
5143
4406
2847
2901
3150
3124
2848
1696
1875
-223
-1331
-883
-1369
-933
-1113
-1761
-2778
-3227
-3869
-3964
-3010
-3557
-3616
-3398
-3870
-3518
-3298
-2698
-2534
-3233
-2619
-1984
-1552
-1321
-1223
-1189
-2218
-2581
-2329
-1725
-1748
-1915
-2576
-3446
-4053
-4568
-4026
-3745
-3395
-3679
-3986
-4298
-4508
-3974
-3408
-2979
-2001
-1415
-143
1509
1252
2418
3372
3277
4367
6636
6972
7289
7743
7098
6147
6039
5530
5817
7459
7195
5441
4351
3031
1002
739
829
644
101
-1244
-2485
-2900
-3614
-4259
-4315
-4960
-5464
-5461
-5188
-4490
-4128
-5047
-5571
-5066
-4706
-3553
-2118
-1509
-1347
-1874
-2201
-1492
-521
-83
415
362
314
228
48
-219
-893
-1529
-2188
-2232
-1656
-2256
-3252
-4273
-5306
-5860
-6225
-5726
-5055
-5524
-5840
-5921
-5182
-4304
-2743
-935
-564
1296
1618
2402
4284
5959
7275
7989
8695
9262
9019
8262
8077
8673
9280
8427
7690
7052
5557
3939
2308
1643
2176
1119
-821
-1574
-2985
-4522
-5548
-5827
-5798
-6903
-7306
-7275
-7095
-7424
-7888
-7749
-7387
-6913
-6044
-4653
-3617
-3286
-3507
-3340
-2605
-1494
-210
1005
819
391
8
-232
111
463
1002
-92
-1374
-2145
-2352
-2599
-2758
-3039
-3913
-4813
-5238
-4729
-3987
-3195
-2520
-2619
-2631
-1853
-1020
1405
4092
5338
6006
5953
6180
6659
7141
8087
8998
10500
10662
9141
8109
7384
6181
4908
4271
4767
4332
2133
409
-1184
-2625
-4393
-5410
-4525
-4691
-6327
-7645
-8094
-8586
-9314
-9194
-7856
-7035
-7394
-7272
-6245
-5786
-5650
-5049
-3569
-2465
-2462
-2078
-1536
-1163
-1476
-1382
-532
-442
-989
-1390
-1737
-2009
-2830
-2987
-2569
-2978
-3672
-4056
-3516
-2985
-2155
-1129
-360
-493
-851
95
2415
5259
7388
7954
7121
6277
5537
5610
7565
10479
12238
10673
7285
5586
5035
4949
4757
5566
5725
2727
-442
-1433
-1308
-2308
-4120
-4526
-4295
-5785
-7318
-7093
-6653
-7998
-9633
-8784
-7020
-6350
-6596
-6104
-5532
-5841
-5673
-3836
-1474
-1245
-2236
-2218
-1653
-1369
-1070
37
723
-701
-2355
-2679
-2222
-2280
-2505
-2586
-3126
-4307
-4695
-3595
-2577
-2159
-2024
-1681
-1083
-558
810
3036
5080
6644
7512
7607
7961
8023
7602
8241
10047
12433
12750
10042
7924
6640
5591
5297
5766
7254
5798
1461
-1443
-1877
-1901
-2984
-3568
-3468
-5250
-8104
-8850
-7356
-6757
-8100
-8604
-7714
-7694
-8268
-7266
-5610
-4749
-5376
-5141
-3076
-2387
-2617
-2179
-1473
-1476
-1787
-691
512
-394
-2202
-2960
-2469
-2391
-2293
-1930
-2449
-4113
-4940
-3796
-2093
-1248
-1301
-941
-814
-910
724
3353
5776
7171
7687
8059
7770
7520
7888
9253
11695
13265
13196
10652
8048
7025
6538
7178
8008
8277
6147
1875
-1032
-1526
-1149
-1454
-1929
-3006
-5561
-8320
-9078
-7570
-6684
-7304
-8017
-8383
-9042
-9417
-7895
-5660
-4859
-5500
-5510
-4649
-4233
-3881
-2745
-1822
-1549
-1912
-1601
-1255
-2197
-2814
-2447
-1815
-1953
-2497
-2722
-3522
-4336
-4015
-2265
-1123
-1274
-1618
-1775
-1266
65
2374
4779
5861
6168
7277
8131
8936
9027
8786
9351
10965
12889
13337
11574
9379
7665
7029
7322
8100
8951
6435
2067
-917
-1505
-600
-628
-1010
-2549
-6202
-9382
-9516
-7213
-5759
-6453
-8025
-9349
-10598
-10437
-7767
-5018
-4777
-6273
-6897
-6370
-5577
-4369
-3044
-2385
-3057
-4009
-3763
-3035
-2882
-2745
-2419
-2551
-3010
-3308
-3067
-2790
-2623
-2102
-1135
-695
-1060
-959
81
1315
3128
4987
5861
6327
6674
7969
9476
9810
9043
9105
10538
12210
12597
11262
9780
8175
7166
7258
8314
8788
6481
2824
191
-501
-83
323
-156
-1964
-5278
-8013
-8022
-6284
-5069
-5954
-7539
-9254
-10565
-9973
-7566
-5474
-5639
-7128
-7848
-7899
-7055
-5380
-3941
-3942
-5291
-5926
-5278
-4360
-3689
-2995
-2971
-3618
-4285
-3806
-2993
-2169
-1562
-1070
-658
-851
-719
312
1453
2633
3963
5322
6421
7196
7716
8103
8621
9115
9189
9429
10318
11819
12064
9800
7660
7371
7603
7692
7778
7716
5935
2394
357
927
1862
1188
-362
-1902
-4284
-6213
-5896
-4232
-3750
-5488
-7457
-8404
-8777
-8156
-6310
-5110
-6107
-8072
-9070
-8832
-7695
-5741
-4139
-4933
-6975
-8060
-7110
-5235
-3680
-2492
-2838
-4206
-5348
-4674
-2550
-786
132
-118
-1032
-1531
-1184
466
2437
3174
3399
3619
3701
4176
5648
7629
8993
8527
7707
6756
6043
7546
10741
12544
10719
7101
4905
4866
5597
7281
8928
8151
3782
-291
-689
1327
2566
2189
820
-1830
-5543
-7026
-4817
-2225
-2512
-4865
-7004
-9097
-9937
-7973
-4404
-3493
-6123
-8898
-9587
-8720
-6706
-3971
-2416
-4156
-7016
-7378
-5273
-2712
-1008
-393
-1774
-4227
-5189
-3413
-444
1267
1067
-197
-1705
-2577
-1542
1140
2892
2562
1424
768
783
1749
3812
5328
5627
4858
4643
5074
6058
6394
6304
6485
7106
8113
7318
6036
6023
6178
6036
5711
5588
5594
3739
2125
1779
2389
2720
1402
241
-1091
-2768
-3303
-2723
-1719
-2175
-4101
-6035
-7082
-6859
-5776
-4404
-4775
-6420
-7668
-7455
-6316
-4931
-3833
-3678
-4683
-5487
-4794
-3144
-2035
-1891
-2747
-3330
-3166
-2387
-965
-609
-871
-1451
-1720
-1283
-878
-69
455
167
-469
-649
56
524
1086
1340
1151
722
1118
2054
2725
3340
3544
3716
3783
4543
4694
4363
4420
5288
6425
6310
5583
4926
4302
4223
5010
5606
5017
3318
2124
1905
1892
2024
2000
1505
41
-1816
-1947
-1139
-1133
-1931
-2438
-3240
-4410
-4549
-3375
-2559
-3195
-3855
-3843
-3780
-3798
-3168
-2020
-2142
-3139
-3424
-2781
-2174
-2061
-1565
-1166
-1824
-2691
-2383
-1652
-1402
-1622
-1378
-1618
-2121
-2299
-1683
-1114
-1352
-1349
-1233
-1297
-1457
-1359
-830
-325
-402
-498
-406
-180
-34
405
1162
1361
1297
1491
2108
2503
2733
3304
3739
4087
3969
3696
3652
3956
4782
5305
4638
3577
3150
3265
3376
3495
3670
2836
1608
951
947
1298
1268
645
-30
-857
-1325
-1108
-814
-572
-935
-1363
-1768
-2099
-2089
-1577
-1048
-1299
-1834
-2066
-2133
-2025
-1589
-1342
-1772
-2362
-2820
-2797
-2522
-2144
-1919
-2024
-2386
-2998
-3114
-2766
-2331
-1840
-1683
-1914
-2411
-2454
-1914
-1340
-1157
-1016
-1048
-1254
-1128
-685
86
321
81
28
71
284
698
1174
1273
1048
769
818
1369
1609
1650
1622
1657
1397
1464
1630
1672
1658
1509
1735
1993
1966
1736
1741
1665
1784
2045
2313
2241
1971
1762
1552
1617
1907
1907
1750
1477
848
592
560
595
472
-14
-569
-846
-998
-1207
-1171
-1314
-1683
-2043
-2251
-2205
-2048
-1867
-1979
-2022
-2170
-2134
-1829
-1752
-1743
-1420
-1019
-869
-633
-531
-562
-467
-106
18
-48
87
-118
-300
-237
-198
-62
-238
-432
-596
-764
-707
-606
-821
-1028
-1363
-1311
-1062
-888
-831
-951
-1052
-1076
-823
-700
-411
-299
-214
-182
-23
302
486
621
669
700
635
448
469
696
731
666
571
545
471
372
242
423
392
251
234
164
213
341
448
582
613
656
892
1062
1073
1294
1494
1592
1660
1631
1712
1855
1837
1847
1934
1776
1635
1445
1330
1090
1028
1145
895
576
159
-204
-382
-569
-722
-874
-1211
-1407
-1689
-1804
-1723
-1547
-1628
-1888
-1982
-2004
-1650
-1520
-1405
-1268
-1097
-1027
-1004
-1029
-902
-688
-498
-331
-306
-534
-819
-648
-207
22
-195
-400
-463
-438
-211
-51
-211
-246
30
-22
164
209
-445
-453
409
1288
2015
2134
1614
1262
1743
2423
2763
2522
2014
1848
2014
2173
2265
1947
1208
967
1005
1141
983
580
240
8
-186
-30
-71
-372
-688
-1022
-887
-860
-879
-863
-1056
-1296
-1208
-974
-753
-375
-515
-545
-624
-659
-550
-389
-169
-243
-313
-345
-582
-738
-568
-496
-484
-562
-759
-695
-840
-762
-488
-274
-195
-289
-326
-277
70
419
612
690
868
1078
1219
1476
1637
1693
1861
1942
2003
1800
1876
1994
2006
2007
1700
1483
1459
1320
1104
807
495
282
77
-125
-323
-507
-716
-954
-1082
-1139
-1142
-1114
-1250
-1485
-1422
-1174
-1035
-990
-965
-910
-831
-727
-716
-455
-359
-420
-372
-399
-367
-382
-252
-177
-262
-414
-299
-284
-415
-329
-315
-247
-183
-157
-131
49
326
396
549
778
839
947
1102
1200
1215
1312
1485
1594
1708
1741
1574
1527
1536
1565
1486
1358
1327
1065
1028
794
617
521
378
227
37
-173
-403
-524
-648
-656
-613
-671
-730
-1030
-1053
-1015
-856
-712
-720
-725
-870
-920
-790
-661
-601
-551
-508
-598
-712
-772
-824
-601
-424
-336
-424
-575
-594
-495
-294
20
-32
-82
-55
129
462
544
709
821
893
963
1084
1169
1148
1225
1388
1420
1304
1155
1084
1102
1049
996
1057
767
644
625
456
394
419
477
605
566
334
246
100
20
-9
128
63
-111
-89
-158
-187
-150
-175
-213
-128
-155
-141
-228
-227
-141
-144
27
0
-241
-376
-358
-387
-212
-137
-291
-346
-346
-301
-151
-222
-298
-228
-117
110
142
388
446
606
809
876
930
1036
1186
1312
1452
1335
1414
1363
1401
1371
1219
1333
1041
999
930
764
664
532
560
457
232
44
102
-28
-201
-162
-269
-297
-326
-433
-374
-331
-352
-482
-543
-556
-295
-235
-249
-320
-385
-364
-174
-121
18
11
-169
-223
-282
-50
60
195
233
220
0
-185
-29
121
263
287
205
213
257
280
532
548
550
451
426
464
500
624
555
519
464
324
335
182
210
173
135
157
30
25
-166
-205
-309
-250
-267
-303
-339
-387
-354
-425
-320
-397
-426
-414
-506
-503
-400
-421
-494
-495
-603
-422
-305
-393
-446
-511
-526
-606
-407
-469
-340
-335
-381
-225
-205
-47
-157
-82
36
42
-2
2
179
247
368
682
448
28
217
542
916
1005
858
562
400
614
696
814
760
671
676
546
627
493
401
278
328
300
42
159
41
-58
-248
-234
-152
-211
-232
-272
44
459
-622
-1620
-963
-180
37
92
-158
-769
-852
-537
-356
-250
-414
-763
-944
-1198
-1059
-729
-1122
-1545
-1373
-874
-426
-15
-249
-645
-888
-958
-511
76
521
536
339
274
653
1149
1232
935
530
473
904
999
1146
1302
1226
1172
1021
-105
-84
717
901
952
581
-214
-441
139
587
271
-359
-769
-640
-215
260
253
-312
-797
-642
82
260
-239
-565
-208
471
206
-321
-506
-353
166
423
89
-846
-1611
-1222
-807
-968
-1077
-704
-617
-746
-901
-979
-885
-923
-601
-758
-1267
-1392
-603
-143
-308
-540
-867
-495
-671
-475
-317
156
55
4
213
379
603
799
652
366
564
632
869
793
504
461
93
159
577
914
478
174
-314
-344
45
-26
-345
-844
-1059
-656
250
159
-55
-156
-290
-198
269
388
128
-169
-146
-87
168
-2
40
291
233
-192
-494
-453
-642
-272
-43
-800
-1112
-1107
-1219
-1283
-1020
-912
-822
-829
-739
-234
-539
-593
-489
-216
228
175
98
456
813
1188
681
222
602
1245
1298
686
436
-366
223
1032
584
541
37
-3
549
744
236
3
36
-744
-951
-4
335
-98
-705
-820
-791
-96
66
-35
-1145
-1019
-1008
-710
95
-1070
-632
-672
-1075
-953
-718
-1421
300
-471
-1011
-1067
-785
68
-211
-390
-1443
-1117
-210
999
-256
-470
-808
-857
-269
823
-204
31
88
-568
255
506
570
629
424
14
129
920
577
1149
646
-574
1289
1092
8
280
-149
1572
1628
-470
311
-361
-339
-523
583
225
-649
254
-775
-1361
-286
289
88
-1805
-1209
-332
-818
631
-366
-1716
-2011
-1879
-414
7
205
-1128
-1431
-1374
-356
474
-723
-187
-514
-1893
146
504
-165
-727
-944
-520
-895
313
458
-411
542
-343
-49
1008
-1005
1339
314
-936
911
917
458
1791
256
-1652
1365
331
1056
1
601
-141
146
-116
-82
1251
-1666
1149
-13
-1129
679
-361
-20
-592
-846
85
-748
-308
-1507
-1438
-571
-894
-1378
-519
-2557
-166
-1394
-879
-538
-2410
-66
-761
-1936
136
-10
-2020
-1069
661
-312
-630
553
-1105
-690
645
532
-145
913
-204
684
103
0
1816
318
487
436
523
521
619
1633
-1696
830
1580
555
1463
-389
221
1170
519
895
764
677
-743
-251
1654
-733
-414
236
-407
349
-306
-1359
10
682
-1396
-368
734
-2230
-1110
-684
-2403
209
-1383
-1110
1
-3116
-1338
-2086
-84
-1810
-1420
-656
-2839
-592
-51
-1553
-2076
-481
-1431
717
1197
-2895
383
-552
-1443
2182
111
1282
-95
202
1286
400
1230
-477
3003
755
747
1403
-324
442
2287
1582
1116
1257
-228
2175
1768
887
-321
71
948
644
2409
808
476
-478
-1437
1952
-252
-420
2722
-1269
377
-964
-1353
-1319
-967
2759
-1447
-1848
-463
-3798
-484
-1944
306
-502
-911
-566
-3064
-1883
-1612
360
-685
796
-57
-1727
-520
-610
-1387
1181
-471
-743
-285
-389
225
-882
695
1954
-275
1708
-98
2856
-1162
3112
140
-2129
5526
-697
2291
3256
-1841
1335
626
178
2860
2192
934
1930
156
298
2306
-380
2243
287
687
2161
1491
-409
-1281
706
441
1085
821
-1501
1488
-1340
-170
327
610
-1445
17
331
-2126
199
-1211
-561
-481
-1658
-46
-432
-2664
-519
-592
-1040
-605
-1115
-1347
-339
-535
-569
1029
-60
-517
1432
-978
1783
1046
-1300
1071
2304
779
1821
-277
800
1874
64
2896
-640
4122
-603
94
2040
-505
2227
702
1853
287
-3
541
2208
-163
1972
221
584
496
657
988
715
290
839
66
968
651
-1179
1726
-760
382
45
-30
814
-308
-312
-297
206
220
1257
178
-1788
703
-346
103
889
498
-363
841
-1060
1022
837
-1733
1119
628
-1354
2934
-1070
928
-120
-531
1423
-268
966
758
586
-833
985
944
766
1957
-405
1497
-28
-921
1567
2730
192
1522
-50
492
2502
-326
291
2221
-301
1408
302
-53
2671
-1213
2246
795
-1753
2056
408
638
1364
-66
-417
-176
581
-198
593
815
473
383
-15
735
-437
-781
-737
-86
810
-274
1634
659
-1880
178
346
-208
577
1970
805
239
484
419
229
1335
1106
187
1104
436
840
633
933
-160
-584
1821
2314
-926
917
828
150
1054
1321
1235
783
454
-308
653
1417
1160
972
359
263
1581
-195
1145
-85
65
1521
1576
1406
-22
672
-215
-171
-837
1242
1680
-84
673
-729
-225
-853
-57
924
186
-19
-382
-545
412
-894
255
933
444
807
215
542
503
1011
-429
1297
1012
227
1339
1498
700
1928
-363
1507
2219
996
165
1604
2006
-318
2622
-947
1617
410
127
2370
67
357
1559
1887
-214
1669
1382
-908
1391
1252
1071
486
163
1454
1260
-671
1661
51
560
594
975
-551
205
-258
756
-361
242
-583
162
729
-1905
802
-122
-438
-295
203
283
130
-1484
-1149
472
-1403
1824
19
342
-230
-1471
766
1411
1228
-689
1001
30
135
2486
-80
1473
1853
-723
2386
251
164
2203
777
1673
301
621
1953
749
3107
-1435
1494
2074
520
1194
648
461
-670
561
1989
1261
553
1274
-681
640
691
1464
881
-698
1111
1513
66
2319
-1232
-473
1062
89
1163
-1709
684
538
-268
4
-440
-598
-955
-1402
586
630
89
-157
322
-522
-657
-427
-137
2593
-984
786
1067
671
599
-132
347
1318
-990
2123
2040
829
1614
-484
1089
282
-12
577
3401
2141
-119
862
178
335
2355
1550
1217
546
1512
1262
149
1349
2419
1294
-50
2356
870
-733
3115
620
1045
2028
-419
1620
-70
854
975
-1006
1541
672
500
-580
-1498
424
45
900
-156
324
644
-1638
-640
960
667
494
-649
353
96
-40
-302
-293
2509
-776
1445
1325
1225
906
848
849
1499
1291
938
1740
714
-426
571
137
-325
1916
-571
310
1874
1715
486
592
1221
1851
1842
1110
1335
2052
1795
970
432
335
630
1791
923
476
1814
272
-430
1413
772
51
640
758
-272
193
2
267
-623
-1236
-784
-1163
-1832
616
209
-162
-144
-610
-1745
-225
-1064
1065
-591
-187
578
-1203
302
183
204
54
-186
1795
538
196
2265
-349
902
302
1808
1366
-586
1688
522
827
777
524
1125
425
1784
1175
1314
1548
2695
1719
440
2121
-295
2570
1409
2160
1467
824
282
45
2031
777
798
598
1726
1272
1054
1809
-2008
349
768
-247
1194
-1139
595
-604
-1661
290
-874
-853
-888
-1633
678
1293
-827
-61
-2293
-553
-1242
1437
2210
760
609
-135
-1292
-405
-379
1278
2380
1905
230
-182
1465
504
834
1336
2608
2859
869
-20
1118
774
847
1629
581
1319
2413
1574
357
-303
-811
1942
1068
628
2467
1379
1042
343
18
1280
1289
779
1335
1207
2166
-380
265
829
-157
1394
-421
-263
-173
-280
85
-2050
1215
-1148
-175
367
-2875
-1588
-691
727
-374
-1204
-356
379
299
-1179
-496
1423
-43
-286
1737
347
1839
258
1586
572
1370
386
1329
2024
426
492
589
521
2204
154
568
1292
1604
-1135
825
2533
411
1834
1902
474
-349
736
787
1648
172
1354
1808
-445
-798
1420
201
-1761
480
1217
1852
238
-352
434
-128
-268
-366
435
874
758
758
-1197
132
-506
-440
230
1508
31
-1140
-573
-1065
-655
96
1082
818
-285
562
682
144
2491
406
55
980
1085
1592
1483
1578
1680
1495
965
398
2193
1775
2047
584
1421
2122
717
-143
1253
1031
1679
1
1718
674
-607
-9
492
2432
286
1451
428
-616
220
-622
305
84
-869
-1066
181
1225
-976
-828
-312
-1202
-436
2087
-1139
-1107
1394
-947
573
-106
-2245
-41
-50
296
254
-250
514
-632
-715
62
838
-327
440
1305
1481
-528
2230
322
852
1035
-56
2526
1126
576
2638
602
1701
1939
112
2589
1164
1545
1153
860
2424
482
1143
1617
-555
70
-490
1544
1323
637
-347
-458
-660
806
604
2006
777
-1054
-45
-1410
234
-1099
-81
195
-848
-408
-1488
-895
-1691
-2128
1031
-1061
-288
161
-1047
-1089
-1679
-812
-706
-1013
-897
-1986
449
171
-1630
323
382
77
242
-1289
2012
842
143
1986
989
917
445
439
1762
-273
1885
928
1324
3371
-1068
3367
-323
859
1728
-16
2069
573
-505
1770
-375
820
-438
366
1497
-1471
-638
-764
1287
828
-346
-456
-410
-799
-1707
1015
-81
506
-1115
-957
391
-1677
585
-500
-28
-414
-1519
444
-37
-1018
-1186
64
-1134
-964
-137
-980
-366
-269
-366
644
-308
-627
1122
-626
248
-436
1385
722
1529
-382
542
630
-345
-591
1184
506
362
1698
-151
1103
411
26
518
1364
878
1073
1373
486
65
192
-490
-60
1009
-18
657
1676
-1252
-478
99
-452
-629
-851
602
-43
-778
-375
-2071
-1658
-1477
169
280
-213
-304
-986
-377
-203
-466
-427
-623
329
-277
-1166
220
-852
-741
-752
138
28
1212
-487
517
127
-2410
-345
-587
-470
1397
248
1365
-198
-529
179
-504
0
2236
35
2018
-356
-11
-218
-53
694
103
-328
1489
1903
-86
596
1100
-281
-237
-372
-479
967
1132
277
192
620
-503
-784
-812
485
837
-350
291
837
-1433
263
-1016
-912
-71
-1281
40
940
-988
-817
-535
-1625
-1256
16
-986
-113
-127
-182
1096
-209
-878
279
-864
227
-188
1333
1259
-703
680
-920
-264
91
41
260
1822
264
682
164
-395
269
930
561
761
1234
674
360
-818
-326
392
146
428
452
1046
-94
413
-746
-1061
2281
-1604
1545
-155
-1947
516
-686
-179
-326
-1475
-992
258
-651
-1250
-226
-428
-574
198
-1144
179
842
-197
-887
350
-1136
-956
453
-819
-850
-779
146
1374
-500
-544
402
-591
-120
-638
91
423
-467
-377
293
-530
-202
-388
198
850
401
239
-1
-537
146
-192
528
1118
541
260
632
-818
654
-989
295
1280
-1104
1388
903
-769
201
-290
-692
-1123
159
1087
255
1823
-810
-618
-1653
-1231
560
51
417
-593
-976
-152
-926
-1844
385
423
-565
-594
-429
917
-871
57
719
-716
174
-1251
41
169
-1701
355
-462
709
449
-634
507
-836
-93
-373
544
1492
-919
368
220
-326
-61
-1178
895
374
-406
743
-24
1399
137
739
391
-1568
1026
-51
1274
-183
997
859
-1072
14
-1079
1072
1272
-1244
-1052
306
-512
-1119
-1096
-614
1151
-702
-392
512
-1355
-1275
185
-401
-1203
952
-900
-186
-192
-895
-1185
-40
58
483
-203
1225
639
-1805
472
729
102
-281
563
-221
-1019
84
-753
216
-219
-488
230
-369
-237
436
367
946
-370
-899
58
-171
-919
180
558
173
52
-259
1233
-162
751
418
122
833
-323
894
351
-480
1085
-1160
-825
214
-1045
-315
85
23
-1544
-1283
157
-1337
-871
-1114
-1359
-755
-1803
-843
-603
-729
-1197
-822
-1163
-1182
-646
-185
-301
-1335
-1180
526
-1581
177
-49
-826
-188
-813
-485
1098
-433
-851
701
-183
62
-442
-352
529
-746
-264
929
786
-578
641
-332
-422
-206
465
1414
-440
826
761
391
-12
1062
158
485
511
393
758
60
-221
-557
-273
344
309
22
112
-591
-1488
-6
249
-777
-363
-2056
-296
-592
-1813
-189
-1332
-676
-854
-1179
-437
-1405
-695
-590
-1016
-610
-856
-1223
-437
-669
-1521
948
-694
-349
-246
-454
-1096
-1
-816
546
90
-441
-277
-249
818
-627
-1190
196
-102
466
78
1127
73
-660
75
-327
-217
57
976
1181
-217
151
1550
697
843
-197
290
1629
-399
976
504
257
393
-2118
1257
-850
-904
674
250
-421
-1171
-139
-454
-717
-490
-884
175
-436
-438
-687
-677
-240
-1612
-594
-855
-682
-57
-792
-190
67
-1072
926
-1184
-309
-484
-585
941
-13
79
-187
-949
-700
-268
242
449
363
458
61
439
-626
235
284
233
455
131
882
1247
-748
14
1205
109
440
492
-209
662
-453
1153
40
281
-305
358
278
-188
1334
-1436
803
-875
-605
1317
-478
-859
-205
-1170
420
-1230
-536
-148
-1248
-72
-355
-1272
-59
-264
-242
-554
442
151
-363
632
-465
-490
-340
93
504
-884
-341
341
-412
-334
-393
-384
806
164
18
-34
-560
-345
98
-263
469
-91
-311
-118
-12
452
339
72
232
513
354
733
576
953
-372
51
952
-795
909
-11
353
-148
-513
62
-654
9
-726
-190
1115
-1540
197
-254
-685
-379
-1504
450
-228
-606
-109
-30
-1429
-785
-1257
-187
-781
175
697
-21
-558
130
-392
350
195
327
1503
-509
892
-742
-1954
-451
-278
-27
895
221
380
-399
-844
117
1157
-170
-617
450
200
1346
112
640
1061
-431
-755
-141
-369
675
533
-586
685
843
-472
792
-963
279
-284
138
275
928
-483
-436
745
-1470
-1261
338
-744
-230
1228
-25
394
-2075
382
-376
-1598
160
-1051
823
207
-704
-528
-1456
-866
-875
351
-371
-673
410
-1226
335
207
-1501
1738
-178
126
243
418
-23
-497
-262
320
-57
-439
722
-128
478
-515
616
1329
-505
133
1398
1028
490
-371
817
-281
-156
631
247
1186
-107
-259
443
-186
365
206
245
-239
-718
195
370
-529
-994
-1219
-503
-1149
-1172
-368
-905
-645
-691
-253
-698
-1969
-1
-453
-534
160
-1289
-229
-691
-1094
-785
-397
385
-305
-895
443
-1588
-517
188
-248
209
-994
-38
-105
-1243
-535
511
519
182
-395
186
399
210
-485
116
509
17
526
-220
710
1062
-163
368
31
234
-456
999
132
-546
947
39
113
-598
-260
1177
-869
-486
-34
-319
202
-1184
-214
626
-1334
-1142
-694
-537
-1522
-1467
-401
-470
-262
-1332
-553
-1050
-1097
-330
-162
-497
14
-863
38
-421
-1097
-653
497
240
-732
629
-481
-423
-330
-760
-631
153
22
-166
-44
405
-965
-658
97
-641
-88
613
-195
311
-916
-659
547
-408
-36
589
822
36
586
-427
507
-450
113
968
-65
1383
-1017
510
284
-1078
310
304
404
-203
-1166
-41
11
-779
-435
-738
-676
-1236
-1368
-864
-675
-1133
-1231
-420
-706
-1280
-859
-504
-221
-811
-115
449
-620
-879
-234
-32
-696
-827
-393
30
-579
317
499
-724
-118
-147
96
488
-125
323
440
-461
453
956
542
248
-654
-1100
453
593
799
549
71
430
348
-813
525
993
-131
-264
584
224
-621
332
-134
54
-414
-151
248
-508
-644
-219
-1378
-388
-432
-630
-448
-959
-39
-347
-917
-938
-816
-228
-1361
-61
33
-758
-496
-718
-1276
-109
-689
-803
-56
-824
-281
-476
446
69
-570
-385
-330
-887
355
-228
-170
137
163
441
-590
-327
-200
-169
155
212
755
172
-94
85
87
81
-1155
1248
193
153
580
-259
478
-662
-656
-24
-432
396
266
772
-1014
-128
-217
-904
-61
230
-543
19
-544
-266
134
-940
-692
-332
-615
-236
-615
-801
-260
-743
-289
-147
16
192
-364
-549
-494
-355
-376
-710
322
80
281
311
744
-602
-312
-442
495
889
-104
1179
-108
-184
-62
-325
-186
971
879
-147
-87
345
341
-189
-459
-135
825
-577
-264
1145
326
-230
-122
-574
496
-272
-196
473
57
-1348
148
-159
-935
223
-1110
558
-477
-387
-970
-825
-945
-110
-321
-538
-187
-350
-272
-138
-352
-800
-129
104
-476
495
352
162
463
-302
-553
340
-368
846
799
89
303
680
-226
388
-149
-1
492
-300
730
254
324
-83
-332
-163
129
697
-103
-419
1049
-174
-426
203
-22
-28
107
-385
290
746
-547
-958
-472
167
-310
-1083
695
-479
-923
-1054
-176
490
-1491
49
-319
-690
190
-1948
-272
-816
-1013
1040
-591
-997
-264
304
-473
-325
410
-25
-584
464
52
-429
245
-42
906
197
-554
473
126
268
426
122
535
119
198
50
376
468
-196
730
614
-596
-253
-315
720
-11
-71
319
59
209
-278
-282
334
-207
-397
735
-477
-459
322
-248
-262
90
-743
-656
-167
92
-763
426
129
137
-662
-1336
-240
-398
-180
456
-16
-454
-602
-382
-1159
-576
-337
-140
-148
-178
286
-280
18
-1178
718
493
911
-187
275
637
-476
413
535
925
467
520
-177
700
-123
-326
477
22
109
432
-16
-9
55
-657
-116
631
84
292
638
-13
-70
72
246
-91
-457
133
497
4
-50
607
24
-537
-802
-48
30
-392
-197
616
65
-783
-310
-429
-716
-825
-47
132
-869
-465
307
-234
-397
-82
172
-342
-627
275
492
300
-442
554
124
-70
-427
-306
805
405
220
1922
55
-297
747
-44
-53
160
479
1161
334
-177
168
-16
115
-599
175
-535
1076
-755
-801
1186
-624
-607
451
-530
-223
-753
202
518
-859
137
245
-759
35
236
-190
410
-345
-275
353
-554
315
-173
-735
49
-880
-424
127
409
-669
11
364
-420
-630
760
-165
-306
275
263
749
-246
-250
665
-536
69
283
92
821
-491
108
108
-222
221
474
246
202
-194
157
-156
182
229
142
-369
331
-564
-309
677
-536
-492
25
116
505
-494
-21
995
-463
-562
665
-274
-116
-73
-21
289
-133
-706
128
71
-1045
-55
-317
151
-748
-19
-206
-124
-531
-450
-67
-602
-353
287
-80
-259
-224
-755
-106
-539
-594
251
330
-265
169
59
-258
-406
-188
215
-520
686
-43
-240
214
-439
184
-159
-431
798
-393
-267
920
-321
-49
-500
7
153
-372
-243
218
-722
-542
-231
167
-617
-170
154
-38
41
-377
679
-148
-297
-37
-375
-105
-293
-503
159
-58
-297
381
439
-101
-320
-258
-147
-388
38
-176
110
-215
-666
-344
-397
-545
-304
-618
-899
386
-258
-221
409
-476
-119
-242
-262
4
110
545
306
-591
703
-549
-471
383
-627
329
99
-587
416
-167
-194
-240
118
-218
-354
662
-129
-92
-7
-589
333
-71
-494
-158
-527
-153
-108
211
597
-53
-204
-405
277
263
-586
16
-47
295
316
786
95
-672
22
-784
-707
490
-699
149
266
-751
238
-524
-125
500
-524
18
207
-466
146
146
113
-163
193
-265
-80
-81
152
744
-136
334
531
69
-272
451
-264
-66
252
99
598
-140
240
-573
-638
-273
475
-93
0
-411
-50
-519
-558
-308
52
-467
-201
664
-696
-233
66
-523
402
-263
-396
324
-574
-24
-36
390
-159
15
-314
-135
284
-501
204
24
-365
120
-245
395
256
-570
-168
-115
283
-832
642
-167
-261
-82
-540
71
-86
-167
49
-6
91
431
-209
278
-130
-41
-42
-383
231
87
22
417
-605
-618
-291
29
-51
-187
-62
679
-83
-661
148
-795
-373
138
-229
-65
-615
-470
-517
-384
-1203
-442
28
-1002
-176
-431
-688
437
-1029
-592
219
-956
107
-556
-571
-2
-722
-283
-605
13
-670
-653
377
-744
-336
-195
0
481
-947
442
-33
-902
329
-28
-434
314
-364
13
-189
-497
247
-13
94
218
74
245
179
-329
513
37
-105
739
-443
292
-287
52
-240
-260
11
-334
-7
-276
-336
-410
-728
7
-56
-322
-103
-164
-479
-516
-477
-157
-462
-837
-592
-242
-797
-857
-402
-942
-666
-529
-24
-296
-390
-270
-513
-31
-458
-247
218
-525
-229
94
-445
-168
-509
-24
347
-570
353
110
-20
520
-88
990
-346
-474
708
-549
220
124
-182
408
-346
11
39
-208
-96
-1
-9
168
227
32
-261
244
-277
-287
460
-352
-76
-507
-219
-126
-757
-452
121
-614
7
-251
-662
-567
-686
-27
-82
-7
-547
-207
-42
-543
-150
-1029
-371
119
-711
-251
-326
-380
-370
-300
-56
-140
305
-36
-56
335
-71
-449
302
-75
157
300
324
612
-486
-236
240
31
608
-214
557
95
-274
465
-400
262
32
9
734
-129
393
22
-305
376
-227
227
442
-225
243
-217
205
-294
-203
680
-305
29
151
-473
-107
284
-448
-46
-200
-320
148
-210
-47
-245
-615
-177
-36
-234
-41
-118
-29
-349
-384
-48
211
-187
65
346
-15
441
-313
226
361
-165
153
445
-113
518
-322
142
880
-376
-237
975
264
-222
650
696
416
166
-35
479
568
-220
216
731
-197
-208
597
-604
441
776
-151
221
90
-209
-59
305
-231
143
-261
-201
389
-257
109
-107
-334
320
387
-208
162
514
-600
157
135
-268
517
374
316
750
-522
336
-91
-90
481
-198
513
455
-16
245
-17
417
-31
488
801
219
628
772
-25
788
475
288
877
538
1024
599
804
610
-1
620
236
71
922
490
618
335
337
528
-272
46
9
359
401
324
99
474
-199
-313
359
78
176
90
326
353
-212
1
-60
208
-278
-268
805
-576
219
161
-171
546
-183
-272
539
-159
550
653
-158
151
508
-85
524
833
60
542
307
503
177
490
597
162
669
239
1055
757
185
1072
264
148
926
368
1040
628
455
682
-83
40
646
-180
475
19
409
762
4
280
24
609
36
10
908
53
465
209
43
659
-182
153
301
-75
576
173
-263
423
-154
-204
-254
-64
221
-71
128
-129
100
-83
325
544
-315
811
447
435
579
506
478
542
547
494
713
670
507
603
388
252
77
579
668
45
715
517
178
586
619
301
550
465
532
253
586
746
558
576
500
333
311
833
-4
-42
831
243
-272
224
366
-79
-171
167
-235
177
72
-73
-36
-99
-114
-66
-191
31
-312
412
665
-133
476
410
93
206
477
312
261
125
28
396
178
-6
145
265
134
478
167
380
734
386
529
688
460
667
1205
107
982
683
446
922
475
802
826
225
924
433
5
580
662
255
18
747
251
123
382
179
281
-8
126
57
-29
174
92
-106
-257
207
-94
-151
126
-52
0
197
-42
263
-368
183
-120
-490
220
-233
158
134
158
99
191
136
228
-369
-86
249
284
464
44
556
283
-70
532
601
297
307
673
856
427
473
399
70
847
263
417
612
838
323
256
380
567
709
449
460
469
257
143
521
732
278
43
425
318
204
95
114
-28
105
-98
400
140
-223
18
81
-185
18
-202
-255
-4
111
-160
-286
283
181
-491
227
-16
-55
266
200
62
-77
73
105
109
425
506
-415
237
289
-8
428
213
258
344
168
415
573
351
366
396
311
30
574
570
-101
323
540
282
5
11
289
330
-269
3
85
65
-120
142
-54
-275
-30
-275
322
-43
-68
227
231
-256
-336
195
-410
-433
237
-159
-237
5
-227
-117
-151
-218
-151
87
-238
351
145
-229
167
-90
-82
159
-165
-174
482
-46
112
221
485
247
100
718
178
257
340
301
254
-133
514
327
179
720
229
370
507
121
221
442
288
624
138
402
303
-270
68
-190
234
182
-234
154
63
-360
25
99
-147
-55
-24
246
-47
44
82
-61
-11
-27
159
199
-36
-88
57
144
195
-63
93
494
-169
48
349
-119
155
213
353
143
123
184
262
599
180
6
364
29
312
282
-123
312
505
-15
105
741
-103
234
479
39
275
514
86
374
481
-165
59
125
86
200
132
-344
388
-24
-3
415
-302
248
389
-79
286
-333
-90
28
-423
-109
213
7
-69
-197
89
-72
-280
12
321
130
219
40
398
98
-139
409
174
345
354
78
50
167
248
40
92
46
-27
235
73
372
-19
-11
193
79
85
420
277
155
927
219
174
680
17
205
303
183
312
467
25
143
189
-18
-71
-200
-40
-12
9
31
264
2
127
-257
71
134
-139
-199
-430
-11
-86
-44
-116
-74
-165
-159
-77
-390
-207
-10
97
144
-96
-132
-357
165
-88
-134
-103
-33
-212
-302
327
-7
-382
-31
-182
-139
121
-88
94
9
-94
185
221
16
-72
426
260
356
430
212
290
28
178
353
-185
237
296
-227
-25
161
-189
-433
205
-75
-222
257
-341
-137
414
-291
-22
57
16
-41
-388
-237
30
-72
-189
99
13
-210
-131
50
