-379
-221
-140
-107
-139
-114
-181
-225
-210
-218
-128
-88
117
20
-49
30
46
33
73
17
44
173
102
105
189
151
3
120
1
-32
102
162
114
45
26
46
-26
-36
-75
-77
27
-60
23
12
14
-54
20
-51
-83
-65
-142
-118
-126
-25
-88
-92
-177
-259
-164
-178
-188
-63
-161
-94
-79
-174
-51
-196
-230
-241
-143
-170
-119
-85
-76
-37
-37
-56
-178
-57
-82
-64
-13
-51
48
53
31
51
97
61
135
68
149
113
194
121
-7
-10
-159
-39
-55
59
100
5
-62
-105
-100
-122
-67
-173
-149
-207
-231
-276
-202
-267
-339
-128
-227
-189
-164
-158
-241
-210
-191
-140
-156
-227
-176
-251
-118
-187
-182
-204
-220
-201
-198
-277
-219
-129
-220
-128
-197
-389
-302
-273
-253
-185
-261
-252
-167
-164
-104
-115
-234
-26
-23
-4
29
8
53
74
60
153
137
70
90
64
26
58
148
36
159
169
184
263
121
157
42
22
41
-45
-67
3
-53
-119
-67
-96
-61
-97
-123
-65
-80
-131
-93
-126
-138
-181
-245
-128
-132
-76
-215
-210
-236
-252
-232
-157
-299
-265
-235
-303
-227
-140
-119
-117
-1
3
17
28
63
55
65
94
95
81
159
25
79
162
-7
-46
109
79
188
144
99
125
70
131
92
116
96
87
8
-1
107
4
-51
-21
-90
26
-47
-27
35
24
-63
-53
-33
-31
-82
-53
67
-49
-77
-201
-149
-193
-109
-135
-236
-61
-202
-235
-203
-246
-208
-219
-241
-145
15
-18
-39
-56
-115
-82
-48
-148
29
133
110
236
193
181
152
214
142
93
161
255
248
264
210
206
201
191
180
101
154
114
143
150
117
46
168
140
11
16
-4
-75
29
88
79
90
-39
19
-31
-8
-20
28
-37
-19
139
57
-51
-9
22
-60
-84
-112
-177
-163
-86
-181
-161
-83
-143
-95
-117
-158
-102
-94
-10
27
39
-38
100
49
-72
157
131
118
26
84
103
84
158
94
80
150
98
17
198
96
149
197
177
224
152
137
241
270
196
255
223
94
87
58
77
93
156
99
102
28
-43
-21
-56
34
-183
-51
-98
144
-138
1
138
-197
-59
121
-110
-306
153
-38
-154
118
130
-267
107
316
-274
69
201
-129
-129
166
-118
-226
188
-117
-213
231
53
-223
-2
64
-2
-100
72
112
16
121
-105
134
133
-67
161
291
-155
-3
347
-74
-16
97
-96
-169
-291
-10
-214
-27
-123
82
12
-345
-49
-144
-235
90
71
16
-58
30
38
149
247
-29
240
20
153
270
57
16
406
-29
-238
334
19
-294
354
115
-331
33
-181
-380
76
-244
-278
-2
-71
-498
-94
263
-324
-180
14
-117
-123
-41
40
-145
-121
174
82
-166
-278
-100
-109
-463
-54
-86
-422
-147
194
-224
-311
36
-172
-41
-56
109
67
-51
192
-95
-161
123
-17
-168
-146
-123
-4
-62
14
95
149
24
106
88
-209
256
168
-89
-4
512
20
-95
245
106
88
-55
101
343
335
-112
80
330
-43
-156
124
167
-93
-121
112
172
19
-108
-110
26
-83
-18
567
-110
-101
28
-8
-19
51
406
-173
237
24
-29
238
108
35
313
-75
131
323
36
-224
153
204
-193
387
-243
-159
145
100
79
135
509
-231
81
317
-58
18
220
-16
-126
59
182
272
-156
192
272
69
360
247
-30
310
207
156
405
588
254
148
343
95
116
270
311
124
346
443
-191
443
213
-264
150
85
113
35
167
15
101
-29
-7
267
-87
-22
488
88
98
89
263
262
-70
138
310
-46
258
424
79
432
400
33
-157
703
367
-358
421
612
-454
374
699
-149
461
663
-241
150
1016
-163
146
1121
-186
374
861
-382
123
745
72
-140
873
177
-257
688
103
74
724
-281
397
328
-428
424
687
-204
210
691
-279
352
615
29
242
569
38
225
417
245
483
128
289
396
-213
221
270
-43
187
262
72
668
221
112
273
37
352
-240
428
148
209
367
536
109
175
673
166
117
418
922
140
464
534
61
-154
312
442
-334
482
607
119
8
475
413
-167
672
543
380
169
971
243
157
816
382
-93
122
764
-172
132
671
-132
261
389
-16
275
185
141
19
360
494
-311
320
-29
309
1
-185
754
74
197
469
320
-484
341
-296
-126
244
-459
345
302
-306
82
177
-537
-166
422
-90
-15
526
-91
-121
436
449
-792
803
262
-265
744
381
-265
210
221
9
276
-245
809
223
-526
716
352
-356
326
543
-139
77
641
207
398
56
765
61
155
291
204
17
451
264
-109
592
-504
108
697
-718
154
290
-85
40
168
39
183
417
-155
514
263
264
182
324
782
-293
309
629
52
-63
188
593
35
-19
473
-51
211
-199
586
-229
-267
491
221
-88
577
780
-738
1085
621
-949
689
721
-208
94
698
173
-748
1013
-123
-475
219
-114
438
-419
865
180
-644
1148
-275
90
310
388
-194
43
766
66
-90
724
-379
-194
559
136
27
323
322
-452
517
-190
-403
556
-324
-445
794
-235
379
300
118
71
139
680
282
503
987
177
-99
1019
39
-199
502
229
-269
698
-7
67
435
-346
377
-20
397
103
448
16
321
82
236
213
102
362
-50
763
419
-390
755
810
-581
317
1004
-160
-271
1265
-272
34
976
-317
618
776
-683
285
1328
-425
-298
1462
-230
122
666
-132
555
673
-53
678
564
-188
546
746
-59
874
312
-423
728
211
-353
680
820
-201
887
1026
288
-444
939
784
-586
459
756
-284
436
908
-715
709
414
-298
811
153
1019
127
5
1234
-44
309
116
855
-253
-141
1201
44
279
-382
1346
-607
-287
1809
-621
644
535
525
95
32
1772
98
-500
1342
310
-411
568
1250
-525
1147
483
-41
858
-14
683
-315
296
1347
-100
-325
1532
-17
-503
571
1117
-278
589
1047
-174
689
230
706
-760
1209
-12
-388
1228
210
75
931
154
-407
920
-143
640
230
784
485
-135
737
-132
1038
-743
531
490
-616
1878
-595
330
660
104
-1122
1524
396
-1144
1560
645
-1355
1311
42
-81
358
451
464
1042
-581
642
419
-985
1546
-88
-7
1061
-318
404
1259
-919
1182
257
-54
353
941
-469
-78
1650
-986
336
1679
-1548
49
1721
-871
82
-14
1411
-944
1065
1110
-851
450
-447
48
608
-402
989
531
-694
355
172
530
-217
629
-107
689
-267
205
1028
-208
838
-1009
1713
892
-1602
1462
435
266
325
533
497
-99
166
-792
1847
-5
-678
452
761
-388
-1203
2002
-145
-355
1668
-146
77
76
-72
316
-232
115
62
358
961
-710
-221
1298
-848
313
299
494
-198
-75
-59
368
760
-916
533
807
-1
-256
1148
-8
-710
916
-812
676
1029
-859
423
-30
-828
815
-831
791
-302
-116
731
-506
-11
536
-500
483
-930
1163
100
-1425
1405
-698
538
-1179
1077
-221
-1234
2113
-1722
768
738
-1473
1071
-358
383
-704
1495
374
-1646
723
-494
-157
77
414
-418
-32
835
-2014
1175
-778
-205
1072
-834
1385
-98
1112
-1744
1012
644
-2078
2173
-38
-171
-77
883
-1194
785
-636
268
740
-427
-225
177
318
-741
775
-250
-568
-235
491
528
-528
-601
621
-907
152
231
957
-1086
16
920
-1098
203
230
-9
738
-552
962
-177
57
-580
797
522
-40
62
-304
-567
38
239
685
-585
398
287
-149
935
-956
30
-186
-35
796
117
286
-88
-691
896
-1600
918
80
321
-14
668
-404
122
403
-922
266
-1247
1227
-1083
2257
-1730
873
-82
-847
1414
-1266
334
-271
-162
-316
562
-752
152
1026
69
58
314
-923
1114
-389
859
662
-306
69
591
-918
704
495
-2050
1403
144
-1136
614
1498
-2635
1440
744
-2495
1009
-70
710
-1346
1677
-1064
-857
713
-654
347
-1400
1505
-1493
1202
1161
-2042
-355
845
-704
107
603
70
-494
-127
-499
-1278
2001
-1441
227
670
-1331
-1730
1449
-1003
-535
184
-993
128
159
-205
-682
-229
-1980
582
348
116
-201
863
-382
33
-311
-517
1177
-1442
596
1660
-1010
198
-724
640
-704
-1109
557
13
-137
-1487
584
-1741
326
-1336
783
-763
-284
-697
128
529
-336
570
296
529
-603
516
-1243
-338
1208
-1965
1230
1155
-1033
-88
-440
1307
-2095
1693
-1986
-90
363
-1169
2360
-2486
125
-1331
-404
-273
-693
1009
-1495
1472
-1461
709
-134
-1774
1618
-539
-517
-191
628
-804
-15
1417
-2000
-111
624
507
-1461
262
222
-1905
-93
-115
-2096
560
-800
249
-1133
-409
412
-1857
-96
-2133
630
-387
-192
989
-1862
-836
1555
-2801
-11
469
-1677
-521
1676
-1639
205
-1587
337
-1462
711
549
-1917
1726
-2597
1187
-838
-524
1140
-1478
-165
1177
-984
17
-1017
234
-691
319
-269
-856
1581
-2731
249
545
-715
-700
1485
366
-1077
1107
-1155
-882
201
-1402
570
-738
-1064
150
-1339
-146
-2956
1319
-1163
-1255
1022
-389
65
-1187
762
-1016
123
1574
-2973
884
-90
-394
679
-563
-89
-1985
380
-1509
227
-309
-324
-510
-2064
-355
-594
-1289
-1025
-189
101
-1492
38
307
-2656
467
-966
55
-646
68
1884
-2930
928
957
-2770
2312
-658
-161
-985
620
-267
-1969
146
-1878
1493
-1953
1207
890
-550
-1757
-340
966
-1574
7
940
-1779
601
-115
-1102
-187
-403
-141
-896
2321
-1217
-412
1089
-2140
-767
-567
-86
460
-1352
1536
-2801
-1333
-322
-103
1316
-1579
-835
162
-157
282
-1279
374
-2695
1082
1302
209
-1736
-529
-1463
-1042
615
-549
1042
-2053
1552
-2815
3133
-2542
-1510
1758
-1631
37
398
-1428
-2072
418
-2329
-704
780
-1428
-654
2231
-1853
-115
664
-1556
-1827
2457
-1981
-140
-374
-349
-1941
1184
-31
-3282
3760
-984
-1634
-6
1170
-1010
-704
2405
-2804
954
769
-2668
3686
-937
-1408
-406
673
-2430
840
2011
-3253
2073
865
-3246
578
1745
-2544
338
-580
-972
387
-50
-889
-2557
-1083
154
1075
-15
909
-252
-2931
1523
-735
-938
-107
122
-696
1121
-527
-1579
330
-1187
-840
181
1415
-1567
1165
-747
-1350
-1897
-1153
469
-2095
930
-1802
-92
-457
-1481
-350
-123
162
368
575
-2254
816
-1435
-836
127
1148
-1164
-58
-893
-459
307
-845
284
-362
-574
456
290
-2288
643
-1032
-378
1294
-1385
149
-1079
403
-1207
-594
-302
470
-1993
-2310
1187
-2975
-291
699
-3220
844
253
-2082
-474
-494
-1058
-1609
1866
-703
-844
-955
-222
69
-656
863
-1479
474
-1926
756
-815
428
-734
-325
-1361
505
-770
-1975
-287
878
-589
-2603
285
-140
-47
-1504
1881
-1668
-2494
3004
-735
-1929
2325
-1173
-1568
2159
302
-962
2723
-2004
-1080
-588
2475
-1975
523
705
-820
-256
-2995
499
-3
-273
-1148
1168
-154
-1159
-706
-42
285
-2023
-260
1856
-777
-156
158
-271
-1271
1419
-607
-477
2801
-1940
-1394
3462
-1931
-403
914
-2035
1737
-1235
-979
-119
93
-763
79
1772
-1366
261
413
2420
-1530
-794
2520
-2429
-338
26
1879
-2349
-451
523
-2362
849
273
-2524
1483
3865
-2883
-1453
2970
-2170
-2751
3148
-299
-568
214
-636
-1615
472
-91
-3193
3051
-297
-2484
-139
1492
-6
-2296
1217
567
-767
596
-2896
986
-1905
-2369
1448
275
-900
-1613
-284
-130
207
822
347
837
-1064
-540
302
-312
163
1199
1397
-1557
-401
1947
-2598
-988
1563
-1931
2415
-153
-673
-1307
773
-1530
-2058
2409
-249
-765
1683
-243
-3606
243
274
440
-579
-694
-3773
-1005
1654
-2458
454
56
-2215
671
2737
-346
594
667
-1213
-338
2565
-4201
2190
1177
-5295
1128
130
-1960
1837
1089
-3292
3441
260
-1209
1248
1070
-2391
66
579
-766
-967
-2499
349
-1010
-2287
470
1602
-1624
385
188
-1719
3627
-1853
1508
2
-2524
895
-769
-1721
-671
1132
-2090
-197
2525
-4354
681
2834
-3323
1681
1270
726
-2444
363
-520
-464
-1039
314
361
255
-1657
546
1180
-1707
1177
453
-450
2002
-523
-2211
699
-220
-1660
471
1532
-2188
-1564
669
1051
-1881
1418
-661
-1122
529
1549
-1600
1656
312
-1013
-1289
3134
-725
-1996
3772
-10
-2578
-22
753
-1029
-496
2892
-1949
-2795
2676
-2988
2755
-1648
-1279
-582
2622
-145
-889
2998
-3410
323
-584
-2
1128
1240
-1620
-1090
1199
-547
-3122
3029
-46
-2286
-335
-279
1085
-1183
163
-2303
886
703
-672
1905
-806
-2693
-1118
1463
-569
-728
3881
-2557
-87
1778
-885
-1183
893
289
-1398
794
-386
-816
-250
-1690
-742
-2188
1443
988
1004
-71
-491
1314
-1935
1111
270
-343
400
-2155
51
-569
-962
350
-1452
830
-2578
844
721
-1364
70
-336
-825
-1846
1932
12
-1961
289
-991
-568
-343
699
-902
-1080
782
-578
1550
202
209
240
-1438
241
-387
-2493
-591
766
-1248
-1564
1223
-1261
-842
1289
-2138
-69
1208
-1071
-51
1875
4
-1051
-78
-844
120
-315
-241
218
-986
-209
529
743
-1809
233
-229
-742
131
455
996
-1274
172
-488
-66
328
-492
-483
1094
775
-1822
-400
2037
-495
-555
2147
-1121
-1829
126
609
-216
404
431
-504
264
-968
300
1442
-1404
536
-310
-82
997
179
246
-87
1442
-54
360
2503
338
-394
624
455
229
-155
-15
-482
1528
-644
-891
848
-1255
-100
1390
-179
-210
299
179
-301
883
-14
-292
1263
-605
-380
704
977
-595
848
-587
-440
639
-146
73
-677
-1393
-272
944
-1339
518
1141
-1541
-1408
1462
-1078
-701
480
-1201
-943
837
223
-1233
1120
-340
-1631
187
1171
-1505
561
523
-1227
-583
796
509
201
249
-493
-315
1043
831
-528
242
816
-1024
-188
1432
810
374
602
-20
-144
722
113
672
1217
413
-55
236
431
-747
98
-299
-1016
-655
-622
-279
-295
-325
-1078
-1241
-1280
-102
-605
-967
-1142
-1446
-1794
-1015
-1052
-2753
-2083
-2445
-2636
-1544
-2455
-1740
-2115
-2787
-2540
-1206
-1513
-2036
-1694
-2269
-984
-537
-702
296
172
-678
788
2049
1643
2998
3321
2944
4206
4655
3615
4888
5766
4591
5620
6091
5932
6026
7590
6776
6962
6334
5102
4689
4284
3448
3197
3624
2419
1061
278
-1158
-2635
-3088
-3709
-4067
-4213
-4969
-6027
-6626
-8221
-9226
-9563
-8688
-7998
-8010
-8001
-8324
-9130
-9458
-8433
-7160
-6498
-5525
-4428
-4490
-4381
-4292
-4816
-2703
-1954
-1920
-125
1310
-132
-1399
-439
-261
2339
3355
3145
4479
3602
3712
5753
7163
8744
10035
10889
11027
12008
12087
11470
10702
8636
7954
9519
12038
11031
8461
6091
3122
641
49
1733
2473
572
-2068
-4423
-5566
-6930
-8131
-8713
-9538
-9719
-9801
-8848
-7843
-8845
-10159
-10766
-10159
-8542
-5702
-3013
-3147
-4226
-4549
-3780
-2304
-1144
-465
-515
-1213
-1396
-351
150
-873
-2948
-3959
-3796
-3092
-2429
-2587
-3936
-6191
-7789
-7237
-5544
-4955
-4935
-5042
-5378
-5656
-4257
-2125
-878
91
852
1975
4707
7070
8277
10673
11633
12055
13776
14822
14632
14183
13130
12537
12834
14070
13737
11832
8586
5039
3574
2939
2569
1644
-53
-2463
-5180
-7056
-8231
-9372
-10239
-11092
-11396
-11161
-10905
-11127
-12145
-12563
-12259
-10936
-8881
-6667
-5386
-5272
-5856
-5474
-4294
-2785
-1346
-387
402
-29
-889
-1461
-1809
-2052
-2290
-2575
-1887
-1986
-2913
-4216
-5560
-6149
-6171
-4775
-3307
-2813
-3737
-4812
-3937
-2975
-1548
761
2747
4575
5632
7089
8929
11014
13176
14457
14448
15089
14443
14301
16314
16148
15775
15241
12408
10105
8434
6810
5907
4365
2148
607
-1144
-3503
-5691
-7600
-9544
-11158
-11931
-11565
-11449
-12174
-13285
-13994
-14150
-13316
-12120
-10319
-8591
-7730
-7147
-6356
-5328
-4612
-3311
-2075
-820
927
864
683
905
131
-115
-123
-593
-446
-882
-2223
-3088
-3674
-4919
-5767
-5361
-4890
-4779
-5121
-5229
-5007
-4271
-3709
-2164
-105
1091
2809
4079
6025
8494
10327
13028
14747
14785
14601
14883
14681
15299
16094
16866
16921
14519
11117
9130
7285
5697
4244
3164
2286
54
-3145
-5873
-7825
-9601
-11313
-11846
-11885
-11731
-13037
-14639
-15034
-15133
-14266
-12967
-11464
-9936
-9075
-8734
-8865
-7795
-6591
-4941
-2922
-2360
-1960
-2138
-2371
-1969
-1605
-1101
-830
-891
-1227
-1735
-2679
-3234
-2985
-2647
-2273
-1507
-1669
-1612
-1798
-1617
-45
1772
3596
5421
6434
7866
9272
11315
13969
15877
14695
13245
12223
12912
15878
17524
16696
13816
10135
7739
6910
6177
5259
3549
1385
-1034
-2997
-4560
-6664
-9495
-11895
-12604
-11636
-10945
-11782
-13637
-15366
-15981
-14882
-12408
-10067
-8768
-9198
-9684
-9232
-7320
-5232
-4167
-3166
-2297
-1686
-1326
-1612
-1829
-1691
-1359
-756
-107
-7
-1498
-3217
-4218
-4129
-3268
-2225
-1747
-2685
-3834
-4199
-3185
-1428
-26
1379
2280
4059
5418
6680
9314
11619
13781
16270
15400
14281
13435
13452
15962
17606
17665
15908
12289
9105
7096
6226
6277
5071
3336
980
-1463
-4338
-7079
-9677
-11224
-11236
-10972
-10961
-11845
-13953
-16104
-16943
-15580
-13089
-10547
-9357
-9629
-10333
-10657
-9464
-7590
-5452
-3222
-2155
-2302
-2878
-3546
-3336
-2644
-1561
-450
-172
-788
-2231
-3722
-4409
-4256
-3457
-2280
-1400
-2262
-3251
-3652
-2852
-1418
257
2424
4426
5870
6713
7924
10342
12777
16121
17712
16109
15120
13599
15545
18722
19304
17836
15145
11402
9315
7871
7263
5959
4196
1595
-630
-2502
-5391
-8716
-11912
-12855
-12275
-11903
-11940
-14065
-16639
-17913
-17844
-15426
-12473
-10475
-10384
-11004
-11054
-9962
-7523
-5712
-4896
-3839
-2365
-982
-543
-1539
-2440
-2193
-810
451
1351
403
-1740
-3662
-4021
-3108
-2463
-2441
-2678
-3658
-4142
-3881
-2563
-1169
-1237
174
2352
4175
5562
6894
8504
11349
14019
17346
17321
15614
13462
13334
17792
21071
20712
17501
13197
9810
8358
7755
7996
6675
3990
695
-1703
-3976
-6962
-9976
-12273
-12322
-11321
-11402
-13082
-16280
-18258
-18624
-16264
-12984
-11177
-10647
-11436
-12305
-11968
-9541
-6395
-5074
-4129
-3534
-2881
-2228
-2956
-3114
-2121
-1059
4
294
-410
-2135
-4049
-4267
-3189
-2175
-2338
-2714
-3443
-4372
-3734
-2585
-1083
-35
1105
2926
4701
6820
8645
10209
13373
16362
18696
17642
15896
13824
15880
20510
22503
20895
17321
12661
10121
8788
8368
8395
6795
3859
-154
-3006
-5533
-8715
-11625
-12999
-12169
-11501
-12886
-16115
-18874
-19585
-18720
-16279
-13425
-11636
-11786
-13281
-13620
-11245
-8584
-6308
-5214
-4676
-3168
-2703
-2438
-2345
-2419
-1619
-554
794
1108
-642
-2689
-3523
-2972
-2022
-1705
-1527
-2028
-3381
-3758
-2778
-1095
-296
342
2022
4235
5935
7281
8832
11033
14006
17389
17963
16642
14244
13159
17598
22000
22117
18995
14115
10850
9514
8612
8687
7921
5743
1814
-1518
-3621
-6069
-9801
-12600
-12571
-11240
-11336
-14000
-17373
-19006
-18888
-17060
-14204
-12217
-11783
-12821
-13958
-12665
-9209
-6668
-5617
-5046
-4215
-3182
-2847
-2792
-2140
-1387
-464
337
600
208
-1808
-3490
-3269
-1849
-1362
-2014
-2450
-2978
-3603
-3290
-2017
-733
212
698
2799
5141
6552
7509
9271
12283
16393
18684
16824
14474
12669
15600
20980
23256
20770
16402
12124
10562
9984
9767
9601
7624
4492
899
-1725
-3868
-7179
-10692
-11699
-10255
-9459
-12080
-16129
-18465
-18342
-16897
-14800
-12754
-11877
-13053
-14704
-14050
-10711
-7944
-6898
-6995
-6701
-5075
-4447
-4270
-3471
-2888
-2118
-1655
-937
-728
-2001
-3375
-3196
-1905
-1138
-1830
-2437
-2417
-2532
-2117
-1089
233
1181
1657
3162
5764
7713
8924
9925
12497
16207
18821
17491
14597
12436
15454
21115
23584
20597
15574
11475
10303
10240
9758
9537
7682
4256
202
-2388
-3715
-6529
-10392
-12088
-10499
-9533
-12315
-16742
-18992
-17958
-16372
-14670
-13507
-12652
-13646
-15302
-14193
-10310
-7417
-7196
-7968
-7251
-4936
-4018
-4037
-3510
-2414
-1853
-1450
-803
-516
-1815
-3350
-2707
-1245
-986
-2022
-2703
-2555
-2157
-1880
-1108
-26
131
721
2285
5069
6944
7650
8435
10996
14764
17971
16904
14243
11868
13974
20128
23385
21417
16078
12169
11570
11787
11182
10569
8848
6178
2315
-228
-1700
-4367
-8315
-10475
-9185
-7883
-10244
-15019
-17781
-16781
-15093
-14157
-13470
-13319
-13935
-15603
-14365
-10437
-8012
-9037
-10651
-9100
-5958
-4560
-4622
-4636
-3765
-3261
-2941
-1509
-800
-1883
-3183
-2551
-751
-486
-2017
-2638
-1870
-1119
-769
-235
453
848
1229
2888
5425
6841
7273
8493
11329
14033
16487
15877
13717
11781
13199
18546
22751
20868
15537
11472
11548
12644
11339
10136
9054
7575
4101
810
-823
-2778
-6149
-8653
-7714
-6310
-8826
-13943
-16687
-15160
-13246
-13053
-13355
-13336
-13866
-15187
-14513
-11058
-8655
-9079
-10730
-9792
-7256
-6202
-6252
-5594
-4274
-3969
-3997
-2879
-1971
-2410
-3354
-2731
-1112
-1103
-2207
-2514
-1447
-752
-750
-250
530
838
1029
2386
4961
6484
7068
7896
10320
12784
14089
15441
14698
13637
12667
15346
19713
21382
17517
13157
11598
12732
12660
11027
9897
8739
6747
3397
1340
-222
-2878
-5729
-6365
-5523
-6081
-9535
-13103
-13950
-12827
-12139
-12034
-12010
-13051
-14372
-14188
-12175
-10275
-10549
-11825
-11179
-9253
-8179
-7999
-7741
-6957
-6452
-5982
-4870
-3870
-3960
-4546
-3857
-2620
-2122
-2559
-2664
-1621
-652
-50
399
803
1132
1475
2980
5114
6478
6746
7413
9075
11179
12695
14130
14848
14282
13358
12532
15558
18676
18860
16069
13490
12023
12121
11381
10558
9638
8404
6613
3928
1581
-719
-2876
-4242
-4293
-4660
-6413
-9134
-11513
-12235
-11750
-10903
-10516
-11280
-12811
-13534
-12494
-11242
-10840
-11248
-11313
-10331
-9202
-8377
-8289
-7974
-7337
-6618
-5329
-4013
-3768
-3805
-3599
-2815
-1722
-1576
-1765
-1516
-854
-196
176
561
994
1067
1631
2545
3452
4240
4625
5265
6305
7566
8409
9255
10460
11671
11517
10903
10464
11044
12409
13919
13812
12081
9958
9031
9238
9150
8618
7245
6252
4695
2422
685
15
-674
-1742
-2805
-3933
-5073
-6944
-8392
-8239
-7318
-7385
-8412
-9315
-9668
-9923
-9774
-8859
-8048
-7743
-8553
-8987
-8408
-7345
-6196
-5529
-5132
-4880
-4805
-4472
-3541
-2888
-2599
-2338
-1880
-1499
-1699
-1885
-1685
-1145
-896
-736
-217
349
211
-74
1
700
1396
2028
2403
2697
3058
3300
3657
4404
5422
6407
6984
7407
7607
7125
6830
6850
8011
9068
9457
8376
6764
5703
5711
5843
5468
5098
4358
3459
2374
1051
155
-110
-469
-689
-1211
-1825
-2628
-3679
-3954
-3427
-3086
-3179
-3638
-3960
-4236
-4493
-4220
-3458
-2799
-2912
-3493
-3712
-3289
-2744
-2206
-1500
-1411
-1690
-1948
-2102
-1803
-1746
-2043
-2258
-2080
-1742
-1713
-2168
-2704
-2854
-2497
-2133
-1829
-1516
-1722
-1734
-1642
-1403
-969
-205
185
162
115
3
31
168
820
1417
1688
1342
1255
1224
1184
1606
1939
2137
2314
2055
1835
1895
1848
1580
1561
2059
2534
2717
2464
2034
2032
2546
3016
3099
3108
3182
3238
3144
3226
3243
3292
3303
3263
3253
2991
2629
2381
2123
2156
2018
1763
1355
740
321
85
113
-189
-515
-877
-1327
-1748
-2006
-2156
-2274
-2555
-2724
-2796
-2905
-3019
-3302
-3336
-2958
-2615
-2447
-2503
-2750
-2856
-2759
-2452
-2201
-1969
-1984
-2374
-2484
-2737
-2613
-2444
-2285
-2078
-2178
-2276
-2669
-2709
-2402
-2059
-1823
-1673
-1671
-1636
-1640
-1463
-934
-416
-20
198
406
661
1046
1438
1911
2462
2793
3116
3176
3456
3659
3875
4266
4549
4707
4608
4563
4381
4427
4515
4329
4297
4059
3892
3821
3622
3503
3410
3453
3254
2972
2862
2875
2615
2485
2381
2464
2448
2249
1992
1792
1611
1396
1255
1118
984
511
-27
-678
-1270
-1672
-2126
-2369
-2548
-2928
-3458
-4108
-4654
-4821
-4854
-4931
-4906
-5123
-5230
-5392
-5362
-5122
-4792
-4065
-3792
-3624
-3368
-2955
-2541
-2044
-1647
-1282
-849
-554
-491
-322
108
504
789
717
728
872
936
994
1214
1337
1409
1279
1389
1562
1700
1750
1797
1808
1932
2037
2221
2440
2465
2586
2724
3015
3255
3417
3523
3697
3896
3961
4106
4293
4126
4123
3985
3822
3700
3375
3209
3146
2877
2404
1989
1761
1314
854
740
630
484
64
-380
-515
-778
-849
-990
-887
-804
-1030
-1256
-1359
-1329
-1298
-1363
-1340
-1132
-1242
-1334
-1523
-1625
-1512
-1712
-1749
-1895
-2134
-2308
-2443
-2370
-2184
-2240
-2376
-2243
-2147
-1793
-1742
-1709
-1460
-1241
-923
-720
-467
-169
102
437
631
976
1276
1408
1529
1683
2020
2160
2384
2395
2204
2121
2212
2222
2015
1815
1592
1428
1076
914
738
538
143
-224
-231
-213
-485
-663
-734
-675
-633
-643
-564
-356
-220
-186
70
362
469
601
661
753
1034
1257
1213
1176
1190
1255
1340
1330
1165
1074
1066
972
958
1070
972
832
725
772
819
915
1031
919
922
1053
995
1006
1086
1151
1378
1403
1464
1510
1575
1567
1611
1667
1665
1619
1425
1296
1291
1247
1098
784
571
398
249
128
-55
-220
-524
-794
-956
-978
-1008
-1028
-1097
-1089
-959
-900
-873
-786
-695
-538
-370
-265
-148
-38
55
107
514
612
609
704
730
793
861
864
727
712
504
468
466
643
581
453
456
529
547
816
788
764
887
963
1125
1113
1317
1434
1612
1734
1641
1609
1762
1799
1916
2120
2266
2369
2130
1888
2011
2037
1807
1574
1311
1223
963
790
704
428
229
-125
-289
-352
-422
-713
-894
-909
-805
-756
-868
-825
-839
-787
-631
-430
-320
-224
-150
-152
81
308
460
486
549
540
707
791
696
701
503
516
484
628
605
493
454
454
645
582
486
509
571
629
658
649
571
643
723
800
800
624
690
581
604
581
707
696
557
368
337
432
276
282
291
298
208
15
-78
-34
-189
-299
-221
-234
-354
-509
-586
-624
-532
-544
-370
-291
-279
-177
-217
-143
-81
-38
114
236
417
470
579
574
700
913
803
804
892
850
791
625
765
825
709
818
696
683
570
531
631
611
600
738
727
555
308
92
235
304
324
254
143
-38
-207
-294
-219
2
-6
-116
-132
-107
-155
-327
-290
-149
3
3
-137
-259
-345
-397
-384
-353
-300
-375
-635
-584
-627
-764
-767
-874
-871
-664
-559
-701
-712
-693
-575
-289
-143
36
-1
108
75
217
494
533
774
814
887
906
928
1206
1304
1371
1329
1326
1406
1321
1389
1253
1275
1326
1309
1184
884
624
574
435
351
307
111
-278
-478
-804
-858
-814
-953
-879
-1051
-1098
-1315
-1358
-1261
-1302
-1073
-1018
-1002
-946
-988
-957
-799
-743
-690
-652
-667
-640
-665
-730
-733
-585
-662
-488
-371
-401
-390
-304
-293
-51
173
386
445
401
510
618
964
1177
1265
1373
1445
1316
1543
1584
1641
1784
1707
1783
1605
1600
1668
1631
1467
1373
1325
1007
806
477
253
231
116
136
11
-473
-693
-786
-853
-750
-802
-869
-835
-832
-963
-920
-931
-911
-707
-673
-552
-636
-584
-595
-527
-390
-310
-206
-260
-311
-291
-260
-215
-259
-353
-390
-477
-425
-506
-541
-444
-264
-91
48
-20
-107
3
134
367
478
664
748
729
712
1001
1039
1194
1177
1178
1270
1308
1375
1209
1189
1080
1071
1074
952
770
575
314
80
-38
-160
-212
-373
-648
-932
-1046
-991
-942
-940
-1034
-1057
-1112
-1087
-1029
-922
-872
-838
-741
-553
-514
-454
-350
-162
-89
-163
9
67
33
106
135
177
193
124
124
61
256
231
214
274
492
566
652
705
702
955
1072
1247
1304
1290
1218
1304
1338
1402
1553
1499
1393
1271
1074
1003
860
779
536
362
209
-96
-239
-545
-845
-925
-1044
-1179
-1319
-1388
-1576
-1752
-1717
-1700
-1519
-1520
-1483
-1507
-1376
-1194
-1081
-830
-808
-556
-356
-298
-25
238
300
479
681
847
764
740
834
857
757
737
659
615
487
388
483
342
277
96
155
192
171
195
244
373
382
507
702
663
716
774
806
882
985
1094
1141
1108
1071
1052
1030
947
851
807
549
537
404
88
16
-155
-406
-456
-665
-795
-1005
-1093
-1140
-1187
-1194
-1330
-1361
-1328
-1382
-1296
-1201
-1173
-967
-903
-801
-658
-604
-534
-433
-235
-98
-108
-61
-160
-90
35
172
181
146
146
28
82
185
174
216
371
327
267
333
320
405
544
648
655
743
843
846
923
903
1128
1245
1162
1145
1032
950
926
1009
862
711
601
469
385
219
69
-61
-107
-438
-691
-815
-861
-1025
-1167
-1374
-1497
-1644
-1756
-2317
-3417
-2928
-1669
-785
-547
-454
-1138
-1540
-1219
-1633
-996
-284
317
564
397
261
-214
-1246
-1524
-1558
-1134
-115
-522
-9
451
406
597
1224
599
318
109
1148
1579
1448
1381
0
-1270
-557
993
1668
1086
-78
-873
-1071
-280
221
85
-744
-1255
-1070
-741
-703
-716
-1161
-1368
-1632
-1553
-936
-1047
-1099
-1784
-1345
-1292
-1260
-1733
-1806
-1568
-2084
-1641
-1051
-1726
-2134
-889
-2398
-1640
-1078
-1741
-1168
-1433
-1511
-949
-1112
-1342
-34
-406
-619
-597
274
-805
-119
638
-592
410
-79
410
-253
727
42
493
811
-43
1209
1054
729
2157
1079
1058
1843
1176
1859
1548
1330
1590
1201
2307
885
1632
2202
-491
1798
910
592
-198
1321
820
-1381
702
-360
-1199
-1569
-114
-1062
-1742
-1281
-1031
-1468
-2682
-1293
-1907
-2268
-1727
-1733
-1502
-2124
-2082
-2325
-1246
-2881
-1223
-2086
-1141
-1496
-1783
-498
-2684
501
-1917
-438
191
-1384
146
142
-611
-516
1715
-1744
448
1415
-433
754
-73
1473
411
131
1255
273
-418
1332
1242
296
1838
1217
223
1305
656
340
1826
673
1283
579
809
1169
38
2433
-1316
785
319
-85
766
-1040
-743
24
-709
-998
-34
-1849
-2161
-674
-1073
-1414
-874
-2598
-503
-741
-2333
275
-182
-2089
-799
-929
-2501
1245
-485
-745
-67
-1687
-221
496
-57
95
-458
-709
1849
-245
-556
212
-322
-496
1060
256
49
-626
767
468
-272
389
1684
-359
-771
3147
-70
100
1455
1229
144
470
866
505
1260
368
-556
862
36
-496
1460
-321
-1037
-68
-421
455
-462
516
-2891
139
-228
-2567
877
-1934
522
-1858
-480
-333
-1796
251
-1095
-1225
-234
-1734
-645
596
-445
-1356
603
-543
-742
1008
-271
-273
2424
-1376
1339
1632
-1001
1764
81
553
963
1311
337
-168
3174
-311
-259
2394
435
296
1285
1836
605
730
1620
1276
816
934
-551
1884
-246
1853
975
-1005
1179
1257
-932
1251
1376
-507
561
-1120
-703
789
-737
-896
-1275
-519
-1022
-760
-605
-512
-647
-1508
-2994
-296
55
-1899
1097
980
-2069
-387
939
-1152
1200
-922
1297
121
143
1302
-1382
1977
180
639
1919
968
729
-288
2335
363
1966
346
2147
-111
2105
788
-947
2291
704
1525
-210
2488
276
-8
2271
-332
351
2224
1197
-326
849
-137
1679
23
-232
1497
-793
-281
994
-863
52
-764
-1209
-77
-740
1709
-3475
950
-1228
-2029
1667
-2148
-6
-637
-627
-1296
928
-1773
-496
353
-826
-73
1863
-262
530
1584
289
626
2759
1128
1895
3089
47
-321
1868
1459
987
3555
1321
758
1459
1483
1950
1350
2115
1789
2533
694
1362
2809
-912
2263
406
-395
3617
374
631
1091
-193
-48
1415
-10
1134
723
-1282
1845
-506
54
670
-1222
-77
-218
1172
-1339
556
-1933
-1532
104
-564
-1941
133
1152
-4352
38
50
-1832
-912
1826
-1881
103
32
277
1222
513
217
465
2517
1756
1034
2228
2371
-173
3310
976
2868
3282
1202
2784
2575
1570
2873
1676
2549
864
3223
810
1213
2657
-572
2877
848
1669
611
1810
460
1072
1489
-66
2247
1174
1254
650
1833
782
339
2058
-427
768
-884
1381
-566
264
389
-1264
39
-149
-35
-1684
749
-293
-2396
565
-468
-2699
-173
-666
874
-2220
381
141
-391
1549
445
1971
655
2832
287
1563
1374
1088
1165
2757
1664
2217
3084
797
2264
1406
1938
4462
480
494
2178
1238
1398
1873
2218
686
1211
2336
-18
1688
1084
1304
1426
1105
3191
-1547
695
2816
-371
1201
1216
2578
1105
886
839
690
196
990
-1291
1780
-44
1095
526
-1172
1921
-3189
2326
46
-1116
-845
710
-881
-2311
417
-226
453
860
-635
-583
863
516
1047
2028
2108
1630
856
1850
3514
544
2423
3105
2333
1111
2652
2529
1334
1744
1065
2043
1689
2088
1459
1306
1527
2500
-90
2203
3078
-867
892
2110
2137
608
2607
865
1071
31
2181
710
2655
1165
743
900
1342
324
413
2582
-827
623
451
318
-914
258
-620
49
-957
-720
201
-283
-1398
-771
105
-1328
-28
-149
-401
881
-1270
2047
-1220
450
1837
1596
421
1955
1188
1352
1977
1747
4054
463
4168
1778
1798
2096
1359
4536
1501
2488
2571
339
948
3033
220
3053
2907
306
2971
585
-56
1471
358
1895
801
1592
1086
2069
1145
714
1390
1031
1880
1511
1114
1963
656
230
2366
158
-277
486
552
-1167
-483
1290
55
-1173
482
-1574
-583
-916
937
-364
-1292
1208
-1778
-1449
1479
-1258
-873
1547
1290
1005
1383
155
-308
3357
1189
613
4035
297
504
2889
758
1084
3492
-1124
3858
1676
-1283
2517
-1266
1706
-1073
3737
479
-328
1381
-35
1956
-176
992
547
2772
259
2895
1224
34
556
-406
4186
-214
3457
1119
1387
806
40
636
-266
1869
605
1158
722
753
-1063
-1257
1425
-38
958
617
27
-564
-1462
-1576
293
240
-1409
1766
-671
1204
-873
121
1521
-764
2290
-1961
2811
1213
90
3440
160
1300
45
2499
1767
674
3423
-438
1201
3371
-1504
1481
2711
-1452
1233
862
-1058
538
1063
1643
-117
971
-808
14
-521
455
1775
-1553
1796
-19
-766
521
731
-214
1528
1330
1147
-791
736
621
-1859
1272
-1632
1002
-2067
1644
-37
-1000
-1574
-509
-67
-222
177
0
770
-1889
-878
817
-587
386
884
1764
429
1076
-524
1655
32
1579
756
2906
2265
1439
1509
53
1495
857
878
2092
2979
-363
2391
111
58
1696
-2722
2739
1830
-1561
2127
-585
97
15
335
-1549
1191
-959
-664
498
273
-1323
-1230
2108
-2188
576
1026
-426
-244
-491
-1840
1558
-2050
-10
63
-404
216
-2749
75
-2107
-1255
-191
243
-1483
-2528
1528
-3174
502
-139
-1730
1922
-642
2424
-799
3105
-847
1486
949
2306
2614
1507
2732
2288
1964
1540
3579
2126
2737
1848
1349
2044
1420
-323
3233
2617
-140
2059
660
234
425
933
2134
113
5
-985
921
418
-1177
1520
1241
-825
-1820
-922
682
-924
-2302
2328
-1718
-330
-1208
-765
-105
-1396
-1497
-754
-1492
-1076
-1074
-2055
-660
-720
-1039
-1225
-669
-1684
-1855
901
69
-2097
1480
41
-1094
232
426
-178
1372
-617
1667
3156
1780
638
742
3108
307
3236
2271
2327
2297
2001
829
3909
1357
814
2493
312
754
765
1917
2156
-1081
997
-677
997
586
-890
2639
-1187
-247
-422
-1011
880
-795
653
-410
-868
1216
-3987
2233
-971
-764
1576
-1415
-1036
-1016
-70
-1933
1203
-3043
129
-557
-2151
-985
103
-1348
-1492
692
-2236
-141
152
-1477
1951
-1530
-454
1702
-1578
830
2870
-1409
1824
2249
-1957
3105
586
3314
32
1911
2068
1498
3009
837
2237
137
1611
1897
783
1769
1549
589
619
-492
1585
-41
112
-1111
1360
-1543
-227
609
-1705
476
-422
-950
1830
-2769
438
-1083
-1335
-840
574
48
-2771
1878
-1832
-2762
2795
-2135
-621
-14
-3443
1700
-1787
755
-29
-179
-852
-2468
702
-752
43
1502
-69
-684
-551
1868
-187
1293
1206
434
922
943
272
915
2350
334
2301
-1040
3176
-276
435
3250
-838
2758
208
1710
1535
-1394
1639
951
-513
2192
-962
730
-1390
49
1237
-1736
-1732
-3
-1862
353
-1299
-606
-1119
-1405
-1504
-1599
-470
-956
-1404
-655
-1563
-653
-711
-2265
2764
-1597
-1537
656
-241
-656
743
113
-1216
582
-1063
-622
776
-272
-11
66
1867
-905
-266
190
-941
1515
1182
948
3215
-413
1372
336
1925
1392
2087
2241
848
4060
-571
2605
2537
81
574
1468
1649
678
402
1073
-769
1092
-449
-298
11
-270
-1234
-81
-445
-2927
1121
-2461
-862
-704
-2890
1235
-2905
-1240
-1249
2
-1234
-157
465
-3053
411
-1407
-15
567
816
-1353
63
1391
-2563
681
1108
-2743
144
19
-1276
1646
-961
1045
728
-984
-1881
1370
1926
731
2007
1003
58
14
2111
935
934
3332
895
2302
2780
577
2001
-446
3684
166
963
3650
196
141
654
499
629
-215
150
-1529
23
-790
-1267
-240
-2126
-1330
-3023
1124
-929
-1554
-178
-2686
404
-2655
-797
-693
-7
-1204
269
-69
-2224
-233
-1132
-2274
1112
-1499
237
-656
680
-665
286
51
-2205
2468
-484
615
1616
-2237
862
-248
-26
-803
1924
-26
870
878
359
2238
-1306
-102
1921
1370
-253
2312
567
-370
1514
-817
65
2317
-693
522
1388
203
-1409
558
93
-1482
2113
-21
-1283
903
-2800
-708
-1065
1244
-856
-1567
-951
-735
-977
-994
865
-1541
-1211
-99
-471
-1459
-573
-1726
-301
-1127
-1279
-65
452
1189
-829
1145
-1057
446
817
2393
-963
421
1236
-1022
661
-32
45
1806
-365
181
1529
-223
-91
705
-244
-1108
1134
-1959
850
-760
2939
-495
96
1474
-2005
519
1194
170
1992
673
-355
663
-610
983
614
231
-1113
2118
-3202
111
206
-1864
613
-738
-917
-2802
1123
-2873
-3072
-313
-1939
-949
-1194
-1089
-1125
-1290
-2239
-103
-1993
-1335
-36
-803
503
138
19
-338
225
-1203
-627
139
1315
984
-681
2318
-601
-494
-211
-116
1469
-771
1265
-1350
1354
1659
-911
2906
-1274
454
789
2274
-302
1510
-810
3095
908
448
1726
-715
1854
-503
1840
-619
1685
-922
1642
804
-170
-2112
2169
-1522
-817
2684
-3657
395
-1280
-3035
221
-3603
-1992
-995
-2350
-451
-2500
-1042
-132
-2822
-958
-1981
12
-2189
495
-737
-2112
3615
-3714
-498
1255
-2666
1309
1194
-490
130
-378
-644
-1026
-53
-1011
-297
846
-1076
-1564
814
-1483
-455
-562
-519
1738
-1848
1594
886
-702
-285
1058
354
631
1369
1665
-542
787
529
1033
1036
1823
383
-1004
989
414
-60
-273
940
-1504
-1566
-1339
-304
-2523
95
-236
-3925
370
-4289
-153
-136
-2642
1360
-2526
493
-1135
-1245
-1399
663
-1157
-1475
2003
-833
-1435
2031
-1787
-1079
312
562
1425
-369
-498
-1444
-916
-1742
12
535
-1338
709
-785
-2979
276
-1263
-2385
1867
-742
825
-106
-864
1027
-276
1011
832
1009
990
1132
971
-1045
1170
153
-986
1623
42
-460
1024
-1052
-389
-1381
-1088
-419
-2600
-640
118
-4887
-902
-1358
-2934
254
-350
-2276
-438
-234
-1088
-174
-737
-710
-1455
412
-2297
735
-1525
-988
518
-127
-1156
690
1826
-2881
1283
-270
-3154
568
316
-1631
2397
-1093
-1208
-425
-57
-2187
1867
267
-599
1116
-854
346
1142
-757
-55
2731
-1279
2058
869
58
1596
1820
-858
1682
119
1314
1648
-24
-812
1174
170
-2423
-211
-1045
-1610
211
-1044
-1011
-1729
-1883
-1982
-1146
-90
-380
-1867
-1509
-940
-2506
7
524
-929
-875
-2809
-1263
-556
-1714
648
-467
-1019
-1166
909
-1731
-1618
207
-1311
175
380
-869
931
-136
-422
-791
-196
-928
97
556
-153
1716
-336
439
1134
-652
1952
-872
82
1410
1445
-1091
1266
165
-2075
2170
-1527
204
-70
1080
-607
2177
-493
-742
450
-1647
7
74
-1552
323
-155
-310
-1044
-1998
36
-1535
-591
1062
-347
-2923
228
-2720
-2008
-292
-2694
395
-974
-722
-1843
143
-819
-1696
1852
-1153
-126
15
-1812
1351
922
-1926
1893
-779
-1829
-309
-620
1077
-1170
-1021
888
-522
-1594
576
236
866
21
997
-802
1319
-633
-846
2896
-254
309
1260
-155
25
1069
-2028
481
942
-773
-88
3131
-2554
962
78
-3172
2345
-2117
184
234
-1255
-2282
-1002
-2896
-1286
-443
-265
-1071
-2036
-920
-128
-980
-1673
1554
-550
-2147
698
-2049
-1169
432
-1953
-666
-929
-319
-560
1452
-281
440
-99
171
-335
-1096
1240
-1735
-151
1243
-2411
-38
412
-2149
2516
-1030
-487
1607
-206
1117
-4
1570
-1193
700
1843
-1901
2389
-1120
-269
2843
-1273
466
866
-876
-63
-366
1288
-1095
723
-86
-347
-553
-1009
-1243
-2053
1482
-3876
927
-855
1492
-789
-1452
-410
-2333
-1074
342
-818
-2322
391
-1068
-197
-1815
1597
-1692
-651
1147
766
1447
507
-468
-1046
112
-447
-172
439
-676
952
-1582
984
-214
-404
-558
-296
2387
-1153
425
25
588
-1742
2174
-1486
704
-986
-639
-77
1090
1618
-1883
2838
-44
-315
1296
1459
-1393
417
-40
-1275
1041
-1414
-522
1139
-1058
311
-2517
-163
-1339
-698
-3011
-818
1403
-3353
3165
-2796
-2631
884
-1045
158
-18
-2060
-104
118
-1569
-2019
401
-1088
-243
2376
-2949
2061
246
-2971
2834
-226
-1570
2132
-1098
-268
1746
-360
-1962
49
-256
-2554
2122
371
-3158
1642
-404
365
1462
-1614
496
1505
-964
-560
3192
-1077
592
2597
-1013
561
-138
759
217
1697
451
1128
-19
1055
-211
-2031
-551
-822
258
-1069
389
-1101
-31
-1946
-154
-371
-1810
1270
-1822
1732
-2249
-556
-1821
-899
1270
-3292
1512
1510
-1745
1438
-2028
-279
1146
-1021
970
1200
-1072
-831
2047
-2326
282
71
-2819
1881
364
-950
-35
1294
-1811
-179
1041
-3608
3125
166
-1424
3412
-1639
-2589
4041
-1747
-3153
4757
660
-1780
2942
-312
-1522
2219
1118
452
342
2795
302
688
320
-291
977
330
844
-85
-423
-1273
2295
-360
-1207
1705
-3790
-1797
302
-9
-1917
231
-524
-3325
2564
-1441
-791
258
-1228
1120
213
121
-558
2074
-437
957
-627
1462
3130
1013
897
-339
3048
-724
1041
14
681
2296
-1908
751
-1111
1727
-1653
-527
-135
786
-529
-199
1689
-1601
359
-3393
2078
-2706
1007
83
313
828
-1011
-527
1148
-367
639
541
-113
932
-2779
1623
-1294
-959
-1122
-2688
747
107
-1571
460
-374
-961
-1348
-3441
2232
-2101
-574
1635
-639
-1601
-518
1042
-2998
238
2607
-4021
-224
2642
-3516
1650
2305
458
-2457
1494
1485
-2024
3656
1341
-1044
2323
-2754
760
-1193
-138
0
1670
-282
125
208
-1686
1879
-2276
1690
1566
-673
-829
1023
-2851
-145
1324
-1298
963
1673
81
-2040
1247
-761
-2115
1170
-1011
1303
-658
616
-6
-908
-618
-3534
2686
605
-1692
416
-303
-955
-887
40
932
533
-235
-328
702
362
-2582
2488
44
-1199
3491
-1745
-330
893
-475
-175
1931
1523
-1113
129
936
-2065
3340
-276
1462
2987
-2435
2629
782
-227
598
696
-515
347
1682
-596
937
574
-1683
946
379
-63
1805
489
437
-911
-647
-1732
1559
-1234
628
1784
-3158
3756
-2800
-2560
607
-90
-251
124
901
-1611
-3052
-1043
-3287
-1519
344
-2807
421
-197
-2325
316
-788
-1714
-1227
-138
871
-1284
140
674
-282
-476
239
2008
518
1110
1223
-344
1440
509
-2647
805
-700
-1408
-202
-435
1033
-1533
985
-2273
-1272
-770
-2118
-158
146
-142
1130
-1307
-269
-2445
-218
1207
-695
2290
509
2423
-872
-3172
-362
-1592
-170
1249
1157
1763
-59
-1238
-1685
-1012
437
-1968
-958
587
-874
-275
-3289
-184
-2539
-2225
2084
-524
1738
267
-2391
2293
-720
-2127
2615
937
251
987
1320
-347
845
-1354
-316
3059
582
-97
309
746
-3331
415
-684
2868
-1010
-854
2777
-1014
-2119
39
-542
-501
421
-1097
70
-320
-985
-2245
402
-1084
-287
586
615
1732
-238
-492
405
-146
-1183
-1342
781
2245
-980
2020
216
-1031
2353
-3126
1675
1318
-2713
1043
-1498
-3263
-1108
-265
-2327
-2505
754
-2743
-1741
1240
-4502
-554
1764
-936
1133
760
-897
-576
1119
1371
-970
-501
2200
-1360
1810
503
-906
-127
139
-450
1319
659
1577
324
-413
1284
-1098
1769
-704
2022
-1023
-407
2212
-1777
-1392
579
-156
-3213
1620
-210
405
464
-591
-569
-137
-559
-988
3044
337
-131
1633
102
-907
-797
287
2405
345
-134
937
-331
-856
-1317
384
-177
-135
601
-1008
1486
-825
-726
1876
-273
1147
-906
1323
253
606
323
-572
1250
-1403
1671
626
251
401
225
798
725
-1388
872
447
-37
-505
-780
361
-2219
2905
-2969
1279
1159
-2206
2295
797
2183
-3769
943
1904
-350
1271
1181
-1192
-1104
1096
-707
-347
2648
1150
-1358
1652
-1980
-1319
2403
-1150
-1191
1728
-1503
-1618
991
-591
476
-572
-985
64
868
-1432
895
-91
-637
-192
-685
221
-597
-306
1631
217
1784
484
-494
523
-4
-211
-1507
4068
-46
-1250
3627
-2298
-1916
2307
667
1472
1843
-335
532
128
-824
-191
1058
-133
-1371
458
656
-367
-1333
-1774
100
1318
-799
1274
58
-1779
-789
547
1796
393
-1065
-702
1540
-1290
-530
780
-944
-660
884
2122
-966
1283
-2068
-845
-134
-991
-38
1749
1676
-2385
943
236
-2367
791
40
-149
1113
172
366
-976
95
-818
-528
1650
-334
2008
-154
-202
-23
-925
549
181
-992
-564
2217
-322
563
1264
-499
486
1267
-1487
-106
1311
-634
275
1013
-696
-115
2198
15
-115
696
-1507
782
1222
-983
-864
44
421
-992
1528
-1240
219
983
-1096
361
1760
-1088
980
1089
-159
1163
-840
1195
-511
1193
-832
-2439
3511
-832
-1190
1545
-848
-1161
209
638
-724
-627
-683
-155
-623
687
1839
389
-297
49
-722
-624
-180
725
-214
1096
-928
465
1074
77
870
-399
814
474
703
910
788
-587
-110
356
-619
-420
-1608
-994
-542
207
1234
28
-210
721
-338
-421
963
-1656
1202
1227
-931
2176
-130
-59
-741
-343
878
907
1004
283
1526
-82
-332
1079
1857
-1465
547
1485
-761
1291
-1329
1098
-1107
3164
675
-1707
1598
-204
-2212
-581
2783
-274
1192
-385
685
-1940
958
473
-58
220
-36
1530
-1173
532
370
-2997
104
509
361
-346
1095
441
-836
1538
-62
-1917
1463
-278
-52
1849
-1167
-1897
-863
-1033
-1899
1452
808
-286
817
-140
-643
673
1429
-601
1818
81
-1160
1141
-1460
1860
58
-1724
1337
266
-184
1482
576
845
274
647
571
-203
1089
637
2867
1101
-716
1842
97
-164
466
-686
1372
-417
1854
-1132
434
1388
-2572
816
278
126
56
1540
-1738
880
-13
-2141
-314
498
-2151
-1328
470
-3694
-1542
1125
-2113
-25
404
-719
2173
909
-2091
1791
1173
-1483
2512
317
-394
569
-579
-1123
-119
-490
-2063
865
1087
37
-114
-797
-360
-1113
-336
913
360
-479
954
685
-677
1416
-459
-1211
1440
777
-983
2786
1324
-1719
2187
1675
-1350
1135
1474
-657
1401
-619
-679
1592
862
204
2139
481
824
10
651
1306
1435
1091
573
487
1135
470
-1414
3392
691
-1441
1053
-393
-1302
615
527
-706
503
349
-1704
86
1028
-930
-1749
748
10
917
-138
1029
-1012
-1364
316
-1786
1320
349
-705
1319
-212
-1066
-647
-45
242
117
1177
571
1315
1044
24
668
-130
975
555
160
1792
529
782
1167
-593
-2332
773
-4
-1348
1910
-328
-1234
348
84
-852
568
940
-497
1727
582
-130
-392
-746
930
-1249
-120
37
-918
512
436
254
-602
517
298
278
1395
-299
-604
-42
46
-650
-1667
-1438
-911
-890
453
617
-1313
50
711
-1318
1293
2079
-802
-31
1612
1570
-792
979
13
-1015
1447
266
310
-952
-233
212
416
2008
2179
1209
643
1772
258
1186
2359
2000
1899
928
-1232
-1047
121
322
-670
684
612
-1010
784
472
-494
401
273
46
2352
1466
-711
-193
337
-1686
-565
777
-512
545
533
890
1318
154
406
1094
163
1102
1743
36
-517
26
-961
-1228
802
-332
-1306
1493
-523
-1726
538
495
270
290
667
1003
754
631
24
810
775
1635
2176
472
610
232
776
511
1270
1947
-30
135
1698
342
135
1068
-769
19
697
58
536
1804
-334
-2092
-285
886
-361
-635
2284
1218
-873
-446
-254
-1008
131
-197
410
1118
-174
-1363
-418
173
-2034
-462
786
674
-24
-68
1183
900
167
791
223
1499
858
-372
1076
600
-364
-1138
1153
135
-2143
-475
778
439
-127
1178
881
90
1038
131
1156
2097
1311
727
1170
-285
-15
1265
809
1355
121
1477
546
-759
755
278
-920
-234
1457
945
453
1070
399
446
-26
500
370
-1052
67
71
-309
406
-457
-477
184
1012
-620
1097
1323
-1462
-674
-738
-164
433
-480
-1469
-18
-346
-1778
921
857
-833
288
1139
325
1362
1363
283
1486
1205
306
525
418
16
-928
-61
1161
-227
-1312
354
719
-685
1165
1035
369
373
272
537
1732
2308
665
1206
1660
277
-602
882
1577
505
656
1302
363
-82
-1397
-469
-206
-178
717
-217
57
320
-697
-1387
131
-1214
-1506
842
1145
817
-379
224
-216
-513
96
326
755
185
-228
-204
93
-589
-1503
-196
589
-529
-538
1088
-44
201
1113
655
1223
256
191
589
1417
1265
629
1229
933
-45
-914
-292
273
251
860
863
-280
-421
-1225
-1818
197
57
-661
1123
148
-1194
163
-104
-620
-248
330
1058
1878
1296
132
-750
-877
-995
1027
2475
1276
-849
-961
-572
-1289
-923
-190
445
-81
-1222
-813
-253
-1859
-2960
240
1107
38
1382
743
-2018
-696
-224
-323
1907
1241
-319
1118
654
-846
291
-1348
-224
609
254
1334
812
-866
-1560
-578
-1458
27
2173
1615
897
-303
-793
-1289
-1301
94
1237
757
932
907
-677
-427
-323
-1097
-476
189
-439
542
1139
-1179
-1291
-830
42
-373
-305
628
401
-1184
190
994
-912
-255
-296
-1138
55
575
-1340
-510
23
-2128
-934
550
-296
-528
33
243
180
-36
-547
947
111
-271
1345
905
139
-146
553
1159
39
383
-102
236
1153
-799
-831
214
-667
-1218
-341
138
-1265
506
684
-302
43
-5
-348
549
1258
899
674
456
145
-746
135
-668
-769
676
1020
253
-53
-418
-835
-959
555
452
317
-104
-1231
-795
-770
-825
-1201
128
-307
-393
-400
-720
-708
-264
208
422
696
-534
195
910
620
-531
160
-288
-68
-35
820
731
78
304
-422
-316
-328
-915
-1180
609
285
-716
413
174
-758
236
315
-400
288
199
-639
260
1519
-182
-624
93
-373
-1000
499
706
-28
-245
32
-51
265
502
-508
333
310
-785
-957
-723
-872
-643
250
100
-515
-1159
-1122
-585
-944
151
-534
-877
-679
-1021
-591
-272
496
-27
-9
180
-349
-525
90
56
399
1081
514
-323
262
-70
-935
585
641
494
588
276
-435
-774
-171
532
431
-432
21
236
-388
-298
659
-153
-525
-151
255
50
-1014
-696
-277
-380
-177
-575
-255
371
-504
-487
295
360
3
856
1281
514
173
728
830
709
530
-769
-768
-817
-778
-205
-393
-738
-760
-389
-361
-575
-1363
-857
-1214
-1111
-199
113
-22
-749
-365
-96
316
141
-223
-410
12
-64
322
1055
297
-282
-260
-281
-775
-493
113
91
456
-808
-1101
-322
-398
-445
27
388
-145
-227
452
333
-301
-108
-65
154
3
146
302
311
-582
-926
-524
-336
-232
-232
-306
-791
-960
-641
-676
-1237
-1692
-1290
-430
619
-805
-874
-134
-897
-986
-341
0
-717
-17
30
-77
-166
-64
-313
-100
415
-37
-49
1
90
-348
-161
90
-121
-313
-215
-587
-893
-703
-114
-189
-340
-312
-755
-320
-561
-442
-489
-369
40
-408
-105
-205
-350
-374
-145
465
52
16
-87
-509
-535
-182
389
191
26
-64
-269
-576
-448
144
-312
-667
-752
-802
-848
-698
-492
-588
-881
-924
-969
-1229
-278
-10
109
-304
-601
-671
-613
-380
-707
34
279
-298
-294
-247
-628
-404
-184
-103
356
376
-54
4
-303
-741
237
491
-202
272
175
-30
778
510
229
-110
-25
-211
-177
173
52
-192
-305
169
-259
-537
-784
-1195
-1381
-703
-486
-1010
-867
-789
-1563
-1946
-846
-621
-819
-385
-697
-1214
-619
-609
-408
274
101
-585
-368
-359
-1035
-928
-326
-487
-990
-443
-737
-1457
-1113
-1233
-1159
-651
-666
-1449
-1313
-1330
-1740
-1521
-699
-950
-1077
-655
-568
-593
-67
-92
-387
256
83
31
363
688
116
-520
-38
223
313
201
162
96
-746
-977
-711
-483
-237
-499
-367
-372
-1022
-1214
-854
-971
-1053
-491
49
11
-486
-573
-824
-874
-313
81
-148
-170
356
452
-59
-378
-396
-158
-120
306
700
78
-541
-931
-1325
-1167
-851
-630
-405
-472
-1078
-1271
-1022
-1339
-1246
-963
-707
-476
-461
-172
-33
-205
-206
-289
-164
130
134
330
426
-36
-535
-529
-326
-358
-338
-319
-487
-456
-759
-1091
-775
-658
-1058
-761
-567
-913
-1145
-1088
-708
-1210
-1175
-706
-510
-589
-496
-316
-625
-194
121
-349
-103
150
-323
-441
-248
-347
-624
-401
-531
-533
-305
-707
-458
-622
-985
-665
-283
69
-12
-350
-410
-254
-706
-811
-282
-178
-119
-23
-289
-204
138
-465
-647
86
178
-256
6
293
-235
-300
-167
-350
-367
-360
-267
-163
-32
-110
14
432
313
-319
-275
-394
-263
-124
-53
-27
-259
-697
-649
-470
-432
-769
-786
-700
-657
-482
-348
-124
-465
-28
123
-10
279
399
88
162
230
-40
10
162
-66
88
86
27
-21
-201
-406
-443
-404
-308
-399
-856
-756
-831
-735
-455
-596
-714
-261
-56
170
430
361
175
569
444
398
869
854
298
53
376
229
358
283
-144
-532
-596
-108
-47
-701
-811
-828
-816
-459
-336
-464
-644
-718
-957
-859
-358
-485
-354
-278
-194
58
109
4
-483
-817
-602
-119
30
184
69
-243
-459
-606
-418
-116
10
198
87
1
249
-156
-699
-390
-303
-611
23
362
-83
-238
-281
-193
265
518
409
397
530
484
352
572
297
67
437
401
446
528
306
-85
-124
-59
230
355
425
291
245
-97
-409
-56
-356
-743
-523
-190
-193
-318
-355
-361
-478
-301
-103
325
436
249
280
242
206
145
349
88
115
219
205
313
314
-123
-232
-209
-363
-550
-507
-227
-252
-399
-344
-258
-598
-483
-348
-422
-11
-15
-55
5
215
205
143
367
385
434
441
683
715
628
449
40
-123
-33
-48
-87
-309
-478
-615
-725
-684
-476
-275
93
273
104
-16
-19
-8
-15
502
511
738
935
676
405
189
267
54
57
157
163
206
189
-48
-327
-370
-521
-327
-283
-473
-151
16
-379
-482
-406
-515
-477
-500
-138
143
116
-120
-210
-198
-227
90
204
371
335
-93
-122
76
132
202
450
573
265
309
295
199
302
12
-129
75
58
50
87
157
-146
-532
-350
-239
47
204
267
305
183
-26
-303
-272
62
217
320
434
523
257
-396
-537
-527
-331
-29
132
267
-68
-344
-221
-164
-3
58
-115
-16
199
215
208
37
86
-140
91
451
601
456
201
388
207
380
561
394
314
417
435
324
262
337
75
-30
153
132
32
-31
-119
-308
-153
-143
52
201
-70
-183
-253
-151
-22
165
318
385
225
271
246
240
1
-93
96
161
349
397
310
116
-54
-144
-244
-170
-336
-417
-300
-526
-541
-395
-520
-694
-636
-476
-473
-314
-362
-311
-301
-251
-165
-175
40
164
161
355
652
493
337
48
35
249
362
440
556
486
171
-125
-172
-117
-216
-151
86
29
-239
-43
1
-162
-98
111
70
178
177
240
132
-2
129
-32
60
185
77
130
144
-101
-49
46
144
0
-30
206
24
-115
-112
-193
-83
-79
64
160
191
100
-45
156
78
326
296
114
161
12
-112
124
64
-24
10
96
125
30
343
417
109
-135
-209
-6
206
335
497
451
506
246
347
524
268
201
234
218
172
31
-159
-45
-132
-247
-185
-132
-271
-380
-376
-328
-280
-338
-458
-638
-547
-323
-396
-623
-390
-595
-707
-600
-469
-291
-70
-202
-306
-141
-255
-308
-240
-225
-175
146
357
258
33
-58
11
-13
98
207
203
135
58
134
190
152
20
9
78
54
111
148
4
-45
-130
-290
-85
-128
-219
-154
-74
-96
-165
37
-83
-240
-209
-300
-143
-57
-133
-160
-216
-26
57
9
126
-24
-243
-201
-134
-116
-143
-246
-368
-354
-473
-619
-405
-485
-559
-412
-424
-496
-431
-449
-545
-437
-249
-135
-186
-126
-31
-87
-90
-84
-142
131
268
279
275
260
11
-62
-43
-17
30
17
151
133
72
-105
-199
-322
-210
-252
-260
-75
-157
-250
-263
-218
-170
-261
-160
-178
-268
-158
-275
-343
-351
-405
-280
-274
-158
-36
-55
-4
62
-130
-331
-374
-431
-523
-611
-666
-580
-446
-446
-341
-333
-476
-651
-736
-636
-573
-497
-416
-303
-279
-471
-594
-469
-510
-433
-55
-8
78
-38
-204
-174
-160
-257
-130
-12
-45
109
9
10
-91
-180
-55
-62
-89
-88
-101
-70
-119
-141
-103
-148
-230
-329
-253
-223
-254
-176
-132
-193
-415
-320
-368
-423
-234
-130
-126
-207
-146
-159
-411
-488
-465
-383
-368
-376
-281
-326
-332
-308
-334
-301
-352
-449
-514
-533
-361
-159
-151
-259
-296
-374
-366
-305
-72
126
187
223
153
79
14
-79
-112
-97
36
23
30
115
87
-108
-52
-117
-52
-12
-1
48
18
191
135
-14
-90
0
33
39
-15
-29
-11
1
-106
-196
-273
-158
-189
-204
-207
-276
-372
-451
-379
-284
-295
-204
-139
-66
-33
-40
27
-55
-3
-102
-99
-186
-104
-47
-148
-145
-207
-198
-73
-35
-49
-111
-140
-213
-162
-208
-187
-58
0
-62
-62
-28
-29
-57
-28
68
47
178
271
180
85
126
177
-100
-169
-173
-324
-200
-272
-155
-150
-344
-490
-533
-491
-415
-342
-223
-157
-290
-289
-142
-139
-176
-75
-11
3
-39
-57
-153
-36
40
-19
-97
-127
-171
-292
-240
-323
-282
-134
-163
-240
-227
-213
-175
-120
-34
-113
62
124
-33
-30
76
217
171
165
349
258
22
162
125
174
293
