-111
-133
-108
-82
-85
-53
-10
11
-158
-192
-115
-80
-115
-153
-249
-186
-132
-186
-216
-299
-314
-220
-315
-168
-120
-120
10
-6
91
127
79
70
105
124
74
115
69
100
26
-37
39
73
51
-67
-126
-176
-44
-85
48
57
57
103
106
60
12
58
23
68
-25
43
28
6
-35
74
47
-28
-9
-71
20
62
59
-45
-162
-115
-122
-155
-217
-241
-297
-231
-168
-106
-202
-223
-93
-155
-114
-92
-108
-28
-95
-174
-108
-80
-80
-87
-199
-127
-92
-267
-218
-317
-248
-293
-272
-284
-333
-138
-139
-102
-145
-160
-132
-90
-83
-129
-171
-67
-4
-1
-29
-17
-58
-69
-111
-110
-180
-119
-113
-248
-191
-165
-176
-164
-141
-119
-54
-74
-18
-69
-126
-166
-124
-74
-153
-55
13
-62
-86
-116
-169
-153
-167
-185
-109
-130
-58
-77
-145
-62
-11
-132
-118
-16
-30
60
-32
-27
45
33
27
-42
-59
1
35
-28
-77
-60
-80
-116
-60
-104
-86
-105
-99
-25
-34
-186
-135
-73
-70
-41
-22
-82
-74
72
-35
91
-7
63
103
-10
-15
-65
-125
-77
-59
-36
-69
-149
-37
8
117
-180
-124
0
-120
-49
7
23
65
135
145
59
13
44
-88
-30
-20
-141
-91
-20
-10
-94
-61
-30
-154
-109
-173
-108
-139
-143
39
38
-29
-20
-180
-140
-30
-69
-77
-1
-24
-76
20
-66
-53
-120
-98
-73
-36
85
-74
-23
-38
-55
-148
-113
-78
4
-124
-104
33
-79
-49
15
-57
-103
-63
-127
-157
-100
-157
-79
-115
-148
-216
-167
-419
-149
-902
-1788
-267
-387
-347
-205
-186
-146
-296
-189
-91
-183
-355
-303
-546
-411
-274
-36
-1
-126
49
-176
-85
132
-211
-25
163
341
-618
-1034
-453
-758
-590
-307
-275
-466
-281
74
395
-378
-698
-484
-424
-195
261
-51
-27
-382
-997
-1137
-1786
-1268
-1409
-960
-137
-777
-937
-731
-816
-335
-452
-566
-512
-1020
-863
-812
-446
-694
-1089
-667
-850
-841
-448
-440
-207
-190
-323
-350
-795
-771
-379
-333
-209
-245
-12
-78
-305
-151
-337
-289
-289
-567
-358
-5
-202
-211
-193
-339
-384
-411
-384
-348
-600
-628
-626
-480
-576
-895
-820
-852
-700
-585
-583
-651
-685
-945
-942
-573
-539
-677
-775
-747
-625
-682
-531
-655
-718
-519
-685
-681
-616
-624
-822
-606
-426
-352
-549
-457
-292
-454
-493
-559
-653
-579
-600
-569
-467
-447
-350
-689
-581
-573
-664
-850
-640
-484
-505
-498
-508
-556
-794
-745
-966
-881
-911
-578
-264
-176
-458
-539
-454
-459
-428
-150
-38
27
172
38
92
359
333
560
595
479
616
521
644
629
619
618
629
616
773
793
732
697
638
350
337
663
821
898
933
1154
938
848
1015
956
1037
1154
1088
1190
1413
1441
1423
1292
1245
1401
1371
1021
1067
1013
745
721
756
435
201
141
76
-17
-328
-563
-563
-594
-837
-938
-885
-1099
-1170
-1290
-1449
-1480
-1474
-1534
-1412
-1439
-1451
-1437
-1480
-1445
-1381
-1250
-1309
-1104
-1093
-1205
-968
-816
-734
-721
-593
-524
-371
-181
-58
-12
83
252
531
704
694
816
918
1177
1220
1310
1428
1526
1751
1733
1819
2057
2118
2126
2218
2376
2458
2452
2638
2817
2882
2923
2864
2967
3091
3186
3426
3629
3449
2915
2593
2610
2446
2270
2085
1942
1596
840
735
670
-5
-408
-374
-378
-602
-790
-804
-1045
-1334
-1350
-1115
-896
-934
-712
-387
-367
-147
186
307
347
563
855
1093
1186
1300
1386
1344
1363
1367
1422
1382
1155
1099
764
728
651
462
274
-55
-184
-540
-935
-1325
-1589
-1721
-2006
-2270
-2485
-2845
-2946
-3141
-3235
-3225
-3210
-3255
-3132
-2962
-2701
-2555
-2460
-2509
-2312
-1870
-1775
-1450
-1182
-1045
-765
-613
-269
-189
-41
127
292
621
844
1101
1210
1222
1443
1679
2026
2092
2205
2420
2785
3042
3361
3736
3900
4046
4154
4535
4960
5241
5363
5462
5265
5373
5508
5403
4892
4333
3752
2711
2047
2234
2243
1350
289
-222
-459
-1195
-1616
-1623
-1927
-2546
-2565
-2197
-2026
-2164
-2250
-2160
-1822
-1296
-706
-225
-98
168
618
903
1343
1819
1933
1757
1702
2207
2364
2296
2188
2138
2015
1833
1794
1613
1269
843
586
203
16
-298
-741
-974
-1248
-1607
-1908
-2175
-2360
-2499
-2987
-3226
-3426
-3387
-3512
-3773
-3958
-3850
-3771
-3776
-3678
-3457
-3295
-3206
-2875
-2649
-2395
-2311
-2084
-1675
-1581
-1389
-1291
-1095
-830
-767
-706
-478
-348
-156
33
181
375
306
507
760
1157
1294
1293
1519
1576
1831
2322
2483
2646
2815
3132
3523
3591
3840
4092
4278
4412
4568
4802
4999
5166
5239
4920
4500
4342
4260
3545
2775
2376
2266
2192
1631
1018
484
-138
-816
-1155
-1358
-1563
-1888
-2248
-2307
-2210
-2314
-2476
-2544
-2420
-2167
-1782
-1489
-1248
-914
-757
-734
-436
-39
242
416
624
893
969
1078
1127
1086
1149
851
773
810
779
690
447
183
-106
-230
-522
-754
-903
-1121
-1278
-1549
-1889
-2337
-2573
-2787
-2898
-3073
-3112
-3150
-3083
-2929
-2820
-2718
-2734
-2381
-2121
-1864
-1709
-1673
-1490
-1473
-1214
-825
-650
-843
-946
-794
-794
-616
-455
-428
-260
152
416
415
396
470
566
672
885
1075
1277
1433
1801
1836
1670
1782
1908
1960
1987
2240
2338
2437
2550
2637
2599
2597
2610
2613
2816
2827
2921
2976
3014
2846
2616
2518
2607
2525
2248
2013
1880
2076
1946
1654
1383
1065
885
529
344
225
110
-145
-294
-458
-662
-865
-1173
-1310
-1279
-1438
-1424
-1332
-1404
-1517
-1691
-1754
-1492
-1324
-1333
-1115
-1019
-929
-799
-754
-858
-754
-645
-722
-653
-588
-494
-539
-630
-645
-637
-547
-571
-506
-512
-593
-688
-813
-821
-961
-920
-949
-894
-939
-963
-807
-795
-822
-1018
-1090
-1114
-812
-808
-875
-922
-969
-963
-1025
-1163
-1303
-1203
-920
-803
-695
-811
-685
-492
-402
-613
-503
-255
-27
75
202
432
533
597
630
940
920
1080
1327
1409
1430
1559
1451
1466
1571
1479
1659
1763
1818
1889
1834
1834
1713
1789
1830
1854
2007
2195
2100
2284
2396
2208
2104
1852
1901
1926
1916
1802
1612
1435
1363
1199
1085
719
272
68
-172
-353
-608
-860
-1286
-1510
-1553
-1716
-1732
-1822
-1983
-1939
-1946
-1975
-1963
-2032
-1953
-1902
-1729
-1447
-1331
-1225
-1260
-1155
-1038
-959
-897
-722
-680
-608
-664
-573
-506
-630
-702
-737
-564
-414
-398
-367
-313
-405
-581
-748
-840
-953
-777
-725
-717
-711
-622
-640
-895
-1011
-1120
-1091
-945
-916
-845
-799
-1000
-1118
-1187
-1201
-1070
-1219
-1097
-895
-832
-713
-781
-786
-850
-440
-400
-461
-346
-87
211
228
130
107
482
698
490
371
597
1011
993
777
857
1128
1181
1154
982
1093
1413
1473
1359
1281
1501
1710
1505
1228
1364
1517
1538
1381
1535
1756
1836
1618
1426
1422
1366
1423
1380
1270
1196
1082
793
700
529
592
442
76
-119
-177
-289
-524
-566
-703
-875
-1140
-1110
-1119
-1238
-1319
-1415
-1142
-992
-1011
-918
-865
-758
-728
-584
-330
-247
-204
-254
-209
-122
-55
-204
-390
-283
-286
-207
-225
-263
-259
-363
-455
-346
-299
-441
-523
-533
-523
-696
-876
-880
-816
-858
-796
-859
-919
-890
-994
-1184
-1338
-1200
-1095
-1164
-1220
-1192
-1110
-1394
-1671
-1410
-1275
-1421
-1369
-1198
-889
-942
-1084
-1022
-755
-889
-681
-345
-607
-170
-176
-63
-45
-130
-60
39
41
196
327
358
492
421
608
510
248
553
724
644
876
1196
1119
869
752
1075
1062
836
1061
1337
1521
1546
1574
1609
1600
1784
1676
1469
1477
1529
1696
1542
1356
1278
1153
1185
1079
1147
857
716
468
343
316
10
-130
-214
-527
-863
-684
-445
-687
-1004
-1131
-1016
-1048
-952
-749
-747
-667
-674
-696
-575
-367
-257
-337
-319
-219
-180
-131
-159
-125
-262
-216
-237
-338
-384
-268
-512
-780
-621
-625
-854
-961
-936
-1101
-1067
-1200
-1252
-1120
-1144
-1321
-1394
-1433
-1445
-1431
-1500
-1421
-1229
-1285
-1401
-1435
-1523
-1427
-1410
-1694
-1632
-1191
-1072
-1536
-1678
-1108
-808
-950
-1169
-868
-301
-548
-949
-681
-164
-148
-119
-251
-170
178
-35
-120
9
400
450
173
409
1016
928
544
685
1198
1340
961
1085
1640
1982
1596
1397
1885
2183
1994
1744
2273
2786
2879
2639
2606
2835
2738
2556
2418
2609
2732
2405
1927
1957
2032
1909
1424
1280
1217
899
582
259
317
212
-415
-789
-624
-551
-839
-1283
-1314
-1083
-1174
-1208
-1209
-1127
-977
-1165
-1061
-731
-544
-634
-640
-444
-254
-294
-287
-133
-125
-176
-265
-87
39
-74
-293
-408
-177
-42
-179
-243
-420
-666
-940
-1123
-1263
-1341
-1388
-1484
-1688
-1898
-1975
-2152
-2267
-2204
-2177
-2195
-2137
-2159
-2233
-2341
-2264
-2131
-1967
-1842
-1776
-1676
-1813
-1726
-1442
-1571
-1592
-938
-598
-930
-843
-625
-770
-561
-26
85
255
505
554
626
748
713
639
1043
1344
1208
1073
1281
1589
1264
927
1437
1825
1550
1277
1573
1827
1905
1952
2068
2453
2606
2398
2546
2958
3066
2642
2397
2927
3222
3090
2484
2048
2105
2155
1853
1602
1628
1368
619
210
292
296
-130
-800
-939
-947
-989
-1428
-1775
-1757
-1692
-1859
-2013
-1668
-1367
-1687
-1982
-1730
-1379
-1272
-1333
-1105
-921
-842
-916
-786
-342
-319
-438
-428
-96
177
82
-127
-64
59
-127
-207
-198
30
-198
-578
-763
-1024
-979
-1361
-1616
-1728
-1806
-2212
-2430
-2380
-2483
-2472
-2595
-2415
-2413
-2412
-2384
-2365
-2063
-2003
-1817
-1680
-1420
-1303
-1258
-938
-744
-612
-462
-439
-430
-174
133
524
464
558
888
821
749
931
1358
1435
1342
1228
1253
1539
1546
1489
1561
1782
2049
1816
1663
2055
2344
2229
2083
2445
2799
2611
2449
2677
2969
3158
3335
3334
3093
2681
2717
3317
3178
2227
1722
2184
2420
1674
1052
996
898
220
-256
-227
-121
-756
-1749
-1861
-1583
-1649
-2140
-2323
-2234
-2241
-2543
-2619
-2392
-2269
-2418
-2563
-2362
-1921
-1843
-2018
-1787
-1515
-1345
-1371
-998
-939
-883
-862
-998
-505
-188
-388
-601
-510
-259
-237
-315
-478
-416
-451
-784
-1068
-1231
-1301
-1518
-1590
-1490
-1718
-2095
-2535
-2639
-2448
-2505
-2884
-3098
-2851
-2740
-2682
-2652
-2339
-2159
-2266
-2145
-1671
-1449
-1369
-1324
-1152
-633
-456
-325
-237
-52
210
297
463
739
855
964
1065
1234
1436
1342
1287
1503
1857
2070
2138
2173
2366
2363
2350
2625
2846
2992
3146
3352
3440
3507
3486
3524
3631
3782
3933
3933
3514
2963
3094
3517
3151
2066
1489
1953
2212
1312
335
410
450
-278
-911
-533
-311
-1134
-2041
-2100
-1376
-1607
-2352
-2416
-2146
-2212
-2487
-2415
-2000
-1913
-2323
-2428
-1980
-1703
-1647
-1735
-1668
-1339
-1158
-1204
-1061
-802
-655
-752
-618
-273
-1
-132
-370
-324
160
267
-193
-276
-205
-124
-158
-496
-773
-1192
-1488
-1497
-1543
-1738
-2216
-2644
-2711
-2437
-2393
-2719
-3097
-3107
-2918
-2766
-2828
-2655
-2590
-2747
-2751
-2496
-2072
-1857
-1933
-1730
-1142
-926
-862
-723
-448
-233
-58
212
662
925
847
1010
1356
1543
1652
1738
1939
2082
2345
2407
2559
2676
2750
2895
3086
3134
3317
3372
3503
3673
3659
3778
3823
3896
4013
4105
3871
3540
3269
3135
3199
2894
2223
2272
2298
1618
756
483
694
428
-321
-738
-797
-1040
-1618
-1783
-1656
-1632
-2198
-2607
-2252
-2136
-2203
-2401
-2141
-2001
-2141
-2166
-1911
-1685
-1576
-1428
-1451
-1298
-996
-932
-923
-761
-410
-252
-509
-522
-314
-78
-207
-151
12
10
-81
-221
-34
181
107
-158
-422
-695
-1049
-1302
-1327
-1493
-2024
-2613
-2802
-2694
-2757
-3134
-3379
-3518
-3568
-3619
-3437
-3373
-3322
-3300
-3258
-2947
-2638
-2412
-2277
-1966
-1714
-1566
-1359
-1163
-872
-537
-323
-141
-13
166
481
692
891
1048
1150
1296
1506
1722
1858
1776
1901
2233
2582
2741
2742
2877
3022
3259
3324
3493
3739
3812
3809
4016
4206
4326
4429
4180
3711
3441
3641
3547
2773
2482
2690
2454
1273
484
1004
1195
272
-712
-612
-641
-1312
-1586
-1294
-1364
-2132
-2567
-2288
-2066
-2218
-2415
-2319
-2269
-2398
-2291
-2105
-1968
-1920
-1700
-1640
-1610
-1213
-930
-886
-912
-579
-248
-399
-402
-32
338
289
113
178
380
255
175
265
497
274
-11
-67
-148
-454
-1050
-1315
-1075
-1102
-1891
-2640
-2714
-2361
-2600
-2886
-3127
-3250
-3356
-3498
-3138
-2746
-2940
-3185
-3243
-2748
-2204
-2155
-2166
-2010
-1580
-1277
-1138
-792
-399
-246
-134
221
477
687
967
1165
1499
1654
1586
1779
2089
2510
2465
2405
2550
2766
2994
3108
3214
3379
3479
3460
3470
3733
4166
4189
4084
4048
4272
4679
4828
4349
3706
3598
3992
4028
3132
2650
2998
2936
1873
991
1247
1600
871
-158
-334
-417
-847
-1382
-1390
-1352
-1869
-2280
-2313
-2177
-2159
-2167
-2203
-2254
-2255
-2163
-2079
-2028
-1846
-1739
-1826
-1764
-1500
-1232
-1200
-1327
-992
-701
-894
-996
-729
-359
-260
-423
-422
-244
-64
-206
-216
-85
-80
-152
-163
-165
-379
-816
-1139
-1120
-1080
-1515
-2237
-2664
-2436
-2304
-2568
-3080
-3306
-3283
-3283
-3090
-3033
-3074
-3264
-3240
-3032
-2605
-2490
-2531
-2398
-1950
-1794
-1583
-1254
-1051
-789
-542
-368
-87
217
305
576
886
1129
1280
1466
1707
1933
2012
2062
2273
2304
2549
2775
2889
3100
3189
3408
3497
3621
3693
3932
3966
3722
3594
3925
4411
4510
4135
3401
3147
3543
3661
2926
2017
2211
2964
2254
759
478
1399
1318
106
-590
-375
-399
-1139
-1284
-1037
-1322
-2158
-2202
-1811
-1930
-2166
-2376
-2296
-2157
-2159
-2005
-2104
-1931
-1514
-1332
-1559
-1593
-1177
-894
-982
-939
-560
-593
-771
-623
-156
-57
-342
-559
-356
-99
-131
-231
-155
7
8
-192
-208
-260
-437
-718
-1058
-945
-1010
-1293
-1852
-1952
-1821
-2074
-2521
-2713
-2623
-2676
-2920
-2979
-2661
-2675
-2995
-3018
-2699
-2362
-2348
-2425
-2188
-1689
-1445
-1367
-1090
-742
-553
-308
-132
179
556
701
876
1143
1236
1323
1511
1670
1922
2179
2091
1964
2121
2386
2610
2642
2626
2664
2855
2974
3018
3096
3265
3432
3449
3682
3481
3598
3806
3957
3782
3101
2763
3300
3649
2789
1850
2258
2910
2047
651
751
1631
1168
-128
-520
-226
-413
-977
-1090
-934
-1429
-1998
-1852
-1665
-1807
-2073
-2219
-2152
-2173
-2061
-2165
-2179
-1973
-1797
-1676
-2163
-1946
-1351
-1121
-1391
-1425
-884
-831
-949
-665
-162
-186
-397
-357
55
255
72
4
201
363
270
-9
-8
226
-18
-456
-858
-748
-785
-1162
-1705
-1639
-1659
-2077
-2334
-2476
-2461
-2756
-3028
-2950
-2514
-2649
-2892
-3009
-2711
-2515
-2496
-2393
-2209
-1877
-1758
-1656
-1354
-885
-698
-588
-377
-155
145
350
573
793
1056
1216
1274
1336
1651
1865
1866
1868
2035
2182
2071
2092
2295
2428
2393
2408
2575
2661
2936
3052
2866
2809
2842
3070
3216
3490
3541
3368
3070
2838
3097
3498
3193
1888
1747
2831
2893
1539
550
1118
1763
999
-149
-144
129
-228
-507
-700
-899
-1434
-1707
-1375
-1449
-1692
-1974
-2080
-2033
-1942
-1973
-2193
-2111
-1735
-1641
-1751
-1848
-1679
-1257
-1186
-1229
-1173
-956
-835
-876
-751
-320
-127
-285
-184
101
252
120
57
196
421
372
15
-12
140
-20
-522
-847
-765
-1074
-1360
-1523
-1746
-2016
-2391
-2532
-2319
-2553
-2998
-3115
-2979
-2837
-2916
-2958
-3081
-2850
-2594
-2563
-2447
-2183
-1984
-1734
-1498
-1245
-922
-662
-512
-322
54
251
533
809
774
1046
1295
1366
1454
1665
1993
1799
1856
2046
2169
2265
2281
2394
2519
2710
2703
2669
2736
2783
2770
2827
2955
2819
2808
2893
3110
3342
3359
2946
2539
2645
3142
3528
2540
1534
2068
3088
2663
1008
578
1734
1941
831
2
166
167
-222
-531
-637
-970
-1523
-1443
-1313
-1518
-1818
-1868
-1812
-1826
-1821
-1811
-1854
-1934
-1498
-1497
-1801
-1739
-1423
-1065
-1209
-1203
-1044
-801
-954
-792
-494
-522
-521
-550
-369
-138
-131
-370
-350
42
197
-41
-281
-144
89
-7
-637
-978
-784
-866
-1127
-1447
-1589
-1920
-2238
-2228
-2198
-2302
-2759
-3044
-2834
-2582
-2786
-2902
-2819
-2569
-2450
-2387
-2259
-1948
-1685
-1544
-1366
-1115
-638
-448
-165
-119
95
318
420
620
876
1033
1279
1380
1428
1659
1747
1922
1986
2159
2254
2173
2302
2537
2742
2703
2607
2752
3005
2977
2970
3117
3165
3153
3050
3102
3400
3528
3506
3026
2481
2871
3570
3226
1820
1381
2696
3305
1950
694
1088
2148
1689
446
122
322
125
-269
-428
-619
-1022
-1496
-1364
-1325
-1651
-1892
-1910
-1897
-1803
-1936
-2235
-2262
-1922
-1589
-1801
-2195
-1781
-1268
-1355
-1585
-1478
-1041
-1050
-1274
-1136
-766
-625
-901
-738
-516
-490
-434
-486
-228
25
60
-134
-4
218
343
120
-105
-279
-580
-709
-556
-478
-1037
-1853
-1901
-1473
-1411
-2068
-2611
-2632
-2402
-2390
-2542
-2601
-2584
-2552
-2494
-2304
-2192
-1940
-1727
-1483
-1234
-1211
-1044
-568
-113
-4
28
199
519
790
1001
938
1222
1407
1464
1525
1734
1991
1897
1866
1987
2200
2061
2112
2151
2261
2366
2287
2314
2527
2624
2681
2649
2640
2615
2652
2788
2863
3010
3080
2769
2400
2514
3033
3002
1953
1439
2090
2851
2127
734
870
1771
1592
367
-117
261
190
-346
-695
-773
-1194
-1598
-1614
-1653
-1929
-2252
-2421
-2573
-2525
-2438
-2785
-2969
-2792
-2516
-2436
-2835
-2814
-2307
-2151
-2386
-2315
-1809
-1623
-1821
-1601
-1160
-838
-997
-919
-447
-174
-315
-410
-32
190
182
28
162
361
348
203
18
-52
-276
-594
-533
-398
-920
-1737
-2018
-1664
-1398
-2019
-2612
-2832
-2663
-2510
-2784
-2882
-2743
-2741
-2790
-2593
-2395
-2084
-2050
-2027
-1816
-1402
-1292
-1036
-561
-373
-201
-79
208
456
725
779
959
1130
1308
1501
1615
1890
1812
1824
1802
1920
2018
2112
2180
2227
2347
2449
2489
2470
2582
2631
2739
2766
2936
3034
2938
2917
3120
3449
3296
2966
2652
2904
3491
3358
2205
1626
2541
3021
1964
706
904
1792
1376
221
-266
154
0
-617
-755
-885
-1334
-1858
-1879
-1721
-1956
-2373
-2510
-2570
-2494
-2450
-2719
-2807
-2538
-2218
-2212
-2534
-2219
-1661
-1576
-1622
-1521
-1011
-972
-922
-508
-57
48
-81
99
489
786
776
753
984
1272
1131
921
957
1046
1124
800
659
639
301
-271
-441
-226
-497
-1351
-1980
-1660
-1471
-2079
-2886
-2891
-2599
-2823
-3070
-3141
-2949
-3057
-2983
-2903
-2752
-2536
-2505
-2316
-1983
-1630
-1664
-1435
-1012
-758
-579
-452
-108
215
500
573
735
992
1167
1218
1247
1494
1616
1667
1662
1701
1937
1988
2058
2178
2180
2243
2224
2235
2401
2568
2514
2539
2584
2575
2630
2520
2870
3118
2991
2805
2638
2811
3074
3052
2308
1297
1547
2692
2361
811
156
1101
1481
175
-687
-499
-301
-805
-1252
-1254
-1467
-1949
-2059
-1789
-2109
-2454
-2738
-2552
-2314
-2377
-2470
-2639
-2447
-1988
-1728
-2049
-2076
-1564
-1111
-1187
-1404
-998
-348
-358
-375
-24
300
285
250
678
938
955
946
1176
1353
1514
1319
980
1138
1275
949
646
515
505
94
-457
-542
-588
-1070
-1666
-1776
-1796
-1949
-2470
-2643
-2571
-2646
-2894
-3050
-2917
-2779
-2868
-2925
-2636
-2387
-2115
-2155
-2093
-1692
-1378
-1330
-1073
-893
-440
-310
-303
-57
320
551
609
904
1108
1269
1199
1273
1401
1683
1734
1550
1522
1769
1912
1953
2106
1997
2036
1944
2198
2339
2158
2227
2294
2510
2499
2479
2563
2656
2605
2820
2873
2644
2401
2370
2640
2988
2406
1307
1222
2255
2627
1174
-55
367
1223
753
-380
-739
-476
-568
-1017
-1253
-1276
-1587
-1741
-1662
-1627
-1878
-2079
-1919
-1703
-1575
-1910
-2117
-2031
-1448
-1098
-1399
-1595
-1156
-639
-737
-817
-674
-217
-12
-238
57
584
710
524
610
1102
1061
755
739
1109
1502
1163
761
785
807
628
367
314
217
-76
-405
-622
-679
-945
-1326
-1567
-1536
-1756
-2300
-2478
-2435
-2259
-2494
-2786
-2707
-2431
-2336
-2504
-2501
-2292
-2104
-1983
-1726
-1599
-1451
-1335
-1204
-936
-701
-534
-543
-389
-30
243
349
460
645
991
1083
1115
1277
1436
1553
1551
1543
1553
1721
1792
1810
1892
1884
1759
1790
1865
1953
1881
1746
1826
1912
1820
1792
1891
1963
2055
2205
2208
2022
1854
1728
2073
2505
2005
817
644
1923
2123
846
-261
114
1082
500
-521
-646
-336
-532
-1031
-1031
-995
-1313
-1520
-1338
-1381
-1672
-1969
-1887
-1637
-1652
-1741
-1870
-1911
-1625
-1329
-1512
-1704
-1380
-803
-890
-1210
-809
-280
-207
-436
-321
205
288
138
347
694
720
604
582
932
1129
1011
807
773
921
687
401
261
352
67
-523
-808
-734
-779
-1287
-1686
-1732
-1712
-1956
-2389
-2463
-2236
-2289
-2746
-2947
-2617
-2428
-2570
-2552
-2410
-2137
-2253
-2099
-1915
-1593
-1436
-1566
-1153
-821
-608
-574
-329
44
264
466
557
874
1048
1101
1228
1172
1474
1565
1536
1531
1585
1594
1661
1682
1696
1787
1601
1558
1585
1653
1605
1571
1591
1627
1672
1635
1484
1685
1867
1907
1979
2246
2308
1868
1596
2008
2725
2424
1342
846
1705
2527
1734
364
294
1327
1404
221
-312
33
220
-352
-822
-753
-745
-1107
-1176
-1058
-1275
-1552
-1703
-1444
-1243
-1489
-1902
-1900
-1565
-1226
-1256
-1611
-1432
-1051
-1061
-1297
-1158
-817
-510
-610
-628
-341
-68
-97
47
339
454
380
441
693
906
879
530
502
732
754
204
-82
-80
-1
-440
-1119
-1185
-1103
-1361
-1814
-2212
-2244
-2461
-2762
-2899
-2767
-2908
-3384
-3435
-3181
-3070
-3304
-3363
-3078
-2759
-2663
-2727
-2504
-2071
-1843
-1785
-1674
-1373
-1098
-861
-706
-605
-321
-104
10
73
456
607
572
626
861
1101
1096
896
918
1129
1192
1199
970
1099
1197
1073
1028
1093
1128
1143
1233
1255
1287
1155
1184
1413
1592
1528
1419
1532
1806
1952
1877
1613
1550
1898
2271
2273
1425
846
1269
2151
2067
734
249
820
1427
783
-102
-43
254
211
-328
-597
-639
-565
-589
-854
-973
-1275
-1266
-1179
-1145
-1166
-1433
-1563
-1429
-1119
-1120
-1227
-1250
-1056
-768
-883
-920
-684
-397
-472
-683
-430
-121
-25
-88
88
285
232
78
-15
270
505
201
-48
42
180
96
-199
-336
-327
-524
-913
-1149
-1339
-1420
-1570
-1870
-2009
-2175
-2209
-2414
-2423
-2481
-2646
-2898
-2938
-2824
-2668
-2732
-2812
-2711
-2573
-2328
-2314
-2162
-1956
-1731
-1643
-1440
-1203
-1035
-780
-626
-501
-256
-83
122
367
516
532
597
671
834
904
855
965
1117
1204
1015
1006
1099
1219
1225
1206
1263
1202
1179
1168
1213
1239
1380
1315
1210
1313
1299
1402
1432
1495
1609
1726
1744
1526
1574
1570
2023
2283
1923
1448
1464
1811
2177
2082
1400
1310
1508
1867
1537
814
863
1061
944
475
163
183
278
151
-231
-480
-593
-720
-761
-785
-1013
-1229
-1405
-1351
-1235
-1274
-1535
-1507
-1259
-1310
-1409
-1371
-1097
-902
-862
-860
-712
-531
-303
-268
-247
-135
1
-5
195
297
415
493
431
454
613
590
332
353
315
293
-266
-633
-394
-443
-951
-1198
-1406
-1451
-1617
-1937
-2088
-2168
-2167
-2646
-2764
-2629
-2588
-2682
-2747
-2754
-2546
-2549
-2437
-2136
-1867
-1836
-1816
-1496
-1110
-795
-700
-624
-398
-5
59
204
333
644
705
639
722
874
1037
865
938
1004
1107
974
1024
1127
1158
1009
860
1000
1058
944
909
910
1036
925
818
969
917
957
956
847
1029
1300
1508
1585
1612
1819
1782
1825
2110
2323
2527
2288
1917
2180
2565
2771
2465
1824
1819
2042
1937
1495
1033
1019
977
555
-64
-268
-140
-346
-795
-1176
-1425
-1534
-1658
-1875
-1893
-1895
-2151
-2285
-2359
-2208
-2156
-2119
-2002
-1884
-1777
-1854
-1714
-1159
-997
-937
-971
-756
-331
-253
-98
-36
137
290
425
543
744
789
729
702
702
882
864
651
446
274
262
171
-298
-688
-721
-757
-1061
-1426
-1693
-1816
-1863
-2024
-2201
-2324
-2503
-2661
-2490
-2491
-2608
-2456
-2241
-2018
-1974
-1869
-1584
-1306
-1113
-970
-850
-727
-360
-11
-3
31
224
351
552
513
467
579
679
786
800
807
966
846
790
830
947
884
900
999
1048
1097
952
927
1173
1286
1195
1229
1193
1292
1374
1434
1506
1553
1655
1706
1842
1983
2083
2114
2261
2440
2376
2331
2406
2670
2876
2552
2225
2157
2239
2245
2138
1666
1227
1158
1085
908
505
128
-20
-59
-445
-901
-1031
-953
-950
-1213
-1528
-1718
-1635
-1341
-1435
-1531
-1631
-1637
-1450
-1348
-1297
-1244
-1156
-1009
-860
-916
-733
-408
-272
-113
-248
-130
28
238
504
419
474
407
549
548
508
528
562
514
562
638
472
322
256
129
-197
-367
-389
-462
-795
-1173
-1055
-1115
-1224
-1538
-1934
-1760
-1705
-1792
-1964
-1973
-1931
-1804
-1761
-1804
-1702
-1636
-1627
-1525
-1462
-1405
-1231
-1175
-992
-1010
-875
-754
-523
-384
-447
-391
-315
-56
2
80
143
340
390
351
516
572
707
629
737
758
902
893
881
1009
1091
1272
1317
1349
1353
1336
1250
1351
1298
1216
1244
1222
1288
1293
1345
1252
1152
1323
1211
1256
1299
1308
1255
1184
1303
1367
1351
1358
1192
944
942
1111
1216
899
643
688
688
562
458
472
537
448
274
122
43
41
52
-148
-244
-378
-600
-510
-467
-552
-582
-669
-799
-731
-760
-829
-873
-881
-764
-948
-1099
-984
-942
-839
-1008
-963
-891
-785
-763
-803
-661
-649
-599
-624
-519
-393
-278
-212
-255
-67
-50
-39
73
233
282
143
297
222
297
220
16
-127
-139
-88
-348
-476
-590
-735
-877
-921
-1109
-1118
-1368
-1600
-1652
-1700
-1611
-1797
-1876
-1874
-1935
-1814
-1817
-1866
-1607
-1429
-1345
-1338
-1216
-1005
-913
-827
-712
-579
-401
-336
-166
-42
1
186
303
438
537
656
716
852
927
1060
1016
1115
1246
1179
1096
1166
1219
1140
1060
1127
1142
904
809
769
814
836
730
657
726
814
646
609
816
791
872
959
939
1035
1234
1385
1405
1447
1453
1640
1806
1758
1582
1460
1658
1754
1590
1420
1351
1371
1208
1147
799
699
561
289
212
60
19
-241
-317
-458
-679
-761
-973
-1062
-1206
-1147
-1256
-1440
-1303
-1183
-1342
-1428
-1331
-1139
-1206
-1252
-1092
-936
-746
-618
-487
-249
5
204
237
394
553
731
842
825
1114
1161
1129
1128
1220
1197
1132
986
720
722
646
527
99
-39
-289
-406
-525
-895
-1050
-1123
-1183
-1459
-1553
-1584
-1843
-1904
-1769
-1925
-1900
-1731
-1821
-1847
-1679
-1766
-1518
-1382
-1310
-1100
-1082
-981
-798
-623
-442
-212
-20
90
151
278
431
716
757
790
875
1044
1019
1117
1246
1215
1323
1144
1093
1082
1098
1040
941
909
871
777
611
512
597
705
549
590
586
594
711
811
882
892
1101
1153
1129
1238
1370
1397
1480
1458
1551
1752
1629
1744
2013
1961
1832
1927
2152
1937
1631
1528
1644
1492
1448
1299
1136
981
807
750
397
109
-10
-4
-321
-552
-702
-835
-910
-1094
-1224
-1269
-1316
-1412
-1451
-1430
-1447
-1465
-1356
-1236
-1124
-1053
-940
-707
-693
-544
-468
-283
-141
14
184
169
278
316
489
591
522
578
671
605
567
673
671
609
563
419
291
253
107
-68
-179
-337
-574
-651
-830
-918
-1057
-1250
-1460
-1613
-1645
-1762
-1918
-2010
-2022
-2075
-2101
-2116
-2077
-1885
-1841
-1685
-1471
-1448
-1199
-1054
-1027
-888
-769
-603
-417
-228
-89
-20
132
207
224
291
390
474
532
407
517
678
755
697
751
770
813
862
730
858
926
932
775
782
744
760
786
797
785
757
887
849
872
849
926
885
953
1045
1060
1127
1342
1481
1400
1430
1496
1612
1569
1524
1594
1536
1530
1504
1442
1364
1342
1214
993
761
711
742
595
394
111
50
-19
-212
-208
-368
-470
-482
-576
-638
-771
-763
-790
-764
-801
-823
-873
-788
-707
-691
-712
-678
-664
-517
-473
-552
-387
-369
-351
-327
-260
-141
-85
-117
-20
37
216
136
174
327
245
155
116
186
172
-27
-161
-223
-271
-256
-462
-667
-775
-689
-748
-685
-862
-904
-853
-996
-987
-978
-1004
-1040
-910
-862
-860
-842
-793
-672
-537
-572
-523
-491
-495
-378
-369
-248
-210
-116
17
80
187
302
202
244
454
486
571
619
595
658
664
819
768
760
821
583
730
775
702
757
753
680
595
812
722
728
845
854
863
920
900
972
984
952
1002
1043
1123
1055
1111
1075
1078
1167
1162
1093
1054
1053
1037
949
918
839
960
971
786
607
661
735
793
648
383
503
538
438
172
-60
21
-23
-130
-290
-253
-349
-273
-259
-597
-623
-636
-573
-626
-712
-810
-865
-778
-704
-731
-661
-717
-664
-675
-696
-632
-669
-560
-591
-558
-567
-501
-416
-568
-490
-496
-541
-585
-599
-547
-491
-499
-578
-451
-388
-328
-263
-326
-338
-197
-209
-272
-343
-187
-126
-281
-229
-218
-281
-290
-403
-411
-367
-484
-527
-522
-529
-543
-565
-516
-479
-484
-499
-417
-391
-394
-375
-447
-338
-195
-189
-201
-256
-274
-188
-185
-9
91
138
87
141
197
183
125
92
228
200
293
260
364
576
665
690
690
675
878
885
787
838
861
798
801
765
812
784
807
745
743
777
545
653
684
689
689
630
595
637
537
618
638
626
603
638
551
669
673
627
751
609
528
609
510
501
447
419
438
268
323
266
207
85
94
157
-9
6
-11
-72
-27
-19
56
-56
-104
-142
-75
-104
-257
-271
-230
-218
-232
-140
-269
-159
-208
-174
-52
-102
-133
-126
-71
102
106
71
115
152
291
296
197
209
243
327
321
171
70
157
61
-33
-64
-121
-145
-205
-143
-176
-87
-298
-391
-381
-342
-387
-596
-652
-608
-588
-650
-601
-577
-625
-674
-681
-678
-698
-726
-594
-662
-621
-496
-515
-491
-415
-297
-290
-91
-138
-62
-10
105
169
141
242
282
315
340
402
387
450
360
440
411
402
427
361
339
292
320
372
304
265
318
388
386
476
515
525
561
678
672
685
778
1013
958
915
1043
1063
1034
949
1023
979
1125
1071
1032
1108
1064
1007
1017
1024
1011
1027
885
848
885
802
698
649
622
480
524
407
173
196
148
102
-50
-51
-79
-165
-200
-271
-125
-306
-256
-152
-113
-147
1
30
-46
36
23
127
178
238
220
237
203
222
321
293
277
226
225
230
185
-14
-19
-131
-250
-163
-154
-253
-248
-257
-415
-451
-513
-566
-572
-552
-646
-648
-666
-834
-802
-710
-853
-791
-749
-826
-774
-782
-726
-686
-642
-633
-669
-650
-588
-437
-552
-507
-419
-534
-451
-416
-393
-431
-433
-483
-499
-300
-482
-543
-504
-484
-512
-493
-468
-395
-254
-311
-276
-140
-187
5
35
35
98
192
196
149
320
440
528
501
565
580
709
807
808
722
781
817
938
1024
948
898
980
1044
978
1016
894
845
737
834
839
680
637
488
468
387
359
223
122
222
233
80
13
21
50
68
-46
-39
-18
39
49
-11
53
102
53
50
198
232
94
108
133
212
187
221
265
148
71
6
-25
-49
14
-23
-96
-100
-37
-135
-78
-107
-182
-203
-281
-256
-174
-108
-203
-192
-220
-210
-223
-325
-202
-264
-310
-393
-346
-246
-273
-267
-320
-312
-319
-380
-317
-230
-294
-302
-420
-467
-347
-441
-421
-503
-410
-469
-432
-512
-597
-551
-571
-627
-665
-659
-609
-633
-614
-503
-559
-514
-471
-409
-410
-264
-188
-146
-47
-75
54
58
48
225
351
374
386
377
558
607
612
658
679
738
597
654
745
767
652
692
671
692
774
716
736
681
618
576
547
577
570
530
475
380
416
455
453
456
413
467
389
390
390
335
425
332
377
315
276
299
281
295
198
215
209
227
131
55
140
161
286
170
25
112
95
69
72
-25
-162
6
-62
-186
-56
-208
-259
-342
-431
-274
-252
-291
-361
-298
-296
-354
-428
-381
-219
-210
-310
-305
-433
-400
-348
-342
-340
-285
-252
-270
-244
-293
-200
-297
-190
-124
-147
-230
-211
-114
-74
78
-45
-70
-32
-46
-74
-95
-107
-101
-63
-141
-182
-105
-32
-76
5
17
5
23
137
16
-12
124
120
174
150
212
240
442
321
220
312
213
342
270
307
423
336
398
411
382
524
534
601
602
568
569
641
823
694
575
638
572
565
623
688
675
624
587
490
476
536
515
420
416
387
386
276
198
351
286
279
272
240
278
183
141
130
105
130
85
-59
-15
32
-63
-74
-107
-173
-150
-190
-167
-159
-114
-55
-180
-71
-140
-231
-207
-215
-155
-209
-164
-136
-310
-292
-359
-435
-350
-490
-565
-480
-603
-632
-574
-662
-629
-605
-805
-611
-607
-618
-490
-495
-430
-368
-324
-268
-301
-287
-244
-186
-73
-75
-161
118
130
221
308
236
257
224
248
275
370
384
328
356
343
302
469
415
449
507
514
477
514
395
379
551
651
549
507
408
345
391
288
277
230
259
313
238
279
370
428
433
414
474
378
488
449
557
637
651
734
731
730
824
966
841
825
717
736
655
524
397
371
307
323
346
201
193
199
83
82
41
-132
-51
-139
-121
-134
-261
-251
-275
-344
-410
-436
-571
-425
-394
-365
-393
-381
-272
-280
-322
-332
-157
-128
9
-22
-18
134
215
114
263
353
255
249
233
160
280
246
314
283
63
46
-26
-71
-175
-139
-249
-307
-295
-237
-388
-423
-332
-497
-419
-471
-301
-378
-431
-317
-369
-181
-204
-171
-364
-275
-259
-190
-160
-187
-47
-119
41
18
188
346
354
306
334
384
325
327
477
563
450
453
548
557
542
517
370
333
430
246
124
141
134
80
84
52
55
41
94
35
-3
10
41
-49
84
38
-228
-154
-131
15
-9
80
17
-53
43
-23
-47
40
42
70
-8
-6
95
88
225
248
253
190
331
425
353
295
381
481
426
452
317
412
336
389
305
188
269
217
231
188
190
214
91
204
144
128
88
87
14
49
142
135
181
161
157
109
77
61
159
174
153
232
254
230
177
159
321
282
247
341
320
215
214
325
354
338
412
320
392
350
