-264
-214
-149
-198
-146
-191
5
-106
-85
55
47
121
62
28
98
92
25
-27
64
80
3
78
1
17
27
-34
62
33
25
42
37
91
61
82
33
96
124
81
77
198
188
147
239
21
183
172
166
251
146
312
227
264
338
322
379
251
212
322
332
268
269
371
325
394
311
307
388
232
248
255
188
203
237
148
114
154
158
90
175
128
208
202
110
129
135
110
63
138
122
136
-14
99
312
46
120
8
-23
183
113
-119
-489
-483
-474
-573
-194
-85
-317
-798
-713
-217
-33
457
342
-194
-226
-620
-1212
-1496
-1386
-730
-221
-113
-188
-263
-545
-395
-135
-267
-97
-78
70
-113
-231
-355
-540
-692
-457
-204
-145
-138
-159
-226
-701
-680
-801
-862
-669
-541
-269
-233
-264
-534
-698
-761
-596
-398
-336
-272
-367
-386
-398
-560
-614
-461
-529
-447
3
-110
-419
-319
-319
-300
-185
-287
-251
-25
-79
-26
9
1
-234
-382
-293
-203
-83
-157
-36
173
26
-78
-212
-435
-200
88
37
15
93
-45
-160
-150
-87
-54
34
-13
-26
-32
77
-8
-310
-246
-215
-110
280
137
146
100
-298
-176
-286
10
120
169
384
369
157
-215
51
140
67
286
226
235
192
-87
-13
-136
-400
-121
-68
-186
-178
81
2
-251
-373
-235
-152
-252
8
80
-87
-107
85
235
156
44
161
161
79
340
393
134
107
14
-78
-57
29
130
38
-47
-87
44
8
88
194
357
324
248
188
54
142
68
285
334
192
184
304
191
166
145
-53
-119
-58
91
88
109
-2
5
84
-108
-232
-211
-156
91
248
174
111
56
-78
-7
5
10
142
168
127
37
14
60
-131
-281
-271
-244
-178
-153
-148
-139
-191
-214
-156
-94
-74
-63
-57
-2
51
-4
-81
-172
-244
-169
-76
-80
114
170
101
131
89
31
41
138
287
361
422
436
345
310
286
415
553
641
601
570
539
617
751
637
702
770
818
892
811
837
805
804
765
810
883
861
981
1041
1152
1141
1021
985
827
784
833
805
738
706
587
476
346
313
192
111
114
149
146
-114
-41
-186
-171
-243
-264
-245
-329
-345
-403
-400
-306
-313
-283
-362
-308
-279
-451
-539
-499
-649
-697
-651
-634
-641
-701
-786
-858
-908
-987
-892
-900
-898
-913
-788
-725
-684
-610
-572
-426
-416
-330
-151
-90
-68
-43
31
152
290
379
283
507
515
531
633
644
763
773
892
1015
1067
1212
1085
1124
1200
1208
1204
1389
1630
1645
1615
1551
1589
1572
1661
1726
1816
1908
2110
2200
2191
2045
1776
1637
1680
1582
1417
1431
1481
1388
1093
839
652
437
148
30
107
99
-8
-227
-208
-357
-461
-497
-565
-455
-369
-195
-32
39
146
96
45
168
338
347
245
333
525
476
414
366
139
78
-107
-211
-53
-176
-442
-481
-523
-702
-737
-752
-1003
-976
-920
-1087
-1072
-947
-881
-914
-915
-931
-936
-753
-638
-598
-567
-480
-409
-602
-586
-786
-751
-582
-701
-712
-497
-308
-258
-394
-497
-506
-334
-187
-246
-60
212
385
381
214
363
454
350
390
591
950
975
956
924
1034
1029
711
722
1116
1135
841
816
1103
1345
1159
1051
1094
1262
1324
1198
1251
1463
1636
1546
1525
1633
1809
1648
1432
1619
1589
1304
1237
1311
1213
1103
800
803
796
532
384
266
245
211
169
-31
14
-74
-92
-169
-286
-140
-236
-210
-222
-95
-1
-241
-227
-252
-166
-197
-264
-178
-192
-351
-580
-481
-356
-488
-478
-357
-423
-542
-591
-598
-642
-685
-597
-721
-791
-680
-621
-710
-804
-700
-682
-806
-815
-680
-627
-647
-706
-494
-611
-607
-575
-600
-656
-656
-531
-645
-581
-398
-677
-700
-110
-345
-685
-568
-111
-129
-561
-449
-71
49
-267
-326
66
345
162
95
376
611
536
468
584
593
689
646
515
588
847
897
698
521
799
978
632
633
968
1238
1000
757
959
1271
1097
701
820
1192
1094
885
818
1013
1214
1056
919
995
1092
889
846
767
694
620
496
466
271
186
-48
-193
-125
-204
-388
-617
-548
-598
-663
-995
-895
-537
-835
-888
-954
-928
-858
-996
-985
-815
-809
-929
-928
-1063
-923
-984
-1083
-912
-943
-987
-1024
-911
-1030
-959
-984
-1024
-942
-985
-1102
-886
-797
-1178
-1041
-941
-1002
-928
-856
-838
-704
-738
-736
-868
-716
-755
-990
-760
-739
-810
-813
-671
-411
-290
-399
-373
-285
-97
-78
-225
-214
-18
-98
-389
-320
3
-180
20
80
-6
83
42
135
-123
-1
-12
39
292
359
185
259
513
492
220
327
652
429
255
494
638
389
225
544
605
310
275
380
332
312
521
637
508
421
270
459
527
327
265
438
590
543
554
588
469
595
625
565
463
505
524
187
163
107
137
2
-165
-215
-210
-263
-329
-424
-331
-403
-570
-567
-445
-389
-492
-511
-527
-453
-458
-332
-229
-267
-237
-451
-440
-479
-496
-611
-582
-435
-443
-503
-539
-474
-624
-657
-649
-659
-517
-604
-268
-253
-470
-408
-334
-403
-591
-503
-370
-345
-450
-495
-352
-328
-616
-415
-306
-462
-211
3
-314
-532
-167
-78
-425
-486
-113
57
-79
-406
-14
417
85
-258
-162
156
66
-164
-96
224
288
-76
163
462
135
-82
456
578
185
253
488
450
230
321
293
296
466
587
566
494
624
665
603
461
642
711
440
467
568
534
669
693
670
679
680
711
736
704
596
871
1009
992
817
1030
1159
985
800
966
1042
785
729
702
569
322
317
189
32
39
129
-54
-282
-202
-97
-206
-397
-267
-118
-126
-330
-446
-242
-341
-516
-426
-309
-376
-502
-570
-735
-700
-852
-917
-609
-486
-638
-805
-556
-646
-930
-965
-720
-480
-862
-676
-234
-469
-722
-522
-509
-681
-634
-624
-533
-348
-521
-686
-498
-488
-392
-600
-669
-299
-364
-456
-179
-78
-623
-587
-156
-533
-601
-79
6
-32
222
13
-109
-76
-295
-212
-141
-254
-46
556
442
21
196
221
-136
-76
173
455
740
672
613
610
417
320
404
382
791
1113
973
970
1376
1204
800
907
971
1078
1162
1226
1338
1334
1410
1257
1346
1415
1413
1587
1812
1902
1788
1429
1217
1129
784
789
776
520
580
692
293
-14
-81
-398
-544
-685
-716
-526
-491
-621
-662
-578
-693
-983
-975
-685
-652
-618
-546
-384
-394
-535
-633
-597
-633
-834
-920
-870
-887
-1071
-1010
-1314
-1292
-1226
-1343
-1230
-1263
-1144
-1096
-1077
-1160
-1037
-1113
-1230
-1141
-1088
-960
-903
-834
-853
-665
-725
-809
-731
-663
-544
-735
-772
-738
-718
-659
-758
-562
-294
-389
-244
-295
-310
-532
-380
-258
-188
-170
94
497
283
279
390
510
339
287
347
596
801
714
667
821
1027
828
717
1006
1403
1309
1161
1430
1428
1340
1353
1459
1645
1653
1749
1838
2075
2202
2121
2094
2139
2227
2402
2589
2629
2277
1956
1858
1448
1242
1186
1128
1064
965
736
489
53
-508
-794
-874
-823
-909
-993
-1003
-1006
-1290
-1411
-1332
-1396
-1410
-1282
-1005
-759
-686
-733
-662
-728
-775
-681
-511
-319
-317
-260
-361
-525
-525
-756
-974
-1054
-1081
-1026
-1095
-1247
-1329
-1495
-1587
-1755
-1691
-1651
-1741
-1429
-1335
-1307
-1235
-1317
-1281
-1381
-1148
-1083
-955
-816
-755
-628
-827
-809
-687
-797
-816
-580
-606
-528
-414
-480
-405
-375
-343
-394
-264
-21
-97
11
235
504
366
247
458
740
615
476
554
874
1046
960
1236
1280
1296
1070
961
1293
1552
1599
1612
1677
1823
1779
1585
1579
1912
2264
2220
2290
2697
2773
2553
2523
2839
2909
2319
1871
2065
2173
1765
1203
1058
856
420
-20
-327
-406
-738
-1190
-1283
-1250
-1483
-1813
-2097
-1998
-1977
-2071
-2146
-2043
-1848
-1898
-1802
-1661
-1517
-1366
-1270
-1229
-871
-839
-1024
-827
-592
-472
-589
-526
-454
-441
-673
-650
-675
-822
-799
-825
-914
-1174
-1281
-1540
-1961
-2309
-2140
-2000
-2182
-2385
-2343
-2269
-2332
-2346
-2158
-1868
-2058
-1815
-1392
-1142
-1278
-1491
-1297
-1014
-795
-678
-525
-500
-316
-330
-363
-240
-268
-262
-285
-64
155
303
199
293
402
438
493
329
346
719
857
864
1041
1086
1199
1258
1265
1446
1814
1799
1650
1694
2174
2242
2094
2110
2139
2177
2087
2181
2493
2657
2551
2695
3065
3132
3198
3302
3327
3154
2479
2298
2368
2411
2190
2100
1997
1457
874
156
-149
-497
-629
-763
-989
-1154
-1456
-1739
-2032
-2277
-2287
-2212
-1983
-1774
-1720
-1535
-1415
-1537
-1532
-1218
-814
-714
-513
-133
47
48
227
123
39
254
249
360
478
431
339
270
95
-133
-410
-578
-653
-867
-1146
-1335
-1514
-1718
-1924
-2295
-2418
-2360
-2486
-2418
-2545
-2561
-2473
-2464
-2413
-2340
-2068
-1970
-1820
-1545
-1286
-1133
-1168
-1094
-919
-883
-733
-547
-472
-324
-197
-206
-280
-166
71
161
147
209
409
469
585
720
646
590
726
889
955
1161
1324
1384
1624
1711
1651
1679
1682
1761
1971
2070
2159
2308
2148
2056
2006
2170
2231
2384
2652
2715
3113
3199
3326
3356
2954
2445
2087
2012
2211
2438
2464
1965
1076
580
204
65
-264
-464
-639
-1028
-1418
-1613
-1765
-2092
-2539
-2504
-2184
-1942
-2012
-2086
-1970
-1826
-1735
-1473
-1052
-868
-817
-704
-202
207
391
390
448
635
694
786
915
801
691
671
690
718
511
325
137
-1
-266
-528
-795
-1005
-1300
-1535
-1713
-1935
-2165
-2487
-2320
-2175
-2226
-2317
-2344
-2396
-2422
-2256
-2164
-1963
-1885
-1809
-1688
-1452
-1405
-1399
-1243
-1214
-901
-669
-417
-271
-374
-360
-157
198
374
378
488
455
450
632
598
490
547
663
744
877
958
1034
1081
1308
1535
1635
1611
1523
1672
1947
2133
2142
2259
2252
2124
2303
2425
2455
2601
2613
2527
2762
3029
3158
3277
3472
3291
2697
2106
2012
2328
2450
2484
1853
1021
491
301
88
-50
-365
-836
-1276
-1753
-1861
-1970
-2284
-2667
-2666
-2487
-2374
-2473
-2432
-2352
-2449
-2246
-1901
-1434
-1322
-1378
-1198
-806
-343
48
134
203
322
409
598
717
883
797
692
768
889
667
564
409
224
143
-108
-512
-882
-949
-1033
-1432
-1890
-2197
-2358
-2463
-2475
-2319
-2368
-2775
-2956
-2750
-2463
-2346
-2394
-2147
-1992
-1878
-1657
-1510
-1374
-1231
-1091
-894
-600
-420
-575
-438
-164
13
195
229
482
513
561
777
980
1052
1074
997
1106
1330
1436
1445
1472
1461
1472
1632
1861
1971
1953
2016
2059
2213
2391
2434
2478
2386
2426
2678
2933
3057
2932
3025
3311
3405
3445
3758
3896
3577
3013
2334
2120
2411
2822
2790
2059
1198
527
601
634
386
184
-417
-1093
-1535
-1470
-1435
-1717
-2138
-2284
-2339
-2341
-2211
-2100
-2073
-2102
-2032
-1758
-1568
-1556
-1629
-1330
-811
-414
-243
-267
-129
-12
203
604
776
661
529
457
661
866
775
727
285
229
229
76
-85
-487
-573
-980
-1326
-1536
-1828
-2169
-2473
-2414
-2323
-2436
-2761
-3005
-3029
-2826
-2517
-2424
-2522
-2436
-2298
-2118
-1830
-1570
-1448
-1493
-1240
-924
-777
-527
-545
-492
-287
-15
287
421
329
276
576
867
965
949
1022
976
969
1329
1371
1349
1399
1418
1455
1663
1860
1917
1941
1945
2186
2308
2366
2327
2344
2385
2543
2505
2624
2750
2925
3076
3194
3236
3613
3756
3472
3095
2547
2605
2849
3227
3002
2195
1405
1062
1089
1046
811
385
-324
-1110
-1282
-1099
-1156
-1641
-2227
-2440
-2422
-2620
-2507
-2261
-2434
-2647
-2585
-2137
-1846
-1978
-1768
-1310
-1073
-1025
-748
-545
-387
-209
9
309
419
434
288
497
782
917
870
695
490
344
453
608
654
172
-422
-693
-873
-1033
-1297
-1608
-1795
-2119
-2352
-2402
-2477
-2711
-2868
-2857
-2764
-2723
-2797
-2520
-2517
-2426
-2139
-1936
-1771
-1750
-1599
-1104
-728
-644
-604
-627
-443
19
435
481
457
439
570
868
1099
1011
966
903
926
958
1224
1349
1351
1449
1403
1525
1691
1794
1692
1753
1834
1946
2050
2007
2013
2226
2327
2317
2473
2394
2550
2603
2726
2947
3137
3486
3306
2865
2416
2346
2689
3171
2871
2012
1324
1350
1601
1542
1187
693
-117
-948
-982
-558
-535
-1377
-2173
-2283
-2155
-2242
-2135
-2044
-2387
-2687
-2567
-2074
-2025
-2008
-1944
-1740
-1542
-1321
-1013
-880
-674
-389
-70
101
114
102
174
405
736
1003
909
709
562
519
784
879
697
358
63
-276
-614
-555
-415
-821
-1376
-1743
-1845
-1925
-2074
-2142
-2238
-2386
-2826
-2765
-2421
-2222
-2322
-2351
-2238
-1993
-1991
-1833
-1435
-1205
-1176
-1116
-754
-402
-175
-189
188
463
554
545
761
1124
1279
1226
1182
1186
1239
1274
1382
1505
1254
1098
1115
1421
1634
1696
1455
1395
1615
1777
1958
1912
1803
1879
2053
2103
2284
2358
2296
2338
2528
2805
3126
3223
3104
2813
2411
2303
2633
2975
2755
1870
1266
1261
1552
1711
1348
628
-15
-505
-725
-401
-370
-951
-1705
-2264
-2185
-2043
-2094
-2159
-2425
-2651
-2816
-2609
-2349
-2330
-2265
-2224
-1980
-1736
-1555
-1400
-1012
-682
-636
-623
-434
-246
-111
110
422
577
338
365
527
703
705
583
447
162
131
143
-121
-563
-807
-793
-777
-1198
-1561
-1617
-1861
-2019
-2037
-2043
-2319
-2737
-2569
-2281
-2227
-2394
-2495
-2307
-2117
-1928
-1750
-1519
-1500
-1494
-1247
-893
-564
-388
-297
56
296
401
559
803
1048
1094
1086
1071
1255
1202
1240
1418
1318
1256
1221
1340
1450
1492
1611
1377
1469
1666
1710
1922
1802
1878
1981
2126
2249
2295
2277
2389
2616
2537
2645
2918
3121
3029
2640
2175
2365
2677
2793
2495
1858
1613
1379
1478
1506
1121
455
-144
-427
-481
-358
-527
-1226
-1845
-2008
-2123
-2182
-2169
-2340
-2532
-2735
-2689
-2459
-2431
-2477
-2426
-2144
-2091
-2042
-2006
-1693
-1254
-1007
-907
-872
-608
-464
-257
72
254
199
53
252
400
479
381
324
266
82
194
121
-67
-402
-768
-833
-1026
-1233
-1457
-1738
-1854
-1977
-2058
-2233
-2504
-2605
-2610
-2503
-2488
-2616
-2546
-2451
-2540
-2218
-1855
-1751
-1616
-1490
-1322
-926
-690
-481
-338
-307
85
269
403
720
754
761
903
1062
1287
1328
1166
1257
1295
1261
1269
1279
1323
1410
1466
1401
1344
1326
1421
1481
1658
1676
1578
1650
1813
1777
1730
1930
2091
2165
2308
2449
2612
2626
2274
2090
2147
2472
2483
2081
1645
1438
1345
1308
1175
1100
509
19
-195
-318
-390
-823
-1150
-1547
-1893
-1933
-1997
-2089
-2219
-2351
-2391
-2549
-2406
-2204
-2142
-2140
-2102
-1965
-1898
-1871
-1647
-1274
-1131
-1141
-1170
-959
-709
-440
-331
-104
-51
-119
58
370
483
426
454
504
352
57
56
199
-10
-570
-820
-788
-843
-1062
-1501
-1762
-1915
-2050
-2208
-2257
-2232
-2516
-2570
-2337
-2221
-2146
-2212
-2163
-2052
-1834
-1577
-1388
-1207
-1152
-902
-705
-569
-306
-246
-101
115
246
356
507
696
777
757
786
893
957
1053
1045
1044
1063
1119
1108
1249
1356
1312
1322
1333
1350
1495
1537
1394
1451
1567
1655
1653
1636
1808
2103
2167
2069
2097
2225
2115
1790
1714
2126
2312
1979
1442
1242
1207
1210
1116
896
487
-110
-436
-392
-405
-743
-1085
-1566
-1758
-1987
-2104
-2126
-2151
-2378
-2565
-2529
-2572
-2587
-2534
-2316
-2296
-2250
-2127
-2026
-1822
-1527
-1260
-1096
-1065
-1048
-934
-697
-519
-331
-206
-304
-77
-5
183
283
205
146
28
31
53
194
58
-423
-680
-804
-666
-791
-1102
-1584
-1930
-1974
-1949
-1967
-2348
-2664
-2809
-2737
-2520
-2567
-2707
-2669
-2608
-2370
-2173
-2012
-1676
-1607
-1489
-1231
-1069
-852
-644
-446
-346
-162
-100
58
178
266
414
397
552
534
658
807
784
959
997
949
1064
1274
1395
1375
1409
1477
1402
1379
1563
1629
1638
1508
1637
1646
1617
1763
1747
1864
1921
2014
2039
1834
1500
1482
1911
2071
1876
1419
1139
1293
1237
1054
864
352
-91
-176
-282
-541
-691
-936
-1300
-1475
-1685
-1827
-1961
-2063
-2154
-2243
-2462
-2392
-2343
-2149
-2113
-2086
-1939
-1991
-1708
-1701
-1513
-1338
-1275
-1157
-1154
-973
-788
-558
-508
-367
-317
-314
-30
39
304
222
133
214
227
180
52
48
-5
-404
-705
-698
-508
-698
-1253
-1551
-1798
-1874
-2035
-2171
-2291
-2398
-2578
-2586
-2531
-2485
-2567
-2536
-2427
-2287
-2127
-1889
-1713
-1532
-1363
-1375
-1046
-836
-584
-398
-260
-161
-41
132
365
505
523
583
607
850
995
912
941
1015
1050
1047
1114
1129
1279
1322
1351
1418
1472
1532
1436
1610
1762
1710
1862
1739
1841
2035
2020
2057
1988
2152
2020
1809
1710
1932
2114
1967
1666
1442
1603
1376
1145
1041
1010
921
485
259
70
-6
-168
-495
-788
-1112
-1288
-1339
-1431
-1553
-1805
-1866
-1986
-1951
-1928
-1917
-1923
-1826
-1713
-1646
-1575
-1475
-1189
-1002
-1002
-941
-671
-482
-358
-398
-123
-14
-39
108
254
408
490
412
451
497
434
441
300
217
110
99
233
-163
-683
-738
-463
-554
-1126
-1455
-1582
-1605
-1660
-1888
-2096
-2304
-2412
-2299
-2031
-2216
-2306
-2235
-1969
-1737
-1698
-1579
-1382
-1154
-1016
-803
-580
-377
-218
-136
50
254
388
592
795
944
1060
994
1087
1186
1283
1394
1257
1334
1335
1414
1446
1440
1343
1458
1355
1432
1571
1516
1477
1440
1766
1769
1794
1771
1734
1896
2042
2185
1935
1818
1725
1770
1889
1762
1492
1453
1524
1254
1082
935
908
646
353
76
-192
-395
-481
-501
-899
-1242
-1409
-1492
-1441
-1569
-1808
-1984
-2184
-2134
-2049
-2030
-2020
-2033
-1974
-1964
-1727
-1509
-1434
-1288
-1166
-973
-818
-660
-488
-376
-165
-82
76
83
322
455
495
700
585
577
735
727
691
505
374
555
420
234
-60
-316
-406
-618
-845
-1230
-1413
-1518
-1667
-1669
-2002
-2075
-2077
-2226
-2074
-2119
-2325
-2129
-2000
-1925
-1977
-1735
-1534
-1338
-1025
-952
-831
-606
-285
-61
250
330
439
731
873
879
907
1192
1298
1324
1400
1343
1445
1418
1415
1374
1392
1398
1277
1314
1393
1347
1443
1390
1298
1422
1451
1455
1539
1585
1573
1701
1758
1848
2126
2295
2214
2035
1743
1873
2139
1998
1485
1350
1573
1470
1061
888
944
766
403
295
117
-197
-355
-521
-632
-1038
-1299
-1328
-1360
-1474
-1613
-1830
-1968
-1857
-1764
-1933
-1874
-1920
-1847
-1732
-1707
-1486
-1284
-1203
-1012
-844
-641
-490
-453
-230
-50
187
196
295
417
574
634
566
678
739
734
657
611
515
362
264
-4
-217
-260
-360
-696
-1019
-1041
-1242
-1608
-1714
-1714
-1887
-2204
-2236
-2050
-2086
-2203
-2133
-2136
-2020
-1917
-1818
-1610
-1582
-1444
-1396
-1144
-775
-593
-468
-425
-102
140
227
325
533
802
872
873
1089
1142
1243
1328
1381
1468
1298
1266
1351
1422
1382
1294
1448
1230
1229
1398
1354
1296
1419
1524
1450
1550
1484
1595
1806
1886
1949
2145
2186
2267
2397
2342
2144
2018
2468
2350
1971
1689
1856
1984
1698
1198
1037
997
669
539
341
161
-269
-235
-270
-594
-891
-1056
-983
-1122
-1241
-1344
-1493
-1416
-1372
-1311
-1440
-1470
-1267
-1292
-1328
-1146
-881
-738
-626
-687
-438
-275
-98
-82
-160
153
237
311
447
487
476
531
595
684
499
418
512
347
228
35
-4
-170
-493
-724
-862
-1033
-1262
-1378
-1573
-1579
-1696
-2029
-2155
-2306
-2279
-2173
-2263
-2303
-2260
-2273
-2147
-1973
-1898
-1863
-1693
-1520
-1396
-1150
-1032
-988
-715
-543
-382
-245
-23
210
244
371
518
655
694
767
838
821
938
925
922
929
867
1016
1073
1097
1005
1022
957
926
1098
972
966
1172
1149
1144
1247
1210
1380
1488
1529
1622
1689
1902
2067
1791
1602
1488
1827
1779
1358
1105
1226
1388
1095
845
661
566
484
261
-102
-164
-299
-354
-472
-674
-877
-1009
-1089
-1098
-1081
-1208
-1345
-1419
-1321
-1157
-1295
-1331
-1138
-1028
-1119
-1152
-879
-603
-693
-786
-534
-274
-307
-78
-43
22
71
195
278
308
520
394
335
329
284
326
150
156
87
-39
-352
-476
-436
-450
-777
-1204
-1331
-1439
-1465
-1741
-1992
-1896
-2045
-2197
-2249
-2239
-2029
-2233
-2232
-2083
-1956
-1954
-1900
-1754
-1624
-1484
-1452
-1145
-929
-844
-810
-740
-546
-210
-19
64
246
292
416
435
638
769
678
741
820
927
880
779
863
967
916
811
727
827
884
770
927
786
873
934
984
1068
1075
1255
1328
1277
1481
1529
1505
1690
1736
1774
1568
1291
1405
1833
1887
1404
1098
1186
1334
1277
818
613
539
487
348
196
-57
-259
-266
-327
-423
-663
-716
-779
-760
-774
-955
-1130
-1081
-979
-1085
-1131
-1183
-1068
-970
-984
-1037
-970
-802
-708
-577
-562
-487
-352
-403
-329
-247
-161
-95
30
264
294
111
43
143
95
146
167
107
27
-9
104
-126
-330
-493
-518
-633
-673
-1009
-1337
-1290
-1351
-1473
-1516
-1687
-1726
-1568
-1623
-1653
-1614
-1605
-1726
-1611
-1448
-1394
-1412
-1380
-1264
-1124
-1004
-884
-805
-589
-555
-432
-142
-73
42
72
171
347
414
432
455
586
583
432
653
772
817
756
710
780
914
911
819
832
1016
1014
1049
1014
1084
1151
1114
1156
1159
1302
1366
1372
1339
1417
1566
1689
1519
1151
1218
1448
1595
1551
959
921
1038
1352
1031
640
578
667
727
368
212
49
-23
-149
-213
-355
-562
-578
-656
-676
-742
-1022
-1048
-1126
-1130
-1100
-1146
-1237
-1377
-1194
-1157
-1231
-1174
-1093
-984
-938
-922
-874
-705
-692
-668
-511
-422
-417
-287
-84
-16
8
-101
23
217
249
205
298
247
-18
16
80
-78
-358
-417
-437
-434
-695
-1066
-916
-910
-1094
-1345
-1455
-1441
-1348
-1446
-1687
-1783
-1716
-1770
-1787
-1663
-1687
-1806
-1742
-1473
-1329
-1126
-1119
-1050
-797
-691
-681
-556
-426
-168
17
59
235
360
402
486
579
700
731
769
822
914
1004
1051
1023
973
950
986
1058
940
1080
1021
968
929
946
1002
965
1101
1152
1233
1149
1249
1304
1400
1482
1532
1578
1551
1308
1378
1849
1817
1493
1253
1415
1851
1713
1259
1181
1208
1189
918
764
678
464
300
290
125
-212
-501
-587
-626
-820
-1091
-1255
-1218
-1110
-1253
-1561
-1558
-1319
-1278
-1465
-1551
-1497
-1361
-1145
-1125
-1052
-856
-888
-858
-619
-493
-382
-316
-153
-41
1
126
116
269
511
609
547
570
627
637
491
546
471
123
-8
34
73
-386
-654
-816
-839
-952
-1204
-1598
-1712
-1628
-1670
-1871
-2090
-2174
-2237
-2036
-2157
-2139
-2120
-2134
-1852
-1766
-1663
-1555
-1341
-1068
-1037
-951
-791
-486
-174
-106
56
159
361
508
637
719
736
758
862
885
877
977
854
900
1008
925
833
816
885
901
914
770
696
779
860
833
864
906
937
924
954
1057
1117
1202
1241
1459
1550
1703
1525
1496
1637
1906
2041
1631
1537
1752
1873
1845
1628
1385
1421
1498
1339
1107
822
549
458
291
126
-264
-507
-624
-807
-888
-1157
-1383
-1372
-1576
-1518
-1609
-1654
-1450
-1489
-1544
-1374
-1175
-1128
-1063
-984
-736
-636
-473
-385
-296
-18
153
227
388
577
513
636
767
973
1100
1080
954
1010
1079
1006
956
821
674
584
459
285
132
-186
-533
-726
-836
-852
-1104
-1592
-1705
-1696
-1857
-2080
-2219
-2182
-2315
-2256
-2184
-2199
-2130
-2097
-1928
-1776
-1566
-1512
-1339
-1063
-889
-776
-611
-415
-137
0
144
278
350
606
577
571
710
725
652
783
662
633
658
607
626
572
639
683
565
709
501
430
476
296
651
479
469
622
799
822
803
929
953
1103
1371
1663
1619
1993
2041
2188
2226
1950
2028
2583
2837
2484
2182
2165
2515
2359
1955
1594
1613
1445
1103
834
502
270
37
-164
-504
-816
-1057
-1038
-1104
-1279
-1754
-1905
-1791
-1828
-1839
-1851
-1755
-1659
-1425
-1392
-1252
-1099
-831
-759
-662
-480
-188
-66
86
263
340
452
532
759
917
1067
971
1082
1221
1165
1212
1143
1127
1097
938
836
669
512
352
230
57
-265
-573
-564
-726
-1091
-1374
-1461
-1461
-1537
-1650
-1808
-2003
-2001
-1889
-1852
-1663
-1802
-1685
-1515
-1407
-1156
-1193
-1029
-835
-750
-689
-412
-266
-57
7
-12
86
194
236
254
415
442
434
476
535
522
525
396
492
556
556
399
529
606
569
627
548
489
624
736
701
757
750
910
933
1100
1158
1189
1284
1409
1452
1566
1835
1935
2073
2050
2056
2088
2100
2127
2225
2187
1831
1672
1630
1565
1481
1327
1110
884
654
550
440
113
-220
-245
-511
-772
-822
-939
-933
-1050
-1043
-1028
-1159
-1257
-1126
-1078
-1046
-1010
-1072
-1006
-889
-763
-608
-509
-297
-291
-165
-116
-50
146
140
118
180
357
394
400
525
489
561
433
312
428
414
310
137
160
57
-40
-70
-24
-165
-295
-471
-561
-493
-744
-956
-940
-985
-967
-1097
-1259
-1141
-1217
-1188
-1192
-1323
-1346
-1279
-1289
-1266
-1202
-1209
-1164
-1113
-1172
-1108
-1068
-992
-892
-947
-801
-661
-621
-502
-522
-346
-315
-265
-285
-311
-226
-129
-23
18
100
137
130
225
329
207
346
427
495
524
628
818
820
797
818
834
956
1061
1163
1157
1236
1289
1401
1441
1393
1352
1519
1653
1725
1758
1709
1583
1600
1542
1559
1755
1457
1241
1268
1484
1253
1161
1225
927
858
855
885
629
337
387
212
53
-95
-71
-120
-192
-243
-417
-473
-519
-497
-520
-578
-553
-479
-525
-567
-391
-476
-327
-470
-532
-398
-442
-313
-142
-220
-225
-336
-285
-126
-149
-153
-172
-116
-30
26
6
151
78
154
135
218
329
269
315
233
300
269
183
71
-94
-200
-180
-277
-601
-594
-702
-831
-966
-1221
-1274
-1304
-1480
-1581
-1647
-1717
-1869
-1840
-1862
-1807
-1704
-1756
-1687
-1761
-1575
-1411
-1373
-1274
-1282
-1211
-1049
-925
-810
-640
-525
-469
-289
-237
-189
-111
163
339
465
430
573
648
680
714
837
881
810
779
639
778
814
768
776
836
851
820
756
756
710
794
799
783
984
1008
1045
1103
1336
1445
1396
1403
1550
1630
1641
1533
1616
1720
1656
1439
1531
1655
1586
1254
1099
1146
1088
896
478
518
286
115
-61
-159
-245
-364
-520
-691
-822
-903
-841
-931
-983
-1003
-1149
-1147
-1090
-1048
-1115
-1070
-1058
-977
-957
-927
-733
-591
-407
-399
-362
-260
-98
-31
-27
157
340
348
352
490
599
775
812
671
607
669
678
619
541
330
307
137
31
-169
-259
-456
-514
-633
-823
-896
-1175
-1239
-1341
-1451
-1648
-1720
-1770
-1730
-1755
-1822
-1763
-1865
-1842
-1799
-1718
-1598
-1522
-1522
-1351
-1346
-1289
-1149
-1137
-838
-699
-619
-473
-324
-166
-95
-37
-8
159
169
222
206
433
492
382
485
437
392
421
419
424
449
444
406
320
347
347
520
400
237
335
445
467
447
522
694
773
803
1136
1240
1211
1439
1655
1701
1546
1430
1652
1943
1922
1728
1543
1441
1579
1529
1431
1207
962
974
914
874
696
589
422
143
-3
-186
-525
-571
-516
-783
-1032
-1192
-1220
-1221
-1145
-1327
-1550
-1529
-1394
-1425
-1332
-1346
-1121
-1046
-1149
-881
-729
-509
-325
-294
-208
30
149
306
460
525
671
614
635
971
1019
910
995
951
1127
1117
1031
990
935
877
813
675
571
409
335
27
-221
-215
-449
-720
-741
-880
-1034
-1042
-1315
-1432
-1514
-1488
-1566
-1680
-1690
-1557
-1549
-1554
-1480
-1499
-1422
-1327
-1250
-986
-933
-713
-642
-538
-370
-374
-150
22
139
233
267
377
461
452
508
455
640
740
649
573
523
559
492
384
494
498
392
509
552
553
522
507
350
405
441
384
437
557
644
657
826
832
974
1044
1111
1388
1507
1319
1367
1737
1987
1924
1909
1940
1980
2056
1861
1958
1944
1639
1378
1222
1144
922
695
371
146
-58
-266
-501
-712
-830
-963
-1113
-1355
-1481
-1319
-1349
-1446
-1536
-1526
-1487
-1440
-1301
-1380
-1234
-1129
-1118
-856
-719
-698
-483
-368
-215
64
210
350
515
750
743
863
958
1093
1259
1444
1501
1438
1393
1411
1372
1407
1281
1067
977
808
677
486
198
36
-164
-378
-599
-845
-953
-1119
-1265
-1244
-1376
-1318
-1464
-1600
-1563
-1453
-1214
-1367
-1356
-1235
-1107
-929
-801
-729
-575
-497
-357
-184
-53
-51
52
129
172
210
424
476
510
487
518
574
509
483
483
479
432
418
320
258
119
217
99
93
152
41
-38
-111
-155
-117
-108
-59
4
112
106
228
208
232
393
550
923
1104
1245
1317
1394
1665
1850
1914
1815
1666
1802
2216
2411
1979
1617
1377
1645
1661
1408
986
707
775
650
229
-31
-75
-290
-454
-698
-817
-1031
-1180
-1245
-1273
-1384
-1520
-1649
-1634
-1481
-1422
-1473
-1500
-1340
-1152
-1088
-1051
-726
-634
-470
-324
-165
-122
255
537
420
509
533
534
772
909
865
847
798
749
812
744
726
612
554
580
347
338
327
228
73
71
22
-202
-296
-303
-501
-534
-693
-758
-762
-626
-739
-903
-801
-935
-838
-802
-771
-666
-790
-696
-619
-427
-448
-397
-257
-297
-208
-159
-144
-46
99
89
126
295
223
178
236
247
243
313
189
106
187
309
299
187
241
166
192
376
410
441
352
407
522
520
657
651
791
688
737
858
1015
1018
938
1163
1193
1264
1252
1318
1315
1454
1579
1641
1576
1467
1437
1578
1925
1799
1414
1228
1482
1661
1567
1195
956
1002
941
686
393
286
254
85
-89
-287
-465
-560
-686
-534
-697
-795
-951
-1125
-994
-980
-1158
-1225
-1114
-1095
-1091
-1048
-1018
-966
-842
-905
-814
-761
-568
-488
-508
-359
-283
-161
-79
53
64
85
130
278
379
322
511
401
464
599
509
457
460
582
606
449
394
448
288
175
138
42
-257
-372
-451
-553
-750
-856
-893
-1076
-1126
-1047
-1139
-1064
-1104
-1283
-1130
-1049
-1076
-984
-918
-926
-895
-790
-628
-602
-585
-450
-383
-239
-172
-149
-130
-59
-57
35
174
403
296
302
475
420
486
445
543
559
573
607
544
543
448
523
582
411
282
261
306
290
355
287
211
316
385
439
465
527
748
877
900
1122
1239
1481
1694
1773
1640
1425
1797
2460
2243
1542
1520
2065
1894
1628
1496
1333
1385
1228
1001
826
736
556
413
225
-24
-280
-242
-302
-578
-693
-951
-1068
-1081
-911
-1034
-1211
-1305
-1196
-1147
-1249
-1145
-1026
-877
-1040
-1032
-835
-606
-427
-300
-114
145
260
246
495
654
729
836
790
807
977
1029
956
954
958
794
770
738
722
438
183
205
-13
-153
-336
-601
-675
-742
-823
-1042
-1176
-1200
-1084
-1203
-1424
-1446
-1339
-1366
-1249
-1110
-1143
-1126
-1089
-957
-916
-853
-794
-617
-573
-531
-491
-257
-134
-94
21
132
274
289
174
365
335
303
500
280
327
389
332
214
240
174
60
38
32
-70
-67
-122
-132
-94
-200
-120
-107
6
-88
-141
-10
40
280
309
374
539
629
723
947
1014
1117
1249
1317
1412
1475
1707
1837
1848
1693
1455
1726
2140
2061
1659
1458
1416
1528
1587
1357
1138
1031
800
601
406
469
378
65
-121
-362
-411
-555
-582
-707
-697
-544
-706
-863
-700
-558
-640
-684
-626
-566
-335
-382
-380
-212
-206
-173
-129
-39
119
241
233
332
408
360
363
452
440
476
438
435
555
515
445
405
366
445
383
346
236
239
201
28
132
226
174
-81
-271
-139
-115
-274
-389
-505
-362
-308
-355
-251
-465
-315
-300
-319
-186
-206
-188
-150
-53
-26
-53
-132
2
14
14
-99
-172
2
100
89
119
119
159
216
114
248
167
334
365
190
330
314
271
349
464
389
394
488
387
455
441
431
403
428
403
414
406
418
452
359
466
566
551
628
620
595
791
770
705
793
797
797
939
936
973
1036
881
889
880
807
674
597
434
403
509
439
426
396
394
295
268
146
106
57
17
-96
-88
-91
-171
-182
-309
-248
-416
-340
-397
-490
-423
-487
-599
-539
-626
-618
-477
-539
-424
-413
-310
-361
-229
-129
-201
-7
-93
-119
48
-26
-61
8
-86
9
-36
-267
-205
-127
-188
-219
-306
-349
-334
-368
-327
-362
-423
-433
-316
-388
-351
-275
-304
-399
-338
-220
-249
-181
-233
-140
-94
-106
13
3
102
137
97
138
223
243
210
330
473
487
600
601
630
723
717
800
885
946
1035
1031
1091
1172
1184
1232
1282
1298
1288
1335
1338
1269
880
824
1221
1556
1281
855
766
1180
1389
939
758
755
595
567
474
394
193
101
53
-93
-278
-419
-480
-616
-647
-653
-903
-985
-860
-823
-910
-1093
-1078
-907
-811
-863
-751
-793
-661
-677
-665
-412
-322
-367
-420
-399
-335
-255
-189
-178
-6
-18
-71
6
69
239
171
166
144
224
310
278
352
357
339
234
198
215
109
46
-65
-1
22
-209
-371
-457
-419
-592
-614
-740
-984
-1025
-906
-811
-992
-971
-879
-838
-930
-880
-802
-919
-884
-1001
-895
-753
-680
-599
-633
-381
-610
-532
-295
-314
-339
-251
-106
-128
-89
-101
-32
-87
-9
-86
-61
16
32
-26
-120
-116
-64
-75
-58
-131
-195
-344
-353
-408
-553
-496
-456
-525
-511
-398
-346
-320
-284
-231
-132
-111
-35
76
199
224
164
400
513
498
461
554
671
744
836
1025
1052
900
1027
1022
976
876
896
893
889
807
812
714
658
642
566
574
521
465
394
428
427
263
149
71
9
99
23
-151
-134
-171
-158
-212
-205
-264
-235
-180
-183
-95
-94
-120
-93
-75
-57
-22
-55
116
81
29
26
7
-10
-55
-4
-159
-81
-52
-200
-247
-245
-231
-384
-434
-484
-583
-616
-697
-625
-608
-630
-607
-590
-594
-672
-674
-460
-531
-590
-446
-561
-551
-486
-420
-381
-343
-436
-354
-355
-297
-213
-189
-105
-91
-71
75
90
60
137
294
378
364
368
250
412
346
401
409
344
467
338
455
452
388
471
595
628
670
684
805
848
1027
1084
917
895
1159
1611
1402
905
838
1043
1152
1130
859
791
681
482
489
449
272
58
-20
0
-104
-124
-204
-222
-247
-240
-362
-458
-264
-158
-309
-446
-478
-407
-229
-269
-135
-103
-164
-159
-137
-76
-94
89
135
88
154
207
180
320
591
455
438
358
448
530
553
497
416
435
387
285
281
367
276
118
166
94
-81
-78
-164
-197
-209
-179
-402
-434
-352
-234
-378
-450
-491
-421
-477
-446
-305
-277
-193
-252
-190
-185
-76
-65
-90
-66
11
4
10
54
110
110
-33
-74
70
101
33
-29
-101
-101
-109
-113
-115
-216
-213
-198
-264
-323
-262
-260
-297
-293
-330
-380
-242
-289
-252
-170
-348
-350
-233
-210
-106
-67
-230
-122
-86
-73
40
103
25
7
-47
-53
-16
-31
-43
-138
-115
-70
-143
-106
-104
99
50
38
41
64
192
167
263
267
365
350
463
460
552
619
548
470
550
732
648
682
641
499
454
370
337
362
288
226
169
180
107
115
152
85
44
-37
-66
-58
-116
-58
-127
-156
-193
-214
-259
-286
-272
-229
-166
-270
-244
-331
-288
-170
-176
-99
-27
-79
-30
72
111
232
128
184
115
271
249
205
287
178
111
98
16
-63
-6
-70
-126
-197
-182
-116
-219
-384
-384
-367
-400
-483
-460
-417
-409
-309
-231
-189
-145
-146
-33
8
-7
86
137
242
257
304
340
424
433
443
535
527
694
720
690
790
813
845
897
915
816
869
808
714
759
720
613
519
390
391
376
321
415
356
222
150
-52
-11
268
168
-39
-155
-101
139
-14
-128
-198
-224
-125
-52
145
66
-36
-52
-70
-49
-31
-54
-103
-94
63
-79
-273
-79
162
60
-179
-181
-142
-159
-103
-92
-229
-213
-205
-307
-253
-253
-257
-408
-511
-518
-484
-471
-526
-359
-400
-378
-421
-472
-391
-275
-152
-206
-187
-175
26
92
133
140
73
58
113
170
125
144
2
-14
-87
-193
-197
-111
-134
-260
-310
-329
-315
-334
-432
-468
-404
-387
-373
-312
-315
-272
-236
-268
-249
-274
-317
-288
-283
-170
-172
-220
-235
-119
-129
-140
-164
-63
-89
-215
-113
53
-4
-142
0
51
263
187
62
68
145
39
-55
-151
17
-137
-152
-205
-230
-153
-213
-263
-201
-210
-330
-307
-299
-326
-381
-375
-280
-293
-357
-245
-254
-179
-262
-263
-197
-137
-157
-111
-144
-119
-178
-212
-175
-204
-162
-203
-178
-230
-282
-206
-229
-250
-255
-298
-251
-233
-313
-229
-115
-138
-222
-289
-340
-300
-240
-324
-291
-450
-540
-455
-522
-565
-615
-597
-564
-692
-631
-636
-625
-700
-752
-682
-687
-662
-775
-755
-619
-472
-440
-402
-440
-380
-256
-294
-303
-169
-240
-179
-17
-144
-109
147
138
171
251
311
257
415
533
429
473
547
621
574
533
453
497
558
650
555
447
443
345
386
248
255
235
229
153
243
156
144
262
203
282
315
298
203
276
76
107
169
122
149
34
129
178
26
1
1
13
112
109
18
-2
144
51
111
76
76
167
63
49
123
36
207
3
-43
51
-156
-152
-315
-308
-379
-367
-413
-530
-518
-580
-597
-661
-644
-600
-643
-671
-678
-683
-798
-676
-600
-504
-477
-474
-400
-435
-317
-357
-481
-408
-278
-259
-285
-212
-152
-11
-104
-92
55
-17
-32
-26
23
171
136
7
84
73
162
254
251
292
252
300
219
173
267
226
293
335
223
89
140
143
150
235
285
232
341
391
368
438
412
593
456
414
622
765
587
581
617
532
502
416
533
390
292
293
260
297
295
216
140
60
-143
-219
-247
-242
-302
-367
-581
-615
-566
-699
-661
-722
-690
-621
-827
-867
-851
-744
-666
-721
-674
-518
-416
-420
-351
-217
-178
-99
-128
-43
-17
-203
-65
149
284
243
263
170
293
215
162
76
14
49
-86
-121
-204
-146
-242
-308
-320
-276
-282
-389
-300
-351
-511
-471
-294
-281
-197
-211
-307
-296
-254
-134
-180
-242
-212
-153
-47
-107
-18
24
37
138
155
257
252
276
343
404
466
476
424
474
623
517
427
421
498
441
376
355
252
194
38
142
-12
-74
-96
-117
-110
-139
-214
-208
-194
-237
-163
-310
-163
-145
-84
-132
-136
-132
-38
42
-139
-108
-25
-8
-19
-121
-88
35
103
146
96
7
116
169
105
176
121
137
271
314
149
55
139
118
112
8
-4
-112
-100
-119
-118
-142
-210
-289
-298
-222
-300
-313
-358
-275
-317
-280
-281
-254
-343
-401
-315
-331
-265
-247
-295
-311
-296
-230
-161
-165
-249
-234
-195
-227
-207
-149
-104
-107
-76
-80
3
133
101
130
149
172
256
274
137
342
370
141
167
142
64
-42
-23
-87
-49
33
-17
-86
-38
60
23
31
16
69
75
101
190
105
142
209
191
57
68
131
253
314
242
411
248
194
353
283
421
396
406
403
338
374
394
408
361
267
290
267
361
402
366
414
372
337
302
332
245
118
167
179
72
5
34
81
40
58
51
5
46
136
168
249
205
239
287
331
307
297
366
398
489
541
509
506
526
592
501
501
591
578
695
509
553
558
522
430
482
383
545
499
304
281
273
376
301
261
273
246
171
235
157
106
40
-23
-9
52
-65
-77
-34
-19
-62
-80
16
-58
-80
-113
83
75
33
155
-61
-54
72
111
175
113
136
157
92
11
-58
-61
-9
25
15
-77
-159
-181
-161
-209
-257
-186
-183
-123
-150
-206
-150
-212
-179
-162
-190
-147
-154
-157
-192
-222
-147
-141
-152
-265
-100
-103
-104
-129
-152
-113
-45
28
-2
19
-5
66
79
96
139
172
168
91
204
195
56
92
98
54
1
77
45
-71
-70
-67
-42
77
127
70
46
-44
-30
213
207
195
246
223
308
285
323
254
274
192
216
276
321
351
257
237
225
173
286
215
167
299
184
249
385
391
331
219
125
115
35
60
89
77
62
-92
-44
-81
-185
-49
-178
-160
-191
-255
-322
-376
