360
446
430
426
419
409
375
334
325
328
270
157
160
82
63
199
179
177
132
55
28
82
174
117
86
155
145
47
204
215
218
168
128
211
125
-26
25
85
2
-34
-92
-25
-37
-3
-84
-69
-18
-69
-18
45
131
84
-59
-4
66
34
-26
-21
-36
14
-18
-23
-97
-246
-268
-167
-44
-103
-107
-138
-61
-83
-105
-25
-174
-57
35
-30
-89
-122
-105
-459
-352
-855
-1436
-435
220
-289
-1045
-549
-20
283
-225
-624
-362
-613
-489
-145
-146
-99
-142
72
45
16
-686
-525
559
699
506
-274
-1133
-696
-688
-426
-70
-607
-726
-991
-967
-699
-1323
-904
-1355
-1475
-1114
-1414
-569
-467
-509
-165
-231
-264
-157
-223
-152
-26
257
117
-161
41
-299
-284
-75
-436
-135
-273
-380
-191
-437
-435
-397
-672
-770
-630
-401
-505
-686
-543
-438
-335
-365
-354
-343
-547
-300
242
152
-35
146
-516
-720
-550
-473
-244
-213
-221
-187
-222
-389
-611
-468
-245
-383
-162
-145
-262
-391
-532
-558
-451
-447
-261
-161
-68
-34
-180
-298
-487
-451
-476
-546
-113
-18
-101
-24
-307
-477
-391
-483
-285
-44
46
-1
-92
-228
-439
-299
-426
-516
-403
-463
-460
-277
-365
-608
-572
-707
-809
-626
-543
-467
-494
-638
-560
-690
-794
-787
-708
-571
-708
-516
-471
-535
-412
-474
-613
-533
-398
-269
-226
-292
-278
-168
-413
-697
-527
-393
-360
-227
-293
-183
-198
-263
-242
-120
-221
-294
-135
-84
-60
-146
-23
-89
32
-104
-9
-17
-28
43
41
-70
-21
117
248
193
275
240
230
330
164
294
259
266
516
877
802
766
774
870
883
823
1011
1105
1102
1034
1005
1002
852
686
652
705
601
628
593
673
579
407
311
224
246
36
72
350
388
207
10
-167
-76
-143
-165
-57
-66
-76
-158
-138
-162
-247
-357
-408
-297
-244
-438
-387
-567
-781
-871
-931
-974
-1096
-1137
-1141
-1086
-1315
-1210
-1302
-1253
-1107
-1078
-819
-753
-437
-360
-170
54
63
198
501
692
805
1143
1211
1329
1394
1574
1780
1785
1922
1902
2145
2210
2050
2082
2243
2439
2609
2623
2497
2643
2725
2807
3040
3448
3458
3335
3210
3081
2672
2222
2263
2571
2224
1521
1095
862
235
-582
-745
-602
-854
-1327
-1240
-1085
-1312
-1873
-1852
-1499
-1403
-1275
-758
-301
-143
-132
-22
277
464
598
910
1071
1118
1264
1211
866
631
716
534
260
333
295
-186
-584
-842
-1068
-1399
-1704
-1811
-2145
-2849
-3242
-2939
-2836
-3048
-3380
-3344
-3269
-3358
-3205
-2856
-2800
-2804
-2604
-2049
-1453
-1398
-1447
-1356
-1078
-719
-441
-207
-199
-133
220
439
755
866
864
911
1473
1874
1927
1964
2066
2456
2830
2957
3098
3482
3874
4002
4151
4500
4587
4439
4115
4214
5114
5756
5196
3798
2783
2357
1557
609
667
1190
507
-982
-1669
-1624
-2268
-3421
-3744
-3065
-2626
-2742
-2547
-1992
-2006
-2329
-2250
-1453
-413
169
688
1254
1752
1962
1965
1846
2033
2352
2417
2314
2605
2946
2490
1491
1012
867
722
258
26
-34
-336
-1026
-1635
-1577
-1688
-2079
-2281
-1987
-1872
-2133
-2438
-2276
-2011
-2272
-2372
-2428
-2508
-2394
-2447
-2590
-2798
-2759
-2879
-3008
-2832
-2748
-2752
-2914
-2860
-2555
-2256
-2344
-2228
-2022
-1717
-1345
-1172
-900
-608
-387
-356
-41
383
757
972
1170
1463
1812
2047
2235
2622
2736
3068
3368
3847
4085
4322
4403
4459
4888
5091
5391
5235
5079
4941
5154
5099
4728
3781
2940
2401
1377
770
575
560
-188
-1243
-1957
-2163
-2406
-3102
-3384
-3130
-2843
-2852
-2592
-1959
-1587
-1820
-1808
-1256
-377
240
627
1160
1721
1912
1841
2013
2101
2098
1809
1673
2171
2382
1805
1144
757
455
93
-368
-468
-558
-1100
-1486
-1837
-1888
-2155
-2641
-2744
-2881
-3047
-3037
-2878
-2938
-3047
-3325
-3481
-3183
-3283
-3463
-3479
-3336
-3147
-3103
-2865
-2966
-2883
-2742
-2690
-2377
-2066
-1852
-1653
-1554
-1504
-1256
-1191
-1037
-954
-723
-493
-240
-34
215
418
685
929
1153
1299
1412
1765
1987
2313
2747
2981
3181
3468
3742
3918
4115
4385
4622
4816
4963
5201
5179
5013
4973
4829
4153
3313
2734
2445
1902
1365
1173
1043
482
-477
-1087
-1190
-1586
-2299
-2435
-2194
-1920
-2059
-2126
-1869
-1752
-2042
-2118
-1517
-936
-544
-312
73
554
673
631
733
1060
1074
1296
1423
1733
1726
1434
1082
767
710
264
18
-75
-97
-359
-816
-1067
-1287
-1725
-2081
-2335
-2445
-2633
-2815
-2681
-2577
-2850
-3122
-3207
-3184
-3213
-3060
-2909
-2755
-2437
-2216
-2078
-1944
-1905
-1852
-1787
-1630
-1398
-1499
-1344
-1236
-1070
-960
-1096
-1093
-965
-1116
-1462
-1024
-322
-170
-248
-187
337
511
353
510
879
1160
1466
1739
1940
2042
2173
2443
2545
2510
2645
2939
3011
3389
3424
3427
3658
3865
3832
3768
3746
3852
3952
3649
3234
3148
3200
2790
2113
1730
1990
1949
1310
582
411
364
-412
-1051
-1088
-844
-1146
-1861
-2007
-1563
-1710
-2221
-2227
-2092
-1894
-2033
-1820
-1192
-838
-962
-1049
-704
-352
-202
-426
-221
206
241
158
-1
38
-37
-324
-482
-421
-332
-512
-871
-931
-994
-1082
-1362
-1500
-1627
-1824
-1964
-1816
-1622
-1858
-2051
-2189
-2249
-2406
-2554
-2559
-2346
-2149
-2031
-2020
-1789
-1687
-1730
-1848
-1789
-1385
-1186
-1110
-1057
-707
-494
-790
-882
-578
-266
-171
-189
128
458
366
375
585
540
931
974
1044
1455
1759
1716
1646
1694
1727
1994
2063
2275
2562
2763
2873
2937
3022
3189
3253
3383
3702
3806
4001
4169
4282
4501
4250
3897
3288
2973
2988
2704
2136
1537
1738
1745
1066
151
-367
-501
-907
-1484
-1597
-1230
-1337
-2122
-2564
-2361
-2283
-2522
-2802
-2458
-2050
-2053
-1843
-1565
-1389
-1337
-1522
-1398
-885
-314
-385
-267
266
352
189
0
157
152
59
-143
-50
221
-53
-347
-744
-925
-948
-1193
-1343
-1245
-1391
-1776
-2193
-2448
-2309
-2275
-2497
-2499
-2509
-2523
-2499
-2360
-2235
-2038
-2167
-1965
-1522
-1244
-1131
-1394
-1419
-1247
-1037
-768
-706
-708
-628
-579
-549
-555
-588
-538
-388
-210
-52
193
514
789
635
348
611
1030
1202
1217
1409
1829
2099
2088
1829
1981
2190
2350
2328
2363
2839
3214
3338
3468
3676
3930
3871
3784
4175
4388
4408
4250
3770
3228
2803
2594
2248
1591
1260
1359
953
-65
-663
-798
-1171
-2260
-2737
-2478
-2389
-2811
-3229
-3066
-2948
-3163
-3306
-2916
-2486
-2335
-2176
-1741
-1170
-976
-960
-898
-465
68
336
460
758
997
1006
807
720
824
662
314
141
264
157
-155
-509
-613
-739
-1184
-1326
-1302
-1317
-1561
-1992
-2363
-2544
-2382
-2298
-2398
-2520
-2524
-2617
-2602
-2389
-2250
-2226
-2235
-2099
-1627
-1303
-1335
-1334
-1225
-1085
-1153
-1108
-687
-373
-568
-637
-529
-368
-183
-533
-689
-424
4
129
77
280
289
377
440
427
561
894
1270
1502
1673
1783
1981
2083
2262
2579
2853
3124
3143
3362
3537
3912
4139
4236
4291
4447
4503
4368
4479
4379
3784
2889
2536
2593
2104
1346
914
957
423
-698
-1311
-1545
-1861
-2737
-3107
-2771
-2804
-3299
-3727
-3561
-3563
-3595
-3425
-3040
-2585
-2377
-2127
-1855
-1408
-1060
-784
-501
44
645
1109
1336
1398
1778
1793
1588
1661
1815
1863
1758
1594
1444
1232
616
250
120
-68
-494
-850
-980
-1407
-1602
-2148
-2677
-2908
-2830
-2856
-2971
-3074
-3410
-3388
-3329
-3281
-3029
-2909
-2762
-2614
-2220
-1998
-1962
-1948
-1965
-1453
-1172
-986
-810
-839
-842
-763
-517
-277
-57
-4
-36
282
230
290
457
499
632
914
1069
1254
1296
1336
1484
1655
1906
2194
2310
2291
2465
2909
3017
2863
2914
3373
3701
3680
3841
4163
4429
4581
4523
4348
4381
4076
3425
2752
2568
2748
2154
1325
968
850
228
-840
-1479
-1509
-1878
-2561
-2644
-2482
-2700
-3386
-3767
-3489
-3229
-3128
-2849
-2573
-2225
-2173
-2001
-1613
-1133
-642
-437
-164
477
1139
1189
1189
1411
1687
1711
1484
1736
1990
1841
1346
1068
1138
973
557
185
90
-135
-469
-912
-1172
-1325
-1727
-2388
-2894
-2983
-2934
-3093
-3559
-3925
-4065
-3913
-4086
-4081
-3853
-3718
-3784
-3559
-2917
-2556
-2622
-2733
-2375
-1859
-1579
-1455
-1229
-964
-887
-752
-464
-102
-109
-202
8
337
459
423
447
501
601
632
858
1182
1434
1728
1926
2263
2329
2388
2481
2892
3430
3534
3794
4108
4298
4224
4448
4912
5177
5324
5434
5515
5385
5060
4677
4048
3418
2960
2841
2896
2418
1587
668
98
-640
-1257
-1610
-1825
-1949
-2392
-2809
-3101
-3295
-3530
-3668
-3339
-2890
-2554
-2378
-2210
-2105
-1961
-1627
-1082
-527
73
473
772
991
1228
1471
1824
1993
2191
2225
2006
2072
1891
1704
1603
1341
880
510
132
-159
-390
-912
-1183
-1514
-1941
-2380
-2862
-3287
-3701
-3815
-3670
-3655
-4123
-4610
-4484
-4250
-4241
-4170
-3986
-3825
-3812
-3648
-3172
-2931
-2876
-2566
-2182
-1843
-1700
-1670
-1461
-1274
-938
-722
-625
-366
-394
-410
-223
49
246
315
380
473
589
836
1051
1166
1444
1550
1749
2080
2418
2886
3184
3387
3716
4228
4690
4987
5024
5533
5860
6160
6559
6614
6671
6276
5936
5586
4999
4187
3570
3633
3546
2843
1481
451
-178
-816
-1563
-1778
-1738
-2325
-3187
-3825
-3866
-3867
-4032
-4004
-3640
-3314
-3335
-3154
-2917
-2461
-2066
-1650
-971
-365
150
338
637
1173
1519
1865
1987
2258
2355
2301
2161
2136
2315
2082
1852
1449
1093
806
577
135
-239
-533
-985
-1348
-1799
-2180
-2710
-3113
-3389
-3414
-3401
-3979
-4432
-4730
-4708
-4523
-4418
-4386
-4326
-4306
-4332
-3915
-3549
-3444
-3337
-3126
-2690
-2409
-2279
-1805
-1706
-1439
-1134
-1010
-612
-625
-682
-491
-116
172
364
411
498
712
863
1098
1282
1514
1777
2009
2426
2841
3063
3339
3489
3696
4187
4853
5182
5230
5210
5369
5754
6311
6825
7096
6599
5900
5593
5431
4672
3566
3252
4049
3900
2065
162
-246
-243
-1041
-1783
-1604
-1523
-3066
-4514
-4359
-3503
-3675
-4395
-4331
-3820
-3667
-3861
-3464
-2753
-2414
-2332
-2002
-1285
-693
-453
-112
381
1037
1672
1448
1430
1723
1765
1966
1899
2130
2194
1739
1274
1090
1203
950
363
-76
-281
-476
-981
-1512
-1710
-2029
-2601
-3322
-3531
-3331
-3256
-3835
-4489
-4442
-4501
-4682
-4612
-4291
-4211
-4397
-4445
-4051
-3474
-3330
-3356
-3099
-2656
-2276
-2229
-2007
-1608
-1183
-958
-683
-373
-337
-203
21
477
767
877
895
1005
1252
1505
1673
1824
1977
2120
2533
2877
3026
3296
3424
3662
3982
4372
4772
4901
4886
5149
5725
6072
6188
6560
7027
6617
5888
5721
5806
4813
3156
3161
4484
4511
2000
-181
-177
331
-374
-1312
-1015
-1435
-3126
-4466
-3572
-2610
-3009
-4130
-4430
-3884
-3644
-3464
-3123
-2711
-2579
-2558
-2277
-1652
-1226
-1079
-867
-411
438
1040
805
637
915
1677
1837
1537
1677
1740
1468
1138
1348
1708
1391
593
99
206
225
-316
-852
-1098
-1307
-1877
-2553
-2913
-2734
-2876
-3521
-4105
-4404
-4489
-4703
-4703
-4195
-4030
-4659
-4798
-4485
-3750
-3403
-3484
-3364
-3084
-2860
-2683
-2072
-1690
-1590
-1524
-1412
-1041
-682
-354
-252
-11
450
626
720
1000
1230
1337
1552
1504
1724
2128
2147
2400
2773
2960
2967
3121
3579
4020
4107
4294
4719
4839
5041
5356
5771
6021
5891
5760
5491
5369
5234
4649
3292
2616
4136
4756
2652
-63
-350
661
269
-1153
-1484
-1394
-2868
-4415
-3919
-2454
-2652
-4314
-4912
-4194
-3712
-3727
-3671
-3222
-2921
-2860
-2532
-1977
-1584
-1260
-951
-473
382
889
665
336
837
1869
2217
1861
1694
2001
1960
1788
2115
2300
1924
972
585
887
1083
495
-282
-646
-954
-1169
-1599
-1893
-2416
-2979
-3187
-3264
-3703
-4294
-4715
-4734
-4343
-4156
-4526
-5059
-5099
-4317
-3593
-3636
-3766
-3819
-3543
-3099
-2444
-1763
-1566
-1811
-1719
-1171
-468
-185
-144
35
194
492
688
904
1037
1062
1149
1379
1643
1677
1599
1706
2048
2372
2684
2680
2710
3002
3376
3679
3866
4054
4347
4562
4808
5110
5465
5931
5712
5072
5058
5423
4766
3239
2848
4432
5000
2867
252
51
1177
880
-271
-987
-1213
-2373
-3505
-2875
-1910
-2380
-3805
-4409
-3824
-3247
-3222
-3256
-3110
-2888
-2700
-2486
-2152
-1756
-1403
-1105
-694
63
388
247
19
735
1873
2193
1706
1336
1666
2006
2028
2252
2301
1923
1260
876
1240
1386
977
137
-269
-401
-917
-1445
-1850
-1792
-2214
-3207
-3681
-3673
-3811
-4393
-4823
-4554
-4346
-4866
-5312
-5015
-4438
-4229
-4320
-4337
-3961
-3614
-3400
-2903
-2458
-2211
-2382
-2075
-1444
-903
-739
-545
-390
-111
212
417
778
853
982
1167
1318
1540
1522
1627
1816
2139
2267
2406
2480
2556
3033
3201
3176
3143
3390
3631
3930
4240
4429
4266
4454
5163
5356
5131
4852
4805
4197
3137
2807
3939
4848
3231
784
270
1382
1587
349
-656
-726
-1316
-2418
-2169
-1520
-1731
-3037
-3744
-3091
-2500
-2670
-2956
-2722
-2355
-2210
-2143
-2176
-1801
-1460
-899
-497
-172
70
-107
-126
536
1451
1730
1118
578
1062
1511
1621
1584
1663
1428
881
693
1007
1333
974
207
-106
-74
-424
-965
-1338
-1303
-1399
-2177
-3204
-3560
-3446
-3726
-4131
-4239
-4311
-4901
-5347
-4935
-4364
-4269
-4734
-4903
-4463
-3908
-3634
-3245
-2964
-2872
-2637
-2331
-1762
-1211
-1057
-975
-717
-334
-113
96
348
636
754
789
924
1180
1320
1512
1804
1944
1960
2087
2251
2636
2827
2852
2977
3199
3485
3468
3624
3996
3978
4180
4353
4770
5006
4787
4605
4527
4610
3812
3209
2809
3264
3740
2613
1078
436
872
1060
337
-499
-837
-1236
-1977
-2069
-1685
-1695
-2481
-3305
-3030
-2528
-2596
-2768
-2464
-2347
-2194
-2308
-2121
-1913
-1642
-1161
-786
-597
-444
-435
-307
319
911
1065
613
589
865
1236
1386
1321
1287
1102
806
648
756
927
668
111
-114
-253
-512
-1042
-1259
-1320
-1723
-2277
-2915
-3126
-3272
-3547
-3911
-4049
-4215
-4540
-4608
-4382
-4168
-4160
-4263
-4314
-4089
-3774
-3382
-3101
-2842
-2560
-2334
-2009
-1599
-1168
-988
-764
-424
-110
249
490
903
1140
1308
1468
1615
1611
1934
2271
2357
2401
2426
2604
2777
3035
3171
3268
3349
3556
3806
3897
4101
4375
4450
4529
4580
5089
5393
5186
4808
4734
4522
3805
3407
3479
3947
3459
1956
798
938
1475
949
-106
-865
-1275
-1547
-1967
-1780
-1628
-2213
-2971
-3182
-2779
-2572
-2830
-2821
-2524
-2386
-2373
-2482
-2260
-1801
-1280
-932
-845
-907
-997
-624
-182
233
546
373
106
140
600
1105
1157
951
853
675
686
657
829
773
390
-54
-252
-443
-769
-1148
-1450
-1783
-2229
-2659
-3224
-3266
-3558
-3936
-4215
-4256
-4329
-4565
-4737
-4521
-4030
-4224
-4326
-4121
-3849
-3408
-3095
-2816
-2540
-2473
-2248
-1756
-1353
-890
-673
-551
-235
88
425
780
958
1015
1158
1391
1669
1915
2015
1985
2185
2374
2586
2788
2665
2711
2984
3179
3394
3388
3323
3442
3698
4184
4381
4194
4271
4526
4827
4890
4911
4659
4013
3657
3634
3821
3940
3491
2564
1429
1090
1449
1475
609
-463
-1001
-1092
-1563
-1931
-1900
-1822
-2325
-2888
-2768
-2802
-2639
-2699
-2413
-2128
-2272
-2446
-2403
-1986
-1370
-1044
-929
-1007
-806
-450
-212
268
472
318
120
127
606
946
904
617
624
734
601
448
291
316
94
-226
-508
-708
-1038
-1284
-1716
-2171
-2224
-2574
-3008
-3431
-3787
-3891
-4018
-4040
-4282
-4496
-4525
-4373
-4171
-3848
-3942
-3997
-3934
-3635
-3196
-2902
-2564
-2502
-2108
-1698
-1182
-929
-815
-524
-208
71
251
539
702
747
904
1047
1292
1523
1451
1500
1591
1862
2107
2087
1834
1853
2302
2679
2899
2813
2768
3011
3406
3731
3910
3825
3659
3880
4358
4677
4638
4242
3745
3452
3524
3613
3246
2777
2677
2369
1443
763
1167
1321
560
-535
-723
-706
-1184
-1631
-1650
-1368
-1910
-2585
-2443
-2098
-2015
-2137
-1963
-1939
-2140
-2099
-1894
-1433
-1087
-1013
-877
-861
-598
-273
-41
55
125
285
227
176
330
693
693
525
357
478
397
181
195
181
28
-412
-657
-784
-1058
-1341
-1599
-1846
-2021
-2401
-2753
-2877
-2978
-3084
-3219
-3451
-3590
-3531
-3498
-3439
-3333
-3341
-3341
-3423
-3053
-2698
-2479
-2391
-2260
-2036
-1784
-1397
-1204
-886
-689
-661
-419
-192
162
236
188
551
572
841
1101
1189
1255
1177
1492
1547
1586
1874
1834
1931
2241
2366
2447
2649
2905
3105
3125
3421
3819
3967
3878
3883
4141
4408
4512
4479
4263
3721
3497
3684
3467
2818
2625
2729
1927
628
551
1251
963
-266
-900
-661
-767
-1307
-1480
-1127
-1461
-2189
-2374
-1962
-1794
-2035
-2039
-1997
-1876
-1986
-1984
-1790
-1613
-1322
-1233
-1233
-1203
-1003
-718
-706
-684
-439
-341
-476
-391
-79
115
-69
-295
-211
-73
-143
-212
-234
-280
-394
-718
-709
-718
-1018
-1277
-1375
-1405
-1725
-2005
-2265
-2251
-2495
-2804
-2884
-2836
-2890
-2951
-3113
-2958
-2780
-2822
-2876
-2792
-2577
-2369
-2354
-2264
-2023
-1935
-1767
-1666
-1491
-1179
-1115
-920
-633
-274
-106
72
185
348
740
949
1146
1298
1335
1421
1744
2096
2294
2421
2433
2463
2749
3047
3180
3136
3249
3474
3721
3908
3842
3922
4057
4211
4407
4429
4502
4423
4127
3568
3385
3846
3822
2866
2180
2630
2664
1658
623
1022
1595
753
-529
-561
-175
-612
-1212
-1248
-1225
-1753
-2266
-2143
-1713
-1802
-2117
-2297
-2183
-2201
-2269
-2160
-1929
-1915
-1830
-1784
-1898
-1754
-1484
-1219
-1336
-1343
-1067
-986
-1100
-1125
-621
-424
-693
-865
-589
-427
-539
-526
-418
-325
-491
-591
-469
-338
-632
-908
-968
-840
-1043
-1643
-1811
-1966
-1997
-2198
-2542
-2649
-2633
-2866
-3017
-2923
-2909
-3056
-3297
-3344
-3021
-2832
-2869
-2748
-2542
-2237
-2228
-2124
-1777
-1425
-1224
-1074
-900
-609
-331
-80
84
361
550
785
1117
1281
1412
1706
1731
2089
2393
2501
2648
2660
2955
3154
3214
3314
3623
3623
3622
3893
3932
4137
4079
3815
3877
4203
4594
4554
4176
3569
3170
3387
4044
3579
2261
2071
3004
3085
1601
837
1584
1949
900
-232
-132
231
-399
-1156
-920
-749
-1588
-2213
-1977
-1557
-1751
-2273
-2464
-2290
-2236
-2238
-2216
-2159
-1997
-2038
-1971
-1998
-1829
-1458
-1430
-1509
-1324
-1007
-1092
-1038
-737
-400
-390
-605
-442
-17
338
147
143
451
777
569
353
539
781
704
376
41
11
-68
-463
-671
-792
-1159
-1698
-2077
-2132
-2060
-2356
-2907
-3073
-3060
-3211
-3451
-3463
-3263
-3238
-3360
-3319
-2947
-2733
-2613
-2474
-2036
-1682
-1518
-1153
-779
-365
-248
96
413
705
897
1249
1424
1572
1786
1923
2090
2230
2560
2730
2771
2709
2859
2890
2924
3018
3072
2966
2901
2946
3052
3190
3111
3149
2987
3026
3181
3382
3559
3536
3268
2671
2661
3266
3668
2748
1613
1859
3207
3135
1186
281
1525
2280
930
-337
-23
463
-318
-998
-848
-829
-1553
-2158
-1966
-1497
-1919
-2599
-2742
-2544
-2458
-2525
-2627
-2529
-2324
-2042
-2157
-2219
-1848
-1506
-1492
-1496
-935
-774
-841
-591
-217
336
282
136
672
995
1086
890
877
1495
1776
1415
1048
1167
1478
1335
973
579
284
127
-5
-195
-664
-1110
-1669
-1942
-1731
-1868
-2618
-3146
-3115
-2746
-2722
-3280
-3318
-3078
-2970
-2974
-2930
-2540
-2141
-2051
-1728
-1274
-1130
-775
-561
-249
269
376
542
848
1168
1453
1489
1575
1648
1882
1925
1920
2031
2112
2141
2049
2058
2209
2265
2063
2130
2221
2369
2170
1945
2263
2417
2420
2404
2503
2478
2522
2643
2928
3076
2953
2813
2604
2640
2816
3310
2763
1652
1504
2690
2936
1308
118
854
1744
774
-552
-636
-103
-500
-1349
-1487
-1425
-2128
-2658
-2577
-2313
-2675
-3372
-3452
-3197
-3060
-3286
-3390
-3205
-2830
-2462
-2445
-2493
-2099
-1581
-1270
-1368
-1228
-606
-192
-136
-16
416
591
493
615
1008
1167
926
791
1024
1463
1331
733
497
760
1008
638
-34
-341
-315
-514
-847
-987
-1254
-1872
-2216
-2107
-1990
-2410
-3064
-3121
-2733
-2634
-3096
-3184
-2736
-2507
-2464
-2447
-2233
-1782
-1605
-1429
-1192
-930
-645
-404
-145
196
417
476
585
711
1011
1292
1180
1255
1384
1414
1298
1362
1384
1415
1428
1534
1699
1657
1686
1703
1674
1862
2010
2015
2031
2198
2263
2277
2300
2384
2521
2653
2973
3075
3272
3139
2911
2711
2539
2850
3205
2831
1502
1040
2198
3070
1717
-152
-75
1039
927
-637
-1274
-972
-771
-1419
-2046
-2045
-2217
-2401
-2566
-2439
-2679
-3174
-3134
-2725
-2418
-2531
-2715
-2672
-2303
-1760
-1570
-1632
-1609
-1044
-667
-924
-901
-437
-134
51
74
244
583
528
634
887
1084
812
591
820
1120
1143
996
572
348
524
652
374
156
-177
-436
-343
-366
-779
-1361
-1625
-1606
-1504
-1647
-2120
-2311
-1949
-2041
-2354
-2545
-2344
-2203
-2032
-2080
-2147
-1980
-1716
-1597
-1438
-1251
-1217
-992
-769
-551
-521
-355
-77
99
361
449
474
622
947
970
1101
1183
1289
1395
1368
1524
1375
1411
1618
1836
1917
1873
1968
2053
2077
1973
2062
2219
2164
2180
2131
2187
2201
2114
2152
2426
2441
2119
1818
1814
1681
1972
2128
1588
772
315
987
1583
876
-453
-695
165
281
-481
-1372
-1090
-499
-1061
-1528
-1667
-1568
-1620
-1716
-1748
-1809
-2093
-2170
-1914
-1709
-1685
-1965
-1994
-1696
-1429
-1392
-1475
-1328
-1099
-1062
-1036
-872
-546
-389
-243
-105
44
245
268
392
634
834
739
648
816
1055
1037
780
894
922
611
463
555
640
280
-149
-192
-118
-316
-902
-1085
-988
-1254
-1815
-2079
-2118
-2157
-2322
-2624
-2726
-2634
-2712
-2756
-2656
-2678
-2668
-2643
-2537
-2158
-2048
-1955
-1940
-1499
-1217
-1127
-926
-670
-226
-120
-65
76
421
573
734
824
969
975
1075
1188
1297
1352
1366
1330
1316
1277
1313
1306
1365
1400
1274
1211
1193
1440
1276
1135
1065
1165
1317
1366
1380
1389
1372
1234
1184
1207
1314
1528
1683
1246
557
492
1056
1519
1066
161
-1
501
750
236
-394
-417
-285
-456
-1060
-1339
-1185
-1224
-1489
-1700
-1754
-2013
-2058
-1918
-1734
-1831
-1933
-2134
-1957
-1567
-1431
-1416
-1286
-1229
-1029
-837
-743
-498
-292
-145
-42
62
156
423
584
835
835
922
956
978
1215
1324
1209
1113
1125
1180
1090
792
654
647
475
-89
-441
-570
-698
-1106
-1457
-1572
-1949
-2404
-2584
-2674
-2742
-2908
-3308
-3222
-3059
-3059
-3060
-3168
-2890
-2666
-2660
-2528
-2222
-1727
-1617
-1533
-1256
-933
-686
-560
-363
-57
145
244
279
437
753
917
903
922
1005
1014
992
1010
1186
1144
1062
1143
1162
1178
1130
1130
1161
1034
1071
1108
1016
1146
1046
1336
1339
1233
1243
1416
1650
1697
1655
1465
1616
1776
2051
1954
1750
1467
1254
1554
2014
1744
957
571
891
1135
699
172
119
157
41
-366
-697
-745
-765
-863
-960
-1218
-1282
-1335
-1372
-1097
-1114
-1222
-1237
-1223
-915
-788
-650
-575
-388
-176
-158
-16
95
356
573
533
516
773
859
906
1107
1225
1129
1117
1069
1221
1429
1249
1095
996
972
803
562
474
319
121
-69
-304
-580
-887
-1086
-1420
-1641
-1782
-2271
-2432
-2378
-2393
-2551
-2702
-2730
-2633
-2583
-2506
-2497
-2480
-2455
-2288
-2143
-1981
-1831
-1707
-1522
-1372
-1126
-840
-628
-672
-516
-384
-206
-160
12
184
312
434
395
503
493
573
763
801
737
587
600
720
920
878
716
731
914
1065
980
924
876
914
1037
1133
1167
1087
1274
1562
1731
1932
1856
1856
2130
2273
2445
2525
2451
2098
2034
2186
2537
2563
1947
1481
1528
1850
1744
1122
732
843
773
355
-158
-239
-166
-261
-645
-862
-951
-1040
-1029
-989
-988
-1139
-1301
-1238
-992
-963
-1042
-977
-809
-709
-687
-606
-422
-190
-136
-50
-14
184
343
442
539
635
782
798
896
1113
1306
1271
1026
1020
1093
976
731
440
400
303
180
-204
-398
-666
-891
-1177
-1441
-1754
-2034
-2343
-2528
-2378
-2526
-2826
-3039
-2958
-2844
-2793
-2791
-2815
-2694
-2608
-2514
-2384
-2134
-1962
-1709
-1625
-1454
-1242
-921
-773
-687
-413
-205
-127
-92
100
387
504
474
540
673
777
823
919
838
761
736
767
886
918
752
761
822
888
894
1028
996
944
997
1117
1267
1344
1576
1791
1932
2196
2520
2777
2819
2807
2998
3302
3489
3536
3442
3071
2951
3235
3527
3235
2535
2027
2114
2270
1907
1328
809
711
673
155
-199
-279
-507
-831
-1144
-1365
-1481
-1603
-1700
-1729
-1741
-1861
-1978
-1968
-1911
-1591
-1492
-1534
-1356
-1190
-911
-699
-640
-318
-181
-67
146
398
625
791
1022
1190
1269
1288
1283
1259
1446
1353
1220
1224
1141
1163
920
571
219
72
154
-239
-633
-994
-1177
-1451
-1621
-1937
-2238
-2273
-2366
-2484
-2639
-2868
-2908
-2795
-2737
-2694
-2715
-2585
-2514
-2270
-2207
-2131
-2022
-1791
-1522
-1440
-1095
-905
-731
-407
-122
-166
-121
113
181
364
441
560
586
671
853
795
793
800
756
696
762
724
684
705
641
730
671
686
854
944
1125
1199
1233
1476
1572
1752
1888
2169
2266
2397
2728
2830
2968
2939
2921
3039
3183
3196
2964
2799
2595
2490
2345
2269
2299
1686
1038
765
912
939
386
-210
-514
-529
-819
-1254
-1327
-1477
-1659
-1910
-2033
-2098
-2154
-2196
-2123
-1988
-2026
-2093
-2043
-1798
-1471
-1285
-1189
-958
-840
-521
-311
-244
-11
251
420
433
543
715
972
1089
1046
1019
1039
1075
947
901
891
673
446
475
428
328
63
-66
-58
-209
-524
-609
-637
-812
-1118
-1218
-1130
-1442
-1625
-1627
-1665
-1793
-1937
-1969
-1965
-1874
-1683
-1767
-1641
-1625
-1460
-1419
-1335
-1101
-960
-976
-832
-523
-366
-221
-312
-132
-208
-73
30
123
119
192
147
190
300
265
323
336
379
290
409
350
469
624
580
773
855
770
806
860
1089
1206
1178
1159
1282
1465
1680
1742
1718
1685
1853
2042
2007
2045
2054
2169
2320
2111
2180
2082
2083
2028
1742
1357
1190
1152
1086
885
523
303
-58
-171
-259
-612
-1045
-1221
-1322
-1446
-1715
-1831
-1774
-1893
-2026
-2141
-2053
-1934
-1912
-1707
-1631
-1659
-1628
-1491
-1122
-858
-778
-689
-582
-477
-211
-106
63
173
316
403
400
491
558
753
810
740
739
791
789
839
935
878
769
664
626
627
579
491
411
264
87
-24
-205
-247
-251
-445
-659
-737
-742
-1015
-1232
-1193
-1117
-1291
-1387
-1446
-1337
-1045
-1160
-1170
-1270
-1130
-1053
-920
-797
-788
-704
-705
-628
-602
-505
-349
-350
-290
-13
-109
-31
70
224
294
262
310
394
655
637
615
715
793
806
818
776
1005
975
942
1127
1276
1276
1166
1167
1323
1201
1128
1070
1124
1186
1108
1174
1124
1100
1247
1279
1356
1346
1358
1467
1567
1650
1515
1581
1530
1333
1251
1217
1193
1111
1147
976
618
545
391
257
81
-212
-182
-165
-367
-567
-638
-669
-785
-913
-964
-1038
-1022
-1008
-954
-973
-1072
-1062
-1020
-956
-965
-861
-833
-852
-766
-705
-579
-585
-397
-282
-292
-219
-143
-55
34
164
395
372
413
489
561
567
614
663
647
686
784
894
785
647
561
610
443
218
72
29
16
-208
-421
-507
-540
-663
-845
-916
-935
-1045
-1439
-1335
-1208
-1173
-1282
-1369
-1477
-1470
-1309
-1500
-1468
-1421
-1351
-1245
-1159
-1114
-1002
-923
-814
-759
-665
-577
-403
-209
-48
-65
-62
162
283
420
367
394
513
555
654
667
586
611
524
474
655
646
687
602
681
687
694
767
871
1013
1004
1058
1110
1311
1322
1463
1626
1788
1755
1826
1992
2217
2246
2029
2118
2255
2421
2008
1842
2038
2079
1962
1625
1685
1579
1458
1163
890
834
604
448
233
124
-122
-416
-528
-692
-803
-876
-1226
-1359
-1392
-1557
-1570
-1478
-1574
-1415
-1416
-1477
-1232
-1271
-1286
-1150
-967
-742
-610
-489
-362
-68
251
363
466
505
695
904
953
1026
1190
1204
1162
1114
1316
1292
1255
1195
1142
1087
1021
892
879
715
431
362
131
-207
-406
-468
-751
-1060
-1380
-1680
-1593
-1532
-1858
-2320
-2359
-2310
-2292
-2386
-2525
-2517
-2549
-2483
-2300
-2145
-2140
-2140
-1978
-1873
-1735
-1497
-1367
-1188
-1148
-975
-837
-618
-402
-221
-83
-73
-50
95
195
208
235
419
431
353
455
411
529
453
575
550
534
492
434
496
539
650
496
513
603
725
771
811
791
943
1041
1165
1309
1346
1435
1617
1721
1714
1648
1864
2013
2165
2073
1841
1895
2061
1982
1622
1451
1489
1295
1080
722
492
464
277
154
-159
-398
-601
-657
-964
-1248
-1289
-1379
-1368
-1444
-1462
-1414
-1423
-1541
-1443
-1330
-1312
-1056
-871
-715
-659
-550
-427
-178
-109
168
248
438
559
723
748
819
1104
1128
1234
1269
1478
1446
1331
1421
1334
1194
1117
971
792
567
319
128
-10
-260
-498
-761
-1028
-1301
-1369
-1511
-1636
-1896
-2185
-2314
-2276
-2173
-2375
-2489
-2417
-2280
-2154
-2101
-2155
-2098
-1991
-1782
-1461
-1290
-1144
-1069
-958
-812
-584
-397
-290
-101
-51
70
157
148
218
323
392
415
416
486
499
501
580
671
572
555
531
518
517
329
434
348
374
398
241
461
696
684
504
610
928
1037
1197
1285
1337
1577
1664
1892
2201
2362
2387
2241
2316
2488
2544
2377
2334
2597
2549
2308
2114
2058
2072
1772
1431
1385
1299
883
450
384
361
179
-240
-512
-577
-690
-808
-962
-1096
-1228
-1185
-1240
-1366
-1263
-1176
-1193
-1174
-1118
-963
-832
-865
-648
-540
-392
-403
-227
-104
121
244
253
445
547
789
696
758
877
852
882
883
727
790
849
847
816
676
624
436
275
215
122
-86
-190
-227
-268
-332
-572
-602
-717
-682
-610
-800
-1027
-1046
-1001
-965
-876
-1042
-1224
-1185
-1109
-1008
-930
-878
-950
-972
-740
-576
-537
-374
-303
-268
-278
-209
-118
60
189
263
242
202
259
313
250
331
345
376
300
263
325
396
337
257
310
397
461
414
390
479
696
833
713
608
876
1088
1090
1040
1127
1418
1343
1368
1371
1499
1620
1616
1820
1746
1774
1822
1974
2033
1807
1633
1886
2279
2124
1592
1342
1538
1650
1333
929
905
954
681
166
-27
-9
0
-242
-573
-765
-909
-1063
-1079
-1080
-1325
-1280
-1194
-1376
-1242
-1143
-1287
-1273
-1118
-981
-823
-912
-651
-416
-317
-294
-183
9
205
341
460
555
633
681
710
840
898
1068
968
963
1044
1142
1129
1006
1053
1028
999
933
877
876
795
600
492
424
251
111
7
-48
-219
-204
-175
-299
-446
-412
-377
-534
-613
-734
-695
-654
-566
-577
-586
-601
-694
-644
-349
-306
-387
-441
-370
-331
-328
-318
-244
-193
-281
-279
-139
-88
9
0
-34
-10
-12
10
50
179
160
133
-39
116
345
379
296
255
319
367
354
278
380
427
425
411
456
520
545
558
584
701
718
759
879
1135
1229
1153
1040
1270
1348
1361
1399
1161
1049
1032
1423
1502
957
689
842
1045
872
493
471
513
366
178
111
173
49
-145
-231
-308
-542
-575
-557
-446
-549
-740
-883
-758
-716
-692
-668
-746
-630
-642
-576
-565
-410
-259
-176
-75
202
255
253
415
504
578
728
651
759
937
1105
1020
1033
1024
1043
1088
1083
1141
1101
1004
933
877
774
801
772
625
436
454
360
114
119
38
-77
-205
-423
-452
-435
-571
-666
-645
-671
-948
-971
-923
-983
-954
-971
-1022
-1084
-1087
-901
-943
-939
-828
-811
-643
-636
-536
-409
-425
-493
-466
-339
-357
-258
-158
25
3
-49
-140
-137
-114
-244
-89
-210
-227
-181
-165
-210
-206
-194
-304
-207
-188
-82
-12
-75
-73
-37
-37
118
166
348
402
599
715
732
907
936
1260
1353
1523
1633
1485
1187
1453
1850
1743
1360
1176
1303
1442
1359
1044
852
765
609
454
302
271
-84
-409
-492
-739
-847
-830
-980
-1026
-1012
-1141
-1259
-1276
-1140
-886
-939
-986
-981
-862
-522
-492
-257
-210
-152
-87
67
263
338
451
562
625
574
818
765
805
907
878
829
961
911
925
846
867
761
766
832
612
582
361
176
65
30
-55
-219
-408
-563
-569
-601
-779
-930
-961
-908
-918
-848
-836
-934
-831
-779
-847
-802
-700
-777
-541
-527
-581
-465
-694
-624
-462
-591
-641
-618
-491
-433
-581
-694
-751
-632
-565
-635
-684
-675
-639
-852
-732
-584
-546
-537
-635
-444
-387
-394
-346
-295
-101
25
74
73
221
352
315
364
369
460
544
592
790
891
893
1007
1119
1206
1288
1300
1522
1531
1460
1533
1526
1562
1532
1396
1167
1328
1175
976
839
877
829
543
307
379
405
134
-18
-39
-94
-328
-347
-504
-482
-464
-499
-659
-669
-504
-545
-482
-509
-487
-358
-330
-359
-205
-24
-57
-98
-1
186
300
288
347
478
506
570
421
557
534
436
400
457
344
317
380
207
198
45
-34
-148
-258
-193
-338
-470
-374
-383
-527
-641
-669
-582
-560
-692
-644
-674
-646
-590
-581
-725
-560
-384
-460
-491
-486
-422
-321
-373
-389
-455
-393
-341
-413
-375
-428
-382
-244
-154
-195
-265
-299
-116
-115
-214
-143
-52
-66
6
13
-124
0
80
99
204
114
-1
204
224
336
307
227
317
388
493
562
611
644
692
890
1042
1151
1230
1193
1200
1338
1334
1368
1409
1384
1447
1246
1183
1298
1336
1360
893
715
837
863
780
565
473
393
348
291
283
183
16
-69
-152
-194
-295
-435
-338
-269
-321
-536
-561
-537
-639
-475
-449
-423
-467
-432
-436
-294
-219
-187
-32
-66
-29
58
139
188
98
201
235
121
166
37
141
59
-8
-159
-69
-86
-229
-178
-198
-169
-201
-271
-311
-324
-415
-374
-470
-465
-398
-197
-330
-440
-265
-257
-291
-232
-391
-304
-317
-166
14
-135
40
201
151
192
218
146
320
320
433
402
392
301
334
452
291
260
247
260
83
89
-48
5
-24
-201
-127
-345
-236
-288
-457
-357
-405
-488
-335
-318
-306
-274
-296
-198
-116
-21
-120
-56
18
211
339
269
374
469
550
438
457
578
696
710
691
662
680
725
811
738
902
1052
881
818
744
816
700
654
706
602
536
357
229
186
85
-26
-204
-209
-305
-338
-536
-613
-642
-573
-736
-975
-722
-842
-860
-789
-796
-759
-724
-787
-684
-651
-520
-528
-630
-609
-550
-429
-448
-437
-444
-365
-344
-378
-382
-363
-301
-309
-233
-257
-197
-227
-161
-183
-172
-98
-193
-120
-146
-183
-223
-228
-173
-208
-295
-216
-187
-186
-147
-166
-101
-130
-63
47
-39
143
100
263
277
289
342
279
455
463
474
479
514
479
376
258
382
320
165
165
85
87
67
53
-105
-255
-257
-204
-280
-206
-255
-420
-356
-259
-309
-332
-138
-172
-133
-55
-51
-64
11
169
454
334
342
476
554
632
662
821
811
968
931
1107
1115
1094
1094
1195
1258
1139
1192
1201
1207
1154
1109
1079
887
766
716
561
420
273
144
63
68
-107
-333
-305
-474
-622
-541
-822
-766
-751
-706
-623
-718
-747
-663
-649
-602
-632
-569
-476
-442
-315
-384
-286
-332
-179
-117
-53
85
85
127
112
120
264
311
285
375
417
461
384
391
431
300
278
280
297
131
95
109
61
23
-67
-85
-284
-192
-218
-296
-287
-351
-343
-215
-108
-258
-291
-162
-132
-226
-148
-66
-138
-198
-199
-229
-197
-164
-77
39
-72
-146
133
90
129
-67
-52
167
149
-7
-102
20
131
196
6
-55
-132
-128
-33
-45
-49
-34
-348
-357
-308
-377
-289
-459
-375
-367
-318
-537
-422
-140
-216
-219
-368
-9
-156
-30
90
125
302
364
276
416
425
396
526
460
582
596
563
639
739
708
629
749
709
697
797
858
827
721
840
742
710
614
597
496
520
329
290
197
66
107
-116
-52
-137
-287
-337
-219
-365
-456
-459
-388
-481
-331
-339
-259
-72
-81
-35
3
-32
-25
102
94
119
154
162
169
181
111
65
-7
97
107
161
88
-41
-49
-30
-89
-102
-54
-104
-122
-102
-268
-302
-332
-399
-461
-622
-579
-475
-459
-568
-572
-530
-770
-817
-676
-665
-603
-643
-617
-503
-550
-419
-475
-391
-235
-277
-296
-227
-196
-208
-173
-189
-238
-271
-185
-266
-237
-240
-233
-243
-413
-446
-513
-448
-304
-381
-423
-404
-442
-373
-379
-387
-350
-282
-309
-184
-152
-18
96
60
166
163
211
258
478
711
748
869
973
1037
974
944
1099
1123
1190
1316
1357
1359
1247
1168
1155
1201
1163
1048
1017
1022
796
693
704
623
434
417
230
288
191
28
39
36
72
-35
76
132
122
166
171
157
160
90
181
271
279
201
145
234
320
354
319
329
201
245
147
114
153
233
194
69
172
162
285
30
-82
108
45
-155
-117
-96
-167
-180
-148
-218
-168
-189
-213
-120
-171
-109
-190
-80
-84
-144
-45
-7
66
83
157
85
188
226
296
304
353
338
410
404
285
336
253
314
171
32
35
146
5
-189
-264
-145
-173
-192
-365
-435
-308
-473
-410
-391
-296
-377
-344
-353
-317
-264
-200
-256
-313
-175
-162
-79
-102
5
33
72
130
166
324
426
607
463
607
726
681
698
908
944
839
926
967
1018
1023
875
1014
1079
913
1046
851
790
858
792
815
757
616
609
549
540
535
487
354
333
355
340
431
274
302
331
258
153
254
244
18
72
138
184
66
7
114
139
157
143
96
77
108
111
258
281
297
252
313
344
215
191
127
230
234
213
68
-11
-15
-36
-91
-78
-272
-171
-277
-374
-342
-423
-369
-353
-553
-515
-470
-532
-505
-567
-413
-547
-468
-567
-466
-539
-510
-483
-608
-478
-553
-447
-433
-483
-508
-415
-381
-397
-319
-171
-129
-91
-175
-266
-193
-250
-68
-56
-49
-145
-139
-67
-18
-2
-34
-37
-20
49
12
-92
-65
-74
17
21
-42
60
-63
-71
-120
-66
-2
77
161
99
77
161
167
234
238
234
274
314
246
313
328
425
427
289
331
197
295
406
372
328
238
438
532
435
370
363
287
275
295
182
169
158
31
48
87
-26
-134
-91
-154
-228
-224
-132
-138
-262
-176
-189
-99
-192
-179
-177
-202
-193
-216
-158
-259
-163
-89
-108
-171
-216
-297
-360
-314
-261
-239
-277
-204
-188
-200
-172
-147
-177
-82
-47
-76
-41
-58
-117
-72
9
20
-42
-55
-122
-244
-139
-101
-86
-111
-127
-35
-137
-57
-118
-30
87
141
262
278
324
206
177
346
346
451
488
561
619
687
754
726
712
634
716
722
627
674
584
528
513
428
476
501
401
422
390
258
225
186
216
136
-2
-113
-133
-124
-131
-138
-267
-204
-342
-250
-254
-386
-327
-399
-268
-205
-87
-15
67
168
34
95
46
152
257
274
365
205
227
118
180
116
112
106
28
23
-117
-120
-292
-290
-437
-377
-391
-476
-599
-652
-644
-678
-646
-817
-527
-579
-726
-703
-570
-620
-606
-518
-463
-446
-382
-291
-460
-414
-228
-189
-146
-114
-75
140
128
150
224
305
352
561
535
502
487
456
490
381
526
504
446
409
367
473
542
296
317
293
421
329
288
279
320
371
389
313
