183
201
136
215
25
61
21
-56
60
-50
-31
4
-13
-85
-25
98
79
175
110
176
166
188
128
231
7
20
180
44
-2
155
274
103
41
87
110
107
32
-152
2
-78
-71
-34
25
-86
-64
63
107
191
16
49
78
141
71
38
75
92
70
33
-13
-17
-90
-104
-146
-59
-148
-148
-131
-155
-31
79
112
16
79
95
151
158
176
178
38
58
100
108
107
135
103
-22
-27
-22
15
7
22
-7
-42
-24
43
36
41
94
217
190
78
173
217
156
174
200
243
145
174
93
260
293
193
108
60
77
85
177
231
205
158
225
297
179
115
248
206
245
305
203
166
214
307
314
341
267
325
322
278
199
267
243
224
279
260
238
210
180
307
227
325
377
343
496
490
523
538
401
457
434
354
359
339
321
305
300
234
262
287
161
161
357
349
316
344
377
381
413
457
478
502
424
234
309
241
223
260
190
259
255
187
143
138
122
107
52
116
70
102
180
102
154
167
102
158
167
172
186
196
317
347
266
163
146
111
130
128
64
71
110
29
37
-2
-8
-68
-17
-79
-122
-8
110
217
65
131
189
177
226
83
116
57
35
-42
-56
-89
-44
-116
-83
-66
-114
-148
-200
-48
-179
-45
-5
61
33
49
54
7
50
40
-18
-40
40
88
21
-56
-41
-16
-12
-31
-97
-87
-95
-38
-131
-121
-103
-82
-36
-76
-4
-3
-76
-40
51
86
199
133
147
130
57
66
63
10
25
-22
-13
-31
-65
-33
-42
-17
116
148
45
145
130
167
64
159
190
95
-20
-108
-293
-353
-643
-1023
-36
281
-69
-277
-1329
-1083
-335
-230
-188
-275
-119
54
154
33
-247
-333
-338
-98
10
-163
-494
-885
-148
34
23
-104
-329
-453
-331
707
801
633
172
-1330
-640
-451
-631
-63
-118
-205
-148
-579
-1717
-1534
-1422
-1064
-274
-314
124
471
348
-501
-1362
-1065
-1240
-504
205
122
255
179
-547
-825
-1057
-1136
-94
411
272
603
538
-384
-782
-742
-1132
-907
-76
-169
183
444
-190
-441
-497
-915
-528
-218
-206
15
169
80
-190
-154
-739
-963
-480
-124
332
378
-648
-1017
-1041
-1796
-1663
-1132
-1442
-1510
-1276
-1063
-1599
-1515
-1479
-1297
-824
-749
37
508
248
121
529
-44
48
381
511
589
1004
1290
908
602
259
-145
-227
3
-57
268
395
40
-81
-370
-789
-636
-556
-453
-208
-222
-172
-269
-338
-388
-503
-277
-310
-183
-98
-103
-16
23
48
-469
-400
-164
-246
-155
-16
-115
-366
-117
-25
-402
-271
49
249
318
506
527
111
201
5
126
366
406
650
631
550
413
100
-98
-126
-163
42
326
279
248
273
-45
-15
-39
-106
15
321
671
655
660
633
501
192
338
678
824
935
1122
1155
1200
1024
897
850
982
1325
1493
1622
1613
1593
1585
1626
1680
1736
2028
2091
2045
2043
1885
1822
1735
1776
1759
1805
1797
1470
1104
946
775
543
207
200
27
-241
-493
-831
-951
-1336
-1535
-1584
-1419
-1291
-1274
-1608
-1604
-1633
-1782
-1804
-1687
-1653
-1499
-1438
-1480
-1509
-1652
-1670
-1776
-1559
-1480
-1542
-1359
-1390
-1330
-1393
-1333
-1246
-1121
-1037
-854
-702
-626
-605
-633
-504
-333
-115
38
86
176
518
601
565
703
829
937
1102
1329
1566
1704
1773
1889
1975
2182
2231
2290
2675
2931
3111
3119
3465
3612
3675
3883
4193
4327
3975
3452
3021
3090
3075
2719
2574
2257
1657
856
496
650
-81
-703
-951
-1004
-980
-1216
-1269
-1539
-1736
-1979
-1653
-1312
-999
-815
-915
-623
-161
45
211
460
537
988
1382
1471
1606
1619
1633
1482
1408
1646
1631
1205
1066
899
524
410
188
-121
-377
-720
-1466
-2380
-2895
-3006
-3113
-3376
-3400
-3657
-3948
-4053
-4097
-3937
-3908
-3829
-3488
-2837
-2411
-2418
-2295
-2018
-1666
-1352
-898
-407
-228
-114
155
597
938
983
952
1193
1663
2061
2300
2436
2496
2544
2768
3063
3498
3950
4038
3944
4316
4941
5252
5504
5983
6423
6622
6284
6059
6054
5545
4579
3469
2988
2788
2657
1818
700
21
-796
-1696
-2480
-2742
-2866
-3203
-3652
-3769
-3223
-3296
-3577
-3258
-2803
-2197
-1814
-1187
-328
2
328
673
1379
1816
2119
2404
2748
3177
3237
2979
2795
2778
2599
2183
1885
1858
1566
1070
337
219
-70
-564
-991
-1451
-1677
-1967
-2342
-2582
-2844
-3418
-3880
-4101
-4067
-4499
-4873
-4718
-4504
-4496
-4417
-4427
-4207
-3971
-3566
-3323
-3101
-2631
-2332
-2125
-1769
-1496
-1222
-1022
-907
-474
-190
96
259
371
759
1074
1227
1357
1496
1604
1891
2099
2417
2827
2982
3167
3585
3936
4332
4437
4715
5203
5589
6038
6367
6668
6972
7112
6870
6458
6027
5157
3967
3268
3009
3062
2491
1524
827
81
-797
-1544
-2108
-2263
-2473
-2759
-2668
-2517
-2652
-2834
-2982
-2966
-2416
-1705
-1182
-643
-190
67
299
404
883
1412
1590
1781
2341
2917
3069
2728
2325
2307
1966
1793
1957
1690
1326
962
533
112
-418
-950
-1511
-1875
-2053
-2418
-2953
-3655
-4198
-4549
-4981
-5353
-5364
-5324
-5157
-5026
-4722
-4631
-4669
-4605
-4333
-3751
-3169
-2716
-2349
-2007
-1663
-1389
-1274
-899
-651
-430
-202
207
578
630
569
630
802
1035
1168
1144
1316
1541
1687
1928
2325
2570
2570
2660
2890
3315
3752
3966
4141
4410
4631
4933
5065
5216
5386
5472
5319
5119
4923
4425
3801
3075
2760
2793
2619
2074
1552
1036
477
-230
-847
-1090
-1337
-1494
-1620
-1720
-1700
-1880
-2315
-2448
-2415
-2288
-1871
-1645
-1152
-985
-1067
-761
-654
-519
-409
-145
313
895
1084
1215
1127
1063
895
532
530
533
456
283
127
0
-300
-780
-1310
-1624
-1857
-2067
-2164
-2390
-2709
-3088
-3345
-3603
-3670
-3670
-3492
-3188
-2837
-2353
-2224
-2103
-2044
-2107
-1961
-1709
-1587
-1342
-1046
-1168
-1173
-1249
-1255
-1222
-1460
-1541
-1009
-733
-944
-569
-385
-292
-374
-301
95
194
233
680
1211
1193
1288
1390
1464
1696
1822
1954
1972
2416
2484
2460
2742
2916
3105
3140
3211
3270
3603
3903
4013
4076
4306
4332
4097
3855
3736
3832
3625
3268
3041
2864
2834
2529
1962
1589
1370
792
172
122
15
-244
-704
-1111
-1193
-1276
-1649
-1968
-2097
-2040
-2258
-2300
-1965
-1883
-2033
-2185
-2116
-1950
-1734
-1721
-1664
-1433
-1112
-912
-890
-921
-819
-990
-985
-972
-898
-921
-1026
-1070
-1084
-1170
-1202
-1471
-1550
-1479
-1624
-1558
-1620
-1732
-1710
-1762
-1769
-1684
-1702
-1572
-1484
-1356
-1247
-1248
-1288
-1320
-1268
-1209
-956
-730
-1087
-1126
-843
-936
-807
-566
-554
-456
-434
-249
-310
-237
-46
158
275
505
760
1074
1223
1169
1016
1222
1503
1608
1817
1976
2277
2350
2529
2665
2528
2501
2614
2830
2995
3111
3232
3411
3426
3251
3142
3296
3677
3867
3851
3543
3207
3164
3172
2750
2268
2191
2244
2152
1862
1373
1177
768
65
-380
-385
-513
-891
-1301
-1553
-1711
-1875
-2387
-2560
-2480
-2581
-2699
-2536
-2117
-2027
-2173
-2137
-1921
-1627
-1355
-1105
-796
-474
-322
-467
-351
-162
-285
-359
-370
-311
-153
-412
-589
-551
-592
-789
-846
-899
-988
-1115
-1297
-1297
-1348
-1533
-1593
-1555
-1445
-1218
-1306
-1414
-1382
-1293
-1178
-1267
-1238
-1070
-984
-1114
-1235
-941
-707
-1260
-1377
-590
-656
-965
-729
-215
-227
-505
-532
-533
261
714
270
424
904
1340
1042
554
768
1390
1623
1597
1507
1615
1832
1669
1728
1756
2031
2072
2038
2321
2438
2305
2431
2676
2725
2847
3005
3461
3941
3624
3309
3004
2742
2612
2531
2396
2170
1844
1637
1505
858
393
29
-372
-849
-1184
-853
-908
-1376
-1897
-2104
-2335
-2437
-2574
-2687
-2393
-2219
-2244
-2177
-1788
-1930
-1933
-1907
-1465
-963
-736
-434
-352
-230
-291
-188
-90
210
288
150
136
472
613
331
60
13
101
39
-91
-177
-20
-207
-446
-548
-712
-744
-990
-1089
-950
-921
-1025
-1157
-1291
-1339
-1329
-1191
-1167
-1071
-846
-553
-632
-823
-697
-742
-655
-837
-933
-492
-593
-661
-360
-340
-385
-196
-404
-629
41
482
-18
-56
828
1152
465
78
873
1611
1328
1211
1783
1854
1740
1963
2530
2591
2255
2475
2980
3176
3040
3153
3481
3409
3168
3354
3641
4000
3950
3378
2739
2647
2890
2562
1752
1455
1738
1738
962
121
-161
-403
-1229
-1831
-1557
-1218
-1726
-2427
-2684
-2420
-2512
-2942
-3042
-2577
-2405
-2414
-2077
-1749
-1167
-1426
-1641
-1044
-327
118
190
378
783
1017
846
970
1257
1292
950
813
1189
1428
1091
624
519
579
316
-70
-108
-118
-545
-1006
-1217
-1351
-1608
-1906
-2112
-2139
-2092
-2165
-2368
-2519
-2533
-2536
-2555
-2423
-2284
-2139
-2008
-2048
-1994
-1710
-1492
-1353
-1361
-1128
-888
-921
-913
-983
-772
-339
-136
396
497
183
264
824
954
703
1144
1563
1555
1397
1429
1628
1261
1156
1634
1970
2218
2271
2392
2270
2182
2245
2379
2860
3146
3410
3823
4071
4146
3881
3254
2582
2583
3006
2937
2614
2312
2254
1899
1113
449
343
242
-188
-635
-673
-493
-1084
-2025
-2295
-2109
-2056
-2244
-2168
-1856
-1918
-2174
-2210
-1938
-1623
-1482
-1525
-1089
-570
-357
-394
-315
151
259
441
564
878
973
1004
892
1055
1383
1189
1149
985
1125
979
638
319
257
177
-145
-705
-1052
-1334
-1649
-1921
-2146
-2325
-2667
-2924
-3267
-3376
-3332
-3438
-3523
-3356
-3010
-3010
-3040
-3024
-2810
-2415
-2303
-2120
-1909
-1646
-1503
-1297
-1050
-859
-654
-480
-261
87
223
420
549
747
1124
1151
1254
1468
1456
1604
1910
2240
2273
2133
2377
2701
2757
2757
3047
3325
3446
3391
3440
3553
3604
3870
4256
4426
4244
3566
3139
3148
3243
2929
2411
2273
2072
1573
841
475
420
70
-630
-870
-760
-1015
-1540
-2187
-2274
-2166
-2330
-2399
-2306
-2180
-2178
-2319
-2086
-1705
-1471
-1410
-1412
-979
-554
-245
-26
245
480
679
833
1032
1267
1334
1233
1144
1195
1276
1120
1014
885
720
574
309
29
-262
-571
-907
-1291
-1582
-2082
-2559
-2681
-2724
-3130
-3540
-3863
-3960
-3928
-3877
-3948
-4040
-3767
-3745
-3722
-3476
-3205
-3011
-2790
-2472
-2077
-1608
-1405
-1270
-1058
-798
-410
-278
60
314
396
620
797
873
980
1071
1236
1368
1582
1744
1831
2018
2218
2372
2451
2701
2885
3233
3439
3673
3968
4371
4618
4781
5086
5104
5373
5514
5270
4806
4362
4291
4320
3897
3347
3050
2535
1891
1118
905
781
198
-664
-1145
-1210
-1636
-2017
-2138
-2164
-2420
-2757
-2750
-2577
-2487
-2534
-2440
-2212
-1928
-1836
-1666
-1426
-1070
-830
-566
-183
91
218
452
558
744
1202
1194
1229
1252
1379
1288
1078
1133
1058
806
573
327
221
99
-265
-616
-1009
-1427
-1887
-2289
-2579
-2829
-3211
-3747
-3903
-3758
-3785
-4113
-4314
-4116
-3982
-3953
-3873
-3737
-3579
-3354
-3118
-2834
-2585
-2329
-2073
-1850
-1435
-1194
-1092
-873
-522
-311
44
362
434
572
735
1157
1483
1709
1877
1922
1998
2319
2650
2894
2979
3179
3476
3711
4034
4146
4374
4637
4805
5006
5250
5423
5522
5743
5671
5226
4611
4155
4364
4215
3582
3142
3042
2692
1527
657
822
697
-248
-1159
-1201
-1241
-2067
-2622
-2737
-2471
-2830
-3314
-3087
-2693
-2652
-2736
-2621
-2314
-2174
-1996
-1553
-1128
-863
-690
-385
2
378
463
618
817
1085
1152
1224
1091
1269
1316
1237
962
873
1013
791
605
289
81
-8
-320
-734
-971
-1134
-1578
-2001
-2112
-2241
-2648
-3440
-3636
-3289
-3278
-3706
-4109
-3932
-3710
-3927
-3766
-3385
-3208
-3473
-3325
-2676
-2205
-2192
-2220
-1738
-1360
-958
-810
-464
-30
118
246
693
1142
1147
1242
1436
1689
1962
2137
2052
2179
2456
2712
2958
3022
3074
3319
3556
3756
3967
4054
4183
4368
4661
4698
4809
4903
4814
4866
4499
4064
3677
3690
3524
2933
2261
2128
2034
1021
207
56
172
-365
-1352
-1561
-1488
-1843
-2337
-2444
-2166
-2446
-2989
-2895
-2453
-2314
-2535
-2586
-2492
-2376
-2246
-1952
-1662
-1509
-1284
-1101
-760
-434
-33
121
31
267
526
665
723
834
951
996
808
675
770
934
808
418
430
388
162
-192
-435
-603
-869
-1192
-1397
-1574
-1919
-2416
-2724
-2537
-2487
-2742
-3136
-3142
-2982
-2996
-2949
-2856
-2810
-2956
-3068
-2628
-2231
-2141
-2202
-2005
-1638
-1409
-1274
-852
-652
-437
-167
269
562
780
965
1192
1485
1789
2139
2176
2217
2349
2836
3055
3032
3137
3459
3677
3806
3896
4110
4283
4243
4428
4632
4689
4654
4781
4894
4667
4254
3711
3563
3888
3401
2462
1922
2141
2160
1033
84
52
290
-630
-1506
-1413
-1319
-1968
-2788
-2609
-2399
-2738
-3332
-3298
-2920
-2835
-2938
-2935
-2796
-2582
-2483
-2164
-1910
-1651
-1448
-1135
-756
-399
13
110
139
273
677
802
802
967
1117
1108
902
1065
1387
1307
1073
795
896
947
651
468
158
-54
-472
-966
-995
-1149
-1628
-2384
-2630
-2452
-2698
-3237
-3531
-3402
-3474
-3645
-3856
-3573
-3425
-3722
-3544
-3323
-3092
-2943
-2796
-2303
-1897
-1699
-1556
-1270
-826
-506
-225
149
523
802
884
1167
1349
1654
1815
1682
1783
2121
2256
2371
2412
2629
2702
2767
2837
3125
3382
3291
3408
3385
3725
4006
4064
3980
4250
4206
4138
3727
3274
3498
3516
2855
1991
1848
2283
2053
933
225
403
432
-301
-833
-687
-880
-1633
-1869
-1576
-1633
-2256
-2694
-2445
-2141
-2314
-2294
-2194
-2146
-2047
-1966
-1787
-1613
-1430
-1232
-1047
-877
-371
-104
-332
-206
334
687
752
750
1006
1236
1129
1139
1259
1433
1115
868
964
1020
830
522
239
146
-30
-505
-1066
-1463
-1561
-1861
-2196
-2752
-2956
-3135
-3358
-3510
-3568
-3655
-3958
-4137
-3853
-3506
-3587
-3727
-3647
-3337
-3206
-3046
-2689
-2449
-2281
-2047
-1709
-1398
-1006
-753
-458
-125
163
364
650
903
1146
1347
1429
1645
1765
1822
1938
2159
2275
2362
2478
2534
2608
2653
2907
3074
2983
2841
2929
3250
3526
3641
3605
3416
3064
2783
2853
3350
3328
2120
1234
1639
2262
1876
661
182
358
135
-418
-679
-615
-1072
-1683
-1722
-1306
-1543
-2215
-2392
-2055
-1837
-2104
-2113
-2018
-1791
-1610
-1385
-1235
-1315
-1257
-1052
-695
-459
-347
-336
-488
-257
301
492
362
240
565
767
592
564
590
529
494
497
515
542
401
33
-160
-82
-279
-607
-1250
-1609
-1452
-1482
-1972
-2661
-2976
-2952
-3009
-3177
-3355
-3695
-3960
-4059
-3794
-3463
-3590
-3848
-3641
-3196
-2860
-2818
-2662
-2437
-2228
-1890
-1587
-1281
-1102
-808
-544
-378
-182
182
361
360
619
1103
1147
1064
1346
1631
1977
1943
1983
2135
2217
2370
2594
2832
2825
2580
2765
3080
3231
3167
3207
3390
3516
3597
3225
2658
2641
3174
3207
2262
1449
1764
2272
1677
651
396
808
536
-255
-591
-470
-847
-1583
-1537
-1252
-1466
-2132
-2300
-1975
-1898
-2175
-2306
-2251
-2078
-1867
-1934
-1849
-1703
-1576
-1388
-1236
-989
-734
-801
-858
-517
-78
-27
-63
-239
79
292
176
62
132
205
213
300
211
46
-185
-289
-393
-328
-561
-1038
-1409
-1214
-1087
-1546
-2236
-2458
-2332
-2482
-2914
-3259
-3210
-3290
-3457
-3634
-3316
-3295
-3579
-3709
-3436
-3189
-3146
-3110
-2839
-2496
-2320
-2082
-1925
-1522
-1205
-920
-619
-478
-195
154
321
536
608
878
1251
1371
1502
1485
1640
1785
2045
2365
2185
2306
2360
2669
2896
2926
3081
3110
3187
3269
3337
3537
3506
3670
3821
3668
3327
2923
3258
3483
3145
2156
1685
2018
2043
1459
779
524
405
150
-257
-416
-369
-803
-1148
-1230
-1280
-1448
-1898
-1995
-1825
-1727
-2084
-2144
-1948
-1827
-1776
-1818
-1858
-1790
-1561
-1406
-1239
-1117
-1052
-873
-796
-699
-413
-379
-409
-277
-71
24
105
106
135
142
77
59
159
143
-76
-213
-297
-441
-618
-917
-1203
-1348
-1603
-1890
-2135
-2303
-2503
-2747
-2924
-3022
-3215
-3422
-3511
-3579
-3493
-3431
-3499
-3543
-3341
-3255
-3084
-2853
-2733
-2497
-2298
-2000
-1791
-1508
-1125
-901
-716
-421
-161
223
473
784
922
1032
1322
1409
1539
1676
1839
1986
2114
2111
2251
2361
2346
2504
2495
2526
2407
2630
2728
2566
2536
2693
2842
2970
3176
3013
2711
2311
2518
2852
2702
1894
1456
1833
1986
1725
1045
734
643
474
142
-102
-187
-580
-940
-959
-917
-1084
-1517
-1809
-1672
-1580
-1722
-1937
-1962
-1768
-1662
-1714
-1757
-1638
-1494
-1451
-1354
-1119
-1064
-975
-884
-709
-633
-573
-482
-378
-29
2
-65
-22
20
137
282
225
314
191
64
-74
-107
-131
-210
-625
-848
-991
-1068
-1196
-1710
-2133
-2304
-2256
-2392
-2630
-2802
-3015
-3214
-3205
-3151
-3006
-3087
-3216
-3136
-2787
-2569
-2459
-2315
-2070
-1875
-1666
-1285
-1060
-722
-632
-490
-282
-31
360
576
616
837
986
1113
1290
1393
1281
1342
1482
1476
1691
1791
1865
1878
1831
1801
1868
1912
2046
2073
1960
2077
2084
2425
2452
2590
2582
2451
2400
2294
2396
2526
2516
2070
1762
1874
2042
1721
1159
797
661
755
437
-42
-305
-351
-823
-1004
-1060
-1267
-1514
-1779
-1608
-1648
-1713
-1872
-1960
-1779
-1760
-1806
-1850
-1628
-1536
-1462
-1301
-1205
-1010
-907
-870
-829
-539
-639
-659
-561
-387
-132
-108
-302
-344
-284
-255
-218
-314
-475
-555
-571
-673
-731
-933
-1156
-1399
-1531
-1435
-1606
-1891
-2150
-2266
-2331
-2385
-2506
-2643
-2724
-2740
-2672
-2763
-2617
-2649
-2599
-2415
-2348
-2179
-2094
-1808
-1694
-1619
-1430
-1083
-852
-614
-423
-424
-164
40
125
287
504
614
644
716
726
904
975
892
882
1056
1278
1358
1273
1328
1515
1700
1858
1831
1882
1930
2222
2448
2530
2675
2731
2840
2880
3022
3077
3011
3066
3019
2777
2494
2471
2383
2359
2012
1388
1177
1201
1115
848
436
181
-22
-206
-416
-503
-683
-1022
-1184
-1182
-1208
-1458
-1485
-1466
-1468
-1522
-1651
-1613
-1658
-1416
-1365
-1458
-1476
-1305
-1113
-1088
-1134
-948
-930
-930
-841
-751
-632
-694
-662
-601
-571
-641
-661
-589
-540
-645
-916
-776
-767
-763
-874
-1129
-1306
-1387
-1243
-1160
-1522
-1866
-1936
-1683
-1658
-1773
-1962
-2158
-2017
-2051
-2027
-1961
-2152
-2246
-1920
-1826
-1932
-1855
-1754
-1614
-1433
-1454
-1384
-1140
-1047
-886
-798
-556
-316
-156
-70
-20
289
500
577
737
872
1140
1208
1283
1447
1555
1858
1920
1920
2000
2228
2362
2548
2767
2877
3116
3106
3100
3270
3499
3470
3344
3197
3218
3467
3190
2911
2691
2616
2501
2462
2266
1643
1223
1136
1170
868
410
69
-54
-157
-498
-677
-896
-1059
-1259
-1384
-1463
-1751
-1811
-1784
-1593
-1630
-1850
-1858
-1824
-1751
-1649
-1639
-1733
-1693
-1627
-1427
-1342
-1341
-1261
-1206
-1180
-1124
-1015
-715
-615
-656
-628
-491
-316
-247
-244
-285
-309
-345
-274
-267
-349
-267
-463
-646
-591
-901
-1077
-1054
-1165
-1588
-1870
-1672
-1630
-1756
-2079
-2154
-2099
-2057
-2059
-2049
-2021
-2145
-2007
-2010
-1805
-1811
-1761
-1530
-1486
-1281
-1164
-967
-588
-469
-487
-248
42
148
524
581
727
1068
1225
1273
1433
1765
1769
1855
1898
2196
2469
2434
2527
2677
2811
2823
2972
2998
3201
3232
3269
3289
3393
3483
3377
3254
3091
3325
3079
2731
2625
2575
2503
2438
2173
1656
1170
1098
1269
913
302
11
-151
-337
-643
-943
-1034
-1338
-1592
-1794
-1862
-2042
-2111
-2102
-2141
-2236
-2253
-2200
-2247
-2102
-1908
-1761
-1790
-1734
-1683
-1561
-1445
-1432
-1291
-1196
-1163
-1050
-977
-728
-693
-481
-299
-355
-312
-104
205
218
143
104
344
459
263
229
67
-38
-128
-432
-448
-367
-616
-1165
-1429
-1361
-1214
-1364
-1810
-1975
-1987
-2021
-2116
-2139
-1958
-2013
-2172
-2002
-1712
-1685
-1783
-1597
-1335
-1173
-1168
-887
-545
-296
-222
-93
77
466
780
740
919
1130
1367
1572
1838
2072
2065
2142
2294
2526
2730
2694
2812
2875
3162
3302
3192
2971
3144
3308
3179
3167
3184
3234
3171
3069
3065
2968
2935
2780
2553
2447
2367
2251
2023
1933
1785
1431
1008
771
758
488
190
-75
-280
-512
-906
-1074
-1205
-1398
-1741
-1819
-1701
-1724
-1898
-1947
-2018
-2115
-2258
-2116
-1826
-1773
-1677
-1595
-1648
-1626
-1461
-1260
-1087
-997
-1043
-869
-825
-528
-401
-353
-404
-381
34
235
335
253
344
521
453
467
553
566
718
489
275
287
85
-173
-508
-576
-592
-748
-1435
-1647
-1443
-1539
-1882
-2234
-2383
-2391
-2435
-2498
-2312
-2300
-2416
-2275
-2011
-1853
-1761
-1740
-1435
-1147
-935
-877
-717
-292
50
207
263
519
826
844
957
1128
1277
1480
1522
1641
1767
1916
1908
2022
2210
2112
2100
2181
2276
2305
2285
2311
2338
2445
2517
2490
2433
2480
2739
2682
2538
2468
2593
2598
2276
2110
2094
1978
1805
1708
1552
1310
741
820
892
577
183
-59
-125
-488
-752
-967
-1160
-1417
-1679
-1711
-1910
-2207
-2273
-2325
-2471
-2510
-2564
-2578
-2361
-2289
-2326
-2158
-2112
-2045
-1688
-1422
-1257
-1166
-922
-825
-663
-436
-261
-54
59
144
382
346
395
753
832
599
468
596
676
636
386
426
270
-15
-126
-240
-409
-648
-848
-1281
-1195
-1254
-1785
-2110
-2239
-2112
-2220
-2547
-2778
-2808
-2586
-2661
-2598
-2366
-2362
-2326
-2222
-1952
-1741
-1621
-1420
-1131
-832
-724
-559
-299
76
243
267
405
617
866
996
1030
1078
1327
1281
1185
1237
1448
1423
1408
1329
1359
1607
1546
1390
1378
1505
1555
1577
1648
1895
2010
1946
2060
2211
2206
1988
2055
2203
2182
1857
1575
1632
1666
1460
1236
1181
980
537
351
296
43
-349
-583
-740
-957
-1139
-1342
-1458
-1745
-1974
-2148
-2169
-2254
-2272
-2221
-2274
-2398
-2484
-2293
-2110
-2186
-2007
-1838
-1718
-1589
-1508
-1143
-970
-844
-696
-397
-328
-173
3
170
285
414
480
573
742
808
766
681
599
799
861
646
523
543
636
385
255
229
-36
-288
-405
-577
-756
-932
-1098
-1179
-1245
-1553
-1714
-1669
-1664
-1760
-2004
-2040
-1862
-1717
-1682
-1738
-1491
-1362
-1141
-1191
-1180
-972
-842
-713
-615
-380
-184
-53
102
365
430
442
537
667
900
904
919
946
1194
1477
1434
1325
1354
1467
1490
1526
1556
1694
1654
1684
1754
1858
1944
1948
1992
2045
2188
2288
2008
1855
2027
2155
2118
1599
1432
1551
1587
1136
796
791
585
170
-120
-43
-178
-681
-914
-995
-1130
-1295
-1529
-1684
-1739
-1880
-1984
-1955
-2002
-2021
-1932
-1987
-2165
-2048
-1872
-1794
-1816
-1686
-1567
-1545
-1425
-1255
-1020
-821
-727
-590
-379
-467
-416
-204
42
227
268
469
701
756
717
718
717
782
824
762
723
723
808
702
586
541
372
217
169
-26
-182
-340
-567
-670
-853
-1129
-1060
-1099
-1296
-1620
-1706
-1590
-1780
-1775
-1938
-2007
-1881
-1695
-1645
-1585
-1679
-1662
-1400
-1342
-1082
-1098
-820
-568
-467
-330
-240
91
120
313
462
554
577
779
855
876
987
1003
1135
1167
1185
1265
1341
1385
1447
1388
1441
1537
1604
1571
1624
1581
1674
1796
1873
1900
1804
1612
1557
1753
1791
1414
1136
1020
1090
1030
782
547
608
537
158
15
15
-55
-377
-594
-728
-919
-1002
-1155
-1164
-1234
-1455
-1624
-1628
-1533
-1606
-1664
-1793
-1868
-1728
-1730
-1752
-1690
-1546
-1388
-1346
-1283
-1130
-981
-890
-733
-489
-197
-72
-44
118
263
323
320
435
501
609
644
587
728
794
782
663
606
749
1036
616
327
371
568
517
131
77
-131
-274
-433
-526
-673
-974
-1171
-1356
-1410
-1438
-1644
-1971
-2014
-2062
-2139
-2180
-2279
-2137
-2103
-2119
-2110
-1842
-1527
-1420
-1403
-1240
-1004
-938
-665
-430
-336
-145
-60
42
175
320
380
359
497
646
794
867
899
1011
1144
1074
1049
1194
1409
1423
1359
1307
1364
1553
1510
1591
1639
1616
1474
1512
1755
1670
1541
1413
1603
1996
1676
1315
1450
1666
1639
1213
998
1150
1059
958
792
697
500
237
152
117
88
-204
-321
-239
-377
-499
-631
-823
-735
-709
-816
-914
-1027
-896
-781
-860
-856
-711
-504
-504
-484
-171
-285
-198
12
117
308
307
321
490
729
859
778
794
1103
1113
1048
1111
932
917
964
804
849
999
855
628
407
428
367
145
-81
-162
-303
-452
-673
-923
-1114
-1374
-1487
-1635
-1834
-2055
-2143
-2143
-2204
-2303
-2343
-2400
-2163
-2089
-2111
-2058
-1923
-1822
-1772
-1551
-1509
-1303
-1181
-1067
-957
-843
-560
-395
-325
-217
-163
-57
89
173
281
257
298
365
551
517
479
530
598
696
590
677
727
894
770
790
685
488
893
971
987
816
798
1012
1172
1149
915
1077
1313
1398
1188
968
1243
1373
1229
1028
1058
1126
1109
918
692
886
775
524
439
277
322
171
-46
0
-5
-111
-280
-308
-371
-250
-295
-415
-389
-474
-435
-380
-443
-449
-324
-436
-408
-295
-269
-182
-108
-5
29
57
38
158
261
154
197
235
373
442
366
251
331
445
391
303
313
292
190
297
325
76
122
91
-77
-185
-445
-716
-738
-840
-1019
-1110
-1266
-1374
-1563
-1807
-1888
-1900
-1877
-2036
-2193
-2300
-2258
-2145
-2243
-2022
-2081
-1992
-1883
-1838
-1691
-1508
-1372
-1155
-1166
-1153
-967
-813
-713
-726
-587
-545
-367
-311
-290
-105
-150
-191
-4
119
172
254
228
122
313
392
411
491
460
642
712
785
737
899
973
941
1006
1160
1320
1436
1497
1475
1619
1791
1873
1739
1824
1992
2019
1767
1665
1994
2119
1846
1420
1361
1518
1371
988
926
867
584
308
111
111
-69
-326
-519
-616
-793
-878
-1041
-1132
-1183
-1197
-1258
-1320
-1178
-1169
-1208
-1313
-1200
-1085
-985
-1011
-844
-763
-711
-699
-581
-335
-463
-261
-153
-53
115
181
266
358
526
510
422
539
632
644
581
583
556
387
114
35
182
116
-163
-536
-688
-879
-1040
-1270
-1521
-1553
-1590
-1730
-1960
-2035
-2049
-2035
-2065
-2164
-2190
-2246
-2026
-1999
-1840
-1676
-1704
-1515
-1328
-1261
-1243
-1074
-1008
-838
-556
-434
-558
-343
-61
8
89
220
246
365
551
533
626
633
586
799
778
777
748
831
871
729
761
772
958
918
861
867
945
1087
1280
1378
1342
1536
1851
2029
2033
1905
1931
2163
2321
2218
2231
2322
2193
2053
2012
1956
1770
1579
1406
1318
1091
704
467
450
218
-186
-462
-579
-807
-1030
-1172
-1336
-1481
-1673
-1663
-1775
-1802
-1807
-1965
-1850
-1758
-1916
-1728
-1566
-1380
-1249
-1244
-1090
-1160
-814
-610
-615
-548
-377
-273
-105
90
341
400
359
437
498
565
570
478
408
630
444
380
276
126
78
-203
-423
-441
-551
-703
-923
-1184
-1185
-1288
-1551
-1567
-1571
-1739
-1761
-1758
-1959
-1849
-1798
-1733
-1628
-1655
-1555
-1400
-1247
-1231
-1155
-1054
-940
-694
-553
-498
-478
-278
-183
-44
5
101
139
218
373
437
433
537
679
690
750
584
571
516
535
635
568
456
555
748
680
661
749
837
919
838
973
1144
1253
1409
1457
1624
1742
1768
1822
2131
2343
2230
2036
1940
2076
2295
2250
1851
1575
1704
1850
1638
1185
949
1011
793
408
243
226
89
-372
-672
-761
-894
-1026
-1304
-1282
-1315
-1557
-1725
-1797
-1718
-1712
-1688
-1957
-1771
-1595
-1690
-1511
-1411
-1239
-1204
-1126
-1023
-839
-716
-549
-385
-234
-89
-13
152
284
462
383
466
518
536
616
596
641
496
480
345
212
355
434
166
-82
-129
-175
-277
-437
-589
-673
-801
-935
-1014
-1042
-1049
-1133
-1286
-1435
-1472
-1389
-1301
-1311
-1413
-1330
-1369
-1372
-1133
-1166
-1102
-1024
-960
-787
-648
-589
-498
-380
-316
-351
-201
-47
74
89
23
101
151
253
380
305
345
526
450
461
649
649
629
551
627
750
783
815
805
917
1052
1069
1076
1072
1131
1323
1465
1565
1457
1345
1627
1878
1838
1585
1510
1417
1437
1694
1675
1091
869
1077
1127
885
367
318
329
225
-108
-269
-267
-345
-433
-749
-899
-970
-1202
-1146
-1013
-1238
-1330
-1405
-1375
-1245
-1299
-1265
-1321
-1213
-1002
-941
-856
-700
-557
-489
-449
-391
-199
-41
147
248
259
389
378
241
424
528
612
525
409
557
598
608
464
452
450
320
249
141
128
202
188
-102
-345
-365
-504
-575
-731
-745
-894
-1054
-981
-1066
-949
-1248
-1211
-1229
-1416
-1454
-1310
-1204
-1241
-1234
-1241
-1101
-975
-854
-961
-972
-894
-619
-574
-559
-386
-364
-336
-267
-289
-147
-161
-40
-31
128
314
223
237
376
460
301
397
430
629
519
594
663
532
728
745
830
891
782
821
945
871
805
893
867
870
862
845
937
1134
1086
1339
1472
1170
1007
1139
1534
1535
1209
931
1035
1269
1103
841
672
722
566
377
130
24
35
67
-210
-473
-721
-648
-588
-674
-740
-848
-856
-947
-889
-921
-748
-815
-740
-651
-722
-710
-627
-415
-342
-351
-393
-425
-282
-95
-48
-203
-55
49
43
88
245
331
235
193
308
450
441
503
542
523
586
382
508
540
442
394
281
261
110
-52
-138
-134
-160
-422
-423
-559
-662
-657
-858
-1004
-1112
-978
-1028
-1014
-1108
-1057
-987
-1048
-1058
-1062
-953
-945
-827
-794
-752
-835
-763
-638
-620
-566
-605
-620
-484
-380
-425
-421
-380
-288
-290
-244
-175
-61
116
35
90
247
278
264
126
179
246
438
404
267
349
431
430
474
498
529
668
739
896
931
965
1114
1277
1373
1379
1528
1745
1781
1335
1274
1825
2246
1861
1316
1217
1551
1626
1253
1182
1025
768
590
631
712
422
66
23
-120
-371
-684
-635
-559
-596
-768
-1075
-1140
-1127
-950
-997
-1100
-1254
-1284
-1218
-1099
-994
-986
-941
-928
-819
-763
-588
-439
-387
-274
-156
-67
-4
162
392
453
332
434
623
815
852
887
878
888
916
741
761
818
661
633
552
327
245
147
119
12
-163
-271
-323
-371
-486
-695
-863
-900
-1136
-1174
-1201
-1300
-1430
-1473
-1577
-1647
-1606
-1707
-1624
-1726
-1700
-1735
-1598
-1364
-1301
-1263
-1400
-1222
-1093
-942
-771
-618
-509
-365
-222
-215
-97
7
85
140
248
192
143
324
542
528
629
606
566
757
673
586
671
585
581
610
853
810
746
971
870
1177
1163
1147
1259
1467
1529
1614
1710
1576
2049
1868
1464
1441
1937
2488
1906
1550
1552
1808
1986
1811
1565
1398
1373
1225
1061
891
775
592
383
156
-59
-405
-427
-446
-536
-768
-1134
-1257
-1211
-1007
-1081
-1246
-1339
-1326
-1121
-1063
-942
-834
-829
-968
-780
-615
-416
-224
-16
112
79
170
162
348
515
475
499
588
730
857
800
822
938
866
851
875
709
772
701
598
522
423
355
-70
-166
-26
-339
-786
-969
-1006
-1049
-1176
-1355
-1528
-1712
-1687
-1756
-1618
-1636
-1741
-1770
-1837
-1677
-1526
-1540
-1449
-1473
-1414
-1161
-1034
-769
-717
-546
-499
-441
-261
-170
42
98
152
347
392
342
450
582
604
518
617
757
828
845
861
853
821
796
825
920
865
824
852
746
666
834
925
833
775
925
956
1064
1221
1260
1363
1470
1529
1744
1933
2032
2081
1882
1781
2240
2687
2417
1725
1730
2066
2246
1908
1409
1403
1363
1194
947
824
587
252
77
-77
-299
-466
-606
-635
-553
-904
-1180
-1345
-1240
-1100
-1285
-1410
-1533
-1229
-1228
-1203
-1169
-1101
-890
-977
-899
-780
-593
-480
-368
-261
-208
-67
-11
287
468
532
544
675
765
927
1122
989
916
874
933
900
905
829
742
647
552
516
323
88
-201
-122
-118
-223
-494
-661
-599
-616
-752
-901
-897
-836
-823
-740
-853
-832
-855
-989
-839
-770
-749
-876
-724
-692
-467
-510
-550
-426
-388
-188
-149
65
-92
88
300
300
417
384
372
374
439
400
513
458
455
547
574
405
385
512
420
345
241
249
313
497
265
255
307
354
522
523
483
525
706
745
763
824
903
1042
1120
1174
1168
1398
1478
1533
1534
1424
1394
1621
1993
1985
1376
1100
1343
1573
1451
1063
1015
980
781
629
343
35
105
-142
-426
-643
-927
-1021
-994
-1066
-1204
-1294
-1547
-1527
-1378
-1306
-1257
-1420
-1321
-1314
-1121
-1043
-952
-827
-738
-667
-393
-341
-138
-56
28
207
284
365
443
652
721
815
694
745
785
908
1058
1029
990
1037
1039
973
914
749
630
583
463
314
232
57
-112
56
54
-241
-445
-379
-221
-465
-615
-674
-608
-586
-731
-650
-664
-604
-569
-767
-670
-555
-459
-497
-560
-510
-454
-354
-312
-242
-306
-335
-429
-254
-179
-143
-149
-180
-111
-98
-112
-108
52
155
246
58
124
282
413
425
305
326
311
414
539
529
630
611
472
452
655
695
629
661
898
868
882
928
938
1144
1072
1224
1276
1279
1135
1074
1399
1579
1192
876
995
1349
1221
808
599
416
458
336
215
45
-97
-13
-56
-270
-414
-342
-358
-454
-546
-710
-760
-849
-846
-741
-683
-681
-776
-647
-562
-453
-632
-561
-381
-604
-506
-426
-384
-169
-33
-14
-31
108
277
285
376
432
426
527
701
650
788
754
679
794
820
819
778
643
510
472
317
413
358
198
89
8
43
-76
-282
-247
-251
-262
-398
-532
-456
-554
-594
-657
-835
-883
-722
-586
-772
-725
-732
-602
-612
-684
-622
-640
-437
-457
-441
-431
-317
-335
-294
-134
-206
-115
10
-70
-50
58
79
48
162
109
81
-21
46
92
-153
-77
-106
-2
96
26
52
201
191
155
229
300
251
301
360
396
490
624
598
634
860
783
839
902
911
864
847
1020
1077
1074
791
692
858
950
847
684
599
589
471
365
361
163
130
81
-115
-299
-298
-344
-504
-586
-607
-624
-812
-917
-782
-735
-834
-852
-797
-699
-626
-641
-518
-387
-397
-456
-359
-139
-174
-96
50
194
282
271
345
509
452
418
527
617
638
618
540
531
385
444
392
528
647
508
420
199
167
209
-2
-85
-92
-187
-291
-405
-446
-367
-544
-638
-594
-457
-398
-574
-596
-634
-593
-594
-521
-511
-510
-321
-255
-420
-483
-422
-256
-232
-293
-340
-215
-168
-152
-212
-178
-178
-241
-245
-335
-286
-338
-300
-229
-237
-194
-91
-13
-133
-138
-65
-60
-96
7
9
-4
49
58
175
232
317
450
579
585
629
695
788
837
973
1099
910
879
1079
1140
1046
952
1002
1128
1122
954
866
844
663
477
479
336
369
208
99
84
-95
-275
-420
-448
-532
-427
-584
-752
-747
-861
-809
-687
-632
-646
-604
-668
-575
-448
-425
-342
-308
-199
-214
-196
-143
22
83
21
168
103
233
223
76
148
261
238
291
228
261
402
164
255
170
53
64
-107
-38
-97
-91
-152
-156
-204
-256
-224
-306
-448
-573
-559
-495
-560
-554
-489
-523
-433
-529
-537
-397
-309
-362
-231
-222
-152
-130
-129
-176
-219
-86
-70
-112
-62
-45
-9
-30
-49
97
-60
-6
129
90
64
58
95
130
106
100
182
156
264
369
343
442
474
466
550
627
591
619
690
702
700
796
760
878
836
828
965
988
1087
1053
1114
1180
1143
1189
1149
1108
1044
1056
1010
920
798
870
666
436
286
112
42
49
-88
-170
-313
-384
-490
-673
-674
-659
-701
-789
-809
-727
-705
-709
-732
-664
-776
-725
-538
-491
-467
-454
-356
-388
-381
-259
-245
-239
-129
-64
11
194
115
95
219
126
244
270
280
156
172
207
204
144
56
-23
-98
-197
-317
-346
-317
-309
-383
-363
-329
-465
-462
-608
-613
-566
-656
-593
-604
-555
-473
-513
-384
-306
-256
-67
-163
-80
63
34
100
113
183
344
330
414
294
409
307
273
368
331
404
211
225
333
343
383
295
95
363
383
284
309
130
353
352
246
176
284
250
225
306
193
272
400
380
344
450
407
519
545
645
820
783
833
935
937
1022
990
927
973
936
817
683
708
575
562
530
369
238
141
118
-10
-85
-201
-298
-299
-384
-500
-494
-463
-498
-518
-534
-660
-541
-483
-607
-690
-706
-529
-591
-537
-545
-505
-438
-534
-438
-421
-384
-269
-163
-118
-91
-52
-18
-17
97
183
59
96
87
68
17
34
12
-28
-25
-7
-101
-126
-339
-231
-141
-326
-431
-399
-250
-264
-189
-130
-204
-235
-232
-213
-200
-215
-132
-45
-4
-57
-72
-38
-62
3
217
130
89
180
258
317
403
476
452
458
459
527
484
586
580
613
543
484
421
337
351
313
81
12
-62
-157
-155
-237
-296
-371
-398
-462
-423
-454
-444
-413
-393
-394
-373
-322
-272
-209
-189
-14
53
166
270
228
339
306
419
435
426
537
479
598
655
751
716
704
822
695
682
731
593
612
560
403
252
286
227
71
69
-63
-152
-167
-263
-251
-292
-395
-556
-615
-482
-573
-558
-546
-659
-561
-574
-627
-515
-453
-490
-408
-251
-240
-76
-148
95
134
94
205
95
74
104
186
198
205
171
316
297
285
297
343
264
209
126
255
255
294
260
135
91
34
75
-36
-9
5
-112
-42
-103
-95
-186
-175
-117
-291
-157
-204
-156
-189
-106
85
-21
136
233
232
316
335
491
504
554
550
472
524
495
515
471
589
552
506
588
544
527
575
610
568
552
607
624
574
572
735
582
554
628
424
375
373
464
365
46
114
217
236
114
13
47
-84
6
-251
-288
-344
-426
-292
-354
-356
-328
-259
-195
-247
-385
-330
-274
-324
-162
-177
-107
36
44
2
1
216
-25
-45
138
70
-19
190
70
84
135
65
104
154
142
144
146
131
191
98
143
125
64
11
2
60
-1
-183
-56
-116
-217
-104
19
-23
-100
12
6
89
82
-61
201
151
212
307
141
231
273
310
334
357
326
332
228
261
179
243
346
398
318
127
293
285
235
207
168
206
180
32
111
73
96
223
174
180
84
263
269
201
130
111
161
201
242
147
268
163
157
206
298
290
250
349
330
400
479
453
437
397
361
268
305
124
79
153
78
95
-23
-55
-107
-101
-118
-299
-378
-321
-344
-553
-357
-303
-505
-401
-431
-345
-317
-208
-127
-302
-98
-149
-63
-62
-73
-105
24
94
15
92
121
259
229
210
248
379
375
404
550
517
576
588
460
490
463
385
344
341
357
174
200
237
59
125
51
20
-78
-135
-67
-125
-84
-157
-53
-69
-23
18
64
-30
-35
60
-10
26
50
51
68
215
162
148
146
250
373
326
259
245
269
330
329
385
500
377
237
288
195
87
90
-14
84
174
108
112
193
67
99
261
35
8
-3
44
-30
-19
-2
-46
-6
46
49
106
62
220
317
214
229
196
314
341
427
354
324
293
244
304
228
161
98
103
-13
36
-3
-94
-77
-177
-129
-134
-125
-126
-118
-200
-145
-106
-257
-131
-18
10
-5
-110
-23
-85
120
183
167
223
119
281
334
441
408
427
510
555
546
679
663
668
831
814
855
841
820
740
854
593
772
726
553
509
356
331
239
167
119
41
52
2
-127
-60
-176
-228
-92
-160
-289
-265
-225
-141
-96
-184
-42
69
28
72
143
229
253
226
131
201
112
233
183
236
303
236
267
242
352
446
415
414
247
217
229
263
340
285
281
183
144
53
-26
91
-53
-46
-72
-105
-99
-114
-168
-166
-211
-281
-185
-219
-60
-112
-57
113
130
109
124
225
122
131
173
115
154
314
366
313
278
244
217
213
184
227
190
140
160
98
211
200
130
102
140
33
33
48
53
144
146
89
54
-6
14
60
-14
-14
-56
-129
14
-37
-19
58
94
172
190
276
280
11
46
133
117
119
72
-16
-78
18
35
-68
-50
12
-73
-113
-90
-122
-107
-165
-214
-178
-160
-143
-121
-130
-288
-194
-89
-168
-152
-128
-140
-149
-45
-58
-70
-57
-36
-52
-43
-64
69
99
53
10
45
144
181
148
61
145
124
59
114
283
