12
118
43
25
18
68
110
21
133
51
124
157
95
46
9
59
-10
85
61
32
-5
51
139
-3
111
114
111
139
41
140
206
128
68
134
40
110
49
40
-49
-22
13
-142
-193
-96
-99
-242
-78
-69
-47
1
-94
-77
104
53
10
-18
-12
-69
30
16
-68
-13
-43
-30
-53
-53
-50
-94
-85
-94
-136
-153
22
-23
-109
-123
-131
59
146
73
58
28
-6
121
136
54
-10
13
33
7
37
30
-17
-92
-74
-132
-112
-25
83
12
82
59
4
35
-18
-8
17
75
-26
-1
28
-43
-41
10
62
-58
20
45
50
12
-89
-113
-114
-212
-143
-34
-181
-87
-118
-84
-110
-88
-153
-200
-96
-39
-75
-86
-110
-125
-66
-31
-144
-254
-220
-190
-207
-192
-301
-223
-98
-63
-54
-134
-11
49
46
-81
-135
-105
-47
-10
-24
-138
-160
-173
-139
-231
-168
-114
-134
-227
-289
-108
-138
-218
-130
-182
-178
-141
-229
-166
-103
-109
4
57
30
75
-43
18
38
-88
-87
-116
-143
-148
-129
-228
-236
-130
-72
-104
-91
-183
-151
-88
-169
-93
-59
-42
-170
-58
-163
-208
-256
-68
-81
-118
-61
-134
-91
-170
-165
-150
-135
-185
-208
-207
-221
-154
-214
-84
-159
-140
-49
-203
-97
-104
-132
-109
-19
-164
-169
-141
-160
-59
-118
-136
-164
-247
-173
-102
-237
-238
-146
-168
-231
-213
-183
-203
-94
-116
-98
116
92
40
25
70
71
-64
-6
-5
26
78
18
-93
-104
-47
-68
-74
-126
19
-41
-47
-9
-80
-47
24
76
63
153
132
89
129
223
129
163
150
116
107
40
109
117
27
12
44
65
8
27
-70
-52
18
9
4
58
157
153
153
76
104
172
48
84
259
188
132
22
-9
44
26
-3
-24
-52
3
-43
-103
-157
-81
-11
-99
-53
56
-33
140
205
51
91
-23
-71
-40
10
-11
-34
-9
-76
-51
-186
-103
-75
-59
18
-20
19
24
24
8
-86
-168
-84
-122
-18
-67
-73
-59
-31
12
-88
-46
-147
-224
-135
-198
-125
-78
-151
-178
-258
-253
-109
-104
-180
-85
-116
-103
-18
-65
-96
-44
-54
30
71
-131
-127
-36
-63
-169
-151
-232
-158
-143
-164
-175
-253
-82
-114
-99
-111
-138
-191
-218
-198
-128
-101
-199
-60
-136
-24
-67
-113
-64
55
78
-21
27
64
-41
-45
-118
-37
-50
-58
37
-89
-135
-130
65
-9
-19
-41
-32
4
-14
-55
-77
6
-5
-4
-60
-123
-137
-96
-119
-103
-173
-159
-88
-213
-204
-64
-235
-327
-240
-168
-292
-473
-759
-2296
-1367
-640
-722
-394
-626
-630
-1328
-1412
-587
-228
-369
226
403
61
-390
-336
-210
-294
-88
17
244
77
-326
-205
-525
-1096
-1998
-2357
-1483
-919
-581
-264
-296
-523
-785
-506
-282
-137
-615
776
-315
-938
103
-1641
-391
-229
-297
-73
-66
-142
-560
-327
-245
-475
-793
-704
-366
-874
-217
-251
-156
-221
-603
-409
-981
-501
-475
-413
-221
-152
-617
-472
-392
-610
-433
-140
-173
-480
-476
-385
-755
-427
-646
-478
-351
-719
-465
-530
-285
-168
-184
-559
-228
-404
-175
-280
-266
8
-357
-83
-273
-368
-312
-343
-312
-139
-301
-412
-334
-445
-548
-486
-643
-235
-265
-189
-5
-70
-393
-319
-144
-637
-208
43
90
-190
-46
-212
-377
-157
-265
-156
231
38
-280
-138
-206
-129
-80
-9
-125
-180
-407
-304
27
-309
-363
-139
-251
-439
-152
-190
-371
66
-20
-326
-273
-102
-314
-208
-154
-286
-156
-356
-116
-99
-3
36
32
24
-121
88
149
251
338
479
359
355
502
524
494
416
634
869
792
857
1036
883
580
595
663
599
609
577
508
444
458
463
475
206
112
-7
-115
-62
-75
-119
-156
-60
-280
-369
-157
-185
-168
-149
-167
-58
-38
-41
-248
-181
-116
-225
-267
-450
-443
-363
-418
-452
-514
-495
-486
-544
-585
-658
-698
-672
-783
-870
-833
-846
-932
-893
-1008
-1109
-1191
-1129
-969
-1053
-945
-772
-713
-695
-559
-457
-252
-150
-227
-177
-67
208
215
313
395
651
822
786
975
1060
1058
1084
1204
1149
1288
1352
1421
1558
1513
1478
1458
1634
1755
1891
2090
2187
2051
1880
2079
2383
2622
2605
2597
2554
2556
2317
1873
1896
2060
1909
1647
1522
1503
1187
751
598
415
340
52
-150
56
45
-201
-282
-328
-259
-93
-83
48
266
171
98
122
201
398
287
257
302
416
214
-22
58
5
-82
-202
-222
-292
-343
-550
-614
-738
-848
-955
-1064
-1005
-1036
-1202
-1288
-1386
-1651
-1763
-1814
-1741
-1651
-1569
-1609
-1707
-1488
-1475
-1393
-1209
-1076
-699
-502
-484
-368
-182
-174
-127
175
412
525
725
967
1075
1126
1184
1364
1678
1827
2036
2109
2236
2469
2514
2525
2936
3254
3375
3502
3546
3781
3839
4039
4186
4309
3803
3244
3150
3166
2810
2151
1634
1050
651
215
53
-404
-1156
-1539
-1561
-1494
-1686
-1811
-1932
-2030
-1746
-1281
-1002
-805
-582
-288
93
580
1004
1163
1255
1463
1810
2153
2151
2074
1895
1836
1840
1640
1473
1179
887
443
230
123
-95
-636
-938
-1033
-1139
-1210
-1344
-1515
-1768
-1636
-1661
-1556
-1628
-1851
-1815
-1967
-1948
-1925
-2050
-2147
-2146
-2182
-2066
-2034
-2226
-2269
-2235
-2042
-1946
-1885
-1874
-1787
-1626
-1432
-1148
-1042
-830
-604
-206
33
234
411
484
688
852
1216
1460
1608
1906
1978
2246
2504
2604
2774
2808
3150
3502
3821
4079
4186
4364
4482
4570
4806
4968
5071
5398
5633
5433
4563
3686
3455
3544
2835
1850
1310
1045
655
69
-364
-797
-1492
-1958
-1893
-1744
-1779
-2023
-2157
-1956
-1590
-1236
-1062
-973
-709
-219
399
840
1101
1216
1194
1463
1852
2176
2148
1919
1846
1974
1904
1629
1351
964
639
422
150
-18
-341
-883
-1262
-1427
-1496
-1683
-2049
-2310
-2343
-2290
-2374
-2400
-2351
-2584
-2863
-2831
-2373
-2214
-2526
-2641
-2563
-2118
-1977
-2148
-2043
-2023
-1723
-1631
-1495
-1415
-1418
-1442
-1455
-998
-954
-1096
-1059
-856
-516
-331
-257
-212
-202
27
445
829
1092
999
1148
1429
1694
1975
2012
2137
2298
2528
2769
2819
2916
2927
3015
3291
3530
3526
3512
3655
3741
3921
3994
4220
4291
3984
3466
3061
3026
2974
2622
1905
1543
1462
1315
1085
637
7
-392
-779
-954
-837
-1066
-1358
-1542
-1638
-1441
-1241
-1357
-1411
-1201
-866
-595
-349
-160
-36
69
226
521
813
780
681
906
924
996
874
707
546
306
179
84
-56
-318
-505
-869
-991
-1120
-1300
-1503
-1578
-1719
-1788
-1753
-1762
-1779
-1790
-1879
-2045
-2028
-1904
-1850
-1980
-1775
-1436
-1394
-1416
-1600
-1741
-1454
-1455
-1580
-1429
-1345
-1390
-1412
-1316
-1147
-1085
-1066
-1061
-831
-554
-334
-267
-332
-146
231
567
682
822
1044
1118
1133
1182
1324
1342
1436
1550
1760
1971
1821
2004
2049
1971
2058
2082
2328
2542
2592
2533
2524
2715
2853
2866
2730
2821
3063
3035
2986
2687
2649
2572
2307
2022
1860
1612
1254
1210
1043
794
419
38
-343
-595
-797
-845
-1111
-1273
-1420
-1558
-1586
-1569
-1734
-1877
-1987
-1775
-1534
-1547
-1446
-1406
-1136
-1113
-845
-612
-370
-155
-86
33
142
251
155
99
29
119
134
-37
-27
-89
-242
-422
-575
-609
-868
-1080
-1155
-1119
-1222
-1333
-1418
-1580
-1545
-1666
-1611
-1571
-1663
-1517
-1215
-1121
-1216
-1214
-1221
-1038
-1029
-938
-823
-748
-745
-670
-497
-696
-588
-626
-623
-428
-362
-228
-106
-99
-32
390
646
592
863
923
975
1116
1301
1477
1464
1616
1669
1610
1830
1885
1824
1863
2041
2231
2267
2384
2295
2460
2533
2424
2465
2654
2878
3006
3142
3165
3178
2765
2513
2366
2171
1970
1766
1580
1373
1207
846
493
-68
-532
-781
-875
-983
-1136
-1540
-1930
-2018
-2093
-2270
-2390
-2277
-2126
-1959
-1820
-1552
-1480
-1319
-1239
-1015
-835
-514
-234
39
227
296
409
561
582
451
456
378
523
609
337
64
-59
-117
-249
-313
-418
-591
-771
-746
-784
-866
-1137
-1383
-1546
-1614
-1565
-1630
-1633
-1588
-1469
-1704
-1574
-1404
-1442
-1502
-1558
-1343
-1097
-961
-1025
-974
-874
-926
-851
-925
-852
-606
-440
-547
-580
-307
-245
-324
-260
44
271
169
292
735
744
519
749
995
1052
851
990
1490
1673
1585
1652
1823
2017
1900
1905
2233
2331
2492
2459
2539
2658
2684
2586
2601
2909
2785
2400
2154
2302
2454
1997
1614
1480
1262
956
565
310
108
-413
-876
-1087
-1086
-1205
-1731
-1980
-2142
-2130
-2185
-2253
-2233
-2147
-1998
-1928
-1680
-1374
-1221
-1168
-1018
-652
-286
-49
-7
271
633
718
795
885
1043
1016
815
740
835
839
593
307
259
74
-157
-392
-410
-516
-723
-807
-1196
-1170
-1167
-1335
-1547
-1673
-1748
-1795
-1821
-1734
-1701
-1650
-1649
-1626
-1625
-1673
-1687
-1703
-1580
-1378
-1224
-1255
-1146
-1239
-1266
-1530
-1505
-1206
-1066
-912
-894
-514
-532
-641
-587
-311
143
180
191
302
632
920
672
575
1020
1246
1213
1208
1400
1545
1288
1062
1319
1776
1838
1831
1841
2121
2340
2232
2141
2394
2823
2788
2736
2906
2749
2410
2183
2263
2097
1628
1296
1364
1344
1114
797
199
-147
-570
-691
-821
-986
-1209
-1604
-1696
-1627
-1633
-1703
-1660
-1740
-1709
-1576
-1254
-1021
-1059
-1001
-784
-651
-395
-89
18
135
359
503
758
730
662
718
521
652
743
722
561
317
186
112
26
-228
-347
-586
-711
-711
-1007
-1295
-1457
-1520
-1852
-2059
-2269
-2371
-2407
-2442
-2452
-2549
-2454
-2323
-2207
-2059
-2043
-1907
-1904
-1774
-1519
-1560
-1403
-1238
-1241
-1271
-1143
-1217
-1061
-1102
-934
-813
-897
-882
-666
-416
-394
-374
-167
91
219
134
395
696
657
863
1124
1328
1262
1271
1384
1559
1724
1825
2072
2207
2162
2117
2177
2412
2663
2734
2823
3200
3445
3230
2862
2446
2549
2630
2485
2047
1853
1977
1657
1067
629
489
4
-551
-823
-625
-773
-1299
-1820
-1950
-1806
-2005
-2078
-2006
-1878
-2013
-1999
-1644
-1379
-1428
-1463
-1170
-770
-372
-366
-411
-237
20
44
4
259
357
276
226
270
364
415
227
67
18
-83
-299
-411
-606
-646
-811
-1064
-1215
-1255
-1416
-1733
-1801
-1813
-2038
-2478
-2767
-2808
-2650
-2796
-2927
-2894
-2892
-2777
-2691
-2573
-2365
-2241
-2251
-2105
-1846
-1657
-1618
-1543
-1432
-1224
-1072
-1202
-1014
-911
-785
-759
-479
-331
-226
-123
-52
103
260
311
499
706
798
933
990
1499
1763
1558
1626
1945
2274
2509
2497
2664
2898
2791
2877
3065
3222
3254
3267
3456
3728
3559
2935
2521
2746
3095
2739
1901
1500
1765
1758
934
405
727
465
-449
-905
-523
-402
-1286
-2092
-1904
-1379
-1768
-2170
-2044
-1769
-1970
-2235
-1865
-1385
-1340
-1621
-1439
-755
-581
-675
-687
-334
135
122
280
489
696
570
312
406
614
678
461
203
263
337
20
-127
-256
-365
-617
-886
-904
-1030
-1308
-1666
-1947
-2057
-2114
-2399
-2902
-2915
-2790
-2850
-3087
-3160
-3094
-3104
-3328
-3209
-2955
-2777
-2824
-2834
-2547
-2242
-2044
-2122
-1852
-1527
-1520
-1138
-980
-735
-583
-553
-212
219
389
387
483
476
756
867
1004
1116
1215
1217
1212
1491
1675
1803
1784
1786
2083
2375
2454
2429
2670
2847
2842
2956
3120
3502
3582
3507
3736
3810
3516
2965
2784
3155
3273
2467
1597
1509
1955
1353
233
98
299
-405
-1418
-1278
-712
-1339
-2537
-2568
-2003
-2084
-2636
-2685
-2261
-2297
-2656
-2423
-1903
-1747
-2047
-2090
-1492
-960
-923
-969
-761
-405
-83
-187
8
349
516
282
237
587
787
662
357
237
359
246
-163
-295
-319
-545
-894
-1118
-1259
-1306
-1663
-2029
-2012
-2178
-2417
-2647
-2819
-2897
-2957
-3029
-3059
-2934
-2792
-2883
-2962
-2861
-2664
-2513
-2496
-2362
-2005
-1821
-1865
-1770
-1483
-1265
-1171
-1086
-740
-523
-592
-374
-72
142
171
253
386
641
809
918
1022
1169
1448
1459
1556
1647
1763
1836
1840
2043
2262
2538
2648
2778
2877
2963
3127
3427
3875
3952
3911
4183
4432
4384
3981
3300
3431
3681
3039
2203
2201
2746
1976
425
98
665
161
-1200
-1449
-878
-1296
-2553
-2938
-2264
-2138
-3043
-3271
-2603
-2469
-2863
-2826
-2340
-2081
-2280
-2317
-1680
-1280
-1188
-1152
-821
-499
-259
-138
-184
-9
406
637
399
515
866
754
435
407
760
777
241
22
106
102
-230
-451
-510
-560
-846
-1280
-1283
-1378
-1599
-1945
-2156
-2085
-2275
-2735
-3139
-3000
-2767
-2691
-2979
-3123
-2908
-2823
-2717
-2630
-2251
-2135
-2447
-2258
-1747
-1500
-1473
-1467
-1288
-1020
-779
-679
-454
-259
-276
-174
187
412
415
473
699
982
1128
1135
1108
1252
1546
1816
1904
2135
2182
2225
2430
2743
3056
3068
3006
3087
3453
3498
3731
4015
4204
4337
4284
4068
3254
3255
3720
3520
2606
2547
2940
2479
1004
446
1151
1335
-64
-822
-302
-617
-1768
-2099
-1293
-1387
-2467
-2838
-2225
-1873
-2272
-2269
-1885
-1763
-1815
-1804
-1451
-1038
-903
-845
-687
-371
54
308
276
450
752
809
460
484
1030
1079
765
693
988
930
549
193
516
711
369
17
-187
-227
-484
-746
-840
-823
-1038
-1714
-1904
-1835
-1855
-2288
-2751
-2855
-2774
-2827
-3161
-3161
-3152
-3140
-3313
-3152
-2847
-2752
-2833
-2742
-2304
-2021
-1918
-1923
-1692
-1326
-949
-698
-560
-432
-187
11
318
506
738
674
780
1119
1139
1264
1351
1556
1753
1759
1961
2156
2203
2326
2434
2751
2769
2835
3105
3161
3273
3420
3675
3867
4064
4087
4040
3767
3313
3689
3872
2959
2017
2494
3169
2020
449
471
1333
644
-706
-637
31
-780
-2082
-1824
-945
-1469
-2811
-2735
-1997
-2063
-2418
-2276
-1873
-1983
-2257
-1842
-1465
-1410
-1322
-1312
-1134
-734
-376
-238
-409
-137
405
441
116
381
896
795
593
649
1061
885
441
352
579
601
245
41
-17
-159
-588
-955
-990
-881
-1268
-1747
-1841
-1780
-2114
-2675
-2693
-2467
-2655
-2963
-3233
-3213
-2967
-3127
-3200
-2892
-2678
-2757
-2607
-2431
-2194
-2119
-2116
-1854
-1460
-1193
-1042
-886
-616
-407
-254
-150
-42
346
619
707
799
965
1163
1253
1550
1649
1650
1602
1637
2049
2280
2364
2250
2367
2599
2757
2884
3010
3083
3306
3593
3905
4295
4178
4027
3718
3240
3572
4345
3801
2155
1962
3180
3286
1451
268
1177
1400
-87
-855
-219
-279
-1859
-2446
-1453
-1156
-2397
-3195
-2743
-2226
-2382
-2692
-2574
-2429
-2547
-2541
-2034
-1764
-1708
-1642
-1590
-1321
-742
-324
-693
-830
-57
340
38
-158
310
660
409
249
716
973
512
132
428
817
562
271
151
147
52
-213
-359
-512
-745
-1075
-1297
-1239
-1344
-1887
-2350
-2454
-2369
-2600
-2962
-3137
-2842
-2834
-2970
-2903
-2794
-2537
-2668
-2677
-2392
-1949
-2055
-1987
-1550
-1282
-1081
-1013
-749
-455
-183
-32
83
383
647
704
966
1245
1358
1554
1561
1761
1963
1908
2073
2146
2220
2346
2482
2702
2641
2505
2601
2981
3050
3160
3212
3186
3398
3620
3944
3939
3758
3161
3216
3791
4171
3185
1697
2099
3321
2758
834
450
1476
1264
-127
-558
106
-388
-1907
-1950
-854
-1221
-2650
-3026
-2279
-1971
-2587
-2892
-2624
-2645
-2749
-2540
-2249
-1956
-2002
-1928
-1805
-1489
-976
-1001
-1133
-977
-287
-18
-428
-364
128
426
207
144
665
625
174
98
380
613
246
-29
-26
143
23
-221
-548
-652
-832
-1255
-1467
-1509
-1576
-2251
-2647
-2574
-2563
-2927
-3321
-3246
-3067
-3205
-3484
-3320
-3163
-3126
-3079
-2854
-2631
-2473
-2412
-2038
-1622
-1370
-1255
-1018
-470
-204
-103
24
250
313
519
790
798
976
1031
1138
1394
1355
1426
1555
1599
1633
1685
1780
1849
1861
2110
2118
2093
2221
2288
2431
2591
2738
2857
3082
3282
3327
3459
3394
3026
3197
3798
3686
2323
1537
2780
3736
2347
490
610
1751
1242
-100
-203
261
-643
-1730
-1547
-934
-1697
-2804
-2645
-2022
-2216
-2887
-3031
-2742
-2665
-2833
-2581
-2458
-2457
-2377
-2101
-1823
-1650
-1256
-1183
-1368
-799
-248
-82
-449
-208
575
654
304
430
766
925
798
622
1037
1123
685
444
584
643
339
-158
-333
-198
-425
-968
-1365
-1238
-1487
-2204
-2694
-2536
-2437
-2940
-3367
-3423
-3190
-3391
-3624
-3533
-3275
-3247
-3303
-3021
-2516
-2269
-2289
-2157
-1737
-1377
-1085
-910
-757
-602
-456
-221
109
272
372
488
673
834
993
956
977
1103
1213
1255
1127
1232
1276
1418
1253
1174
1530
1686
1673
1640
1909
2112
2254
2320
2468
2777
3068
3289
3406
3421
3126
2989
3416
4085
3442
1768
1664
3121
3582
1670
256
1120
1864
901
-283
-117
-202
-1164
-1750
-1258
-979
-2087
-2928
-2546
-2115
-2497
-2970
-2930
-2787
-2726
-2835
-2695
-2795
-2575
-2302
-2018
-1890
-1765
-1557
-1313
-1019
-709
-14
-195
-447
169
1075
1050
711
975
1455
1472
1071
992
1388
1360
1009
840
1022
1034
615
369
229
170
-185
-611
-755
-713
-1232
-1904
-2010
-1732
-1802
-2533
-3184
-2995
-2698
-2872
-3032
-3122
-2944
-2975
-2967
-2538
-2220
-2282
-2359
-2010
-1470
-1289
-1148
-976
-665
-330
-107
-22
120
426
468
634
1011
1214
1239
1234
1389
1528
1585
1565
1523
1565
1680
1858
1777
1682
1817
1999
2235
2081
2099
2212
2333
2527
2694
2797
2800
3079
3372
3390
3135
2906
3019
3529
3549
2364
1401
2188
3304
2654
497
-10
1057
1189
-59
-767
-522
-756
-1617
-2008
-1376
-1636
-2718
-3058
-2532
-2396
-3100
-3473
-3096
-2594
-2696
-2958
-3031
-2669
-2405
-2227
-2119
-1821
-1523
-1502
-1409
-891
-286
-344
-558
-330
371
554
364
365
698
985
836
602
987
1222
940
724
652
784
616
297
173
146
-101
-570
-755
-671
-692
-1251
-1696
-1739
-1730
-1981
-2708
-2651
-2478
-2552
-2851
-3057
-2746
-2644
-2752
-2709
-2348
-2269
-2385
-2321
-1847
-1500
-1514
-1508
-1154
-823
-594
-462
-302
25
200
268
446
704
799
754
827
1018
1163
1253
1286
1600
1657
1541
1499
1467
1579
1706
1739
1704
1693
1890
1985
2097
2181
2276
2328
2441
2747
3025
3092
3233
3149
2798
2877
3442
3818
2848
1420
1596
3163
3310
1459
135
642
1451
689
-516
-644
-594
-1306
-1768
-1603
-1589
-2286
-2677
-2358
-2053
-2448
-2969
-2910
-2573
-2279
-2533
-2776
-2677
-2301
-1842
-1789
-1820
-1738
-1303
-1266
-1106
-734
-466
-364
-551
-130
253
422
323
515
884
960
825
790
1129
1417
1124
861
855
1004
835
557
459
307
67
-196
-270
-372
-728
-1137
-1622
-1475
-1401
-1775
-2217
-2305
-1983
-2244
-2503
-2546
-2484
-2389
-2524
-2463
-2367
-2065
-2132
-2019
-1654
-1696
-1624
-1559
-1277
-940
-840
-832
-605
-381
29
19
154
397
475
513
690
889
946
1063
1123
1468
1530
1499
1514
1481
1778
1765
1666
1721
1858
2040
2157
2107
2186
2199
2287
2376
2502
2625
2656
2881
2818
2731
2503
2616
3113
3141
2034
897
1470
2906
2524
588
-280
594
1239
180
-787
-832
-800
-1070
-1499
-1461
-1436
-1955
-2236
-2026
-1839
-2110
-2464
-2293
-1866
-1843
-2147
-2255
-1974
-1554
-1381
-1379
-1318
-1036
-826
-751
-603
-183
61
-35
20
418
736
744
633
1006
1461
1237
1019
1176
1568
1655
1342
1317
1423
1391
1230
1168
949
763
586
280
281
112
-225
-651
-789
-821
-963
-1301
-1790
-1666
-1529
-2055
-2479
-2572
-2336
-2357
-2633
-2698
-2629
-2349
-2255
-2264
-2094
-1865
-1929
-1823
-1421
-1244
-1164
-963
-687
-490
-347
-217
-10
387
483
533
713
907
1007
1150
1238
1281
1342
1355
1328
1369
1433
1398
1371
1274
1274
1178
1366
1388
1352
1338
1454
1554
1624
1880
1762
1849
2198
2337
2227
1815
1777
2182
2696
2213
1100
677
1689
2625
1702
260
-46
756
975
154
-490
-431
-607
-947
-1125
-933
-1126
-1687
-1810
-1522
-1552
-2069
-2176
-1704
-1355
-1558
-2006
-1922
-1591
-1326
-1190
-1093
-1058
-962
-748
-524
-99
159
130
190
361
601
736
751
906
1120
1225
969
1029
1204
1611
1428
1028
1145
1051
1126
928
759
731
371
28
-62
-22
-222
-1062
-1359
-1180
-1110
-1601
-2253
-2380
-2218
-2261
-2652
-2700
-2657
-2649
-2585
-2707
-2628
-2635
-2572
-2256
-2052
-1867
-1822
-1686
-1402
-1154
-902
-819
-604
-323
-45
123
277
600
533
757
859
936
1070
1122
1107
1180
1300
1321
1278
1235
1230
1227
1299
1290
1008
1178
1238
1419
1374
1347
1405
1353
1551
1400
1545
1609
1714
1949
1982
1863
1748
1959
2264
2279
2046
1254
1247
1966
2259
1588
553
506
1067
1304
511
168
36
-3
-250
-491
-357
-562
-977
-1032
-904
-1035
-1387
-1425
-1136
-1043
-1266
-1508
-1544
-1275
-1051
-1024
-1148
-1116
-994
-838
-588
-340
-174
-129
-134
3
348
425
377
361
645
730
620
698
810
1081
1025
843
788
719
751
741
430
247
125
-81
-178
-250
-383
-851
-1247
-1255
-1248
-1597
-2121
-2256
-1963
-1969
-2353
-2715
-2625
-2451
-2551
-2614
-2540
-2293
-2395
-2251
-1931
-1796
-1710
-1636
-1413
-1173
-970
-922
-675
-544
-303
-164
-14
103
186
412
599
609
725
836
905
848
900
1068
1124
1041
1050
1180
1130
1096
1013
1059
1150
1163
1111
1147
1223
1271
1357
1494
1578
1501
1750
1936
1961
1987
1893
2035
1997
2140
2257
2002
1712
1589
1916
2220
1769
1092
929
1219
1335
977
597
389
271
54
-17
-84
-247
-479
-589
-701
-768
-1032
-1164
-937
-995
-1151
-1374
-1246
-1107
-1019
-965
-995
-997
-758
-687
-564
-536
-417
-253
-223
-27
121
262
308
450
534
670
706
727
901
969
935
775
759
810
769
691
482
446
331
-86
-107
-218
-343
-586
-883
-953
-1145
-1366
-1643
-1728
-1833
-1942
-2187
-2405
-2333
-2355
-2388
-2355
-2422
-2384
-2310
-2221
-2107
-1842
-1795
-1859
-1655
-1358
-1130
-983
-1112
-934
-564
-322
-237
-86
84
187
282
423
465
514
638
608
723
738
569
537
619
621
615
544
622
733
757
547
631
763
919
908
738
1029
1095
1271
1268
1387
1468
1413
1589
1805
1738
1653
1906
2160
2050
1805
1647
1824
2121
1954
1510
1138
1294
1509
1384
969
654
565
377
230
38
-146
-364
-638
-820
-919
-1142
-1246
-1279
-1385
-1394
-1549
-1725
-1666
-1445
-1273
-1263
-1265
-1228
-1093
-852
-678
-663
-355
-292
-189
55
312
465
453
567
528
676
736
901
907
1015
1035
661
722
816
765
645
512
391
127
-49
-52
-156
-457
-704
-755
-893
-1188
-1320
-1611
-1883
-1893
-2044
-2171
-2370
-2316
-2273
-2392
-2327
-2210
-2175
-2077
-2016
-1772
-1585
-1621
-1490
-1261
-900
-769
-806
-523
-254
-141
-180
-147
71
124
140
180
201
247
190
242
292
222
186
239
325
289
358
239
224
371
439
452
416
475
595
624
723
914
1043
1190
1435
1613
1833
1891
2069
2352
2335
2347
2553
2889
2851
2559
2419
2349
2612
2687
2364
1933
1557
1664
1611
1443
1011
659
332
-32
-273
-571
-840
-1151
-1461
-1640
-1727
-1950
-2134
-2076
-2051
-2155
-2328
-2358
-2108
-1969
-1719
-1610
-1477
-1302
-1082
-844
-593
-277
-303
-28
84
482
740
565
799
858
1009
999
985
1169
1188
1149
1013
912
883
845
737
526
346
253
1
-204
-334
-506
-756
-1104
-1204
-1410
-1397
-1633
-1858
-1923
-1990
-1942
-1935
-1901
-1939
-1908
-1800
-1744
-1755
-1531
-1385
-1212
-1134
-1017
-823
-582
-479
-381
-199
-108
-160
-98
-19
-4
-14
32
127
-9
-49
107
16
110
-14
-27
-18
177
152
23
174
217
403
444
634
609
820
870
928
1085
1283
1380
1549
1726
1928
2108
2109
2314
2510
2823
2862
2839
2925
3083
3152
3177
3064
2800
2593
2346
2455
2358
1994
1555
1190
900
697
459
83
-483
-825
-998
-1415
-1677
-1790
-2073
-2289
-2361
-2361
-2396
-2505
-2428
-2382
-2375
-2127
-1960
-1835
-1595
-1329
-1112
-989
-821
-534
-212
-7
118
227
332
414
470
431
611
725
836
759
735
764
734
728
614
513
315
168
34
-111
-105
-362
-542
-724
-747
-838
-1023
-1199
-1324
-1405
-1431
-1442
-1603
-1728
-1790
-1686
-1634
-1645
-1676
-1521
-1450
-1410
-1416
-1230
-995
-911
-867
-695
-626
-461
-384
-449
-359
-329
-332
-271
-375
-274
-307
-276
-353
-393
-392
-464
-291
-244
-255
-302
-126
-134
-112
-75
120
234
186
313
413
534
681
641
689
848
952
999
1286
1282
1248
1318
1538
1679
1853
1863
1882
2049
2126
2281
2395
2366
2423
2380
2330
2343
2298
1924
1572
1588
1523
1359
937
529
310
271
37
-272
-528
-767
-952
-1032
-1238
-1246
-1353
-1481
-1563
-1776
-1546
-1566
-1314
-1355
-1370
-1191
-1048
-734
-662
-535
-453
-316
-149
-175
-101
27
165
203
319
305
269
381
414
388
407
499
548
487
382
512
509
330
204
76
16
100
-49
-157
-304
-421
-484
-624
-625
-666
-744
-788
-954
-1029
-915
-1025
-1022
-1004
-1032
-1035
-947
-863
-807
-923
-986
-781
-831
-730
-752
-844
-804
-822
-780
-759
-645
-565
-519
-442
-464
-431
-363
-271
-240
-365
-312
-262
-416
-303
-255
-236
-229
-176
-109
-77
-66
48
136
162
134
218
351
275
350
448
552
706
827
899
1143
1148
1149
1345
1275
1405
1598
1591
1655
1805
1964
2093
1990
1892
2096
2115
2135
2146
2002
1745
1433
1692
1669
1418
1182
991
858
623
548
358
294
40
-332
-369
-375
-503
-600
-651
-750
-873
-910
-915
-761
-724
-725
-686
-758
-522
-491
-490
-410
-300
-123
-189
-104
-5
122
100
142
353
378
362
356
356
451
417
277
252
220
286
223
195
250
338
268
238
217
232
163
104
-30
-162
-110
-201
-201
-204
-265
-493
-492
-506
-566
-619
-768
-863
-886
-886
-822
-894
-1015
-987
-1029
-1036
-1094
-1131
-1088
-1049
-990
-978
-987
-972
-996
-1004
-1072
-1012
-895
-906
-974
-973
-939
-857
-811
-798
-723
-701
-683
-606
-540
-430
-396
-162
-27
-5
244
279
306
344
548
663
703
718
693
846
946
1073
1158
1050
1117
1136
1184
1327
1501
1544
1499
1736
2015
1890
1691
1870
2139
2183
1915
1545
1649
1899
1867
1481
1298
1309
1055
964
634
685
503
-43
-35
86
-113
-265
-403
-524
-416
-687
-844
-780
-677
-594
-670
-854
-749
-682
-655
-740
-651
-656
-716
-596
-542
-328
-149
-200
-179
-36
51
-71
28
314
459
481
481
569
705
878
1034
937
975
978
839
905
977
906
750
579
535
502
359
122
-62
-70
-92
-390
-557
-479
-631
-801
-949
-963
-1095
-1067
-1212
-1256
-1274
-1362
-1403
-1409
-1284
-1366
-1297
-1464
-1517
-1377
-1310
-1305
-1134
-1103
-1080
-1010
-987
-798
-605
-441
-447
-384
-227
-248
-215
-45
146
154
199
219
241
230
307
441
357
373
399
397
384
328
522
344
258
362
250
452
486
642
706
682
713
1054
1255
1175
1197
1315
1531
1837
1970
1888
1814
1877
2196
2462
2530
2095
1813
2114
2285
1772
1525
1537
1571
1179
841
675
662
465
86
14
-265
-524
-710
-793
-813
-970
-1124
-1309
-1339
-1289
-1351
-1339
-1409
-1370
-1187
-1170
-1235
-1032
-842
-837
-758
-617
-373
-199
-61
252
351
410
494
686
809
849
887
880
946
1059
1079
1058
1019
937
900
800
705
717
591
405
295
186
111
-166
-386
-361
-374
-583
-729
-752
-719
-815
-989
-1066
-1103
-1243
-1313
-1242
-1204
-1259
-1400
-1419
-1430
-1208
-1142
-1141
-915
-892
-850
-679
-551
-370
-354
-289
-133
-55
-78
-58
50
128
185
90
44
65
99
19
6
-85
-41
20
80
38
13
17
-71
-35
-49
3
-62
20
181
292
201
283
445
514
521
485
730
866
909
978
1183
1319
1404
1449
1665
2011
2196
2287
2082
1924
1982
2541
2650
2172
1738
1671
1795
1835
1642
1292
832
518
380
384
147
-222
-543
-643
-881
-1177
-1276
-1425
-1485
-1614
-1619
-1869
-1918
-1754
-1595
-1361
-1440
-1372
-1303
-1306
-1089
-816
-765
-521
-559
-382
-94
4
207
252
242
220
348
474
555
555
647
595
598
572
724
668
631
501
420
420
346
325
78
-11
-187
-425
-426
-476
-718
-814
-744
-861
-923
-932
-919
-858
-950
-1066
-1002
-925
-906
-717
-548
-567
-520
-345
-289
-185
-74
19
28
-24
112
147
123
104
299
372
118
258
297
280
199
47
168
153
75
8
5
-26
-11
18
-57
70
2
14
34
-88
-149
-115
-73
55
151
120
206
250
407
436
614
653
757
848
963
1104
1298
1521
1653
1787
1914
1975
2143
2198
2091
1868
1845
2157
1988
1567
1220
1221
1279
1180
830
490
450
156
-51
-181
-297
-505
-756
-915
-989
-1103
-1201
-1323
-1399
-1424
-1349
-1395
-1338
-1349
-1265
-1240
-1190
-927
-847
-767
-822
-562
-438
-438
-339
-199
67
95
175
214
346
406
458
496
343
432
316
301
342
414
376
250
144
92
-28
-200
-192
50
-136
-522
-462
-406
-367
-370
-570
-667
-465
-350
-492
-429
-373
-442
-434
-396
-284
-355
-214
-247
-96
-24
-163
-92
16
141
-63
-42
63
70
161
1
-33
-86
-49
-81
-159
0
21
-20
-97
-139
-3
-48
-72
5
-116
-13
5
-88
-92
19
22
56
295
483
423
615
827
646
841
1070
1164
1345
1407
1396
1459
1482
1756
1721
1893
1978
1563
1396
1627
2050
1692
1191
1097
1259
1138
786
506
563
519
161
-4
-57
65
-200
-466
-528
-692
-801
-895
-852
-874
-787
-919
-1120
-1164
-882
-759
-858
-859
-799
-675
-678
-605
-371
-224
-305
-329
-174
-7
56
84
224
206
204
124
172
316
350
215
330
390
252
389
232
268
311
183
175
276
320
256
185
289
284
344
244
63
22
116
75
-51
-55
-18
59
-69
-217
-258
-314
-271
-428
-448
-287
-374
-440
-437
-504
-521
-494
-464
-353
-633
-594
-636
-592
-395
-416
-549
-567
-515
-472
-525
-585
-463
-556
-574
-550
-494
-415
-409
-423
-415
-404
-318
-333
-306
-182
-112
-179
-172
-139
-65
37
72
19
-23
12
140
120
189
215
323
387
390
479
519
668
726
842
872
978
1137
1270
1314
1086
956
1058
1482
1556
1122
982
1183
1135
894
746
641
618
357
105
-76
7
-82
-266
-450
-563
-656
-666
-786
-900
-972
-1034
-910
-943
-1050
-1091
-901
-734
-751
-724
-733
-599
-431
-392
-412
-420
-291
-125
20
81
149
278
256
321
449
530
547
593
739
658
827
820
763
844
827
800
705
613
485
472
486
489
313
205
146
91
-165
-302
-371
-536
-580
-659
-734
-778
-638
-703
-741
-714
-757
-716
-892
-808
-824
-865
-745
-883
-844
-774
-774
-759
-790
-849
-716
-740
-745
-711
-573
-566
-674
-568
-495
-592
-589
-534
-545
-559
-453
-354
-333
-398
-459
-402
-303
-323
-319
-276
-160
-159
-118
-53
58
165
64
183
383
509
629
752
915
962
1155
1298
1436
1635
1740
1517
1329
1768
1983
1562
1225
1343
1427
1133
997
920
676
306
-36
48
106
-164
-436
-537
-595
-818
-931
-999
-977
-1025
-1051
-1156
-1385
-1345
-1164
-1188
-1300
-1337
-1224
-1232
-995
-799
-613
-600
-680
-502
-286
-277
-90
41
205
342
297
460
509
653
583
475
433
459
503
401
246
462
536
251
86
145
210
40
-73
-137
-254
-306
-360
-314
-308
-357
-547
-579
-462
-438
-386
-451
-474
-359
-353
-409
-476
-220
-140
-295
-229
-169
79
-83
-47
18
67
25
96
233
260
217
52
156
261
327
240
180
168
200
119
96
30
-51
97
-127
-248
-274
-361
-303
-332
-357
-362
-312
-260
-245
-198
-170
-248
-164
-150
-70
-43
-80
134
111
-47
-6
86
75
117
77
105
153
167
183
240
194
221
269
215
177
245
258
182
223
321
383
322
319
269
291
298
227
286
278
326
392
280
189
45
175
258
153
148
0
166
224
123
278
239
215
318
328
455
511
428
423
564
618
610
719
474
369
485
549
423
302
402
322
356
292
172
157
139
86
20
-55
-164
-200
-193
-188
-412
-504
-470
-526
-506
-654
-662
-784
-776
-800
-717
-689
-794
-773
-723
-659
-748
-732
-572
-436
-442
-323
-259
-98
-58
27
103
168
137
153
164
251
320
317
298
155
157
149
16
5
-48
43
43
-54
-55
-172
-45
-131
-97
-95
-31
63
86
144
218
148
251
336
300
414
406
566
609
726
773
857
975
1162
1314
1171
1314
1338
1450
1586
1727
1582
1655
1784
1677
1593
1603
1725
1613
1505
1227
1108
1088
896
714
643
374
88
35
98
28
-126
-222
-303
-386
-315
-289
-425
-397
-277
-387
-435
-364
-138
-249
-229
-313
-169
-65
-105
105
72
191
80
115
209
249
363
340
268
226
279
262
345
431
337
382
230
59
9
-75
-56
-37
-35
-173
-377
-322
-337
-362
-540
-679
-638
-771
-747
-763
-776
-739
-731
-714
-649
-495
-493
-314
-333
-292
-194
-170
30
52
112
184
216
216
370
367
222
282
282
339
230
263
233
289
245
231
298
159
177
48
3
6
-89
-93
-117
-153
-177
-252
-304
-357
-296
-283
-404
-443
-437
-387
-215
-316
-324
-217
-151
-38
-110
21
165
275
375
461
431
473
535
469
656
755
784
701
692
618
566
584
532
546
357
291
284
323
197
40
160
215
122
178
-33
-151
-195
-200
-184
-188
-244
-290
-215
-259
-207
-269
-18
-6
0
-37
-9
110
129
213
384
320
323
470
434
487
564
659
571
603
530
422
511
614
578
614
531
486
548
463
491
375
212
345
309
245
197
155
134
181
201
8
46
124
127
84
140
143
115
153
173
181
110
141
226
315
285
325
394
356
312
324
325
408
448
396
456
336
350
345
339
210
156
149
86
202
121
128
39
-75
-111
-254
-326
-403
-365
-488
-552
-437
-385
-502
-498
-449
-515
-465
-507
-517
-461
-393
-383
-379
-375
-364
-334
-354
-402
-372
-410
-374
-283
-115
-66
-148
-155
-161
-101
-82
-123
-52
-42
-47
71
19
68
102
-39
-131
-108
150
224
-18
-116
-137
-2
92
95
-73
-162
-48
-88
-67
76
125
2
75
93
153
217
284
434
575
586
431
576
888
825
680
684
778
820
854
811
813
889
809
731
794
781
800
603
564
651
688
671
579
594
668
660
529
548
546
534
512
453
449
366
348
370
374
273
126
133
30
81
4
-139
1
62
118
88
30
83
169
228
88
116
116
46
168
246
190
167
196
120
170
114
57
84
55
1
-100
-38
-112
-208
-152
-170
-233
-277
-294
-381
-416
-437
-458
-472
-428
-470
-456
-497
-540
-548
-585
-530
-577
-578
-562
-468
-384
-341
-337
-357
-231
-196
-181
-44
73
124
151
189
287
377
377
387
350
541
560
554
626
622
625
577
632
562
461
410
424
345
296
289
292
236
152
207
242
50
264
270
238
246
146
201
164
142
142
45
186
136
171
227
300
250
187
325
250
460
427
371
520
504
497
675
717
680
567
634
652
546
527
434
356
385
256
269
219
182
117
-85
32
17
-53
-137
-140
-160
-396
-212
-307
-254
-351
-356
-252
-106
-195
-37
49
-52
21
246
228
139
283
133
148
79
46
176
303
265
241
241
286
320
296
175
252
83
73
51
-114
-101
-236
-203
-263
-320
-405
-416
-346
-578
-537
-410
-525
-520
-427
-497
-500
-377
-270
-163
-227
21
60
170
277
281
441
534
487
580
590
564
567
624
527
560
587
531
582
550
504
452
501
403
345
313
172
225
39
41
24
7
56
-75
-42
-112
-99
-108
-167
-83
-201
-302
-160
-134
-14
-53
52
42
9
124
42
110
164
228
204
232
315
330
385
438
343
313
375
168
178
189
-24
84
-23
-123
-100
-211
-276
-185
-218
-368
-190
-263
-204
-185
-190
-211
-374
-345
-270
-290
-222
-228
-67
-40
-59
5
-31
-21
-31
-62
5
-25
-41
-3
16
56
87
75
-37
-5
66
78
138
159
141
141
101
195
101
59
68
-7
-40
-31
-67
-146
-116
-103
-72
-105
-71
-33
-7
168
150
126
-9
41
176
258
206
305
313
244
300
359
326
326
355
372
393
293
254
329
267
280
295
302
210
248
407
299
317
275
298
265
317
339
334
262
225
234
131
132
182
108
-52
-30
-44
-104
-86
-74
-134
-159
-89
-253
-282
-205
-173
-257
-185
-185
-176
-187
-171
-129
-280
-146
-107
59
35
-106
-188
-274
-235
-225
-267
-285
-269
-161
-235
-291
-220
-220
-197
-131
39
-13
-9
-120
94
-15
-163
11
61
118
-98
-54
-187
-143
-265
-369
-310
-264
-261
-333
-371
-361
-329
-321
-367
-276
-142
-132
-251
-142
-130
-116
114
114
83
47
74
114
248
164
344
253
174
210
236
321
326
350
415
299
169
310
287
365
306
505
416
371
438
352
370
309
358
326
334
294
313
167
100
68
-5
96
-7
-50
183
181
24
43
268
267
372
296
223
422
405
260
144
196
284
271
273
135
130
221
267
241
176
0
76
170
192
122
41
82
51
87
109
128
97
56
-81
-107
-55
-243
-171
-135
-223
-203
-198
-126
-178
-189
-380
-340
-315
-362
-287
-297
-323
-224
-216
-161
-136
-76
-107
-112
-17
-138
-27
-39
-86
1
-65
68
-4
-56
-39
-159
-93
-96
-198
-242
-213
-142
-150
-197
-229
-150
-197
-201
-131
-159
-16
93
164
104
113
234
223
204
230
216
274
300
365
313
345
431
481
348
306
452
450
314
332
499
496
449
417
316
333
358
311
157
269
250
271
193
121
137
76
56
89
64
-1
1
-139
-127
-61
19
-15
-85
51
20
-108
2
-57
-7
14
-92
-83
-20
-31
35
36
-62
-23
104
14
18
89
-8
-96
-8
-9
-31
70
0
65
7
-84
-118
-3
-96
-209
-190
-195
-182
-147
-175
-491
-554
-427
-438
-554
-511
-441
-338
-390
-465
-441
-500
-579
-360
-288
-212
-214
-239
-183
-137
-27
-52
-58
-57
-176
23
38
-128
28
-21
9
29
-97
-44
98
-20
30
193
207
238
240
304
449
415
411
376
351
353
375
457
386
360
419
342
301
393
443
403
366
393
300
404
452
511
427
415
405
410
446
500
592
562
495
562
447
417
444
265
271
150
249
294
147
68
1
-59
16
-78
-193
-100
-159
-199
-265
-170
-239
-166
-177
-168
-174
-300
-285
-172
-219
-284
-157
-201
-37
-184
-158
-87
-120
-237
-305
-232
-181
-201
-106
-110
-109
-85
-67
-62
-73
81
-63
-82
-44
-25
-37
75
43
5
-36
84
80
-77
8
-19
-63
-86
-35
42
22
-108
-96
-60
-19
20
66
149
56
130
88
121
182
108
163
163
232
129
108
144
159
225
177
88
200
205
263
472
483
495
611
630
642
651
707
722
678
742
690
687
670
656
670
688
675
538
539
439
454
443
420
281
198
284
251
369
305
319
267
319
182
186
258
256
294
150
156
164
99
73
152
161
103
159
130
136
-14
24
34
-81
-39
-57
44
18
21
127
114
60
40
78
55
-43
78
131
38
77
40
-48
-100
-111
-133
-155
-99
-119
-45
-86
-76
31
172
74
184
238
135
182
205
332
396
410
355
340
350
342
258
390
424
365
399
364
264
328
310
248
184
89
131
117
209
230
140
181
222
151
199
145
127
144
114
145
87
20
43
95
22
-28
-43
-29
-36
49
-92
77
32
64
52
49
187
131
216
105
112
253
273
180
169
86
60
56
-88
48
126
152
26
-125
-86
-161
-251
-220
-205
-274
-361
-245
-339
-301
-251
-253
-340
-217
-164
-172
-45
-144
-67
-136
-203
-197
-233
-245
-294
-246
-84
-200
-181
-123
-129
-160
-230
-140
-122
-152
-20
-83
10
-32
-120
8
-30
-73
-39
-159
-184
-227
-257
-241
-226
-245
-228
-191
-196
-151
-192
-61
35
36
-27
-85
-16
68
131
174
187
205
203
167
