-184
-67
-58
-36
-95
-39
-79
-31
-5
-30
49
67
105
107
181
113
-43
-143
-115
-37
-116
-102
-137
-103
-53
-130
-148
-230
-134
-61
-115
9
-86
-160
-103
-47
2
-126
-89
-118
-100
-7
-69
-21
-47
-155
-166
-185
-122
-181
-195
-261
-239
-278
-339
-416
-282
-234
-303
-173
-92
-216
-149
-84
-183
-111
-173
-133
-231
-189
-89
-129
-268
-292
-280
-251
-269
-275
-287
-207
-135
-161
-171
-229
-217
-220
-294
-289
-318
-319
-164
-250
-297
-311
-350
-151
-184
-211
-95
-204
-248
-214
-374
-386
-264
-394
-467
-314
-359
-356
-366
-312
-261
-307
-165
-140
-132
-201
-176
-147
-234
-269
-108
-193
-324
-313
-412
-348
-448
-561
-471
-372
-406
-377
-438
-403
-329
-326
-230
-266
-221
-124
-237
-306
-236
-77
-95
-55
-112
4
-97
-289
-159
-223
-233
-190
-175
-109
-196
-212
-309
-199
-60
4
-13
-118
-90
-74
50
97
39
107
40
-37
-104
84
99
-11
28
8
-22
-78
-42
-15
33
-66
-8
-157
-149
-83
-161
-13
-156
-143
-35
-112
-20
51
-13
-63
4
51
22
-51
-40
-109
-154
-115
-54
15
-79
-111
-61
-134
-225
-93
3
-104
-112
-190
-162
-17
-123
-98
-45
-62
-162
-157
-222
-228
-181
-121
-104
-40
-64
-130
-70
-123
-178
-298
-310
-287
-207
-98
-101
-72
-134
-114
-132
-85
-58
-192
-80
3
12
-59
-78
-24
-22
-93
-144
-136
-92
-12
-130
-211
-191
-161
-108
-126
-154
-45
-104
-45
-56
-148
-147
-131
-21
-174
-168
-196
-262
-323
-235
-205
-314
-325
-258
-316
-301
-348
-321
-341
-342
-286
-266
-262
-369
-285
-327
-262
-256
-235
-289
-268
-187
-210
-231
-377
-252
-35
-162
-244
-352
-192
-315
-373
-209
-248
-154
-205
-102
-262
-252
75
28
-32
-65
-28
-7
6
20
49
42
-44
-154
-156
-86
-42
-16
-46
-93
-100
-39
-61
-105
-60
-42
-86
-76
-54
-35
-83
-148
64
28
-16
47
-8
-12
-110
-138
-92
-79
32
-41
-61
-57
-154
-93
-138
-211
-193
-229
-142
-92
-193
-214
-96
-58
-153
-190
-132
-140
-171
-211
-140
-89
-140
-35
67
-9
-24
16
-156
-65
-13
-133
-204
-130
-117
-175
-185
-227
-148
-154
-102
-210
-231
-83
-164
-76
-66
-128
-99
-172
-211
-162
-177
-143
-162
-200
-322
-380
-321
-302
-273
-252
-255
-210
-145
-126
-99
-239
-189
-260
-235
-206
-295
-200
-176
-218
-172
-220
-235
-226
-303
-322
-360
-415
-281
-399
-418
-224
-185
-151
-267
-168
-240
-241
-219
-155
-285
-396
-412
-621
-733
-1835
-1192
-227
314
166
786
-1079
-2342
765
355
-235
-208
-477
-45
-150
-347
-26
-156
-538
-81
239
-339
-325
200
-166
-270
-274
-561
-277
-163
-474
-31
13
-295
-451
-432
-554
-604
-265
-375
-805
-1155
-1165
-1044
-518
-672
-353
-102
-298
-165
111
-190
-254
96
-220
-339
-472
-635
-524
-453
-207
-200
-69
-539
-744
-637
-652
-447
35
-126
-550
127
77
-104
-135
-595
-615
-1211
-1285
-1873
-1991
-1358
-1010
-1070
-1218
-1264
-1092
-1304
-966
-796
-586
-268
-663
-363
-1050
-1083
-513
-865
-574
-113
10
8
-495
-347
-394
-972
-599
-664
-694
-87
-701
-359
-346
-648
-661
-760
-818
-182
-289
-524
107
-344
-627
-794
-312
-175
-672
-232
-121
-448
-367
-504
-539
-493
-988
-842
-381
-462
-840
-537
-1032
-920
-574
-1322
-796
-606
-853
-662
-668
-713
-565
-622
-629
-600
-332
-185
-516
-287
-794
-974
-419
-576
-1162
-586
-597
-939
-448
-621
-822
-1043
-820
-707
-722
-677
-468
-571
-662
-357
-389
-592
-730
-315
-190
-381
-415
-526
-503
-504
-763
-666
-643
-904
-572
-415
-620
-693
-614
-657
-661
-446
-152
-361
-285
-394
-466
-33
-117
-399
-347
-196
-69
-74
-427
-355
-167
-195
-323
-400
-257
-413
-165
-147
-260
-28
109
212
296
330
247
351
391
364
458
635
647
487
610
668
610
629
709
558
272
406
237
462
606
219
542
623
327
288
486
529
622
657
435
386
335
270
107
366
320
210
197
215
129
-140
-132
-128
-57
-174
-257
-50
-18
-181
-191
-344
-468
-452
-524
-448
-245
-308
-429
-475
-638
-758
-754
-847
-662
-484
-376
-520
-650
-837
-1091
-971
-878
-800
-922
-1061
-968
-935
-1100
-997
-781
-688
-636
-463
-284
-310
-263
-157
-291
6
80
72
419
492
536
572
584
383
819
1092
1071
1051
1148
1290
1404
1568
1600
1766
1899
1767
1800
2041
2064
2287
2307
2382
2628
2646
2760
2837
2930
2807
2720
3086
2911
2633
2512
2319
2568
2355
2025
1732
1770
1613
1193
951
889
588
-14
-137
34
13
-347
-486
-643
-780
-1014
-862
-611
-528
-627
-880
-600
-247
-294
-546
-460
-285
-96
-69
-105
22
17
-272
-202
-84
70
-212
-389
-276
-480
-548
-685
-750
-858
-1154
-1232
-1209
-1341
-1596
-1605
-1512
-1604
-1628
-1703
-1734
-1559
-1542
-1550
-1473
-1477
-1303
-1052
-769
-695
-545
-368
-411
-260
-79
270
503
523
641
801
945
1007
1016
1310
1551
1802
1888
1942
2028
2251
2240
2197
2466
2737
3104
3251
3417
3465
3433
3471
3624
3760
3732
3523
3389
3392
3339
2752
2107
1608
1336
1447
1467
1051
573
-21
-516
-892
-1042
-1000
-1246
-1701
-1821
-1556
-1414
-1648
-1873
-1887
-1785
-1575
-1129
-547
-345
-433
-421
-191
26
331
591
709
902
1136
1229
1208
1097
876
833
670
696
809
610
250
-190
-364
-589
-878
-998
-1067
-1192
-1417
-1501
-1656
-1806
-2062
-2198
-2061
-2003
-2057
-2171
-1946
-2005
-2114
-2154
-1925
-1553
-1471
-1585
-1435
-1188
-1259
-1198
-952
-837
-762
-731
-542
-348
-125
-50
-32
49
322
489
533
898
1204
1249
1165
1348
1463
1570
1752
1967
2131
2152
2165
2370
2520
2556
2508
2586
2764
2702
2701
2861
2936
3027
3181
3100
2826
2834
2840
2861
2959
2882
2694
2343
2043
1880
1821
1598
1382
1186
911
775
580
353
-31
-262
-387
-538
-480
-338
-476
-538
-684
-687
-574
-585
-407
-287
-81
-117
-15
168
100
-36
-2
133
145
121
211
46
-185
-323
-325
-248
-301
-504
-528
-490
-573
-589
-686
-666
-767
-848
-747
-681
-660
-781
-780
-864
-738
-704
-795
-730
-894
-837
-940
-925
-945
-1066
-986
-1082
-1174
-1127
-1248
-1171
-1205
-1101
-1131
-1114
-959
-994
-876
-815
-631
-583
-539
-513
-459
-334
-235
-49
2
94
166
221
265
265
410
448
734
678
828
1010
997
1090
1130
1254
1232
1363
1370
1455
1435
1549
1627
1817
1752
1748
1751
1923
2005
1951
1720
1749
1880
1863
1980
1830
1864
1759
1677
1546
1486
1460
1190
1044
937
736
707
784
550
383
196
-50
-57
-289
-239
-371
-582
-599
-693
-868
-861
-923
-928
-885
-965
-1049
-936
-1062
-1036
-1109
-1134
-1087
-1164
-1246
-1277
-1129
-1127
-1153
-1143
-1109
-1116
-1168
-1243
-1105
-1116
-952
-992
-894
-608
-643
-649
-471
-516
-547
-345
-318
-241
-261
-196
-178
-314
-386
-418
-314
-342
-309
-293
-391
-469
-293
-337
-399
-357
-392
-248
-290
-175
-80
-104
-136
42
214
326
329
324
520
618
695
673
599
715
637
689
503
473
578
555
568
466
645
678
737
781
836
927
949
935
1046
1155
1216
1352
1277
1413
1538
1500
1330
1214
1296
1249
1283
1103
1035
971
787
646
489
617
516
297
218
109
37
-135
-86
-237
-429
-432
-592
-700
-729
-890
-897
-919
-930
-950
-946
-1000
-1124
-1141
-1006
-1019
-1041
-1046
-1016
-1029
-1037
-1076
-922
-718
-790
-836
-726
-603
-692
-767
-557
-612
-640
-555
-419
-318
-439
-470
-405
-342
-392
-232
-87
-62
-81
-63
-7
15
-29
-35
75
167
-112
7
225
121
-171
-201
-131
-169
-379
-626
-465
-361
-254
-272
-188
-213
-362
-443
-298
-155
-104
13
-67
-95
132
239
5
76
403
530
296
164
527
561
338
387
536
730
489
411
761
981
744
618
895
1147
912
898
1269
1430
1358
1178
1344
1522
1364
1372
1581
1461
1467
1390
1411
1265
1135
1189
1145
1111
1024
961
817
810
741
710
560
433
395
437
411
166
105
123
12
-4
72
157
-1
-84
-6
-96
-364
-381
-101
-265
-435
-343
-129
-223
-553
-585
-140
-70
-626
-490
203
-30
-767
-375
197
-91
-444
-258
83
-228
-438
-316
50
-292
-597
-430
-373
-331
-404
-542
-604
-287
-355
-375
-659
-719
-502
-568
-629
-736
-396
-650
-545
-622
-563
-447
-592
-655
-696
-214
-632
-860
-165
-345
-883
-395
91
-431
-555
-351
-125
-244
-633
-330
-38
140
-193
-99
99
-26
39
-164
-261
110
484
317
186
93
381
672
215
148
697
714
478
586
893
937
835
720
1077
1443
1130
1011
1339
1585
1315
1011
1223
1558
1355
970
1055
1325
942
434
573
649
579
246
48
325
464
76
-428
-265
-101
-394
-607
-438
-216
-222
-522
-477
-290
-418
-691
-713
-395
-502
-544
-602
-464
-572
-762
-522
-417
-445
-768
-669
-381
-437
-587
-749
-610
-341
-343
-569
-533
-457
-664
-864
-761
-416
-594
-929
-827
-668
-653
-846
-1061
-947
-772
-493
-439
-896
-920
-787
-559
-828
-869
-539
-337
-719
-1261
-862
-208
-373
-761
-488
-169
-287
-527
-608
-460
-143
-110
-201
-272
-320
39
106
-401
-263
359
691
292
87
343
650
486
468
693
942
930
691
797
1098
1199
1120
1165
1383
1562
1349
1251
1660
2058
2040
1995
2140
2191
1795
1654
1834
1921
1835
1830
1720
1623
1315
977
801
756
455
173
68
0
99
-349
-687
-800
-849
-1007
-1086
-1126
-1155
-1019
-1184
-1303
-1345
-1241
-1265
-1419
-1236
-841
-794
-906
-812
-789
-1047
-1037
-940
-946
-639
-531
-732
-906
-815
-990
-1064
-1042
-877
-727
-999
-718
-705
-1070
-1172
-1146
-1044
-1050
-1164
-1102
-983
-1430
-1689
-1602
-1389
-1528
-1759
-1645
-1305
-1265
-1773
-1752
-1473
-1436
-1198
-1320
-1219
-848
-1222
-1429
-957
-719
-767
-437
-91
157
-263
-770
-284
300
29
227
803
890
532
316
376
742
975
539
691
1337
1389
1148
1451
1273
1169
1357
1367
1220
1688
1956
2114
2359
2009
2365
2701
2552
2475
2901
2775
2371
2374
2427
2527
2547
2252
2116
2331
1903
1340
1196
1188
1065
746
334
343
350
-158
-631
-816
-841
-1372
-1556
-1473
-1454
-1520
-1740
-1837
-1592
-1658
-1807
-1656
-1488
-1292
-1204
-1288
-1224
-952
-1073
-1082
-834
-490
-449
-545
-566
-723
-695
-732
-730
-684
-749
-789
-846
-835
-887
-1007
-1083
-1210
-1342
-1388
-1472
-1560
-1620
-1671
-1625
-1656
-1724
-1953
-1819
-1956
-2000
-1845
-1778
-1631
-1799
-1875
-1771
-1691
-1720
-1518
-1264
-1159
-1153
-1192
-1071
-963
-844
-784
-451
-78
24
28
-1
138
247
400
730
849
830
884
880
947
1008
1115
1535
1534
1397
1518
1689
1906
1972
1965
2171
2384
2455
2593
2888
3067
3170
3416
3588
3443
3177
3107
3235
3286
2877
2342
2258
2237
1984
1419
972
828
400
-163
-334
-265
-462
-935
-1506
-1466
-1424
-1664
-1744
-1887
-1735
-1837
-1834
-1719
-1659
-1606
-1722
-1572
-1340
-1081
-836
-732
-567
-354
-321
-284
-56
161
197
187
36
24
159
133
58
23
-5
-156
-263
-334
-499
-736
-905
-950
-1077
-1156
-1262
-1429
-1616
-1786
-1798
-1823
-1897
-1909
-1916
-2087
-2009
-1876
-1753
-1691
-1547
-1408
-1362
-1256
-1063
-817
-671
-764
-732
-467
-339
-260
-133
-31
104
314
342
494
564
681
808
923
1131
1286
1143
1228
1546
1960
2060
1931
1975
2192
2429
2468
2555
2725
2941
2967
3171
3337
3380
3742
3953
4042
3745
3118
3037
3399
3874
3398
2416
1845
1981
2304
1812
1075
790
555
-69
-688
-733
-380
-916
-1953
-2392
-2105
-1912
-2415
-2769
-2634
-2530
-2667
-2642
-2307
-1919
-2043
-2248
-2002
-1447
-1086
-1130
-956
-713
-327
-351
-211
317
462
267
45
294
616
628
363
279
307
206
-92
-178
-139
-261
-645
-896
-903
-885
-1071
-1252
-1465
-1556
-1776
-2022
-2092
-2080
-2114
-2251
-2462
-2350
-2056
-2052
-2205
-2067
-1918
-1813
-1670
-1503
-1135
-1005
-956
-841
-509
-245
106
139
490
627
713
966
1100
1240
1348
1536
1631
1822
1829
1982
2063
2161
2281
2422
2682
2816
2945
2858
3009
3293
3561
3609
3734
3887
3955
4243
4476
4733
4799
4505
4033
3832
4089
4667
4087
2444
1632
2434
3026
1951
512
373
579
-171
-1292
-976
-112
-926
-2601
-2956
-2064
-1580
-2357
-2926
-2522
-2312
-2578
-2700
-2087
-1756
-2109
-2346
-1940
-1178
-905
-1085
-1216
-792
-161
-117
-263
57
432
230
-10
413
971
797
170
40
471
523
76
-215
-54
-122
-680
-1132
-1076
-941
-1243
-1839
-2023
-2036
-2332
-2708
-2949
-2773
-2792
-3255
-3569
-3368
-3106
-3120
-3212
-3060
-2713
-2534
-2565
-2349
-1785
-1610
-1507
-1448
-1174
-712
-650
-345
-140
94
167
268
648
926
1058
1183
1421
1595
1788
1921
2067
2163
2353
2470
2472
2713
2977
3171
3264
3409
3604
3746
3802
3845
3928
4315
4523
4651
4902
4851
4272
3737
4094
4895
4451
2794
1727
2687
3598
2382
770
626
1139
349
-890
-729
116
-654
-2450
-2691
-1688
-1407
-2346
-3191
-2862
-2491
-2798
-2771
-2428
-1947
-2073
-2386
-2131
-1215
-840
-1016
-1280
-626
198
163
-6
235
753
648
391
579
1067
1004
465
212
738
991
637
15
-108
73
-264
-618
-668
-701
-1315
-1876
-1969
-1808
-1794
-2460
-3025
-3138
-2981
-3018
-3417
-3394
-3305
-3527
-3653
-3435
-3072
-2891
-3124
-3096
-2499
-1970
-1975
-2042
-1702
-1256
-1095
-897
-554
-329
-170
58
220
736
984
856
982
1289
1565
1701
1835
1883
1942
2123
2278
2454
2635
2702
3023
3113
3347
3624
3612
3611
3698
4164
4504
4490
4328
4465
4604
4301
3930
3747
4333
3884
2305
1434
2537
3595
2072
-112
-407
605
372
-1056
-1427
-844
-1334
-2790
-3067
-1849
-1460
-2751
-3642
-3143
-2468
-2569
-2798
-2544
-2189
-2390
-2519
-2316
-1540
-1064
-1446
-1326
-740
-143
-160
-393
-144
429
704
453
732
809
849
713
607
909
1064
747
91
171
354
155
-463
-657
-581
-893
-1366
-1837
-1841
-1980
-2227
-2672
-2902
-2869
-3129
-3369
-3274
-2915
-3010
-3459
-3564
-3061
-2746
-2585
-2514
-2347
-2094
-2046
-1721
-1500
-1037
-897
-989
-686
-273
-6
339
430
441
703
879
1145
1440
1420
1611
1756
1917
2117
2322
2358
2450
2752
2823
2918
3032
3165
3400
3561
3571
3663
3753
3988
4147
4276
4591
4591
4409
4133
3832
3991
4201
3647
2307
1669
2777
3382
1996
18
-269
719
373
-967
-1237
-991
-1611
-2795
-2787
-1998
-2010
-3063
-3693
-3257
-2690
-2742
-2754
-2827
-2762
-2556
-2279
-1980
-1819
-1593
-1537
-1232
-857
-444
-330
-583
-369
178
477
471
190
288
654
591
619
910
825
407
-141
51
280
10
-455
-879
-634
-736
-1273
-1769
-2026
-2044
-2508
-2913
-2948
-2948
-3441
-3788
-3579
-3256
-3504
-3999
-3944
-3532
-2954
-3054
-3065
-2835
-2654
-2544
-2284
-1755
-1315
-1318
-1135
-876
-445
-23
118
337
412
731
995
1144
1240
1444
1514
1641
1846
2010
2176
2119
2177
2418
2657
2581
2709
2786
2922
3112
3116
3210
3391
3521
3715
3844
4020
4040
4062
3942
3751
3537
3526
3893
3301
1981
1471
2665
3280
1655
-13
14
858
484
-617
-738
-503
-1237
-2218
-2066
-1495
-1659
-2604
-2936
-2531
-2261
-2230
-2370
-2583
-2372
-2095
-1784
-1716
-1637
-1254
-1089
-976
-679
-306
-229
-330
-132
401
600
347
163
506
767
739
645
797
805
211
-100
111
231
-80
-630
-887
-799
-934
-1418
-1792
-1843
-1921
-2312
-2640
-2583
-2675
-3134
-3388
-3239
-3099
-3339
-3578
-3694
-3280
-2970
-2979
-3080
-3006
-2580
-2501
-2256
-1959
-1715
-1687
-1370
-995
-556
-287
-148
-118
13
518
873
1038
984
1225
1343
1474
1551
1659
1874
1925
1911
2082
2379
2424
2461
2533
2798
2985
2766
2805
3083
3548
3575
3264
3183
3700
4336
4266
3701
3263
3103
3373
3843
2944
1625
1451
2686
2864
1167
-216
287
885
3
-952
-751
-622
-1503
-2052
-1787
-1339
-1828
-2774
-2763
-2417
-2098
-2226
-2522
-2596
-2318
-1960
-1850
-1873
-1882
-1469
-1351
-1353
-835
-539
-586
-796
-322
343
379
-47
-7
483
675
491
447
896
802
274
80
504
643
78
-628
-704
-615
-535
-935
-1475
-1770
-1994
-2167
-2274
-2467
-2808
-3182
-3266
-2999
-3027
-3270
-3641
-3391
-3007
-2894
-3032
-3123
-2832
-2652
-2440
-2271
-1942
-1752
-1660
-1476
-1025
-649
-400
-506
-265
186
607
801
890
1069
1277
1493
1703
1928
2079
2204
2068
2162
2362
2516
2393
2511
2697
2798
2770
2737
2923
3232
3171
3029
3030
3268
3481
3676
3858
3592
3441
3121
3002
3440
3710
2772
1396
1567
2903
2974
1109
-212
335
893
356
-558
-629
-812
-1561
-1931
-1440
-1249
-1895
-2636
-2671
-2256
-2052
-2237
-2411
-2438
-2242
-1916
-1933
-1973
-1912
-1820
-1636
-1268
-888
-858
-1098
-1020
-585
-202
-221
-495
-424
-95
118
154
188
300
76
-180
-70
90
-17
-340
-552
-724
-819
-860
-1272
-1667
-1905
-2019
-2199
-2597
-2688
-2842
-3120
-3190
-3038
-3030
-3443
-3633
-3392
-3066
-2942
-3133
-3086
-2712
-2564
-2456
-2215
-1887
-1667
-1462
-1222
-908
-656
-471
-269
-72
278
452
742
825
908
1172
1356
1335
1346
1577
1835
1960
1899
2011
2132
2387
2429
2483
2541
2676
2672
2710
2745
2850
2861
2729
2844
3096
3374
3328
3309
3206
2956
2689
2823
3424
3405
1768
936
2189
3434
2507
261
40
1171
1289
198
-435
-271
-537
-1252
-1305
-829
-1073
-2109
-2519
-2052
-1822
-2042
-2379
-2543
-2438
-2065
-2046
-2217
-2264
-1977
-1591
-1427
-1349
-1137
-1050
-1185
-1057
-495
-208
-612
-702
-221
174
302
33
78
180
151
-74
-246
-39
-55
-347
-653
-626
-363
-601
-1316
-1532
-1282
-1541
-1817
-1964
-2062
-2178
-2712
-2607
-2508
-2631
-2959
-3059
-2796
-2739
-2777
-2990
-2770
-2609
-2491
-2283
-2099
-1836
-1585
-1293
-1128
-890
-544
-347
-29
198
240
556
627
800
969
1171
1272
1294
1471
1567
1637
1653
1820
1897
1850
1865
2060
2174
2106
2131
2250
2410
2421
2333
2484
2757
2861
2804
2638
2907
3042
2964
2944
2716
2449
2757
3262
2726
1353
1281
2568
3017
1725
328
486
1255
1000
228
-8
-11
-351
-831
-860
-798
-1199
-1813
-1853
-1756
-1839
-2100
-2362
-2412
-2287
-2058
-2174
-2445
-2414
-2081
-1798
-1818
-1587
-1575
-1621
-1482
-1215
-714
-594
-709
-887
-352
2
-170
-216
-56
158
37
-54
3
298
188
-220
-157
153
1
-506
-645
-402
-425
-867
-1195
-1199
-1264
-1624
-1881
-1825
-1789
-2078
-2367
-2410
-2155
-2236
-2320
-2456
-2306
-2036
-2091
-2020
-1880
-1608
-1371
-1228
-1046
-803
-498
-341
-243
-65
189
552
815
851
899
1073
1325
1445
1616
1767
1735
1803
2001
2035
1969
2027
2210
2261
2118
2152
2248
2312
2365
2365
2511
2631
2586
2707
2890
3089
3057
3026
3190
2987
2908
3033
3355
3225
2203
1547
2425
3285
2573
879
503
1380
1466
607
-184
-138
-358
-887
-967
-769
-1122
-1777
-2251
-2096
-2072
-2275
-2600
-2877
-2696
-2549
-2440
-2728
-2897
-2694
-2429
-2184
-2106
-2138
-2045
-2041
-1707
-1151
-970
-1101
-1231
-900
-367
-186
-190
-81
155
157
4
206
432
424
190
62
90
-12
-301
-379
-378
-516
-703
-1117
-1192
-1204
-1492
-1812
-1908
-1930
-2065
-2315
-2349
-2195
-2243
-2428
-2556
-2436
-2262
-2170
-2192
-2047
-1912
-1834
-1612
-1467
-1295
-934
-666
-547
-353
3
219
403
554
755
966
1126
1430
1574
1721
1698
1668
1920
2001
2069
1948
1891
2094
2258
2184
2094
2285
2424
2422
2375
2501
2430
2538
2799
2947
3027
3030
3246
3227
3157
2971
3174
3625
3016
2109
1836
2869
3298
2344
898
678
1363
1357
672
139
-91
-440
-724
-963
-1072
-1326
-1858
-2182
-2235
-2223
-2277
-2718
-2852
-2647
-2432
-2402
-2824
-2826
-2516
-2198
-2254
-2252
-1902
-1865
-1946
-1509
-847
-683
-921
-840
-285
83
172
247
573
566
617
639
715
833
650
639
610
470
271
157
-21
-111
-444
-747
-959
-1178
-1292
-1637
-1926
-2055
-2010
-2261
-2460
-2473
-2306
-2423
-2593
-2699
-2547
-2353
-2236
-2080
-2079
-1974
-1845
-1693
-1439
-1038
-794
-743
-632
-302
-10
233
481
716
837
1007
1226
1437
1675
1705
1580
1728
1985
2135
2164
2045
1882
2092
2191
2112
2311
2280
2278
2271
2456
2465
2407
2551
2508
2610
2805
3144
3148
2861
2598
2840
3340
3422
2670
1972
2062
2837
2945
1767
876
829
1120
873
290
-210
-584
-907
-1073
-1000
-1369
-1717
-2134
-2401
-2327
-2352
-2461
-2683
-2669
-2482
-2230
-2501
-2817
-2576
-2198
-1945
-1921
-1652
-1324
-1340
-1482
-1009
-307
-207
-385
-40
439
565
579
667
1021
1040
856
751
1040
1143
1019
859
700
504
426
308
77
-156
-357
-635
-770
-1003
-1182
-1517
-1753
-1845
-1915
-2096
-2445
-2475
-2474
-2384
-2405
-2460
-2324
-2036
-2004
-1858
-1694
-1568
-1305
-1257
-1132
-857
-564
-446
-321
-90
90
322
427
581
595
808
999
1118
1183
1163
1230
1404
1616
1563
1516
1435
1660
1651
1615
1711
1707
1717
1658
1850
1868
1939
1863
1923
2116
2344
2346
2295
2310
2396
2428
2423
2575
2840
2560
1814
1491
1917
2614
2277
1217
579
686
901
538
-68
-467
-836
-1289
-1590
-1549
-1710
-2076
-2460
-2438
-2599
-2782
-2865
-2710
-2624
-2475
-2426
-2676
-2607
-2448
-2010
-1773
-1532
-1340
-1242
-1160
-884
-364
-34
-275
-313
101
345
656
624
647
744
702
600
513
1005
1066
694
414
402
354
192
3
-122
-272
-611
-809
-1021
-1024
-1296
-1656
-1778
-1830
-1900
-2188
-2387
-2250
-2116
-2171
-2280
-2195
-1910
-1894
-1696
-1648
-1592
-1329
-1175
-869
-659
-563
-522
-345
-223
-29
131
265
336
284
397
550
759
751
872
1048
1109
1156
1271
1323
1513
1446
1476
1403
1496
1676
1577
1737
1810
1806
1792
1835
1940
2166
2191
2193
2229
2320
2404
2471
2272
2189
2481
2766
2378
1726
1400
1655
2248
1763
721
311
485
624
368
-253
-583
-709
-1133
-1325
-1329
-1230
-1673
-2100
-2177
-2121
-2177
-2344
-2261
-2013
-2049
-2087
-2200
-2168
-1828
-1488
-1325
-1371
-1278
-1055
-857
-692
-443
-244
-168
-258
-194
166
286
308
314
411
430
307
237
369
660
566
283
224
336
347
171
7
-118
-333
-587
-755
-751
-927
-1167
-1368
-1368
-1460
-1649
-1800
-1892
-1674
-1802
-1917
-2007
-2040
-1825
-1723
-1668
-1628
-1500
-1458
-1259
-1023
-838
-732
-790
-779
-378
-131
-66
107
200
449
483
494
726
1003
957
975
1056
1278
1515
1539
1544
1491
1474
1604
1694
1884
2068
2029
1787
1808
2201
2274
2309
2185
2319
2332
2374
2560
2493
2546
2402
2012
2086
2656
2638
1927
1298
1480
2138
2193
1404
584
582
996
796
162
-41
-235
-389
-845
-892
-782
-967
-1332
-1601
-1578
-1630
-1763
-1779
-1627
-1537
-1572
-1881
-1987
-1739
-1431
-1207
-1218
-1342
-1110
-925
-760
-603
-428
-179
-233
-251
49
344
353
243
425
461
511
563
484
635
821
565
301
216
331
388
171
67
-191
-340
-428
-393
-495
-749
-1089
-1381
-1316
-1351
-1516
-1805
-1845
-1724
-1901
-2074
-2085
-2022
-1935
-1894
-1969
-1876
-1635
-1482
-1350
-1255
-1248
-1092
-972
-905
-568
-384
-301
-218
16
367
389
396
534
756
918
849
980
1078
1241
1217
1325
1467
1493
1401
1253
1530
1604
1715
1621
1626
1774
1887
1754
1626
1839
2025
1985
2044
2057
2136
2100
1774
2039
2285
2376
1862
1417
1702
2090
2163
1409
829
954
1228
1085
449
218
34
-277
-440
-597
-632
-797
-1236
-1374
-1150
-1384
-1642
-1555
-1505
-1561
-1633
-1789
-1767
-1578
-1351
-1097
-1031
-999
-799
-502
-374
-378
-286
-56
43
67
158
473
562
581
720
812
920
841
860
832
748
718
732
587
568
399
349
254
27
-157
-462
-433
-571
-696
-997
-1249
-1376
-1431
-1570
-1843
-1867
-1895
-2008
-2106
-2160
-2061
-1956
-1935
-1928
-1926
-1793
-1525
-1282
-1295
-1108
-864
-690
-600
-340
-169
-117
46
182
149
298
464
426
625
653
640
821
908
909
962
1001
992
996
1059
1121
1224
1362
1279
1324
1354
1318
1409
1428
1398
1576
1777
1924
1868
1909
2142
2269
2124
1715
1909
2278
2274
1737
1447
1594
1869
2015
1569
1174
873
1086
1191
899
410
202
260
-172
-500
-630
-609
-802
-1135
-1264
-1238
-1348
-1448
-1450
-1432
-1527
-1622
-1590
-1499
-1243
-1030
-885
-904
-772
-639
-391
-73
27
-67
137
290
412
510
547
654
742
815
777
731
723
862
785
658
600
607
489
169
53
114
-23
-268
-544
-739
-864
-1004
-1235
-1357
-1397
-1685
-1874
-1946
-1907
-2076
-2119
-2269
-2224
-2040
-2021
-2128
-1982
-1750
-1808
-1736
-1632
-1315
-1178
-1068
-950
-811
-576
-407
-345
-205
80
67
217
169
280
434
467
511
600
758
756
857
891
869
1024
1055
1067
1168
1045
1133
1159
1257
1372
1275
1362
1464
1405
1341
1301
1503
1586
1491
1576
1808
1924
1562
1704
1802
2056
2139
1874
1648
1489
1816
1983
1559
981
941
1232
1059
781
534
536
404
72
-77
-259
-386
-704
-761
-811
-833
-940
-991
-935
-911
-975
-1040
-1172
-1096
-862
-805
-757
-839
-806
-607
-458
-342
-282
-281
-260
-220
-5
38
65
152
174
357
331
93
197
284
214
26
-36
97
288
-49
-410
-430
-174
-253
-552
-544
-740
-873
-1031
-1154
-1314
-1350
-1604
-1646
-1700
-1576
-1612
-1906
-1759
-1789
-1712
-1689
-1664
-1615
-1498
-1275
-1300
-1145
-960
-930
-765
-721
-366
-378
-273
-159
6
171
141
246
312
440
530
631
759
792
748
869
996
1199
1185
1170
1125
1247
1364
1436
1354
1226
1152
1264
1311
1245
1176
1104
1159
1351
1523
1555
1632
1745
1763
1877
1865
1767
1897
2125
1992
1993
1952
1832
1912
2143
2233
1762
1515
1423
1579
1598
1265
1025
913
608
304
320
299
-17
-315
-406
-440
-662
-875
-906
-873
-921
-1038
-1230
-1325
-1197
-1123
-1151
-1234
-1212
-1140
-979
-956
-1077
-1042
-820
-719
-681
-597
-417
-271
-253
-86
28
152
194
260
388
391
225
273
558
608
529
177
230
428
266
-56
-217
-243
-372
-463
-666
-666
-980
-1224
-1252
-1265
-1361
-1446
-1640
-1607
-1412
-1613
-1661
-1668
-1448
-1356
-1352
-1255
-1147
-1013
-865
-754
-676
-537
-433
-245
-105
78
175
224
328
412
511
629
687
823
929
932
932
1012
1196
1315
1366
1242
1202
1245
1194
1113
1116
1165
1236
1112
1082
1170
1144
953
1012
1227
1353
1472
1665
1834
1836
1800
1917
2123
2259
2431
2450
2486
2359
2311
2506
2507
2152
1881
1842
1909
1746
1412
1403
1277
880
582
337
213
52
-243
-617
-739
-884
-1041
-1254
-1215
-1274
-1503
-1516
-1655
-1571
-1528
-1469
-1553
-1411
-1396
-1351
-1214
-1069
-908
-759
-818
-687
-269
-135
-73
128
448
555
631
690
863
1046
1064
1026
844
804
968
1089
808
485
445
454
298
-41
-237
-404
-516
-713
-878
-1179
-1416
-1578
-1636
-1664
-1947
-1869
-1968
-1961
-1898
-1813
-1802
-1757
-1583
-1589
-1514
-1329
-1109
-978
-867
-700
-553
-327
-252
-108
35
187
315
425
550
598
796
805
824
910
979
1170
1075
1187
1089
1045
1111
931
1021
960
927
910
947
867
814
825
734
923
921
1048
1062
1092
1294
1445
1585
1835
1707
1662
1823
2179
2414
2386
2311
2149
2252
2257
2120
2002
1977
2006
1699
1455
1236
1064
1033
717
308
15
-97
-277
-536
-685
-942
-1173
-1302
-1502
-1546
-1635
-1813
-1813
-1876
-1958
-1949
-1922
-1783
-1553
-1529
-1424
-1379
-1211
-929
-703
-451
-235
-169
-124
184
293
565
643
703
832
906
988
1028
1019
963
973
852
649
462
502
585
471
29
-198
-229
-328
-506
-779
-1002
-1116
-1402
-1576
-1575
-1674
-1764
-1789
-1851
-1895
-1766
-1720
-1628
-1543
-1488
-1444
-1259
-1059
-807
-856
-639
-545
-432
-213
-172
-42
112
218
326
439
533
668
626
756
786
746
814
724
866
878
775
738
667
698
685
667
745
618
677
704
621
607
701
757
795
772
844
1187
1453
1472
1445
1707
1924
2162
2204
2113
2183
2258
2457
2433
2278
2254
2222
2027
1959
2111
1947
1659
1367
1349
1221
912
614
409
173
-151
-352
-408
-608
-835
-1025
-1100
-1232
-1459
-1396
-1457
-1452
-1481
-1457
-1486
-1575
-1419
-1323
-1133
-1118
-1067
-916
-732
-437
-280
-89
97
231
328
593
633
622
747
897
802
751
835
917
919
843
726
661
730
515
382
141
194
87
-217
-425
-497
-585
-761
-901
-1067
-1273
-1291
-1363
-1541
-1641
-1683
-1620
-1816
-1744
-1739
-1758
-1626
-1547
-1362
-1252
-1239
-1166
-1069
-799
-620
-523
-409
-393
-197
48
72
97
274
312
350
250
335
409
411
390
418
503
433
514
413
470
451
525
623
470
619
556
594
672
808
873
828
829
855
1002
1117
1202
1198
1315
1533
1504
1529
1669
1888
1882
1593
1736
1875
2069
1885
1850
1740
1581
1625
1558
1552
1480
1341
1157
974
955
907
766
479
22
53
24
-74
-366
-680
-598
-774
-971
-1173
-1101
-910
-794
-923
-991
-917
-823
-643
-724
-500
-405
-485
-379
-227
-142
-41
61
2
111
103
179
180
172
300
281
332
368
511
589
469
391
405
382
414
399
379
350
224
110
-99
-87
-306
-476
-450
-478
-579
-894
-1041
-1167
-1411
-1311
-1366
-1475
-1614
-1620
-1588
-1646
-1714
-1774
-1828
-1810
-1614
-1656
-1665
-1546
-1383
-1328
-1199
-1208
-1132
-1008
-807
-810
-862
-692
-552
-423
-298
-465
-474
-309
-222
-124
-90
59
-34
-30
135
171
250
228
417
412
431
352
358
541
524
472
508
590
721
725
661
717
929
856
801
917
1105
1343
1278
1329
1359
1600
1716
1799
1676
1758
1954
1852
1639
1719
1928
1800
1516
1443
1429
1219
824
908
1085
788
409
333
415
186
-57
-91
-51
-186
-143
-424
-449
-477
-614
-630
-671
-721
-749
-593
-634
-706
-694
-657
-632
-624
-494
-397
-394
-313
-208
-117
-65
-2
200
263
388
366
399
622
609
724
964
944
952
885
911
812
889
776
629
695
712
597
437
281
173
184
-144
-439
-579
-609
-768
-957
-1026
-1319
-1359
-1367
-1552
-1590
-1642
-1667
-1673
-1747
-1885
-1898
-1858
-1716
-1694
-1546
-1455
-1441
-1366
-1243
-1147
-1108
-870
-765
-679
-533
-353
-306
-259
-29
156
221
386
353
501
517
466
574
557
676
627
648
619
681
771
738
696
593
545
650
559
504
486
523
608
593
648
734
838
909
912
1126
1313
1457
1476
1391
1299
1631
2083
1994
1533
1469
1961
2001
1618
1451
1746
1750
1289
919
1074
1059
922
618
408
205
-66
-58
-107
-336
-576
-852
-1041
-1141
-1265
-1120
-1223
-1384
-1421
-1448
-1540
-1587
-1491
-1266
-1278
-1360
-1254
-948
-798
-825
-550
-259
-284
-159
48
212
360
537
663
689
726
805
949
1042
1123
1169
1083
1071
1081
1218
1083
892
989
956
529
176
177
129
-126
-455
-814
-749
-844
-1106
-1284
-1530
-1557
-1873
-2047
-2034
-1982
-2050
-2001
-1974
-1941
-1774
-1840
-1625
-1489
-1354
-1140
-1028
-884
-748
-412
-336
-338
-76
224
285
259
304
510
575
689
622
671
891
783
765
755
724
726
670
832
725
509
549
549
679
486
261
262
413
463
389
312
386
379
348
334
569
779
708
791
1173
1472
1480
1359
1471
1562
1508
1894
2218
2108
1732
1787
2213
2168
1703
1552
1759
1517
1093
858
952
853
450
96
-163
-385
-607
-657
-726
-896
-1121
-1337
-1516
-1617
-1526
-1532
-1555
-1597
-1764
-1602
-1621
-1576
-1466
-1397
-1364
-1407
-1314
-1120
-913
-710
-529
-401
-329
-287
54
183
347
525
666
855
889
1067
1134
1175
1340
1270
1246
1234
1133
1053
853
644
550
651
398
-47
-195
-129
-314
-685
-923
-1162
-1180
-1294
-1327
-1498
-1760
-1621
-1661
-1719
-1790
-1727
-1645
-1653
-1664
-1594
-1448
-1417
-1212
-989
-869
-833
-703
-456
-199
-280
-234
-52
181
407
299
435
500
599
731
638
830
866
876
968
858
968
876
637
643
558
541
516
349
201
286
296
151
75
96
244
176
402
601
536
601
679
862
1067
1124
1397
1601
1705
1839
1891
2013
2089
1882
1937
2418
2429
1949
1847
1891
1750
1702
1561
1453
976
716
610
644
454
-86
-423
-468
-623
-1023
-1164
-1279
-1425
-1592
-1794
-1937
-1976
-1919
-1801
-1840
-1949
-1939
-1876
-1803
-1682
-1509
-1297
-1239
-1144
-980
-711
-406
-183
-110
106
289
427
600
685
771
998
1181
1056
1023
989
1127
1106
1018
977
876
814
727
696
509
277
52
-135
-276
-168
-313
-878
-1019
-969
-1029
-1269
-1439
-1535
-1507
-1524
-1722
-1899
-1773
-1526
-1755
-1877
-1807
-1672
-1534
-1488
-1381
-1271
-1168
-1036
-874
-569
-514
-473
-385
-254
-188
-117
25
-27
177
241
86
112
299
284
211
143
104
208
302
147
220
193
391
294
170
330
330
352
207
275
314
292
442
381
354
492
568
672
707
755
687
824
961
1060
1178
1188
1425
1553
1723
1835
1628
1373
1622
2094
2147
1623
1241
1407
1601
1416
1103
782
532
473
369
267
-13
-98
-184
-180
-470
-747
-818
-786
-794
-983
-1061
-1111
-1140
-1107
-952
-993
-1059
-1132
-962
-1000
-993
-845
-731
-662
-728
-647
-619
-482
-317
-43
-36
-23
-89
104
308
537
516
381
568
558
638
725
740
631
787
630
580
547
521
415
312
316
98
-64
-28
100
-84
-551
-720
-692
-805
-972
-1172
-1188
-1305
-1303
-1342
-1292
-1347
-1411
-1493
-1498
-1436
-1592
-1546
-1611
-1622
-1528
-1466
-1497
-1415
-1294
-1089
-1104
-1100
-839
-747
-640
-638
-530
-360
-209
-192
-140
-32
29
29
59
125
91
96
149
185
293
293
165
121
280
315
245
144
150
335
311
314
209
206
384
269
396
400
596
696
629
756
817
858
994
1182
1473
1671
1638
1401
1220
1479
2183
2145
1562
1325
1656
2013
1976
1524
1238
1250
1159
1061
632
470
411
224
52
-224
-368
-518
-490
-625
-879
-1030
-1165
-1227
-1108
-1088
-1208
-1250
-1256
-1201
-1133
-1082
-932
-751
-719
-648
-569
-373
-211
-37
42
153
243
310
456
569
714
755
744
786
891
954
993
938
910
946
894
908
897
733
604
347
239
156
192
-132
-462
-396
-426
-593
-822
-1010
-967
-945
-1011
-1247
-1220
-1142
-1257
-1328
-1360
-1310
-1217
-1103
-1093
-1043
-963
-852
-713
-611
-521
-495
-546
-330
-226
-165
-205
-61
151
159
124
-60
-59
201
120
48
146
140
249
177
304
219
226
235
301
419
283
226
179
308
299
327
257
208
344
356
305
291
386
480
538
635
710
922
1131
1067
1167
1199
1250
1300
1600
1722
1562
1424
1331
1550
1793
1726
1274
1170
1310
1306
1143
810
912
831
541
200
108
96
96
-40
-257
-244
-387
-402
-508
-662
-674
-649
-666
-734
-828
-801
-780
-693
-771
-683
-677
-716
-558
-448
-378
-463
-545
-397
-231
-192
-131
-57
29
85
28
90
92
77
168
179
-15
109
155
1
-65
-157
-112
-122
-103
-163
-268
-435
-312
-307
-394
-495
-584
-572
-643
-600
-559
-570
-663
-735
-743
-802
-783
-703
-738
-733
-879
-945
-878
-651
-816
-917
-862
-815
-638
-609
-611
-480
-297
-337
-333
-459
-295
-131
-102
-74
26
-15
-37
27
196
210
272
184
-46
126
277
203
176
109
240
343
310
239
236
319
392
443
395
579
665
673
927
863
827
932
1072
1103
1036
1085
1171
1169
1005
801
968
1390
1269
869
727
1092
1185
903
622
632
855
612
457
257
166
315
83
-136
-272
-354
-323
-401
-588
-626
-782
-868
-831
-735
-671
-951
-957
-700
-630
-802
-766
-607
-418
-518
-540
-546
-296
-188
-103
-51
-73
-4
-27
-100
23
82
-34
25
102
200
235
231
67
176
233
282
203
232
171
105
256
151
-56
-166
-206
-102
-150
-310
-357
-474
-441
-468
-542
-597
-718
-739
-796
-896
-889
-928
-971
-939
-893
-793
-732
-671
-575
-585
-575
-543
-389
-285
-269
-271
-194
-198
-112
-90
-165
3
205
207
134
45
271
541
338
282
379
518
428
393
541
601
504
410
438
519
367
338
466
376
430
386
460
460
419
458
486
524
613
700
724
762
973
1041
1196
1187
1049
1063
940
1148
1423
1352
1057
789
943
1099
1079
735
647
693
491
392
171
188
231
108
-114
-338
-342
-276
-351
-528
-572
-632
-627
-694
-760
-590
-632
-650
-782
-759
-720
-733
-598
-549
-665
-687
-573
-472
-516
-549
-495
-456
-424
-333
-265
-244
-33
-70
-126
-96
69
58
125
115
112
-9
81
-61
-87
169
53
-98
-271
-234
-146
-127
-329
-378
-429
-422
-498
-515
-500
-513
-427
-542
-607
-567
-502
-580
-640
-590
-694
-678
-672
-795
-720
-673
-755
-736
-608
-598
-696
-661
-623
-531
-530
-510
-337
-320
-186
-156
-132
-41
-86
57
113
195
331
256
302
451
595
560
540
598
655
687
762
696
691
785
693
703
798
697
745
796
922
931
978
919
1001
1097
1073
1154
1147
1034
1003
951
922
1089
957
738
884
1103
1029
818
706
808
752
660
579
444
562
541
439
331
198
232
198
91
-14
-96
-49
-36
-266
-349
-233
-348
-494
-400
-407
-361
-564
-540
-482
-531
-522
-505
-409
-362
-412
-430
-329
-442
-353
-299
-291
-334
-224
-261
-268
-226
-195
-82
-44
-58
-40
-6
-25
-68
-93
-65
69
173
126
20
-18
99
-34
-45
-202
-177
-215
-320
-302
-350
-328
-539
-598
-619
-760
-847
-784
-771
-787
-749
-798
-796
-765
-737
-723
-684
-623
-624
-545
-473
-499
-361
-284
-192
-189
-208
-150
-151
31
2
5
10
77
62
-37
168
235
301
309
277
358
405
447
463
478
397
486
542
498
500
474
507
513
497
632
681
658
756
848
785
835
818
868
930
865
1030
944
832
966
871
940
1026
859
729
890
830
625
704
459
489
426
270
158
20
5
-51
-172
-386
-291
-263
-298
-389
-347
-389
-469
-491
-383
-360
-402
-284
-292
-370
-457
-515
-357
-383
-406
-292
-290
-274
-339
-261
-263
-193
-258
-248
-152
-169
-86
-107
-56
-88
-80
-99
54
39
-79
-186
-210
-129
-321
-373
-384
-264
-275
-316
-436
-408
-392
-436
-466
-416
-500
-636
-545
-539
-529
-479
-492
-509
-471
-368
-460
-479
-500
-534
-389
-361
-455
-373
-400
-357
-335
-407
-355
-431
-404
-271
-261
-298
-323
-319
-149
-147
-160
-171
-156
-38
-1
43
1
43
162
97
107
162
269
362
422
459
481
561
533
582
724
822
856
882
989
981
1033
1228
1107
1114
974
1099
1187
990
904
877
827
611
555
440
196
77
20
-24
-155
-219
-226
-280
-473
-569
-646
-646
-578
-763
-737
-728
-727
-619
-619
-654
-620
-585
-680
-662
-567
-556
-578
-582
-471
-370
-419
-485
-383
-244
-267
-235
-282
-247
-218
-228
-254
-190
-178
-164
-153
-217
-230
-247
-137
-186
-247
-310
-441
-511
-523
-482
-388
-397
-440
-335
-230
-331
-418
-471
-494
-342
-266
-263
-311
-389
-239
-121
-126
-80
-137
-49
-5
-30
-92
-74
-115
-184
-154
-227
-154
-147
-246
-297
-222
-349
-408
-404
-491
-336
-391
-368
-339
-406
-261
-142
-122
-106
-98
-99
8
149
272
307
357
453
663
654
643
733
822
906
968
1019
1187
1210
1177
1207
1196
1223
1167
1238
1051
970
940
890
810
719
811
563
283
347
314
148
60
51
-168
-268
-335
-522
-544
-658
-626
-573
-649
-587
-635
-552
-618
-582
-518
-605
-553
-522
-418
-321
-313
-391
-334
-243
-275
-184
-137
-238
-53
14
-80
-63
112
155
118
18
0
-48
-159
-105
-181
-151
-285
-205
-292
-259
-215
-407
-286
-432
-378
-375
-340
-306
-344
-182
-244
-179
-249
-299
-171
-12
-25
-149
-106
-18
28
-25
1
103
192
199
159
159
280
216
162
122
108
157
55
92
166
273
332
262
213
181
245
177
212
126
108
168
103
-17
-30
9
-94
74
40
-117
-57
115
-45
42
-36
6
193
116
46
174
298
292
370
410
291
297
473
379
444
484
363
523
498
372
416
454
301
366
447
338
356
309
371
392
406
400
330
414
307
236
248
168
122
153
124
135
-50
-131
-132
-191
-226
-288
-317
-379
-397
-416
-341
-314
-368
-209
-189
-238
-213
-192
-180
-243
-178
-92
-209
-167
-213
-213
-191
-215
-230
-277
-290
-258
-165
-191
-207
-130
-195
-197
-114
-64
-93
-101
-47
-79
-82
-13
-18
-43
-2
71
90
50
35
-148
4
-97
-108
-94
-236
-138
-189
-132
-117
-47
-23
-18
78
112
160
127
229
323
241
299
273
285
339
407
478
406
403
379
435
373
330
258
276
325
201
270
192
265
245
197
144
2
24
-48
63
-11
-30
-111
-48
-17
-172
-283
-256
-127
-27
-93
-286
-80
-41
-99
-47
38
203
158
204
191
279
345
389
348
280
392
415
357
362
309
359
332
244
266
207
131
280
176
91
-6
-71
-141
-152
-180
-306
-460
-536
-350
-459
-522
-693
-585
-530
-573
-451
-396
-295
-367
-528
-396
-415
-395
-310
-290
-314
-243
-201
-156
-78
-45
74
35
98
88
191
223
173
158
101
86
154
160
52
-49
-18
-54
-151
-219
-300
-363
-452
-433
-546
-594
-546
-543
-527
-645
-530
-552
-512
-464
-649
-443
-416
-353
-265
-289
-200
-102
-134
-225
-124
-94
49
6
-88
11
-17
67
114
-9
9
148
88
62
45
100
118
82
43
-53
-79
73
28
-51
-132
-214
-102
-169
-183
-223
-307
-242
-328
-285
-259
-194
-128
-133
-110
-84
-78
5
82
110
199
203
200
242
345
265
260
345
305
198
275
330
256
139
165
243
233
222
107
128
89
15
18
26
-107
-117
-131
-104
-120
-284
-221
-205
-288
-325
-402
-308
-383
-357
-428
-464
-413
-451
-317
-380
-396
-351
-224
-110
-72
-9
57
86
-20
89
157
114
98
5
125
221
74
-131
30
-78
-142
-316
-313
-346
-392
-428
-557
-452
-495
-501
-414
-530
-480
-496
-560
-567
-574
-467
-457
-435
-469
-455
-598
-627
-507
-378
-477
-508
-437
-454
-442
-378
-308
-225
-210
-195
-130
-96
8
83
170
295
274
270
349
348
412
346
270
238
145
244
267
210
141
128
62
-20
-50
-86
13
-5
-58
-40
-48
-75
-120
-44
-68
-100
-110
13
-152
-150
-191
-274
-168
-162
-138
-6
16
43
147
87
186
221
211
205
181
233
321
491
394
313
312
377
427
369
259
221
229
145
170
165
86
108
-6
-130
-157
-269
-352
-471
-479
-509
-450
-564
-535
-615
-564
-466
-500
-514
-516
-391
-385
-333
-365
-408
-408
-481
-299
-353
-314
-210
-131
-116
-124
-103
-175
-96
-166
43
82
-28
130
70
81
173
123
147
60
-22
5
-36
-208
-123
-188
-329
-463
-392
-450
-632
-560
-659
-531
-493
-545
-568
-529
-396
-354
-361
-429
-345
-241
-178
-279
-209
-54
-45
6
119
101
78
84
116
148
136
-29
-4
116
54
71
34
91
117
123
125
90
79
80
74
106
7
-93
-109
-175
-262
-227
-259
-353
-334
-314
-251
-313
-388
-405
-414
-463
-372
-199
-163
-176
-58
-151
-97
-59
-52
42
229
217
235
175
94
112
35
62
-156
-114
-59
-159
-221
-249
-344
-401
-233
-301
-229
-418
-442
-429
-344
-447
-440
-354
-409
-332
-356
-333
-366
-354
-311
-371
-390
-167
-244
-283
-264
-227
-217
-196
-243
-73
-94
26
93
62
69
137
140
166
304
275
312
74
188
349
187
85
144
85
111
54
-97
-12
-89
-27
-93
-146
-191
-284
-270
-285
-250
-266
-287
-364
-253
-217
-158
-198
-143
-176
-73
-136
-174
-156
-96
-94
-45
-70
14
86
19
126
221
250
263
322
292
411
374
432
357
363
312
342
361
366
411
315
168
307
320
102
50
-60
-48
-53
-90
-128
-84
-100
-84
-103
-81
-105
-139
-141
-110
-77
-78
-48
-155
-128
-70
-108
-36
-110
-138
-59
-128
-157
-132
-80
-67
-17
5
-5
-55
8
-32
-11
-6
-57
69
62
119
194
124
158
210
48
42
84
1
16
12
-83
-174
-130
-181
-188
-150
-148
-124
-189
-193
-181
-86
-48
-73
38
90
175
50
104
114
220
214
177
170
206
297
230
273
301
235
284
215
267
200
84
218
264
317
272
235
124
65
145
148
210
202
251
326
277
216
319
309
334
423
376
332
387
320
250
231
287
235
229
309
165
194
188
226
258
204
114
131
177
98
112
176
202
215
215
194
218
286
313
333
345
267
254
183
189
264
213
80
-105
0
116
-28
-13
48
38
96
