193
199
181
134
107
71
115
86
45
41
-144
-86
-184
-167
-116
-239
-344
-277
-174
-224
-124
-284
-283
-228
-129
24
-86
-124
-97
-145
-40
6
-212
-244
-303
-263
-184
-205
-245
-247
-280
-387
-406
-443
-359
-314
-259
-342
-374
-261
-383
-400
-380
-449
-334
-305
-321
-303
-340
-363
-345
-291
-230
-343
-350
-391
-346
-425
-441
-480
-478
-349
-422
-338
-251
-278
-296
-101
-159
-110
-42
2
100
-6
45
133
12
12
82
164
256
140
18
76
291
307
162
35
129
112
106
-32
-36
-91
43
54
-42
-34
10
-12
-13
-32
-123
-43
-101
-18
-100
-3
-29
-42
-51
-16
-26
-65
-61
-151
-5
-121
-53
-161
-108
-49
-151
-85
-198
-83
-98
-73
59
-9
-84
-31
-32
56
66
-26
51
133
82
13
-86
-129
-112
-114
18
-74
-159
-112
-149
-206
-160
-62
-94
-94
-55
21
131
118
65
99
84
210
165
172
83
177
132
83
193
85
129
61
41
-105
-72
-21
-81
-144
-95
-12
-42
88
102
98
110
65
137
70
179
226
222
141
133
34
9
62
78
210
108
202
130
46
86
29
117
232
190
255
298
294
148
119
81
87
149
189
233
119
130
188
-18
326
-566
-608
502
407
257
309
137
17
95
41
290
71
-41
157
-31
-688
214
370
-287
127
171
56
-70
-118
131
51
-81
-97
83
-255
-221
-445
-959
-471
-77
110
122
110
-200
-281
31
91
170
93
180
248
-12
57
-122
-83
-48
5
82
0
-139
-46
-87
-234
-341
-302
-376
-354
-299
-243
-685
-1327
-1331
-1278
-1252
-857
-732
-618
-831
-875
-559
-545
-76
347
146
-112
-140
-195
-430
-608
-613
-422
-98
-161
-378
-389
-601
-576
-283
-323
-174
-216
-201
-104
-122
-92
-166
-272
-220
-222
-68
-152
-244
-123
-341
-463
-281
-423
-382
-381
-389
-227
-154
-51
-304
-390
-218
-287
-210
-279
-527
-278
-310
-410
3
-40
-222
-62
-186
-111
-31
-186
-93
-125
-47
-114
8
129
-124
-17
184
-52
-77
-46
-125
-37
176
96
-45
5
-30
102
65
-60
67
-23
-185
-58
-48
-177
-178
-128
-197
-258
-245
-18
-88
-53
-150
-85
-50
-286
-141
-81
42
-37
-120
105
112
52
160
174
74
64
79
44
210
319
148
52
-117
-21
159
41
74
54
81
50
64
303
279
174
194
214
213
116
-10
178
162
159
118
-86
-231
-280
-245
25
281
461
389
565
540
419
636
585
730
963
819
805
678
465
400
517
520
613
652
507
391
216
224
117
297
380
384
376
151
-50
44
219
184
315
212
62
56
-79
-112
-28
8
-6
52
-59
-123
-170
-196
-353
-348
-183
-339
-386
-485
-331
-290
-136
-95
-157
-126
-229
-280
-318
-279
-166
131
39
161
26
-225
-212
-316
-312
-142
-243
-286
-253
-274
-243
-303
-299
-116
-22
-21
-90
23
6
73
401
414
491
407
438
414
560
743
801
986
969
1120
1186
1207
1331
1392
1431
1340
1410
1542
1543
1487
1574
1656
1885
1961
2104
2137
1970
1857
1895
1981
1876
1804
1822
1591
1151
1174
1135
1113
1068
790
655
369
220
3
30
1
-185
-315
-224
-75
-142
-248
-150
-18
-54
-94
-111
-85
-78
-134
37
168
232
168
72
120
40
-50
-44
78
-182
-197
-169
-262
-271
-447
-660
-639
-596
-752
-702
-963
-1128
-1065
-1033
-1036
-1064
-1052
-1121
-1281
-1277
-1258
-1160
-1043
-927
-852
-812
-706
-720
-633
-559
-448
-421
-335
-213
-204
-154
40
271
296
292
283
291
640
805
877
989
1104
1286
1395
1485
1673
1710
1973
2123
2375
2538
2476
2698
2890
3059
3298
3464
3603
3402
2991
2844
2686
2878
2643
2000
1686
1697
1410
627
184
122
-183
-627
-966
-1009
-1201
-1605
-1702
-1507
-1358
-1343
-1503
-1393
-1240
-1116
-852
-507
-380
-224
11
239
408
537
665
767
1013
1173
1183
1147
1179
1120
1052
1053
860
842
754
506
335
262
139
-172
-336
-552
-560
-754
-1014
-1093
-1270
-1398
-1584
-1671
-1584
-1634
-1710
-1704
-1746
-1618
-1532
-1376
-1285
-1356
-1191
-1040
-807
-583
-547
-454
-415
-325
-233
-224
-331
-212
-93
-146
-90
-244
-208
-203
-249
-322
-232
-168
-211
-234
-73
-5
1
100
145
266
358
404
233
474
600
826
884
978
1132
1208
1378
1305
1421
1378
1548
1695
1840
1957
2086
2126
2035
2219
2226
2308
2497
2632
2702
2775
3094
3179
3251
3211
2629
2400
2523
2589
2248
1833
1543
1279
879
596
450
146
-315
-801
-835
-750
-939
-1034
-1438
-1651
-1779
-1799
-1716
-1808
-1826
-1795
-1557
-1492
-1313
-1280
-1172
-1144
-950
-712
-635
-586
-426
-387
-424
-102
22
-133
-130
-73
84
214
130
208
39
-175
-185
-175
-291
-182
-146
-400
-379
-446
-444
-513
-709
-610
-706
-633
-651
-717
-718
-739
-665
-636
-687
-757
-782
-853
-843
-717
-774
-688
-619
-579
-464
-566
-461
-444
-459
-290
-370
-141
-57
-52
25
208
340
251
378
433
467
554
703
863
918
824
931
968
1056
940
874
987
1046
1087
979
1038
1048
965
898
875
988
1257
1311
1267
1409
1577
1563
1469
1535
1548
1348
1311
1331
1455
1429
1323
1200
1272
1037
1003
845
442
312
33
69
-79
-349
-522
-770
-835
-875
-753
-824
-990
-953
-986
-971
-1016
-895
-849
-859
-865
-781
-691
-580
-604
-602
-615
-651
-565
-534
-489
-550
-525
-449
-348
-323
-261
-295
-345
-126
-73
-173
-35
28
15
17
58
8
21
220
171
238
144
202
225
84
-16
14
98
-15
-24
-14
-95
-208
-12
0
-195
-138
-105
-41
-115
-107
-119
-130
-147
-156
-75
-14
-11
50
162
102
55
106
112
96
160
133
174
193
142
130
345
424
464
499
292
451
527
657
620
667
703
574
697
685
699
688
829
985
1019
991
1068
1066
1253
1269
1250
1298
1165
1082
1015
1274
1382
1252
1120
1078
1054
944
687
499
476
289
152
98
84
-109
-363
-603
-686
-693
-782
-798
-743
-699
-748
-760
-653
-576
-609
-614
-542
-333
-186
-203
-131
-207
-281
-216
-247
-279
-281
-135
-11
-27
3
-95
-154
-110
-137
-85
30
18
4
123
102
49
65
109
111
62
81
50
46
-53
-107
-20
-66
-174
-142
-318
-213
-226
-353
-322
-417
-348
-283
-74
-146
-43
-9
-20
23
106
164
68
110
270
245
275
339
223
241
230
291
242
300
318
235
235
305
319
334
449
431
424
484
385
494
554
497
521
622
679
706
644
533
637
681
695
747
812
865
922
1048
1074
1160
1174
1182
1088
909
966
1119
1160
1144
1198
1239
1114
1109
817
657
798
627
621
474
297
297
275
95
-176
-79
-133
-374
-349
-360
-367
-323
-277
-411
-460
-518
-537
-434
-400
-375
-424
-545
-548
-565
-662
-696
-506
-591
-600
-548
-539
-506
-492
-493
-559
-640
-673
-508
-513
-343
-345
-300
-269
-355
-278
-309
-113
-184
-277
-243
-324
-487
-462
-296
-428
-423
-476
-547
-574
-649
-633
-671
-653
-680
-564
-412
-391
-314
-403
-255
-216
-211
-153
-133
-92
-93
-88
95
143
126
171
203
155
177
203
292
364
455
512
409
504
477
416
558
628
640
685
693
720
591
650
734
722
637
683
641
703
737
591
668
600
621
788
806
987
1105
1044
1162
1054
1029
1122
998
1036
1165
1204
1198
1135
1082
966
758
746
686
517
469
465
425
292
84
13
-84
-142
-170
-214
-210
-221
-359
-397
-346
-332
-442
-520
-490
-371
-314
-485
-606
-694
-621
-727
-699
-631
-602
-715
-742
-730
-790
-841
-662
-576
-643
-565
-493
-363
-473
-409
-331
-375
-345
-396
-372
-486
-537
-474
-426
-481
-577
-602
-590
-663
-495
-551
-687
-609
-614
-657
-726
-653
-683
-609
-582
-542
-378
-396
-328
-407
-424
-231
-175
-136
-156
-48
57
44
-30
-238
-66
31
-47
13
25
225
179
164
330
193
235
336
320
337
365
458
386
498
445
504
607
483
678
501
512
496
411
657
611
780
717
801
923
829
834
775
706
682
655
759
749
749
717
614
447
401
422
450
373
267
139
76
173
-47
-278
-329
-271
-446
-569
-506
-470
-500
-552
-645
-706
-566
-626
-742
-690
-591
-596
-730
-706
-656
-727
-824
-755
-572
-654
-672
-692
-731
-665
-529
-551
-418
-259
-262
-197
-177
-274
-180
-175
-209
-57
77
199
-43
-50
-57
-81
-283
-224
-137
-177
-262
-394
-227
-282
-391
-515
-566
-563
-615
-735
-771
-522
-469
-485
-525
-476
-330
-374
-632
-425
-252
-110
-25
-151
-73
-83
-55
-180
-42
156
76
55
155
49
-13
-72
46
62
112
133
251
267
117
85
-19
74
30
-80
-28
124
108
3
54
114
54
174
264
405
541
494
512
411
432
401
585
854
838
829
665
603
466
336
175
82
107
41
-69
-63
-320
-329
-465
-716
-618
-765
-675
-799
-967
-831
-755
-875
-856
-809
-872
-872
-786
-720
-771
-778
-872
-814
-699
-690
-664
-770
-669
-769
-760
-734
-610
-423
-555
-513
-614
-617
-506
-410
-387
-233
-88
-269
-333
-193
-280
-602
-618
-223
-136
-406
-450
-230
-198
-635
-738
-521
-476
-585
-884
-795
-516
-780
-911
-823
-639
-675
-785
-520
-563
-614
-565
-533
-644
-674
-384
-130
-161
-524
-229
-57
-137
-287
-276
121
307
50
58
338
308
238
204
239
292
504
538
493
405
555
476
274
409
565
447
279
314
552
534
396
552
796
784
846
913
930
896
655
744
1019
1320
1372
953
714
838
623
455
557
416
288
130
-58
-61
-168
-495
-783
-824
-707
-809
-869
-976
-919
-1088
-1331
-1209
-1095
-897
-1016
-1123
-964
-805
-863
-903
-853
-801
-772
-810
-733
-678
-755
-784
-887
-832
-703
-694
-709
-648
-753
-701
-659
-701
-475
-397
-477
-587
-641
-488
-458
-523
-616
-532
-464
-608
-635
-747
-692
-787
-839
-894
-883
-879
-870
-810
-856
-845
-906
-934
-729
-690
-780
-883
-861
-665
-484
-569
-672
-666
-263
-168
-324
-266
-71
-32
-224
-372
-126
14
-93
-112
40
289
512
419
285
514
638
774
715
803
883
843
1129
1117
1064
1155
1130
1117
1233
1227
1329
1481
1731
1731
1667
1899
1931
1835
1398
1488
1877
2098
1920
1518
1326
1138
1076
873
804
917
480
-43
-265
-129
-219
-579
-936
-1031
-1128
-1364
-1305
-1235
-1260
-1390
-1534
-1550
-1193
-1198
-1280
-1212
-1079
-871
-836
-792
-809
-736
-836
-757
-569
-389
-430
-676
-660
-457
-396
-448
-374
-374
-466
-460
-480
-361
-313
-509
-533
-472
-383
-422
-487
-489
-526
-469
-547
-629
-616
-607
-762
-754
-658
-674
-849
-1077
-971
-956
-806
-828
-1030
-977
-838
-734
-744
-681
-730
-762
-561
-487
-418
-402
-349
-277
-283
-183
-181
-274
-317
-174
-87
-24
21
-77
-72
54
241
226
260
365
524
520
623
776
895
976
964
1014
984
1171
1242
1432
1570
1633
1673
1712
1831
1904
2063
2294
2338
2273
1931
1910
2197
2381
2326
1796
1531
1415
1418
1395
1297
1033
461
-78
-162
-100
-107
-495
-1053
-1224
-1391
-1444
-1325
-1438
-1613
-1809
-1892
-1802
-1587
-1505
-1552
-1564
-1418
-1433
-1256
-1151
-1148
-1085
-750
-486
-632
-484
-386
-323
-248
-121
-67
-43
-107
-188
-51
114
163
107
51
147
61
-28
-36
26
41
-65
-31
-112
-197
-304
-334
-279
-442
-514
-689
-801
-828
-864
-962
-964
-957
-1049
-1064
-1026
-927
-917
-862
-808
-868
-906
-771
-536
-419
-374
-305
-307
-267
-49
-43
-44
-46
-99
-42
194
121
152
298
263
404
340
447
567
592
647
758
754
868
899
944
1087
1233
1162
1168
1371
1434
1540
1681
1719
1684
1929
2148
2392
2250
1711
1546
2060
2628
2486
1787
1160
1149
1409
1606
1551
1018
549
18
-60
348
483
102
-674
-1106
-1209
-1040
-896
-942
-1475
-1774
-1660
-1554
-1459
-1352
-1281
-1347
-1321
-1169
-954
-913
-832
-646
-482
-367
-362
-383
-286
-215
-102
74
84
-15
-145
-52
210
387
302
-35
-240
-14
185
193
201
-46
37
-7
64
85
67
-19
-97
97
123
-67
-253
-375
-481
-485
-525
-585
-651
-796
-879
-934
-723
-688
-747
-733
-710
-673
-604
-540
-627
-577
-601
-273
-127
-125
-81
-133
-111
-19
177
122
142
184
264
306
500
558
496
618
590
750
895
863
841
947
1175
1017
891
960
982
1058
1189
1035
1107
1254
1385
1358
1240
1255
1246
1369
1450
1785
1840
1757
1976
2430
2457
1474
805
1692
3283
3180
1357
250
911
1998
1860
1056
702
286
-475
-640
279
981
75
-1520
-1868
-1111
-696
-884
-1199
-1397
-1545
-1638
-1455
-881
-910
-1259
-1565
-1437
-1021
-866
-1001
-1018
-439
-145
-348
-797
-753
-254
76
1
-4
46
-111
-279
15
611
732
173
-253
160
712
813
598
267
319
335
110
385
557
381
-150
-283
47
136
-261
-602
-516
-322
-392
-647
-628
-632
-672
-855
-676
-589
-604
-822
-783
-528
-323
-288
-447
-391
-211
-57
-77
-129
-133
-71
33
204
358
431
367
400
608
820
807
582
497
885
1110
1025
942
989
1098
1292
1544
1596
1513
1490
1603
1989
2223
2266
2166
2217
2472
2648
2794
2493
1984
1902
2470
2718
2049
1447
1387
1770
1646
1357
1269
965
475
189
280
483
166
-450
-638
-779
-740
-781
-953
-1061
-1358
-1463
-1291
-1213
-1260
-1401
-1424
-1265
-1048
-1030
-995
-945
-790
-530
-363
-447
-411
-267
-29
127
127
64
124
230
41
273
361
340
221
167
266
450
241
188
117
116
118
94
147
-9
-25
-116
-74
-169
-213
-468
-579
-346
-459
-526
-640
-734
-613
-697
-787
-796
-693
-683
-683
-651
-656
-657
-672
-602
-606
-406
-198
-310
-381
-345
-270
-148
-1
53
41
184
144
200
253
311
366
367
515
489
543
496
646
715
632
632
750
951
1015
996
955
1080
1185
1243
1374
1503
1560
1647
1810
1979
2239
2262
2177
1814
1807
2150
2481
2213
1619
1419
1643
2016
1709
1221
731
583
441
417
336
133
-94
-415
-522
-571
-799
-1034
-1086
-1240
-1436
-1527
-1680
-1736
-1698
-1567
-1321
-1477
-1645
-1616
-1365
-1121
-927
-932
-967
-920
-787
-527
-425
-424
-426
-328
-126
117
148
120
84
101
159
300
398
411
393
392
479
318
285
199
67
110
20
-52
-107
-112
-338
-450
-433
-538
-638
-782
-811
-887
-928
-947
-1020
-1077
-1066
-1179
-1142
-1197
-1180
-982
-940
-956
-751
-759
-726
-683
-501
-322
-280
-351
-391
-151
-28
162
106
91
34
126
222
92
152
127
302
208
259
372
314
364
493
577
667
676
611
603
791
950
925
931
988
1078
1140
1250
1254
1462
1529
1611
1783
1770
1539
1600
1951
2053
1680
1083
978
1623
1656
1111
635
539
469
317
254
-10
-264
-476
-677
-770
-1031
-1242
-1331
-1385
-1546
-1591
-1711
-1905
-1814
-1759
-1722
-1721
-1901
-1927
-1691
-1490
-1448
-1347
-1349
-1279
-1166
-1004
-767
-747
-743
-818
-571
-322
-290
-202
-107
43
-26
-67
141
258
272
211
240
320
209
164
158
125
-58
-206
-202
-187
-189
-447
-606
-607
-738
-776
-908
-1016
-1028
-1069
-1049
-1232
-1211
-1251
-1133
-1137
-1190
-1162
-1152
-1139
-1066
-932
-728
-729
-671
-525
-395
-301
-259
-320
-307
-98
-123
-17
5
61
100
156
223
372
298
129
228
397
570
464
577
474
593
753
743
824
808
849
904
966
962
1024
1076
1261
1333
1544
1501
1644
1518
1474
1389
1361
1830
1865
1386
898
1171
1595
1593
1096
792
694
689
611
347
153
-71
-253
-427
-410
-749
-961
-821
-935
-1030
-1105
-1285
-1543
-1501
-1424
-1390
-1534
-1747
-1624
-1481
-1333
-1168
-1252
-1171
-1230
-1058
-861
-793
-697
-749
-726
-632
-474
-373
-222
-335
-309
-215
-305
-33
-64
-50
-54
-98
48
166
119
10
-35
-159
-109
-112
-67
-233
-503
-421
-567
-608
-733
-895
-926
-1012
-1125
-1146
-1101
-1238
-1195
-1087
-1125
-1045
-1007
-1066
-996
-817
-871
-844
-743
-698
-551
-541
-519
-504
-348
-241
-286
-183
-215
-173
-98
-121
-101
-134
-32
-21
18
81
95
182
267
143
118
326
395
280
344
418
488
494
611
540
463
687
738
687
804
1050
1174
1305
1440
1585
1626
1483
1506
1823
2131
2150
1582
1212
1714
2068
1895
1213
886
969
907
681
407
171
37
-207
-377
-626
-774
-948
-1027
-1033
-1149
-1397
-1643
-1678
-1611
-1533
-1522
-1801
-1748
-1470
-1445
-1302
-1427
-1371
-1369
-1336
-1202
-992
-747
-793
-776
-656
-491
-426
-244
-62
14
-50
-99
31
199
263
147
74
44
190
152
67
106
-20
-53
-166
-222
-199
-460
-588
-746
-720
-828
-1047
-1013
-1009
-1143
-1199
-1175
-1299
-1119
-1099
-1081
-1077
-956
-1001
-935
-841
-839
-783
-838
-781
-853
-671
-559
-512
-356
-493
-411
-322
-340
-256
-309
-224
-173
-201
-325
-313
-199
-140
-82
-96
-86
-90
-28
-86
-170
48
13
106
168
165
257
326
280
377
506
525
586
671
853
946
1259
1374
1546
1727
1682
1724
1577
1857
2233
1730
1426
1504
2029
1948
1539
1095
997
1208
831
628
335
28
-23
-344
-480
-637
-725
-713
-795
-864
-1057
-1140
-1308
-1163
-1198
-1373
-1445
-1411
-1402
-1419
-1320
-1342
-1235
-1181
-1171
-1019
-793
-724
-577
-624
-555
-325
-327
-176
-73
-14
-10
-86
34
209
274
213
134
246
327
234
170
84
99
14
-190
-214
-122
-279
-399
-480
-534
-478
-639
-737
-937
-927
-890
-989
-1021
-1055
-1042
-974
-957
-825
-940
-962
-867
-770
-828
-840
-741
-801
-746
-664
-702
-735
-741
-650
-618
-648
-623
-671
-544
-502
-740
-525
-496
-520
-409
-389
-343
-296
-236
-334
-267
-250
-289
-312
-261
-22
116
129
107
225
350
394
489
597
637
854
866
922
1037
1212
1353
1505
1692
1750
1624
1281
1344
1745
1864
1266
900
1173
1542
1243
708
556
680
507
172
89
-20
-42
-374
-630
-741
-862
-1001
-1102
-997
-1118
-1244
-1215
-1188
-1126
-1187
-1213
-1324
-1280
-1224
-1266
-1225
-1217
-1070
-1004
-1139
-1070
-788
-642
-754
-732
-472
-423
-360
-342
-271
-247
-224
-408
-288
-113
-32
-49
-165
-116
-134
-124
-101
-215
-268
-215
-294
-271
-190
-299
-275
-315
-313
-384
-520
-440
-445
-474
-437
-448
-530
-498
-389
-520
-659
-656
-560
-626
-619
-653
-643
-539
-601
-672
-717
-487
-505
-599
-651
-638
-649
-545
-441
-493
-462
-542
-552
-417
-398
-380
-470
-359
-152
-226
-243
-153
-135
-77
51
149
143
302
299
336
545
554
698
748
773
839
806
890
936
985
1137
1113
1174
1245
1324
1415
1264
1081
925
1139
1330
1107
861
731
767
800
814
438
361
201
19
-23
-96
-217
-381
-575
-708
-714
-888
-972
-992
-1077
-1166
-1162
-1230
-1290
-1363
-1293
-1215
-1286
-1287
-1236
-1210
-1181
-1153
-1171
-1046
-1097
-984
-956
-919
-874
-970
-963
-1024
-949
-1008
-708
-821
-918
-627
-620
-575
-634
-458
-439
-382
-527
-389
-256
-282
-212
-210
-42
-13
-50
8
-52
-114
-163
-313
-68
-96
-43
-147
-358
-250
-298
-306
-466
-485
-472
-516
-544
-493
-672
-663
-590
-726
-505
-569
-554
-558
-508
-396
-583
-504
-577
-543
-367
-370
-401
-328
-275
-221
-123
-46
30
340
440
436
470
510
597
828
995
820
889
916
901
981
966
970
985
1009
977
1031
1028
1007
1030
1053
1152
1247
1227
1171
1208
1182
1352
1441
1191
1111
1130
1337
1335
1005
758
828
797
646
524
468
396
371
163
2
-18
-194
-155
-240
-343
-379
-405
-510
-519
-474
-599
-693
-681
-721
-669
-755
-897
-850
-905
-913
-1078
-1039
-980
-958
-1048
-1050
-968
-976
-916
-919
-796
-796
-810
-778
-684
-583
-407
-490
-432
-376
-210
-66
-73
-102
-38
106
47
-11
10
-31
-89
-120
-81
5
-11
-150
-184
-21
-234
-224
-201
-261
-278
-342
-378
-478
-596
-591
-631
-598
-539
-606
-771
-639
-707
-782
-796
-815
-815
-738
-737
-764
-668
-602
-523
-477
-328
-226
-297
-170
-135
-107
-27
24
171
299
392
487
404
441
491
544
701
644
611
611
765
746
855
911
785
809
803
712
762
978
948
879
994
1020
1016
1055
1129
1213
1172
1071
1143
1129
929
831
866
922
828
684
704
681
626
492
571
480
248
279
80
-116
-77
-153
-185
-231
-535
-456
-486
-519
-671
-836
-646
-794
-992
-945
-1024
-1025
-1046
-1080
-1049
-1049
-1086
-1054
-1030
-1037
-976
-930
-791
-715
-682
-584
-549
-406
-451
-353
-236
-226
-123
-196
-6
-30
-49
129
92
-6
94
121
48
-15
23
-40
-90
-74
-40
-179
-135
-133
-222
-162
-220
-300
-376
-482
-509
-484
-664
-616
-684
-871
-774
-740
-554
-572
-723
-738
-737
-740
-676
-498
-452
-517
-388
-365
-301
-97
-204
-167
31
73
104
185
69
311
328
304
333
303
561
465
440
611
761
646
631
630
554
646
481
485
784
860
796
883
913
798
898
920
1022
922
734
672
789
893
831
693
574
614
609
446
238
291
272
136
6
-141
-208
-329
-277
-394
-519
-621
-676
-729
-828
-861
-988
-1011
-1018
-1250
-1282
-1073
-1186
-1140
-1133
-1234
-1247
-1187
-1285
-1182
-1084
-1106
-1007
-960
-824
-793
-763
-825
-746
-652
-503
-417
-322
-353
-319
-219
-137
-1
22
52
-13
2
73
127
107
48
130
116
167
31
83
120
77
-24
-68
-68
-54
-39
-119
-216
-350
-336
-465
-542
-506
-648
-576
-541
-458
-379
-342
-332
-240
-255
-189
-124
-148
-107
-103
-62
-73
14
22
56
131
129
167
207
148
146
175
278
201
179
195
215
77
47
54
172
205
188
66
81
133
123
255
122
128
249
239
274
366
395
400
389
344
423
491
566
536
601
700
848
863
921
917
950
1161
1241
1137
1052
968
945
823
740
823
708
562
392
291
170
60
30
-101
-353
-416
-487
-682
-775
-780
-842
-933
-980
-957
-992
-975
-1047
-1053
-1006
-1034
-1051
-980
-870
-881
-1116
-1033
-910
-863
-792
-646
-604
-537
-404
-244
-232
-266
-239
-173
-135
35
104
178
296
221
213
223
235
246
169
135
34
-3
-32
-58
-118
-218
-160
-212
-235
-408
-256
-168
-224
-295
-445
-330
-398
-503
-416
-321
-346
-384
-264
-294
-413
-425
-509
-439
-361
-359
-239
-145
-277
-305
-259
-199
-64
-59
-53
-74
47
-29
-71
172
157
199
197
226
118
222
313
228
301
380
386
439
481
509
521
530
485
618
727
714
783
827
857
1052
1120
1026
1032
1119
1408
1483
1246
935
1005
1161
1206
1070
801
862
965
842
598
478
500
345
79
-32
-137
-183
-218
-325
-457
-609
-742
-753
-822
-923
-872
-993
-903
-952
-978
-945
-972
-1026
-952
-932
-907
-833
-723
-633
-674
-647
-565
-469
-470
-362
-354
-242
-176
-268
-140
18
13
13
-97
-7
17
-50
-62
-43
-103
-198
-297
-302
-229
-300
-345
-322
-387
-394
-414
-448
-480
-492
-486
-468
-481
-386
-348
-413
-445
-435
-424
-341
-455
-429
-393
-349
-259
-340
-308
-337
-256
-296
-262
-264
-183
-186
-92
49
-8
36
99
143
130
201
166
94
-1
138
181
118
127
176
121
194
243
224
277
216
294
344
408
460
530
638
513
572
781
834
931
853
808
924
934
1058
1036
1020
1149
1140
1252
1340
1252
1192
1172
1335
1352
1197
1192
1042
959
914
1019
779
706
694
544
509
368
223
309
18
-90
-45
-288
-417
-507
-505
-450
-609
-737
-744
-812
-734
-793
-930
-888
-744
-622
-615
-539
-517
-492
-511
-543
-451
-467
-474
-429
-385
-449
-386
-293
-226
-344
-260
-261
-268
-183
-227
-54
-24
131
135
63
35
152
239
311
386
277
231
174
81
29
-27
3
-23
-67
-19
-187
-190
-182
-179
-346
-250
-142
-198
-138
-112
-136
-89
-74
-177
-268
-183
-49
-191
-310
-327
-360
-233
-248
-286
-233
-233
-201
-268
-256
-122
-141
-104
-40
-45
159
142
146
289
345
342
460
565
563
623
688
806
819
738
707
800
778
854
943
900
995
1069
1149
1127
1126
1091
1086
1174
1349
1197
1001
1090
1127
1248
1035
908
881
878
838
708
589
533
510
357
285
257
139
110
-2
-118
-158
-166
-181
-108
-266
-352
-394
-407
-463
-497
-432
-441
-396
-475
-507
-439
-449
-376
-654
-497
-452
-474
-325
-291
-161
-207
-255
-187
-43
-13
59
192
192
349
423
446
411
391
413
476
448
432
478
440
452
413
451
451
411
299
264
161
157
100
57
-31
-57
-40
-217
-340
-309
-330
-373
-317
-345
-367
-496
-480
-379
-358
-383
-401
-402
-367
-312
-324
-347
-255
-264
-291
-302
-307
-159
-58
-40
-178
-49
-97
-22
68
-22
34
25
52
54
126
106
107
139
87
126
295
417
244
268
267
276
453
424
368
467
566
607
635
685
660
839
1021
979
1001
1016
1032
1060
1053
985
1037
1098
920
851
928
798
728
708
659
520
396
499
354
236
242
44
72
-90
-131
-179
-309
-379
-522
-535
-661
-768
-750
-811
-789
-827
-823
-661
-693
-731
-706
-581
-565
-534
-428
-287
-162
-197
-95
61
87
230
357
425
382
509
483
575
677
630
709
761
714
645
728
675
693
566
518
482
396
345
319
313
213
286
17
26
-63
-141
-166
-147
-240
-289
-268
-419
-308
-375
-395
-290
-321
-257
-325
-475
-325
-361
-407
-372
-216
-188
-112
-111
-67
-196
-182
118
128
7
15
100
19
-33
-62
-22
4
21
91
-82
94
145
-24
117
213
306
190
229
325
366
359
454
321
330
537
481
495
637
666
618
633
859
885
916
807
549
888
1259
935
616
685
910
970
598
489
543
692
483
405
315
247
126
-73
-92
-278
-290
-462
-550
-697
-813
-960
-882
-917
-1035
-1053
-1099
-1131
-1145
-1038
-1023
-972
-821
-821
-956
-839
-671
-616
-547
-603
-514
-324
-251
-349
-49
20
-140
-79
-83
130
265
289
277
252
329
414
447
491
539
404
432
451
484
446
287
258
334
279
152
333
72
99
13
-145
-130
-268
-344
-377
-447
-462
-473
-499
-491
-338
-373
-292
-221
-200
-281
-297
-165
-213
-202
-218
-95
28
-49
-120
-148
-82
-45
-59
-67
17
107
127
159
255
204
150
17
-1
23
173
240
142
201
58
28
142
101
-29
-15
87
189
253
130
146
236
294
277
309
395
511
624
517
646
695
871
898
936
1030
906
997
858
867
933
863
986
989
816
862
834
723
586
528
509
341
184
91
94
83
-42
-156
-158
-110
-49
-272
-327
-359
-385
-451
-524
-540
-591
-518
-627
-626
-636
-553
-711
-718
-630
-701
-508
-468
-545
-495
-387
-431
-436
-419
-356
-269
-284
-219
-197
-332
-250
-241
-140
-78
-136
-161
-94
-75
-199
-198
-93
-80
-276
-302
-344
-271
-204
-274
-236
-237
-156
-184
-236
-273
-204
-162
-369
-359
-256
-302
-419
-450
-366
-438
-427
-448
-387
-303
-357
-340
-275
-322
-281
-189
-241
-276
-302
-138
-204
-175
-84
-40
10
-68
-51
57
82
109
265
247
260
361
368
330
395
452
337
441
575
556
783
887
957
1003
1130
1172
1196
1344
1405
1364
1276
1289
1010
1086
1310
1388
1238
1010
1086
1358
1204
830
785
934
990
830
603
519
671
538
362
22
0
83
46
37
-244
-88
-290
-470
-426
-517
-545
-567
-673
-639
-628
-636
-543
-503
-438
-554
-563
-453
-319
-313
-269
-182
-191
-132
-99
-199
-90
-128
-102
-79
-3
45
74
101
-91
-62
-123
-113
-27
28
-92
-196
-140
-160
-115
-251
-235
-204
-154
-164
-348
-246
-280
-343
-303
-284
-355
-440
-454
-503
-416
-516
-595
-440
-446
-480
-394
-378
-575
-443
-355
-339
-337
-432
-374
-352
-237
-238
-172
-176
-150
-165
-170
-144
-106
-148
-45
-64
-7
106
169
92
-62
116
64
146
123
259
266
261
192
279
409
298
370
335
339
347
446
432
430
426
365
399
447
439
561
503
472
634
529
682
560
641
753
827
895
904
952
852
773
751
820
714
772
727
753
746
650
534
473
525
434
340
215
285
196
147
120
102
58
-107
-258
-294
-215
-294
-220
-402
-483
-412
-392
-485
-458
-472
-607
-490
-456
-433
-383
-524
-493
-402
-351
-392
-217
-106
-137
60
-27
-181
-95
26
-45
-87
-31
-17
8
-26
-22
9
-82
-169
-118
-74
-83
-15
-56
-111
-77
-113
-146
-114
-121
-194
-198
-154
-216
-200
-154
-114
-95
-87
-170
-193
-87
-190
-152
-71
-95
-221
-251
-195
-134
-62
-107
-108
-92
-68
-76
-34
-14
-20
49
162
182
134
223
181
52
-37
-58
-16
40
103
115
194
164
154
151
208
225
224
428
446
461
484
616
642
728
923
875
966
1069
948
821
1123
1333
1003
865
871
1021
941
908
804
793
735
540
530
480
536
410
254
150
107
147
34
-14
11
-156
-155
-214
-172
-271
-404
-572
-462
-476
-661
-587
-723
-502
-438
-433
-384
-371
-222
-165
-246
-259
-64
-115
-65
46
126
-87
-26
-2
51
192
112
107
59
73
113
87
125
184
79
-78
-53
107
78
-4
-72
-31
-60
-21
-40
-127
67
38
-120
-96
-166
-1
-62
-156
-126
-176
-114
-142
-155
-283
-300
-212
-154
-107
-167
-92
-54
-101
-36
43
117
92
140
37
110
128
105
109
-13
127
77
-11
-107
-47
-36
-93
-97
-55
-8
27
-45
47
111
112
150
70
105
142
183
157
158
236
308
369
350
430
624
772
564
598
607
560
528
542
539
531
564
518
577
550
489
449
519
520
448
471
513
375
393
458
299
287
366
235
162
160
172
143
82
97
5
31
-30
-37
72
26
218
234
375
439
457
540
433
428
493
386
345
361
388
507
445
440
366
468
352
272
272
267
225
145
69
21
-36
-32
61
112
63
-10
-52
-8
-113
-49
-143
-133
-116
-165
40
-81
12
96
-65
-29
-5
-41
83
-21
145
95
-46
51
59
86
161
177
281
242
208
244
193
162
170
179
36
36
49
-47
-40
22
-10
-17
-80
-91
-74
45
163
57
139
7
61
307
212
215
179
299
233
183
280
380
424
447
489
538
577
599
652
540
645
589
611
647
758
775
752
855
707
759
764
889
893
810
957
958
810
761
706
772
712
570
567
546
480
435
394
268
231
324
274
278
257
283
381
360
299
235
187
229
233
167
121
35
84
9
123
12
-44
8
-57
110
-27
-86
-28
-59
-74
-35
-84
-71
-75
96
47
-1
52
-16
50
-19
5
-5
-89
-87
-110
-50
-7
-76
-81
-166
-109
-210
-111
-89
-184
-123
-188
-162
-165
-190
-147
-116
-156
-89
-95
-202
-154
-33
-94
-33
-20
-48
-70
-15
16
69
28
-24
16
56
-58
-139
-26
-63
14
121
93
43
3
-3
24
112
8
42
53
1
-20
-12
3
-43
10
51
43
31
-69
-18
-1
57
174
53
230
153
268
337
268
382
380
626
518
479
522
489
577
626
579
535
525
601
592
532
533
429
448
447
327
355
366
436
387
417
474
475
451
360
453
463
396
220
396
303
212
222
115
319
233
352
443
239
195
132
201
133
52
17
104
55
51
128
-30
-44
49
94
82
48
32
-46
-108
20
97
-106
-6
-89
-69
-92
-184
-44
-68
13
-23
-62
-23
-10
38
133
40
-12
32
104
-28
59
-26
5
102
78
45
10
23
-87
37
-53
-84
-98
-178
-75
-164
-129
-101
-41
-40
-101
-50
-78
-73
-103
-122
-139
-4
-127
-130
-118
-1
-35
-129
-44
-77
-15
61
39
47
69
17
-54
-13
-15
47
161
122
-156
