-135
-164
-105
-109
3
12
-95
-115
14
31
31
11
-198
-84
-107
-81
-137
-95
-97
-205
-103
-169
-103
-50
-96
-90
-60
-71
-175
-72
-149
-284
-123
-127
-34
-15
-63
-138
-38
58
12
-27
-6
76
33
-74
21
-25
57
86
86
175
118
197
180
352
235
469
471
438
406
375
407
382
407
412
373
342
349
265
171
198
150
25
146
157
72
11
184
151
208
285
205
285
186
311
416
303
308
290
255
312
282
335
385
324
352
253
203
267
283
156
273
226
226
348
271
345
386
306
339
276
214
256
204
150
167
227
222
155
33
46
0
25
-26
-86
-156
-67
-102
-106
-159
-142
-142
-224
-225
-226
-85
-50
-143
-15
-36
85
147
121
164
96
197
212
224
184
145
215
211
-39
20
-19
27
27
-1
184
133
169
156
147
189
92
45
159
172
188
59
2
-20
38
-38
-79
-96
-124
-142
-117
-106
-136
-57
-74
-78
-36
-94
59
136
91
82
170
209
143
263
118
187
195
157
245
303
253
75
143
164
116
223
258
140
203
293
322
331
314
230
130
170
160
251
231
190
124
75
37
-7
-54
65
69
-17
-108
-107
-62
-100
-4
-62
6
16
21
32
159
160
238
200
128
156
252
304
255
355
241
230
275
280
310
186
75
19
8
8
-27
-105
-51
-106
-54
6
-146
-127
-217
-102
-105
-93
-132
-161
-76
-146
-101
-172
-147
-224
-233
-310
-273
-203
-171
-169
-317
-252
-311
-247
-173
-265
-273
-173
-160
-180
-181
-181
-110
-175
-133
-213
-67
-147
-333
-137
-202
-213
-178
-270
-278
-218
-262
-359
-312
-369
-462
-385
-346
-224
-319
-344
-261
-375
-401
-319
-239
-281
-245
-177
-211
-243
-263
-242
-193
-235
-180
-174
-188
-64
-218
-174
-79
-115
-150
16
-125
-206
-145
-74
-152
-147
-69
-11
11
49
126
61
149
155
92
136
82
89
129
130
148
177
90
16
192
67
86
159
0
154
99
82
103
116
242
303
246
278
258
351
499
368
351
201
199
249
176
323
330
295
290
256
288
277
212
299
201
317
283
256
251
243
317
283
251
229
288
220
259
214
152
162
169
193
194
173
208
236
205
271
162
158
146
95
184
220
85
209
142
106
119
155
243
180
191
180
145
152
125
117
114
-3
55
20
107
37
-63
8
-45
-5
-11
-128
-123
-154
-88
31
8
-13
-23
8
-48
-39
-10
-98
16
-47
-220
-28
-16
-66
74
-88
-167
-203
-114
-87
-93
-88
-65
68
124
128
-95
-8
137
10
9
-3
-34
-4
17
-118
113
57
58
52
-178
-125
-394
-316
-1683
-928
342
-102
-9
-76
36
0
18
58
95
-144
-66
210
13
-156
33
44
-37
62
-107
-113
-25
-278
-840
-478
-156
-297
-159
101
-141
-1107
-779
-547
-543
-804
-1676
-721
-991
-851
-260
-316
-102
-245
-90
353
438
116
96
-283
-130
-654
-625
-283
-615
-691
-897
-681
-709
-1043
-1048
-506
-542
-540
-531
-321
-282
-199
169
-60
322
-43
67
492
-10
-31
41
-96
281
94
42
-12
-7
-150
-153
186
77
-281
-67
-28
7
181
-343
-280
-32
-300
-231
25
-154
-272
-234
-64
48
51
-143
-346
24
-37
-260
-119
68
50
-37
-207
-111
-113
-325
-418
-218
-289
-324
-118
-131
-70
-106
51
-52
-66
-176
-192
-151
-205
-80
-166
-131
-150
-134
-236
-108
-133
-248
-150
-187
-175
-368
-397
-418
-43
-205
-241
-104
-305
-398
-262
-45
-56
6
-209
-260
-146
-248
-137
-120
-31
-204
-155
32
-202
-110
-104
-160
57
111
-88
-17
-151
86
182
-102
-51
-68
67
-35
-90
56
17
162
255
35
240
220
169
254
337
398
255
413
550
588
699
650
713
607
537
620
644
629
807
689
650
670
455
399
385
463
374
421
519
571
621
314
107
314
407
370
423
443
287
204
131
179
269
174
208
245
109
47
-7
-57
-55
26
1
8
112
138
-17
-80
-43
-44
-55
30
105
124
-41
-150
-205
-315
-342
-339
-450
-554
-525
-660
-773
-733
-588
-749
-757
-820
-792
-669
-678
-473
-297
-129
-181
-228
-120
11
177
332
424
539
744
786
853
970
1005
1200
1159
1093
1171
1232
1227
1290
1367
1476
1550
1499
1657
1739
1792
1776
1942
2058
2156
2185
2068
2029
1987
2162
2086
1880
1692
1619
1527
1538
1397
1161
875
411
257
292
366
226
71
-73
-279
-400
-379
-374
-372
-487
-521
-313
-41
12
-223
-407
-292
-118
-88
-72
10
41
-19
-19
-3
-4
-119
-294
-173
-126
-256
-306
-467
-426
-564
-649
-553
-680
-794
-1012
-983
-1024
-1103
-1246
-1361
-1276
-1279
-1232
-1377
-1343
-1369
-1201
-1076
-947
-845
-914
-849
-774
-550
-384
-302
-409
-308
-160
20
64
101
197
41
236
410
586
565
662
810
1043
1369
1418
1675
1705
1831
2213
2552
2733
2727
2918
3079
3415
3614
3693
3746
3903
3862
3667
3311
3276
3301
2816
2413
2020
1640
1228
900
599
105
-383
-743
-905
-991
-1204
-1383
-1473
-1628
-1618
-1392
-1161
-1176
-1040
-821
-555
-442
-227
100
128
304
624
1001
1109
1034
1130
1256
1308
1201
1264
1415
1368
1011
849
803
499
227
-40
-263
-484
-837
-1015
-1128
-1476
-1653
-1805
-1907
-1956
-2161
-2276
-2328
-2356
-2377
-2510
-2550
-2418
-2368
-2224
-2121
-2152
-2033
-1846
-1718
-1440
-1417
-1362
-1191
-1053
-871
-821
-711
-690
-502
-293
-331
-264
-135
1
65
216
383
695
853
938
976
1218
1579
1789
1956
2044
2253
2457
2741
2811
3004
3294
3359
3590
3770
3891
4083
4215
4503
4571
4007
3608
3766
3788
3432
2808
2374
1982
1473
1153
949
525
-96
-702
-828
-918
-1116
-1483
-1694
-1890
-1879
-1763
-1670
-1565
-1543
-1317
-1227
-738
-404
-233
-99
228
529
797
1173
1260
1308
1306
1413
1594
1663
1644
1289
1116
1038
777
631
513
138
-183
-517
-659
-921
-1323
-1607
-1762
-1879
-2023
-2294
-2488
-2486
-2558
-2523
-2436
-2402
-2606
-2731
-2635
-2408
-2228
-2218
-2069
-1929
-1843
-1554
-1319
-1416
-1340
-1438
-1009
-663
-558
-550
-496
-306
-320
-178
-60
65
-39
103
283
576
700
795
879
968
1181
1362
1502
1585
1663
1728
1969
2196
2361
2240
2228
2403
2691
2785
2882
2839
2892
2979
2964
3290
3240
2958
2662
2706
2615
2405
2121
1849
1535
1301
1205
901
500
37
-214
-494
-558
-757
-909
-1130
-1278
-1425
-1489
-1531
-1503
-1511
-1592
-1437
-1367
-1198
-1160
-1171
-1091
-870
-620
-457
-415
-355
-418
-231
-233
-216
-125
-165
-105
-226
-381
-395
-536
-672
-613
-907
-896
-981
-1190
-1163
-1286
-1250
-1388
-1597
-1506
-1575
-1839
-1618
-1674
-1572
-1455
-1491
-1257
-1328
-1306
-1275
-1246
-1240
-1047
-1032
-1048
-1030
-1103
-969
-906
-885
-712
-967
-921
-809
-726
-740
-829
-591
-465
-418
-299
-246
-90
51
183
295
360
697
932
912
928
1025
1069
1314
1186
1296
1385
1352
1461
1361
1414
1419
1376
1341
1410
1419
1249
1321
1454
1366
1418
1542
1701
1722
1756
1720
1647
1683
1739
1658
1479
1404
1365
1321
1084
825
758
570
422
163
163
159
-129
-371
-673
-819
-965
-1206
-1316
-1378
-1507
-1366
-1466
-1496
-1487
-1661
-1691
-1693
-1344
-1285
-1298
-1207
-1058
-906
-923
-927
-858
-861
-819
-770
-849
-569
-546
-735
-773
-779
-644
-664
-705
-674
-743
-752
-679
-715
-738
-763
-782
-730
-629
-632
-728
-667
-671
-752
-782
-742
-798
-735
-864
-744
-705
-824
-864
-968
-757
-708
-811
-693
-544
-334
-499
-439
-357
-233
-97
-259
110
75
209
88
-33
226
505
636
627
774
897
874
724
709
762
953
1036
1035
1114
1270
1314
1175
1083
1197
1378
1363
1272
1425
1535
1556
1658
1675
1623
1729
1369
1367
1579
1356
1304
1059
1063
1001
851
740
537
512
244
-102
-260
-318
-326
-671
-1019
-1160
-1150
-1184
-1423
-1522
-1468
-1487
-1519
-1435
-1395
-1346
-1366
-1180
-917
-819
-586
-558
-544
-353
-464
-356
-70
1
-53
-142
-102
-9
-76
-157
-319
-339
-352
-452
-514
-591
-622
-756
-845
-821
-789
-894
-868
-816
-838
-866
-885
-988
-1095
-989
-1066
-1111
-1019
-1000
-1149
-1201
-1097
-1161
-1195
-1180
-1128
-1089
-1134
-979
-867
-814
-745
-708
-654
-496
-312
-287
-205
0
51
278
406
460
396
460
808
966
764
744
883
801
923
985
931
1005
1000
1144
1173
1339
1302
1259
1344
1315
1297
1481
1575
1566
1743
1756
1858
1811
1608
1602
1548
1349
1314
1352
1199
988
955
621
540
560
213
-157
-353
-284
-295
-600
-724
-823
-961
-1183
-1062
-1093
-1003
-1179
-1171
-1058
-1035
-1027
-985
-804
-750
-591
-404
-319
-197
-17
-223
-291
-274
69
71
-62
-171
-78
-42
-130
-279
-404
-367
-456
-549
-606
-590
-803
-1017
-1203
-1230
-1167
-1244
-1295
-1255
-1308
-1387
-1394
-1394
-1491
-1539
-1528
-1539
-1313
-1344
-1374
-1163
-1221
-1074
-1102
-1071
-1124
-1039
-978
-891
-715
-793
-889
-738
-479
-631
-424
-203
-281
-205
-87
130
105
156
320
581
538
532
702
837
912
718
978
1171
1028
914
958
1179
1151
1100
1298
1480
1407
1404
1524
1563
1773
1954
2022
2074
2310
2519
2331
2102
2086
2220
2256
2051
1924
1815
1548
1256
987
1106
931
691
330
156
140
-236
-489
-861
-947
-952
-1184
-1086
-955
-1000
-1196
-1133
-969
-867
-779
-838
-681
-498
-415
-356
-276
-226
-83
-116
-110
147
149
48
61
100
38
-66
-176
-243
-232
-370
-525
-660
-786
-812
-1057
-1302
-1375
-1379
-1389
-1593
-1667
-1726
-1826
-1886
-1829
-1808
-1835
-1846
-1939
-1838
-1697
-1713
-1759
-1686
-1624
-1475
-1189
-1282
-1465
-1351
-1005
-1042
-1166
-861
-586
-665
-823
-596
-333
-442
-577
-227
101
88
100
101
382
619
672
594
570
798
903
1029
1285
1360
1478
1381
1218
1555
1684
1750
1821
1779
2021
2330
2203
2144
2270
2484
2650
2583
2488
2313
2390
2399
2392
2254
1943
1755
1712
1497
1198
1037
790
357
-45
-227
-345
-561
-1042
-1236
-1313
-1494
-1564
-1733
-1796
-1782
-1869
-1731
-1478
-1454
-1532
-1522
-1428
-1205
-995
-750
-723
-610
-491
-384
-260
-174
-86
-158
-150
-35
50
-4
-121
-208
-278
-308
-440
-536
-614
-898
-939
-1186
-1300
-1546
-1833
-2082
-2317
-2349
-2368
-2587
-2785
-2616
-2650
-2538
-2674
-2699
-2642
-2605
-2490
-2411
-2182
-2158
-2088
-1914
-1708
-1487
-1486
-1259
-898
-791
-763
-696
-438
-404
-252
32
285
438
405
653
794
577
706
906
1118
1034
1036
1285
1694
1771
1521
1692
1764
1782
1946
2033
2184
2335
2354
2465
2650
2520
2503
2629
2911
3328
3410
3193
2669
2438
2690
3047
2769
2157
1774
1884
1859
1507
1238
1012
539
-157
-386
-137
-295
-932
-1441
-1494
-1499
-1697
-2019
-2104
-2097
-2282
-2260
-2015
-1764
-1911
-2046
-1850
-1450
-1152
-1189
-1121
-668
-497
-567
-312
19
291
170
213
491
628
605
479
287
379
355
197
-28
-180
-153
-405
-603
-747
-967
-1634
-1890
-1759
-1700
-2187
-2844
-2913
-2796
-2685
-2960
-3082
-3181
-3309
-3011
-2837
-2586
-2696
-2734
-2504
-2202
-1811
-1764
-1603
-1367
-1042
-809
-455
-297
-415
-190
208
496
789
806
889
797
728
1029
1105
1308
1212
1335
1578
1532
1601
1784
1753
1706
1992
2100
2152
2084
2281
2556
2569
2645
2513
2732
2745
2806
3316
3554
3763
3749
3730
3257
2830
3068
3434
3106
2144
1644
2240
2458
1522
676
535
522
-78
-541
-467
-602
-1387
-2023
-1820
-1527
-1898
-2477
-2555
-2235
-2182
-2279
-2189
-2029
-2126
-2096
-1945
-1533
-1150
-1210
-1137
-1031
-495
-287
-329
-251
-110
39
89
161
279
431
292
129
147
342
379
62
-147
45
-57
-401
-591
-543
-772
-1165
-1488
-1745
-1800
-2076
-2358
-2453
-2445
-2680
-3068
-3040
-2825
-2777
-2866
-2917
-2821
-2480
-2408
-2342
-2141
-1998
-1870
-1814
-1491
-1110
-884
-822
-631
-485
-275
-192
-55
165
208
386
543
780
963
1004
1070
1257
1382
1404
1406
1651
1673
1780
2120
2172
2207
2251
2364
2563
2670
2789
2879
3030
3238
3381
3315
3347
3608
3922
4006
3561
3002
2932
3492
3358
2266
1595
2023
2440
1585
613
570
686
55
-679
-460
-280
-1304
-2228
-1960
-1441
-1911
-2693
-2787
-2437
-2404
-2521
-2373
-2025
-2130
-2197
-2105
-1586
-1375
-1379
-1362
-1150
-651
-437
-470
-499
-99
182
120
85
280
660
642
302
424
710
775
173
40
238
424
191
5
-38
-210
-446
-654
-754
-1196
-1837
-2124
-1803
-1984
-2655
-3085
-3085
-2925
-3009
-3173
-3282
-3455
-3386
-3127
-2939
-2772
-2816
-2804
-2469
-2072
-1754
-1468
-1369
-1097
-798
-418
-184
-143
-19
178
591
688
822
880
992
1185
1342
1523
1422
1440
1435
1653
1890
1999
1946
1952
2279
2327
2498
2595
2767
2750
2778
3067
3196
3171
3172
3484
3846
4129
3849
3295
2943
3309
4093
3419
2099
1925
2795
2656
1251
797
1467
1161
-221
-410
198
-170
-1438
-1768
-1181
-1208
-2149
-2747
-2440
-2168
-2314
-2532
-2386
-2266
-2474
-2491
-2358
-1918
-1579
-1763
-1745
-1128
-566
-443
-509
-330
157
326
311
385
889
1068
754
735
1187
1304
985
775
903
1172
1004
605
500
386
229
-148
-244
-354
-829
-1446
-1780
-1454
-1455
-2140
-2822
-2736
-2496
-2587
-3094
-3230
-3172
-3214
-3276
-3037
-2725
-2615
-2742
-2603
-2109
-1844
-1683
-1494
-1076
-759
-541
-339
-130
138
318
509
926
1180
1285
1339
1403
1670
1754
1675
1622
1668
1926
1999
1945
2113
2135
2234
2458
2520
2509
2636
2910
3059
3161
3355
3279
3265
3466
3781
4222
4362
3934
3341
3217
3695
4020
3342
2052
2189
3080
2703
1296
734
1371
1122
-91
-291
151
-404
-1615
-1542
-774
-1158
-2330
-2682
-2072
-2009
-2272
-2384
-2399
-2429
-2531
-2379
-2018
-1889
-2019
-1924
-1749
-1296
-800
-762
-836
-578
-208
91
-26
-87
270
518
660
593
905
983
783
525
719
880
635
415
174
132
59
-210
-450
-667
-945
-1242
-1606
-1589
-1644
-2140
-2757
-2839
-2684
-2773
-2960
-3115
-3011
-3067
-3184
-3178
-2861
-2584
-2763
-2672
-2247
-1888
-1774
-1630
-1281
-1050
-739
-663
-237
121
186
403
631
955
1054
1316
1414
1540
1743
1714
1839
1927
2148
2352
2361
2286
2215
2301
2466
2453
2384
2525
2683
2747
2871
2877
2985
3089
3277
3558
3658
3719
3665
3281
3049
3436
4054
3754
2103
1551
2878
3515
2151
649
993
1508
807
142
308
83
-1008
-1595
-904
-750
-1636
-2257
-2092
-1816
-2062
-2415
-2509
-2403
-2424
-2293
-2170
-2337
-2177
-1839
-1905
-1669
-1137
-931
-1267
-1286
-596
-38
-232
-411
-108
336
534
435
711
840
886
574
590
917
1041
674
256
387
507
263
-196
-300
-436
-1060
-1518
-1507
-1464
-1869
-2576
-2944
-2569
-2569
-2874
-3148
-3116
-2946
-3114
-3003
-2755
-2470
-2488
-2432
-2056
-1701
-1620
-1565
-1145
-942
-633
-534
-352
63
266
460
605
817
1053
1010
1079
1456
1548
1501
1540
1675
1884
2044
2058
2055
2049
2032
1906
1993
2135
2094
2167
2257
2183
2313
2486
2466
2539
2727
2926
3151
3291
3260
2851
2729
3401
3790
2838
1703
2305
3507
3068
1511
1076
1802
1672
725
396
547
-123
-844
-740
-417
-1255
-2073
-1914
-1680
-1779
-2298
-2322
-2385
-2382
-2245
-2206
-2339
-2289
-1876
-1775
-1786
-1446
-1109
-1180
-1174
-852
-346
-336
-543
-267
210
468
442
413
747
912
976
845
890
1062
995
944
822
955
756
382
375
406
201
-377
-901
-778
-659
-1246
-2017
-2224
-2003
-2091
-2529
-2765
-2782
-2944
-2988
-2840
-2639
-2619
-2649
-2410
-2128
-1913
-1903
-1935
-1509
-1110
-985
-817
-648
-351
-105
39
199
324
501
767
894
1031
1193
1246
1179
1282
1527
1593
1579
1477
1539
1798
1940
1894
1873
1910
2014
2155
2176
2248
2287
2516
2566
2541
2648
2817
2981
3214
3173
2701
2670
3333
3739
2680
1441
1959
3290
2877
1141
562
1274
1380
461
79
76
-529
-1091
-1007
-835
-1431
-2114
-2136
-2242
-2254
-2507
-2678
-2751
-2717
-2381
-2531
-2715
-2649
-2350
-2001
-2065
-1927
-1494
-1371
-1511
-1120
-590
-483
-770
-727
-96
250
24
-118
218
534
518
336
464
720
598
253
511
591
458
231
99
126
-33
-380
-936
-848
-914
-1304
-1863
-2249
-2066
-2223
-2531
-2690
-2600
-2824
-3125
-3129
-3031
-2783
-2838
-2842
-2631
-2362
-2119
-2211
-1870
-1512
-1336
-1081
-1034
-682
-352
-213
-180
-167
102
366
454
591
745
825
855
867
1065
1176
1351
1302
1324
1447
1605
1820
1840
1842
1983
2105
2127
2157
2247
2239
2203
2234
2309
2420
2545
2512
2700
2606
2370
2452
2743
3031
2160
1431
1740
2529
2309
1144
588
967
1098
733
97
-129
-434
-831
-945
-1212
-1557
-1959
-2124
-2069
-2216
-2548
-2788
-2805
-2655
-2427
-2556
-2809
-2578
-2150
-1991
-2127
-1908
-1799
-1620
-1465
-1151
-793
-825
-786
-574
-203
-122
-30
-35
157
461
394
316
356
639
794
654
567
402
464
480
387
18
-33
-299
-640
-654
-749
-1172
-1766
-1899
-1988
-2077
-2445
-2704
-2753
-2786
-2875
-2976
-2926
-2914
-2856
-2742
-2560
-2477
-2303
-2064
-1695
-1456
-1338
-1098
-811
-506
-316
-168
54
190
268
524
713
762
948
1068
1189
1225
1246
1288
1327
1374
1369
1439
1512
1617
1624
1662
1848
1942
1883
1861
1982
2037
2093
2260
2225
2100
2195
2317
2610
2564
2403
2172
2050
2497
2800
2088
1225
1518
2224
2157
1176
616
845
1037
551
70
-39
-442
-756
-827
-883
-1306
-1835
-2091
-2099
-2106
-2358
-2647
-2671
-2455
-2282
-2391
-2546
-2274
-2062
-1911
-1958
-1911
-1547
-1351
-1254
-1022
-760
-655
-581
-405
-152
50
87
115
230
483
600
453
522
623
743
670
600
470
405
376
338
122
-124
-504
-634
-583
-833
-1138
-1541
-1695
-1838
-2045
-2410
-2510
-2420
-2540
-2607
-2792
-2703
-2545
-2533
-2442
-2458
-2268
-2046
-1912
-1630
-1429
-1254
-1171
-1010
-594
-446
-264
-20
141
315
305
359
535
633
739
784
1047
1001
1079
1165
1271
1393
1333
1485
1568
1609
1597
1705
1729
1750
1978
1983
2004
2030
2021
2180
2301
2333
2540
2383
2409
2408
2152
2129
2311
2184
1513
1182
1540
1891
1222
437
375
672
413
-173
-397
-563
-688
-1062
-1093
-1161
-1518
-1818
-1857
-1857
-1991
-2106
-2236
-2088
-1964
-2070
-2220
-2137
-1879
-1736
-1711
-1829
-1574
-1294
-1117
-1077
-766
-460
-555
-459
-249
25
145
153
424
496
488
482
506
742
731
646
435
480
445
325
225
172
138
-172
-618
-782
-777
-1042
-1313
-1614
-1788
-1878
-2106
-2377
-2531
-2535
-2651
-2859
-2940
-2772
-2643
-2642
-2677
-2613
-2286
-2096
-1907
-1790
-1754
-1614
-1284
-1115
-880
-658
-417
-217
-86
178
341
504
559
841
1001
1125
1120
1179
1327
1401
1366
1439
1543
1638
1593
1549
1538
1475
1495
1619
1750
1708
1572
1541
1676
1856
2002
1832
1887
1934
2096
2084
1740
1454
1823
2045
1562
1070
1010
1409
1268
645
330
520
541
-23
-359
-333
-502
-685
-825
-844
-983
-1405
-1528
-1405
-1427
-1554
-1745
-1765
-1601
-1645
-1768
-1836
-1675
-1433
-1469
-1497
-1302
-1130
-957
-863
-680
-472
-537
-436
-88
230
257
191
209
410
617
561
486
538
719
584
400
405
472
375
137
-166
-341
-288
-473
-924
-1141
-1146
-1293
-1674
-1736
-1851
-2132
-2289
-2349
-2259
-2437
-2575
-2707
-2572
-2546
-2452
-2406
-2313
-2211
-2219
-2003
-1776
-1604
-1483
-1464
-1256
-1007
-892
-533
-343
-193
15
83
200
501
591
606
796
965
994
1052
1110
1080
1084
1174
1165
1112
1206
1311
1381
1249
1259
1382
1466
1493
1539
1357
1504
1610
1733
1784
1718
1787
1910
1981
1922
1802
1878
2131
1978
1443
1137
1395
1611
1462
807
537
731
611
324
146
78
-73
-364
-611
-544
-724
-888
-907
-1179
-1131
-1298
-1278
-1195
-1293
-1303
-1351
-1427
-1285
-1239
-1093
-1100
-1094
-951
-739
-558
-444
-325
-181
-259
-63
83
256
250
179
480
397
284
360
474
479
385
299
376
260
222
-75
-173
-268
-402
-579
-923
-864
-1045
-1289
-1581
-1658
-1704
-1991
-2065
-1963
-1885
-1957
-2127
-2200
-2196
-2217
-2109
-2108
-2058
-1948
-1928
-1817
-1798
-1420
-1287
-1301
-1036
-917
-677
-555
-399
-212
-90
135
169
464
566
477
642
630
714
781
929
1006
964
895
1017
1112
986
1081
1125
1042
1140
1355
1293
1294
1388
1527
1551
1565
1671
1742
1732
1818
1819
1908
1970
1823
1755
1906
1913
1525
1267
1423
1649
1467
888
730
887
717
516
204
138
54
-112
-368
-416
-506
-681
-838
-866
-808
-909
-939
-934
-969
-1062
-1087
-1052
-919
-745
-809
-904
-819
-549
-439
-529
-409
-253
-139
-220
-54
136
266
264
119
304
457
340
269
571
503
348
259
275
345
166
6
-5
-58
-243
-436
-523
-641
-807
-851
-941
-1085
-1231
-1387
-1625
-1698
-1628
-1709
-1876
-2004
-1856
-1740
-1856
-1892
-1838
-1780
-1800
-1661
-1559
-1426
-1259
-1142
-1119
-980
-714
-549
-458
-424
-242
-21
38
65
179
258
381
467
621
663
700
719
903
1060
942
1059
1117
1173
1178
1096
1090
1289
1222
1146
1278
1352
1337
1395
1450
1384
1381
1530
1653
1783
1720
1659
1752
1642
1664
1792
1547
1236
1134
1209
1261
886
770
681
602
550
400
239
111
-113
-201
-11
-270
-557
-752
-659
-638
-782
-841
-946
-768
-852
-1013
-1069
-1106
-948
-1012
-1085
-1113
-1073
-820
-849
-974
-831
-736
-832
-796
-682
-450
-368
-331
-336
-292
-202
-236
-88
-76
-128
-155
-125
-113
-119
-176
-116
-82
-175
-347
-326
-556
-587
-701
-968
-805
-1051
-1026
-1212
-1360
-1422
-1545
-1520
-1630
-1703
-1888
-1948
-1921
-1877
-1912
-1854
-1817
-1853
-1818
-1621
-1518
-1486
-1293
-1144
-920
-708
-550
-386
-166
6
204
301
352
359
471
798
859
960
1192
1100
1292
1229
1166
1359
1258
1336
1274
1349
1506
1426
1356
1349
1247
1280
1308
1361
1467
1300
1342
1408
1571
1582
1449
1419
1423
1377
1304
1496
1370
1057
937
1166
1285
1142
998
861
798
661
705
410
312
352
97
81
-31
-174
-429
-541
-603
-752
-903
-1002
-1184
-1291
-1372
-1319
-1263
-1422
-1429
-1667
-1547
-1440
-1550
-1519
-1577
-1425
-1399
-1496
-1398
-1292
-1074
-1058
-1020
-942
-689
-598
-617
-644
-528
-342
-267
-103
-210
-147
-156
-201
-135
-158
-442
-494
-267
-479
-686
-838
-900
-951
-1096
-1417
-1614
-1489
-1774
-1847
-2079
-2167
-2116
-2245
-2195
-2217
-2172
-2062
-2025
-1968
-1883
-1891
-1562
-1380
-1208
-1030
-920
-825
-685
-421
-304
-45
192
198
359
510
573
736
806
894
924
1064
952
966
1008
1164
1198
1093
1163
1188
1256
1371
1365
1173
1127
1151
1054
1179
1258
1263
1270
1293
1372
1410
1403
1604
1825
1720
1493
1716
1979
1791
1549
1666
1852
1749
1590
1525
1503
1319
1247
1151
920
732
555
392
318
47
-251
-384
-576
-640
-742
-972
-1207
-1340
-1346
-1504
-1601
-1613
-1552
-1595
-1776
-1799
-1673
-1598
-1571
-1380
-1223
-1372
-1277
-946
-740
-631
-665
-441
-282
-126
-72
-31
289
295
326
357
486
516
428
350
349
212
67
-81
-65
-239
-563
-724
-794
-915
-1086
-1475
-1841
-1715
-1837
-2014
-2203
-2255
-2287
-2386
-2473
-2424
-2272
-2246
-2129
-2013
-1981
-1892
-1610
-1438
-1307
-1098
-1001
-687
-519
-318
-224
-103
102
204
418
542
737
831
949
937
985
1068
1031
1095
991
1062
1084
991
986
1068
1031
1043
1036
951
993
1001
1038
1205
1367
1201
1319
1444
1586
1684
1744
1870
1963
2006
1783
1891
2171
2093
1724
1719
2018
1935
1709
1462
1261
1305
1239
1066
916
653
434
177
116
-31
-211
-501
-828
-973
-941
-1241
-1425
-1473
-1494
-1556
-1698
-1704
-1707
-1780
-1700
-1519
-1480
-1363
-1193
-1070
-887
-898
-831
-499
-285
-188
-179
-64
189
337
485
568
609
627
792
784
609
752
907
670
346
359
376
208
-182
-208
-183
-409
-681
-844
-1092
-1203
-1406
-1691
-1771
-1806
-1864
-2061
-1995
-2133
-2144
-2176
-2164
-2030
-2006
-1955
-1792
-1547
-1349
-1350
-1205
-829
-716
-578
-464
-205
-16
118
200
248
328
361
538
593
695
855
891
818
923
971
869
937
928
973
934
872
926
996
1100
1013
1039
991
934
942
916
1089
1118
1115
1226
1249
1314
1424
1614
1958
1790
1503
1569
2039
2063
1741
1739
1848
1998
1815
1732
1656
1447
1195
973
897
619
377
91
-198
-294
-528
-747
-1001
-1120
-1248
-1359
-1487
-1609
-1539
-1537
-1616
-1726
-1633
-1525
-1493
-1439
-1263
-1132
-1096
-968
-760
-498
-408
-234
3
209
358
428
523
768
899
956
922
1108
1274
1298
1317
1288
1183
1102
1077
1137
941
511
344
402
339
-6
-401
-531
-611
-875
-1168
-1302
-1339
-1606
-1737
-1805
-2037
-2028
-2080
-2057
-2078
-2105
-1954
-1850
-1737
-1514
-1381
-1305
-1044
-749
-562
-480
-330
-34
172
243
293
432
652
685
682
698
777
854
867
869
956
816
814
860
822
855
729
687
740
726
560
536
546
612
575
597
689
733
561
578
826
964
1148
1145
1168
1337
1503
1524
1542
1472
1780
1973
1881
1648
1609
1836
1710
1594
1472
1349
1360
1024
812
592
461
187
-147
-134
-308
-530
-682
-835
-914
-1087
-1252
-1356
-1354
-1224
-1328
-1427
-1446
-1314
-1179
-1106
-1033
-862
-751
-758
-601
-384
-276
-234
-162
117
255
340
421
606
629
655
794
845
1022
1071
1136
1049
979
959
1073
903
693
671
522
372
-41
-76
-24
-364
-610
-729
-1053
-1390
-1525
-1447
-1510
-1840
-2011
-2014
-1895
-1892
-1839
-1874
-1902
-1808
-1569
-1451
-1419
-1246
-1065
-917
-852
-681
-584
-541
-431
-144
-61
-125
-8
64
196
307
210
262
447
386
528
531
558
611
484
556
559
499
486
555
550
587
634
475
533
680
590
640
770
885
921
1014
976
1050
1253
1396
1596
1629
1843
1944
2092
2062
2233
2162
2015
2003
2076
2145
1871
1706
1533
1494
1302
976
753
622
613
290
-77
-167
-287
-486
-850
-923
-942
-1063
-1243
-1378
-1245
-1279
-1253
-1294
-1286
-1126
-1150
-1234
-1081
-910
-854
-744
-655
-461
-331
-284
-239
-32
196
161
108
291
448
552
520
640
735
634
592
615
618
435
433
361
223
49
-96
-46
-211
-448
-733
-739
-881
-1054
-1153
-1310
-1430
-1550
-1478
-1592
-1561
-1529
-1669
-1723
-1789
-1674
-1747
-1732
-1618
-1514
-1392
-1385
-1197
-1140
-1056
-981
-914
-766
-686
-601
-584
-496
-331
-230
-272
-130
81
99
160
178
265
417
326
265
367
402
315
404
406
449
482
477
560
517
543
771
805
814
957
1083
1142
1271
1322
1449
1643
1722
1722
1778
1946
2046
1950
1839
2094
2236
2171
1837
1796
1990
1837
1800
1645
1499
1310
1020
876
840
679
336
83
-47
-40
-276
-449
-570
-632
-767
-822
-1000
-1066
-1061
-1193
-1217
-1159
-1069
-1063
-1052
-927
-876
-825
-812
-686
-604
-588
-444
-456
-210
-87
-8
58
225
317
266
333
340
393
453
417
404
400
258
101
61
124
120
24
-40
-117
-231
-357
-480
-357
-519
-739
-877
-840
-786
-873
-1200
-1338
-1241
-1423
-1584
-1535
-1473
-1607
-1758
-1750
-1681
-1545
-1461
-1505
-1590
-1461
-1313
-1304
-1151
-1026
-859
-1037
-996
-698
-620
-660
-544
-443
-457
-496
-400
-236
-324
-162
-245
-319
-157
-114
-134
-266
-189
18
99
162
279
358
399
548
534
538
707
861
796
894
981
847
912
1094
1211
1243
1238
1374
1401
1571
1631
1625
1662
1806
1922
1880
1762
1647
1854
1827
1367
1321
1444
1246
921
799
734
633
494
230
122
-37
-269
-373
-524
-757
-761
-753
-843
-1113
-1009
-1004
-1049
-1074
-1078
-1005
-1119
-995
-808
-729
-741
-747
-589
-466
-486
-492
-384
-283
-212
-300
-204
-34
-103
27
-21
44
165
169
254
264
327
295
302
424
430
272
280
244
291
190
45
-46
-150
-80
-207
-384
-658
-629
-522
-615
-783
-960
-1061
-977
-1110
-1291
-1188
-1076
-1207
-1334
-1269
-1378
-1255
-1263
-1270
-1295
-1309
-1347
-1252
-1097
-1216
-1197
-1199
-1106
-916
-909
-936
-835
-658
-482
-585
-419
-219
-152
6
1
88
237
335
518
644
625
573
563
804
885
1009
839
768
1011
1058
1055
1009
1018
1108
1203
1227
1372
1241
1334
1507
1651
1721
1674
1618
1567
1825
1900
1544
1350
1444
1530
1297
1039
1101
1028
710
463
352
385
165
28
-54
-243
-471
-519
-608
-683
-759
-822
-892
-946
-1058
-1102
-1192
-1327
-1214
-1263
-1374
-1459
-1323
-1300
-1296
-1222
-1296
-1113
-1091
-1137
-1172
-1113
-998
-840
-703
-504
-483
-506
-253
-171
-48
169
279
237
355
419
498
592
568
569
594
546
445
413
476
217
175
130
33
-59
42
5
-294
-432
-442
-423
-610
-955
-1047
-1200
-1246
-1243
-1418
-1500
-1588
-1772
-1741
-1671
-1756
-1767
-1843
-1691
-1582
-1537
-1390
-1212
-1092
-991
-806
-726
-447
-219
-238
-104
145
202
303
354
563
594
682
801
755
905
837
749
791
818
819
786
633
731
714
643
703
634
655
675
648
688
625
707
737
741
825
995
1068
1161
1079
1045
1100
1288
1430
1138
984
1140
1431
1357
1167
1170
1114
1002
824
701
621
611
486
180
30
-100
-346
-336
-465
-658
-785
-1013
-1241
-1329
-1375
-1541
-1682
-1733
-1687
-1792
-1924
-1808
-1752
-1742
-1576
-1585
-1517
-1518
-1369
-1132
-1000
-912
-757
-514
-463
-234
52
160
218
294
450
520
618
882
968
1067
1076
972
1120
1076
898
925
895
756
583
450
353
227
68
-143
-296
-473
-713
-813
-863
-1042
-1306
-1504
-1530
-1420
-1422
-1588
-1555
-1593
-1564
-1368
-1324
-1257
-1142
-1028
-934
-810
-641
-601
-351
-301
-34
-18
-95
43
136
325
377
427
331
504
516
508
473
444
503
588
581
387
323
388
337
224
240
131
117
12
32
-93
-82
-41
-158
-78
-76
-42
-51
5
129
355
355
577
679
880
1177
1379
1479
1574
1563
1327
1460
2188
2590
1682
1037
1294
2026
1766
1142
968
1044
845
465
305
134
-41
-266
-425
-794
-1100
-1073
-962
-938
-1069
-1263
-1491
-1559
-1335
-1273
-1423
-1545
-1554
-1263
-1218
-1385
-1020
-840
-743
-876
-748
-399
-156
-130
-16
155
173
322
407
595
710
545
518
611
787
800
707
695
730
759
649
579
592
595
253
87
93
103
-123
-343
-436
-438
-365
-507
-662
-695
-606
-687
-671
-564
-614
-699
-519
-536
-550
-559
-476
-313
-252
-223
-303
-141
-68
-104
-97
-47
5
16
-9
-74
-5
49
20
-125
-106
-67
-12
30
92
104
18
68
88
79
125
83
-16
-51
-77
-28
-13
-64
-111
-9
-12
10
105
168
294
274
256
325
422
474
589
588
682
715
643
757
735
728
761
716
842
786
604
559
636
613
519
353
258
231
395
498
373
347
300
179
196
237
215
203
151
-161
-113
-31
-205
-246
-318
-219
-229
-329
-471
-431
-377
-488
-521
-519
-737
-657
-617
-602
-608
-710
-640
-616
-609
-631
-754
-751
-596
-518
-641
-678
-675
-610
-509
-573
-399
-382
-462
-372
-492
-404
-375
-360
-295
-292
-224
-170
-97
116
150
148
237
301
283
290
256
283
344
410
437
381
453
453
431
516
524
543
594
631
791
762
861
935
991
1150
1073
1179
1218
1231
1266
1230
1273
987
1140
1329
1131
737
714
1019
1010
700
614
588
331
270
287
440
228
90
97
-1
-150
-376
-252
-273
-359
-509
-686
-856
-766
-697
-721
-953
-1047
-790
-802
-790
-778
-584
-577
-476
-435
-231
-247
-158
-11
-2
168
123
219
346
423
442
461
414
482
599
616
595
478
625
532
480
609
519
508
329
281
372
238
180
96
-4
-129
-253
-238
-263
-195
-293
-433
-505
-434
-421
-421
-386
-293
-409
-358
-273
-292
-193
-276
-144
-52
93
113
97
260
191
214
344
310
451
532
539
509
565
616
594
697
470
539
626
550
356
472
333
221
330
173
242
272
179
49
53
-57
-69
-50
-7
-115
-107
-159
-207
-186
-208
-270
-106
-149
-420
-379
-288
-397
-352
-256
-259
-194
-222
-194
-317
-220
-195
-129
-121
-78
22
-130
24
-73
51
40
-70
49
-21
-57
-98
-56
-45
-70
-70
-85
-82
-110
-34
-48
-57
-182
-132
-57
-146
-166
-214
-67
-144
-212
-171
-143
-180
-173
-60
-213
-200
-209
-275
-201
-219
-281
-303
-134
-98
37
96
119
210
232
322
357
350
451
413
418
398
531
620
592
505
596
634
506
604
563
500
665
530
648
614
692
780
755
927
757
894
874
830
876
857
868
811
785
735
655
806
683
645
621
525
623
579
471
291
427
420
236
359
381
253
432
370
219
424
539
598
578
428
437
423
315
422
352
361
317
307
362
361
228
233
168
208
346
228
336
303
398
340
247
300
234
277
264
216
175
183
102
38
-2
75
78
25
17
99
38
-31
-6
-64
-24
-30
144
86
90
95
85
180
165
199
208
167
87
-16
67
73
35
44
12
-6
-5
72
-170
-71
7
-86
-3
6
-18
-18
128
-18
49
98
137
121
120
227
173
133
132
161
190
216
210
175
147
-33
19
86
-34
75
-46
-4
-2
-14
139
121
128
72
128
152
197
154
104
214
250
258
239
238
355
377
415
224
209
284
320
341
355
389
341
459
458
437
379
499
453
431
347
388
375
325
304
223
251
199
176
170
84
41
139
55
23
111
116
56
60
43
102
183
131
141
246
290
262
402
468
449
388
553
610
443
488
462
436
479
387
321
342
235
280
175
68
-41
-83
-158
-135
-123
-38
-67
-199
-151
-260
-196
-181
-217
-260
-286
-313
-336
-319
-313
-329
-288
-417
-342
-156
-37
-164
-150
19
139
157
134
209
352
469
531
495
570
650
530
678
606
488
475
398
340
280
296
222
222
219
65
28
-32
-118
74
-89
-97
-18
-91
-85
-97
-107
-21
102
-107
-16
168
246
325
311
159
217
214
287
468
312
463
401
395
382
362
412
410
445
333
389
498
448
491
376
270
286
199
174
34
-28
-101
-219
-376
-357
-157
-239
-351
-346
-338
-397
-400
-439
-419
-392
-388
-352
-365
-196
-323
-272
-213
-95
-82
4
115
87
11
-102
-99
-48
-40
-32
-32
-98
-140
-74
-259
-311
-253
-226
-342
-399
-429
-457
-449
-635
-550
-577
-682
-616
-617
-612
-759
-635
-687
-578
-383
-419
-506
-380
-224
-306
-18
-9
97
223
270
455
410
433
554
648
740
740
773
754
700
800
855
814
666
727
730
752
547
532
570
435
485
388
375
278
253
276
254
344
237
145
267
268
299
220
159
358
339
247
204
200
227
222
271
333
246
204
263
354
308
255
260
339
279
265
349
241
268
173
174
148
89
129
16
-92
-224
-217
-272
-340
-253
-415
-501
-587
-522
-535
-503
-554
-655
-548
-502
-399
-370
-391
-271
-381
-336
-191
-189
-91
-205
-206
-208
-105
-103
-76
-60
-191
-233
-251
-129
-135
-106
-132
-90
12
-21
-24
57
39
7
-6
-34
-1
-95
-85
-146
-129
-27
-20
39
-17
-19
5
-42
74
40
-23
-6
-28
56
147
279
140
136
195
181
145
196
258
249
279
201
240
157
75
122
36
-28
-62
-145
-195
-172
-126
-11
-84
-167
-90
11
-80
-134
-127
-16
-47
-30
106
25
69
-21
48
158
108
58
132
174
29
157
73
110
145
30
99
216
336
233
162
162
208
156
-37
-27
106
-11
-59
25
16
30
-43
44
-66
-129
-42
-55
107
19
49
43
8
-24
-29
-21
-56
-57
-16
-144
-141
72
82
97
42
-17
12
29
57
-24
78
88
22
53
-55
-40
-15
52
-43
-57
-58
-79
-78
-8
-143
-121
-66
-46
22
18
-5
78
41
10
143
80
76
157
199
242
212
266
179
122
213
165
102
71
182
174
128
-14
-47
78
9
-28
-55
80
-38
-12
-25
-89
-106
-30
-168
-193
-235
-237
-304
-248
-146
-270
-237
-225
-256
-84
-72
-81
60
114
164
268
287
349
489
500
441
417
188
246
288
193
310
225
275
179
82
-2
1
-150
-113
-15
-91
-37
-96
-153
-163
-164
-232
-278
-152
-250
-272
-200
-139
-138
-190
-294
-294
-222
-225
-155
-146
-89
-77
17
-38
2
66
67
169
195
200
190
290
203
113
129
293
132
120
85
41
-42
-88
-43
-146
-220
-279
-240
-198
-211
-285
-280
-295
-186
-232
-214
-183
-227
-191
-136
-87
-245
-163
-152
-49
3
-110
-89
-97
9
102
114
58
135
171
111
30
26
136
137
182
218
286
170
69
99
63
101
-1
-125
-111
-137
-259
-248
-228
-242
-324
-327
-336
-332
-340
-364
-249
-412
-367
-189
-114
-100
-139
-144
-140
-21
2
31
181
146
150
77
132
258
289
214
185
233
103
112
26
87
34
-52
75
-50
-11
33
132
-42
66
30
-46
-22
0
-37
-81
-158
-205
-143
-136
-163
-118
-159
-258
-324
-366
-259
-163
-139
-74
-50
15
65
105
107
165
256
183
257
258
304
230
106
128
193
178
112
190
121
-12
-5
-48
-112
-186
-197
-100
-209
-286
-306
-248
-212
-149
-112
-59
-102
-122
-31
-148
-205
-157
-95
-242
-209
-112
-101
-148
-41
57
64
123
120
118
-18
10
-66
59
136
105
125
37
164
206
237
162
265
269
192
125
125
88
5
53
-58
22
-7
28
-61
-35
11
-129
-108
-59
-76
-114
-144
-114
-109
-108
-87
52
20
-114
1
12
-49
-63
89
67
60
-42
-39
82
135
111
110
133
199
220
