-86
-29
-53
0
-62
-85
-21
-164
-80
12
-67
-136
-25
-13
-84
-111
6
-13
-40
13
1
20
26
89
-153
-175
-232
-215
-201
-220
-132
-160
-158
-163
-191
-322
-200
-235
-235
-150
-125
-149
-82
-26
-93
26
102
118
59
49
51
126
95
29
84
99
125
101
5
139
176
158
119
65
79
134
147
28
41
43
170
176
177
102
177
231
101
135
110
57
-87
-54
-13
72
62
21
76
-11
59
68
205
187
51
22
22
139
182
150
124
217
102
142
65
-27
-34
-36
-94
-107
-55
-91
-20
-13
-61
-73
-6
8
22
-6
29
150
61
98
116
156
86
9
142
173
29
15
-134
-167
-118
-112
-197
-174
-161
-177
-260
-311
-140
-207
-91
-142
-212
-26
-70
-126
-148
-125
-69
-133
-170
-226
-214
-238
-189
-167
-198
-249
-202
-126
-266
-172
-87
-100
-117
-154
-212
-182
-115
-128
-131
-151
-78
-1
-4
-14
-60
53
24
-53
-113
-64
-64
-92
-158
-162
-155
-140
-97
-83
-119
-154
-154
-151
-156
-118
-88
-153
-24
-9
-44
-114
-34
60
8
-103
-162
-106
-149
-161
-271
-166
-1158
-1398
-522
-393
138
160
308
-127
-1214
-279
-85
-509
-1061
-1003
-352
-552
-407
-316
-466
-358
-299
-54
123
-121
-100
30
51
-253
-479
-506
-411
-552
82
-111
-514
-428
-751
-621
-536
-490
-329
-445
-60
133
112
179
166
43
315
305
227
-105
-178
-871
-1134
-619
-398
-512
-687
-697
-594
-302
-374
-152
-157
-82
-310
-455
-477
-514
-399
-603
-726
-460
-600
-284
-69
-342
-157
-16
-161
-375
-412
-250
-271
-293
71
-64
-151
172
10
-285
-158
-236
-244
-315
-385
-146
-201
-184
-220
-218
-197
-326
-348
-291
-370
-211
-138
-227
7
-218
-212
-89
-207
-286
-176
-96
-81
50
0
-215
-232
-54
-304
-346
-298
-379
-216
-75
-214
-148
-255
-414
-472
-463
-394
-216
-268
-197
-80
-308
-261
-238
-264
-363
-133
-172
-165
34
44
-207
-64
-170
-350
64
-59
-147
33
-129
-382
-257
-242
-54
0
-221
-210
-217
-126
-17
101
124
262
466
222
40
115
89
148
400
313
232
232
108
90
16
-29
-37
41
-41
21
164
195
148
114
55
-12
146
204
184
270
122
2
50
26
62
185
147
21
326
108
44
187
93
169
82
9
-41
52
-9
-135
-15
-285
-194
-4
24
102
3
-180
-295
-218
-217
56
-22
-81
-32
55
-44
2
36
35
115
163
103
-51
-6
-109
-174
-206
-105
-67
-43
-93
-108
-114
-208
-96
-103
-149
-56
43
-56
-139
-213
-279
-275
-172
-77
-73
-39
-53
-78
-51
-19
-49
70
243
319
273
31
-26
-97
9
116
59
107
95
23
7
235
194
232
266
242
147
231
399
397
325
390
376
353
500
570
570
533
589
553
676
728
601
515
553
403
448
396
400
433
434
459
297
302
258
369
367
232
299
214
78
83
20
-48
-145
-212
-280
-226
-333
-309
-431
-459
-527
-559
-513
-519
-547
-731
-651
-682
-614
-706
-597
-807
-869
-778
-899
-766
-866
-949
-902
-1011
-1081
-1097
-1195
-1274
-1162
-1137
-1030
-1127
-1095
-863
-827
-889
-831
-674
-549
-327
-231
-124
-40
164
195
351
553
667
772
746
916
949
832
868
999
1172
1310
1196
1215
1316
1277
1439
1598
1646
1885
1972
2114
2114
2186
2324
2383
2645
2569
2803
2868
2620
2707
2700
2582
2315
2294
2062
1896
1727
1365
1101
850
591
228
220
61
-282
-414
-531
-617
-890
-992
-946
-978
-1002
-1024
-898
-782
-775
-817
-821
-566
-578
-523
-439
-238
-197
-235
-93
-81
-48
-175
-69
-136
-151
-130
-175
-358
-649
-713
-735
-815
-1058
-1157
-1173
-1268
-1376
-1370
-1450
-1578
-1563
-1626
-1470
-1462
-1480
-1481
-1395
-1486
-1359
-1104
-1082
-828
-772
-691
-467
-456
-361
-409
-346
-118
1
174
42
325
341
396
410
414
510
653
725
612
930
942
954
1199
1362
1325
1503
1542
1649
1813
1983
2174
2302
2294
2455
2311
2305
2463
2614
2645
2494
2576
2283
2170
1902
1848
1635
1506
1594
1348
1075
1014
756
545
277
-97
-103
-235
-285
-288
-432
-540
-821
-937
-865
-975
-1030
-936
-842
-750
-739
-702
-603
-542
-538
-487
-269
-129
-56
-82
42
39
-71
-59
-69
-120
-142
-277
-309
-177
-241
-418
-696
-847
-847
-831
-1037
-949
-872
-856
-892
-954
-1008
-999
-1035
-1103
-941
-1004
-929
-883
-854
-873
-923
-979
-1029
-1007
-1055
-922
-939
-1012
-876
-811
-814
-760
-625
-462
-533
-524
-339
-189
-198
-200
-18
206
218
378
658
523
468
611
809
841
791
711
742
885
916
1044
1189
1035
1158
1141
1082
1150
1219
1483
1418
1428
1406
1565
1666
1644
1920
1864
1910
1962
1966
1956
1660
1569
1582
1530
1338
1196
1252
1283
1124
900
774
595
435
168
13
-5
-215
-369
-423
-605
-815
-886
-927
-1032
-1185
-1208
-1215
-1244
-1213
-1255
-1033
-1080
-1157
-1122
-1335
-1344
-1275
-1282
-1288
-1303
-1318
-1315
-1487
-1464
-1498
-1552
-1421
-1245
-1323
-1291
-1188
-1319
-1229
-1261
-1246
-1027
-893
-904
-869
-822
-880
-775
-678
-717
-647
-685
-567
-523
-687
-711
-598
-464
-600
-687
-528
-570
-608
-391
-366
-401
-258
-191
-303
-224
-194
-165
-47
83
81
278
491
386
410
347
435
670
775
600
695
925
1098
1068
833
953
1222
1210
1052
1132
1312
1404
1323
1291
1320
1369
1399
1196
1267
1341
1397
1461
1435
1638
1467
1459
1339
1227
1226
1070
1099
1066
1173
1039
794
694
675
416
176
59
-75
-96
-189
-382
-357
-517
-571
-666
-660
-606
-729
-748
-700
-659
-652
-589
-696
-542
-559
-565
-664
-533
-449
-486
-695
-892
-739
-688
-910
-832
-658
-782
-820
-868
-754
-610
-744
-718
-458
-277
-279
-146
-167
-403
-342
-273
-352
-280
-110
-175
64
-197
-309
-137
-283
-398
-523
-383
-231
-258
-213
-228
-429
-483
-334
-351
-486
-270
-65
-62
-18
-89
-112
47
72
127
189
203
323
54
-94
211
272
186
215
241
413
462
308
423
583
636
662
629
791
837
651
750
835
861
850
804
1026
951
780
924
926
712
879
950
1004
1032
875
1055
924
702
802
789
728
663
621
675
683
658
487
292
165
102
-22
-90
-93
-135
-57
-178
-332
-398
-555
-497
-398
-477
-507
-418
-386
-533
-693
-448
-423
-429
-412
-294
-70
-321
-466
-151
-199
-496
-382
-416
-224
-183
-273
-429
-250
5
-216
-402
-108
27
-258
-292
132
61
71
-203
41
263
62
-349
-356
285
86
-432
-236
-18
-163
-125
-477
-426
-104
-314
-844
-664
-511
-672
-835
-315
219
27
-374
3
340
-78
-167
461
706
520
689
799
522
352
79
58
509
603
745
642
778
795
475
7
177
556
484
586
659
972
1079
902
608
636
1020
1047
756
925
1367
1473
1188
962
1212
1527
1212
1048
1352
1364
1135
886
849
1060
952
501
366
483
540
284
82
167
179
-100
-387
-366
-209
-357
-726
-579
-362
-469
-690
-635
-340
-390
-625
-645
-550
-482
-637
-771
-398
-230
-413
-312
-168
-298
-461
-408
-417
-729
-577
-452
-455
-561
-686
-575
-511
-724
-910
-765
-539
-602
-830
-734
-497
-452
-837
-992
-580
-483
-843
-369
-370
-732
-385
-290
-597
-817
-576
-443
-310
-642
-368
-4
-407
-416
-130
-421
-485
103
-83
-259
288
559
288
57
380
598
608
542
519
829
841
877
937
982
751
1006
1280
1118
1021
953
1316
1191
1075
1445
1572
1445
1551
1690
1607
1452
1755
2086
1836
1962
2419
2409
2150
2184
2080
1882
1777
1710
1875
1786
1633
1529
1228
956
667
570
611
543
289
199
233
-49
-346
-427
-577
-840
-734
-598
-799
-759
-936
-968
-823
-912
-909
-912
-786
-730
-696
-585
-578
-656
-658
-728
-604
-596
-516
-327
-681
-824
-748
-688
-766
-738
-760
-863
-879
-937
-1073
-1152
-1171
-1090
-1080
-1011
-932
-1055
-1221
-1188
-1050
-992
-1150
-1400
-1142
-823
-1044
-1397
-1199
-712
-914
-988
-770
-672
-652
-866
-1151
-984
-547
-543
-630
-583
-137
-185
-505
-249
22
-155
-44
577
645
421
585
787
640
797
1134
1059
1028
1293
1297
1263
1295
1483
1563
1326
1356
1716
2056
1852
1672
1974
2142
2004
2000
2367
2630
2606
2463
2303
2107
2062
2126
2045
1982
1962
1807
1373
1132
1016
617
95
111
34
-230
-411
-648
-640
-945
-1274
-1384
-1281
-1105
-1205
-1282
-1125
-1133
-1260
-1234
-1074
-843
-882
-819
-667
-452
-333
-519
-576
-432
-303
-420
-450
-337
-401
-630
-760
-752
-808
-914
-883
-940
-1027
-1088
-1204
-1198
-1316
-1427
-1435
-1394
-1350
-1536
-1593
-1490
-1521
-1599
-1595
-1514
-1433
-1501
-1402
-1511
-1364
-1268
-1254
-1148
-1094
-907
-919
-653
-374
-539
-523
-380
-326
-239
-39
262
107
-64
206
317
279
287
560
905
965
1113
906
772
961
998
988
1236
1545
1549
1637
1507
1492
1412
1565
1913
1972
2348
2438
2390
2408
2610
2737
2771
2822
2973
2954
2506
2242
2353
2266
2112
1956
1891
1738
1281
974
720
524
64
-246
-340
-473
-898
-1264
-1425
-1701
-1849
-1848
-2001
-1951
-1962
-2020
-2111
-2037
-1819
-1947
-1817
-1538
-1365
-1294
-1230
-1152
-915
-516
-536
-340
-117
-234
-220
-181
-235
-174
-114
-419
-399
-695
-768
-865
-1082
-1171
-1250
-1258
-1673
-1733
-1724
-1752
-1954
-1978
-1853
-1797
-1818
-1905
-1847
-1850
-1889
-1887
-1791
-1687
-1616
-1579
-1438
-1297
-1279
-1323
-1339
-1057
-905
-942
-704
-469
-515
-458
-360
-122
345
178
239
342
446
396
326
726
970
1067
931
866
1068
1076
1088
1302
1584
1782
1814
1812
1988
1944
1783
1882
2095
2300
2478
2696
2879
2983
3021
3233
3457
3249
2812
2416
2481
2546
2341
2166
2050
1841
1115
442
316
259
-28
-482
-610
-649
-1108
-1678
-1796
-1890
-2180
-2373
-2188
-1945
-2190
-2459
-2550
-2256
-2157
-2179
-2013
-1696
-1446
-1491
-1461
-1129
-986
-1051
-805
-445
-180
-227
-350
-179
-72
-78
-121
-44
64
40
-159
-217
-482
-755
-872
-1052
-1175
-1345
-1426
-1556
-1788
-1994
-1956
-1947
-2160
-2357
-2349
-2319
-2296
-2160
-2014
-1856
-1846
-1815
-1522
-1352
-1315
-1351
-1008
-705
-523
-377
-203
-116
-155
-63
26
207
336
410
621
858
827
876
1003
981
1089
1216
1245
1428
1546
1599
1648
1774
2007
2050
2229
2304
2497
2557
2475
2518
2754
2812
2850
3178
3287
3426
3638
3779
4041
3846
3242
2977
3195
3244
2820
2571
2693
2363
1554
972
996
1039
256
-370
-246
-428
-1060
-1605
-1657
-1522
-2042
-2438
-2391
-2251
-2240
-2515
-2351
-2132
-2029
-2062
-1797
-1513
-1402
-1231
-1064
-631
-385
-376
-284
-98
-15
206
409
415
254
276
361
257
360
434
392
214
-257
-390
-357
-436
-775
-1115
-1216
-1363
-1714
-1909
-1946
-2022
-2369
-2621
-2666
-2560
-2688
-2947
-2755
-2547
-2599
-2635
-2528
-2236
-2084
-1942
-1729
-1445
-1118
-1067
-902
-644
-311
-223
40
279
468
598
729
919
1083
1174
1211
1309
1283
1343
1450
1512
1772
1972
1889
2046
2046
1943
2043
2320
2523
2690
2798
2720
3016
3220
3482
3611
3771
3995
4046
4232
4229
4001
3628
3263
3302
3207
2745
2732
2649
2218
1364
735
910
741
61
-388
-348
-796
-1458
-1628
-1466
-1508
-2097
-2493
-2313
-2241
-2415
-2428
-2165
-2105
-2153
-1972
-1684
-1436
-1254
-979
-889
-599
-268
-69
6
215
427
599
748
798
736
781
696
823
811
697
605
358
242
-73
-377
-613
-619
-1027
-1401
-1430
-1609
-1876
-2204
-2286
-2383
-2413
-2651
-2665
-2497
-2570
-2528
-2483
-2470
-2364
-2314
-2165
-1977
-1812
-1559
-1442
-1158
-877
-759
-639
-406
-294
-111
72
250
467
740
811
928
1055
1226
1479
1496
1467
1555
1694
1903
2115
2126
2228
2217
2312
2454
2711
2880
2813
2964
3157
3330
3477
3654
3775
3859
4190
4358
4451
4410
3981
3528
3447
3399
3013
2896
2940
2561
1588
854
950
1021
228
-517
-753
-952
-1536
-1978
-1780
-1745
-2413
-2995
-2757
-2472
-2644
-2646
-2434
-2221
-2322
-2207
-1908
-1650
-1579
-1449
-1139
-898
-530
-313
-278
-234
98
278
183
290
482
638
592
524
764
830
452
221
335
351
213
-252
-512
-684
-1001
-1351
-1647
-1739
-1834
-2241
-2593
-2641
-2719
-2963
-3374
-3334
-3087
-3070
-3173
-2995
-2786
-2711
-2723
-2549
-2198
-1999
-1926
-1647
-1176
-1007
-914
-613
-400
-164
-52
125
475
715
868
782
998
1328
1552
1534
1514
1554
1742
1892
1990
2192
2252
2333
2395
2626
2766
2816
2892
3061
3346
3291
3261
3496
3693
3787
3837
3959
4294
4252
4055
3459
3094
3103
3051
2999
2947
2695
1813
983
918
1412
1204
229
-358
-661
-1051
-1322
-1155
-1166
-1981
-2714
-2731
-2450
-2472
-2458
-2404
-2387
-2502
-2464
-2094
-1931
-1968
-1814
-1478
-1227
-993
-723
-478
-461
-157
244
337
166
183
470
651
728
872
710
583
336
376
444
349
13
-424
-761
-884
-960
-1320
-1510
-1706
-1909
-2172
-2525
-2548
-2483
-2687
-2832
-2877
-2797
-2953
-3110
-2891
-2581
-2553
-2630
-2420
-2274
-1954
-1790
-1376
-1104
-1175
-1050
-800
-380
-23
101
360
419
659
962
1198
1350
1305
1463
1621
1723
1781
1904
1972
2108
2227
2374
2398
2483
2691
2703
2861
2881
3001
3123
3083
3195
3343
3463
3486
3735
3821
3988
4141
3889
3287
3099
3075
2989
2697
2708
2429
1614
840
840
1275
863
-68
-591
-796
-1141
-1288
-1030
-1122
-1854
-2515
-2302
-1992
-2077
-2175
-2160
-1991
-2158
-2062
-1869
-1847
-1775
-1498
-1368
-1330
-1068
-793
-736
-657
-281
32
147
-32
-3
421
721
832
715
701
656
655
666
735
614
200
-219
-327
-212
-328
-740
-1330
-1536
-1411
-1717
-2018
-2266
-2391
-2502
-2613
-2578
-2576
-2785
-3076
-2911
-2445
-2328
-2546
-2501
-2329
-2119
-1827
-1592
-1373
-1314
-1179
-913
-410
-150
-143
-21
236
559
847
1101
974
1173
1437
1699
1917
1876
1941
1889
2084
2255
2222
2364
2433
2179
2345
2542
2583
2604
2597
2835
2787
2875
2960
3153
3364
3392
3584
3812
4003
3709
3118
2838
3054
3292
2959
2667
2560
1949
1104
1176
1481
1060
173
-265
-362
-574
-896
-864
-860
-1493
-2036
-2045
-1831
-1904
-2042
-2129
-2062
-2263
-2184
-2057
-2098
-1879
-1546
-1481
-1656
-1536
-1276
-1019
-954
-715
-512
-552
-805
-528
71
67
76
-15
105
112
301
435
543
460
284
209
-68
-189
-330
-387
-774
-1224
-1526
-1520
-1747
-2140
-2302
-2470
-2780
-2947
-2938
-2877
-2951
-3205
-3027
-2859
-2954
-2990
-2857
-2612
-2457
-2304
-2119
-1810
-1652
-1382
-1193
-776
-669
-544
-276
13
317
423
683
780
982
1129
1315
1355
1393
1576
1643
1785
2110
2248
2247
2217
2288
2489
2514
2479
2458
2579
2598
2627
2546
2639
2772
2881
3035
3177
3257
3176
3422
3106
2645
2482
2491
2722
2763
2714
1997
1212
1017
1651
1840
1026
234
-177
-469
-584
-393
-314
-864
-1829
-1989
-1613
-1366
-1667
-2030
-2071
-2219
-2435
-2195
-1985
-2164
-2133
-1967
-1888
-1655
-1547
-1286
-1151
-849
-713
-837
-761
-673
-407
3
-29
-80
-68
-112
-30
220
370
326
70
-75
130
-123
-586
-641
-307
-565
-1229
-1335
-1248
-1471
-1658
-1996
-2094
-2404
-2789
-2768
-2726
-2612
-2834
-3028
-2955
-2875
-2742
-2555
-2474
-2330
-2165
-2125
-1876
-1449
-1324
-1228
-1018
-669
-312
-179
-61
227
627
697
648
774
1020
1241
1323
1496
1564
1603
1759
1970
2066
1952
1886
1963
2302
2503
2291
2109
2405
2462
2422
2604
2623
2707
2759
2874
2983
2947
3015
3163
3131
2492
2163
2637
2760
2343
2204
2121
1505
1150
1431
1928
1528
496
234
270
48
-175
-36
-357
-1056
-1461
-1292
-1120
-1477
-1727
-1769
-1873
-2267
-2133
-2024
-1945
-1935
-1955
-1689
-1751
-1741
-1449
-1292
-1166
-975
-953
-1032
-759
-460
-335
-212
-214
-118
-83
-54
269
332
312
463
433
340
163
104
263
110
-293
-361
-285
-501
-777
-954
-1109
-1386
-1812
-1862
-1861
-1989
-2285
-2317
-2263
-2276
-2511
-2571
-2300
-2237
-2111
-2053
-1925
-1631
-1373
-1309
-1097
-771
-672
-478
-276
56
403
587
683
887
1111
1251
1312
1184
1381
1502
1555
1689
1854
1911
1874
2029
2191
2223
2075
2050
2131
2262
2241
2236
2331
2405
2433
2682
2718
2675
2589
2717
3094
3236
2633
2004
2438
2800
2528
2126
2085
1955
1189
954
1445
1602
894
158
179
202
-28
-345
-416
-661
-1165
-1468
-1401
-1513
-1802
-1940
-2056
-2188
-2388
-2384
-2462
-2382
-2290
-2191
-2374
-2446
-2118
-1887
-1807
-1834
-1628
-1579
-1473
-1398
-1082
-744
-669
-730
-627
-242
6
64
165
191
325
382
234
279
286
170
-157
-548
-432
-354
-617
-946
-1140
-1261
-1499
-1618
-1662
-1675
-2116
-2293
-2308
-2153
-2271
-2532
-2407
-2351
-2406
-2166
-2182
-1967
-1780
-1590
-1255
-1083
-846
-759
-442
-158
161
345
461
619
842
1048
1103
1242
1410
1558
1777
1916
1862
1986
1935
1972
2159
2039
2105
2072
2085
2111
2021
2065
2167
2186
2204
2460
2535
2462
2398
2659
2824
2911
3003
3029
2644
2306
2564
2891
2741
2320
2260
2031
1565
1459
1817
1660
895
301
266
277
-83
-262
-392
-890
-1337
-1576
-1546
-1550
-1935
-2097
-2147
-2332
-2387
-2331
-2314
-2214
-2249
-2227
-2447
-2423
-2065
-1882
-1828
-1816
-1680
-1470
-1261
-1072
-661
-441
-524
-484
-176
223
300
359
559
616
772
768
721
794
893
535
163
87
-13
-108
-357
-627
-918
-1105
-1200
-1417
-1455
-1729
-2151
-2222
-2290
-2257
-2468
-2587
-2562
-2457
-2362
-2338
-2186
-1964
-1883
-1787
-1573
-1329
-1152
-947
-504
-231
-38
164
260
567
705
796
1048
1077
1285
1294
1421
1578
1646
1679
1763
1924
1791
1891
1974
1940
2046
1986
1784
1926
2070
2163
2235
2068
2040
2249
2447
2415
2425
2541
2956
3127
2649
2264
2549
2947
2800
2529
2537
2310
1614
1460
1976
1899
1033
267
345
396
-127
-569
-564
-763
-1417
-1678
-1654
-1733
-1976
-2229
-2343
-2523
-2626
-2649
-2562
-2524
-2416
-2393
-2589
-2483
-2105
-1735
-1618
-1463
-1263
-1098
-1230
-1105
-672
-356
-368
-255
38
267
492
499
548
705
799
818
770
977
947
702
478
56
181
130
-185
-652
-927
-1219
-1493
-1581
-1703
-2056
-2432
-2682
-2544
-2400
-2643
-2891
-2809
-2665
-2550
-2500
-2364
-1970
-1795
-1740
-1430
-1134
-928
-742
-617
-299
-165
-42
65
302
548
521
625
767
1109
1137
1091
1146
1209
1374
1329
1425
1597
1585
1401
1447
1749
1696
1667
1683
1622
1760
1840
1884
1894
1970
2075
2172
2319
2421
2392
2487
2851
2689
2141
2057
2347
2573
2236
2146
2010
1568
1448
1567
1661
1151
336
198
209
-28
-434
-735
-1015
-1499
-1687
-1820
-1788
-2080
-2163
-2134
-2302
-2151
-2186
-2210
-2173
-2020
-1934
-1864
-1759
-1560
-1270
-1015
-957
-933
-760
-579
-419
-203
133
7
102
232
376
549
656
683
673
698
698
747
691
736
670
390
185
58
21
-45
-461
-646
-1070
-1253
-1438
-1499
-1686
-1906
-2171
-2255
-2007
-2036
-2217
-2316
-2221
-2177
-2074
-1880
-1787
-1642
-1478
-1407
-1161
-960
-780
-633
-524
-308
-110
-97
81
304
386
369
556
695
803
825
806
956
985
1074
1281
1306
1369
1366
1410
1551
1529
1634
1555
1586
1687
1721
1748
1760
1820
1848
1924
1891
2016
2088
2179
2384
2391
2135
1774
1937
2241
2102
1802
1585
1458
1301
1078
1029
1115
589
25
-103
-167
-460
-704
-850
-1096
-1425
-1780
-1837
-1760
-1785
-2014
-2029
-2263
-2282
-2117
-2072
-1913
-1814
-1700
-1680
-1707
-1496
-1186
-1029
-890
-859
-759
-639
-574
-368
-253
-124
-38
90
238
279
411
457
262
443
457
474
430
317
401
352
71
-230
-177
-267
-492
-759
-979
-1113
-1237
-1374
-1352
-1499
-1926
-2059
-2075
-1989
-2068
-2258
-2211
-2001
-1956
-1973
-1955
-1706
-1408
-1442
-1309
-1165
-980
-803
-705
-542
-411
-96
-44
100
262
522
513
583
748
809
880
985
1091
1071
1302
1444
1445
1571
1591
1607
1655
1654
1752
1765
1697
1814
1739
1752
1934
1899
1935
1960
1989
2005
2095
2262
2266
1844
1529
1696
2213
2048
1517
1252
1239
1116
878
1001
982
641
71
-188
-187
-398
-581
-653
-851
-1229
-1438
-1520
-1519
-1522
-1613
-1742
-1895
-1903
-1868
-1859
-1836
-1752
-1779
-1781
-1694
-1440
-1225
-1149
-1195
-1221
-1004
-726
-689
-642
-384
-348
-315
-212
-91
90
221
240
192
238
414
327
342
213
174
12
-86
-152
-348
-415
-598
-894
-981
-1108
-1323
-1535
-1591
-1701
-1964
-2082
-2187
-2259
-2299
-2313
-2485
-2300
-2293
-2372
-2293
-2173
-2127
-2041
-1747
-1671
-1340
-1138
-988
-743
-647
-468
-134
-245
6
251
404
530
476
695
650
822
988
971
1159
1181
1218
1261
1387
1548
1464
1429
1474
1448
1588
1528
1507
1528
1487
1511
1490
1629
1572
1648
1672
1732
1858
1614
1392
1497
1910
1673
1170
1084
1508
1537
705
576
962
838
356
-169
-40
-55
-347
-526
-577
-717
-1153
-1369
-1420
-1415
-1636
-1764
-1830
-1733
-1811
-1937
-1867
-1783
-1704
-1596
-1584
-1420
-1177
-999
-941
-991
-786
-604
-564
-550
-328
-150
-221
-113
9
228
359
329
239
402
609
442
477
506
468
240
-57
-20
142
-109
-651
-820
-809
-1025
-1306
-1476
-1595
-1784
-2066
-2270
-2282
-2265
-2475
-2653
-2588
-2513
-2643
-2615
-2352
-2216
-2282
-2170
-1878
-1615
-1515
-1377
-1170
-949
-766
-539
-443
-245
90
128
202
394
596
673
654
713
775
793
890
1054
963
1150
1120
1027
1131
1213
1196
1080
1081
1064
1074
1195
1312
1243
1180
1298
1415
1474
1591
1526
1657
1817
1721
1483
1626
1821
1719
1280
1200
1550
1503
1018
694
846
975
576
182
132
76
-164
-490
-590
-788
-1099
-1415
-1436
-1490
-1554
-1829
-1841
-1724
-1860
-1851
-1966
-1998
-1918
-1655
-1711
-1812
-1350
-1171
-1169
-1014
-976
-814
-624
-542
-362
-261
-115
-26
75
123
221
141
66
198
209
199
116
175
59
-136
-279
-272
-473
-649
-850
-928
-941
-1230
-1563
-1718
-1833
-1957
-2227
-2376
-2415
-2452
-2498
-2448
-2504
-2401
-2432
-2523
-2350
-2126
-1932
-1904
-1761
-1654
-1530
-1456
-1160
-817
-746
-592
-414
-183
-96
-10
11
134
255
208
440
397
399
491
714
798
815
830
809
729
788
951
1032
980
753
1055
1161
1100
1175
1130
1192
1041
1290
1556
1470
1360
1446
1621
1815
1644
1324
1483
1840
1697
1274
1010
1140
1210
1051
617
488
651
469
198
-16
-110
-312
-490
-517
-668
-1035
-1139
-1381
-1386
-1297
-1349
-1513
-1602
-1476
-1451
-1624
-1582
-1446
-1362
-1208
-1261
-1198
-976
-955
-881
-746
-567
-651
-562
-422
-408
-389
-347
-273
-111
-33
-83
-167
-211
-127
-231
-259
-303
-288
-360
-492
-674
-641
-652
-1184
-1333
-1273
-1238
-1575
-1833
-1727
-1798
-1791
-2074
-2200
-2125
-2222
-2267
-2321
-2243
-2246
-2271
-2168
-2050
-2016
-1958
-2025
-1643
-1540
-1444
-1165
-1049
-754
-718
-687
-598
-446
-268
-11
-20
47
183
418
342
437
546
518
612
677
923
943
833
904
1053
1148
1216
1203
1260
1155
1289
1368
1309
1434
1343
1374
1563
1573
1607
1611
1682
1799
1781
1722
1510
1615
1781
1725
1399
1179
1433
1493
1225
1011
858
948
952
681
631
437
348
315
85
-168
-320
-375
-532
-598
-675
-937
-1093
-1033
-1008
-1085
-1104
-1161
-1101
-1065
-1051
-1063
-1016
-959
-965
-1011
-1016
-951
-982
-924
-845
-723
-792
-637
-620
-553
-428
-405
-423
-614
-498
-431
-386
-383
-327
-332
-471
-382
-293
-452
-737
-791
-635
-736
-1031
-1201
-1262
-1292
-1476
-1677
-1664
-1790
-1811
-1931
-2023
-2013
-2185
-2075
-2017
-2085
-2022
-1972
-1794
-1627
-1614
-1527
-1430
-1195
-1007
-959
-852
-755
-516
-315
-171
-39
7
164
234
421
403
401
542
535
617
726
791
935
885
912
966
1023
1215
1134
1178
1008
990
1009
1059
1202
1073
900
1129
1315
1192
1125
1310
1545
1346
1340
1415
1396
1438
1548
1738
1425
1299
1583
1686
1464
1173
1279
1401
1151
993
989
894
678
454
253
104
-114
-236
-400
-633
-674
-721
-880
-1115
-1242
-1122
-1264
-1353
-1320
-1356
-1351
-1419
-1321
-1388
-1343
-1330
-1206
-1150
-1218
-1136
-933
-777
-866
-797
-631
-408
-295
-319
-176
-71
-33
-12
-129
7
200
239
258
426
322
257
148
75
126
-23
-282
-433
-678
-912
-1100
-1242
-1379
-1541
-1588
-1742
-1745
-1837
-1796
-2125
-2105
-1879
-1801
-1785
-1732
-1458
-1341
-1196
-1137
-1034
-916
-663
-620
-520
-423
-294
-185
37
157
210
281
398
656
790
735
800
855
951
1013
1060
1042
1223
1040
902
1105
1115
1121
1039
877
916
1109
934
975
983
909
970
976
1071
1127
1272
1428
1476
1545
1696
1617
1778
2120
2133
1869
1711
1953
2162
1904
1635
1588
1653
1527
1095
974
879
741
469
52
-47
-232
-545
-777
-974
-1117
-1222
-1394
-1664
-1775
-1847
-1790
-1879
-1905
-1894
-1853
-1942
-1883
-1667
-1640
-1616
-1483
-1390
-1252
-1106
-1045
-919
-717
-552
-413
-280
-69
116
195
351
489
609
685
751
843
818
826
815
847
792
408
367
192
-47
-280
-446
-743
-673
-990
-1308
-1392
-1457
-1452
-1673
-1845
-1849
-1818
-1766
-1685
-1706
-1589
-1593
-1385
-1400
-1259
-1146
-896
-736
-663
-488
-371
-114
-11
153
314
381
470
674
773
806
865
908
1011
1056
1108
1152
1062
1109
1170
1029
1055
945
914
1112
982
877
896
918
813
760
792
849
701
644
809
888
998
1152
1533
1566
1697
1768
1910
1950
2032
2234
2184
1976
1941
2272
2064
1685
1650
1742
1604
1161
868
952
686
363
-55
-117
-215
-633
-831
-1089
-1260
-1549
-1667
-1785
-1949
-1939
-2017
-2056
-2120
-2105
-2008
-2149
-2057
-1905
-1772
-1576
-1378
-1211
-1139
-954
-799
-622
-564
-460
-227
-65
225
302
453
582
586
660
682
670
573
672
629
481
464
377
264
176
12
-266
-489
-662
-605
-872
-1378
-1569
-1390
-1455
-1580
-1862
-1891
-1707
-1669
-1771
-1685
-1532
-1604
-1642
-1463
-1329
-1321
-995
-854
-719
-544
-408
-177
9
-48
50
249
469
551
629
758
722
864
1049
848
749
823
878
1018
906
816
776
799
689
690
846
771
737
628
652
706
714
726
682
705
683
756
995
1153
1147
1211
1512
1705
1754
1915
1893
1910
1968
2088
2281
2128
1789
1823
2061
1872
1505
1314
1504
1323
810
627
478
414
105
-128
-288
-462
-663
-982
-1108
-1329
-1464
-1477
-1531
-1608
-1726
-1695
-1799
-1657
-1614
-1698
-1668
-1689
-1411
-1278
-1117
-1101
-861
-578
-607
-468
-208
-67
-6
160
290
338
512
547
629
643
601
550
469
477
428
214
166
133
-57
-225
-383
-513
-756
-878
-935
-996
-1044
-1218
-1404
-1411
-1503
-1612
-1695
-1686
-1621
-1530
-1444
-1546
-1467
-1450
-1343
-1231
-1073
-988
-962
-843
-682
-623
-644
-428
-175
-45
54
211
348
422
500
557
565
602
627
547
486
575
680
575
522
547
448
437
373
447
403
488
573
566
658
676
670
923
931
973
981
1050
1291
1456
1444
1493
1709
1812
1941
1936
2046
1995
2004
2091
2232
1961
1679
1809
2102
1978
1462
1230
1377
1356
1019
743
668
603
344
61
-188
-239
-484
-616
-728
-865
-1023
-1084
-1039
-1116
-1276
-1306
-1273
-1230
-1127
-1127
-1179
-1080
-799
-581
-613
-581
-425
-257
-242
-325
-119
22
94
171
222
317
395
232
116
299
145
139
185
168
146
44
-35
-178
-246
-365
-480
-452
-522
-730
-960
-1019
-946
-1044
-1206
-1366
-1324
-1361
-1471
-1507
-1469
-1555
-1502
-1547
-1493
-1405
-1381
-1292
-1254
-1154
-958
-864
-808
-715
-714
-648
-521
-398
-281
-338
-271
-199
-169
-125
-161
-56
-48
-71
-138
-236
-109
-3
60
-55
-134
-104
-36
1
94
104
49
247
215
348
444
521
686
767
926
920
943
1151
1135
1208
1384
1405
1482
1408
1692
1809
1621
1554
1713
1962
1743
1646
1381
1487
1771
1706
1339
1263
1297
1166
826
575
701
598
340
60
-187
-131
-381
-380
-387
-609
-782
-829
-623
-767
-817
-914
-825
-768
-808
-792
-722
-713
-579
-577
-620
-575
-520
-545
-574
-580
-484
-365
-336
-224
-263
-154
-211
-248
-132
-10
91
-54
-74
60
-77
-157
-115
-54
-88
-70
-147
-212
-368
-420
-474
-506
-716
-735
-650
-879
-804
-977
-1024
-1246
-1186
-1273
-1277
-1215
-1360
-1204
-1284
-1305
-1321
-1329
-1267
-1211
-1068
-1038
-1098
-995
-844
-930
-888
-760
-768
-749
-806
-639
-500
-507
-458
-413
-223
-79
-103
-109
-12
114
126
91
294
412
513
562
475
595
648
617
656
783
884
775
868
897
1014
952
1005
1080
976
1097
1219
1286
1363
1401
1376
1423
1492
1462
1538
1556
1421
1404
1433
1678
1465
1081
1023
1285
1144
689
541
594
522
201
-2
-103
-83
-264
-389
-461
-583
-736
-714
-783
-746
-1006
-1128
-1133
-1002
-926
-1092
-1081
-1035
-927
-1006
-1042
-990
-864
-822
-934
-944
-745
-680
-600
-511
-574
-526
-509
-480
-401
-207
-192
-205
-199
53
36
-77
88
136
241
-62
-118
29
-146
-185
-250
-409
-502
-504
-532
-583
-675
-807
-871
-973
-991
-1088
-1196
-1183
-1161
-1194
-1289
-1303
-1259
-1154
-1005
-1015
-1043
-906
-897
-843
-739
-771
-627
-580
-583
-448
-269
-145
-71
26
163
180
275
344
443
477
648
695
676
755
773
891
832
813
769
781
871
835
813
846
950
914
863
815
898
885
929
889
944
974
1085
1193
1287
1410
1413
1449
1356
1501
1624
1611
1452
1476
1577
1537
1426
1230
1176
1288
1354
1087
665
750
866
771
440
234
290
64
-7
-171
-289
-544
-778
-769
-801
-1003
-1145
-1161
-1310
-1227
-1355
-1566
-1440
-1460
-1361
-1434
-1500
-1327
-1269
-1228
-1195
-1168
-978
-739
-713
-659
-555
-559
-554
-297
-59
-31
48
46
121
181
308
256
195
319
444
458
189
287
264
294
255
226
-53
-49
-142
-323
-350
-485
-564
-567
-716
-911
-952
-1035
-1056
-1120
-1181
-1185
-1254
-1300
-1204
-1238
-1137
-1149
-1100
-964
-1001
-702
-549
-434
-405
-362
-164
-89
20
122
189
190
295
404
476
516
654
684
607
635
865
971
758
801
801
924
971
884
831
970
986
945
869
901
821
772
1006
911
811
678
672
804
801
837
1022
1151
1226
1152
1232
1419
1623
1730
1656
1578
1797
1976
1974
1873
1711
1558
1766
1560
1261
1038
1093
1021
675
457
268
98
-113
-365
-480
-697
-924
-994
-1120
-1257
-1438
-1550
-1647
-1619
-1649
-1757
-1675
-1634
-1575
-1602
-1849
-1572
-1410
-1367
-1335
-1214
-1072
-935
-751
-642
-395
-301
-141
11
189
328
448
532
707
866
967
1006
971
1029
1075
924
759
755
739
534
238
-13
-217
-237
-346
-490
-825
-1018
-1116
-1279
-1330
-1403
-1489
-1525
-1512
-1431
-1445
-1481
-1454
-1438
-1288
-1320
-1192
-941
-961
-894
-774
-607
-431
-318
-240
-198
44
148
320
400
467
778
825
780
823
887
1003
1002
834
798
831
826
613
563
617
538
471
522
504
382
291
140
165
220
170
294
252
381
466
457
610
843
1018
923
1092
1363
1604
1714
1657
1609
1856
2095
2133
2008
1974
2178
2238
2049
1720
1692
1709
1511
1285
928
757
734
581
322
18
-151
-323
-460
-551
-944
-1148
-1108
-1251
-1343
-1323
-1476
-1582
-1475
-1423
-1510
-1536
-1509
-1207
-1039
-1071
-1029
-803
-489
-423
-323
-121
12
107
345
445
523
693
736
821
914
920
906
968
988
1017
987
569
573
573
516
103
42
130
-56
-120
-413
-391
-530
-558
-666
-989
-1137
-1246
-1211
-1244
-1331
-1363
-1241
-1349
-1327
-1241
-1244
-1145
-1269
-1005
-747
-787
-632
-525
-575
-446
-417
-230
-146
-67
-45
93
97
256
305
251
382
299
356
325
267
262
266
203
142
64
209
253
159
103
105
202
41
42
140
117
117
134
126
243
280
132
240
481
528
640
763
766
903
1100
1090
1251
1336
1435
1466
1548
1618
1662
1814
1853
1743
1720
1912
1710
1698
1555
1525
1579
1309
958
728
740
677
372
41
-67
-122
-257
-372
-552
-703
-713
-886
-860
-979
-968
-1039
-1074
-1047
-1060
-1034
-1014
-924
-885
-809
-860
-694
-535
-572
-463
-436
-295
-82
-61
-14
140
295
340
386
597
628
697
681
859
810
887
888
661
741
839
864
627
609
414
307
177
108
-19
-366
-405
-484
-523
-702
-898
-1050
-991
-992
-1192
-1161
-1224
-1172
-1198
-1265
-1222
-992
-952
-849
-951
-923
-810
-891
-667
-759
-725
-616
-566
-485
-323
-214
-215
-66
-18
11
124
225
184
305
284
247
342
546
559
468
425
384
367
270
246
271
307
211
259
197
238
312
210
403
294
385
483
456
696
704
843
1007
1038
1130
1300
1465
1636
1617
1675
1735
1878
1978
1815
1702
1694
1627
1491
1503
1306
1224
1094
942
823
817
629
432
259
88
-117
-290
-409
-620
-720
-840
-922
-1112
-1145
-1243
-1269
-1293
-1378
-1402
-1386
-1285
-1187
-1064
-938
-889
-839
-710
-611
-550
-283
-71
-46
54
214
394
616
735
718
845
906
941
975
955
1019
1002
922
907
974
837
698
579
352
332
124
-101
-155
-324
-308
-453
-707
-943
-899
-928
-1142
-1281
-1404
-1356
-1304
-1398
-1495
-1573
-1434
-1317
-1317
-1260
-1247
-1055
-1056
-900
-801
-788
-628
-471
-303
-165
-134
-36
147
278
180
248
291
417
415
238
462
456
333
289
301
221
308
282
218
181
171
16
-45
28
60
213
162
142
336
313
243
286
370
435
427
559
707
874
790
923
1155
1198
1344
1319
1494
1606
1741
1861
1963
1782
1738
1799
1819
1915
1679
1665
1686
1606
1380
1063
882
907
654
365
65
-199
-282
-412
-732
-996
-975
-1120
-1135
-1236
-1287
-1362
-1378
-1250
-1180
-1165
-1222
-1148
-1054
-878
-976
-878
-625
-564
-437
-451
-371
-151
21
120
241
206
375
508
549
643
681
784
656
767
858
789
604
573
615
448
363
358
209
48
48
-131
-298
-403
-489
-614
-832
-802
-829
-1075
-1213
-1081
-1027
-1172
-1166
-1272
-1300
-1141
-1098
-1129
-1118
-960
-983
-860
-770
-679
-591
-581
-494
-427
-374
-391
-336
-256
-187
-212
-140
-114
-84
4
-10
78
102
113
5
108
171
108
30
66
8
82
10
-108
-58
-120
-10
-126
-123
-59
-4
-50
-94
-59
4
151
107
212
396
525
679
791
948
958
1271
1320
1298
1499
1748
1780
1760
1680
1653
1752
1818
1960
1635
1525
1506
1626
1525
1225
899
965
1026
824
540
330
224
114
-10
-331
-519
-554
-649
-698
-798
-1025
-1028
-1136
-1138
-1026
-990
-1097
-1136
-975
-938
-899
-1038
-850
-649
-536
-481
-403
-325
-280
-25
92
136
282
405
497
637
536
431
558
566
580
574
435
570
614
500
316
242
301
275
141
-38
-51
-188
-288
-412
-552
-590
-645
-808
-756
-785
-898
-950
-1048
-1031
-1102
-1139
-1201
-1208
-1043
-1068
-976
-1034
-916
-743
-723
-623
-569
-434
-360
-248
-218
-227
-245
-157
-114
116
144
15
57
112
68
19
67
87
69
113
-59
-98
47
53
64
89
36
27
94
23
34
19
20
118
2
144
148
-2
26
42
169
187
202
274
292
249
170
378
676
607
568
831
882
878
887
1068
1156
1179
1315
1396
1294
1313
1273
1454
1284
1119
1228
1161
1115
920
827
733
518
394
364
303
338
287
165
59
-123
-216
-280
-336
-213
-320
-546
-540
-595
-609
-532
-508
-604
-856
-720
-709
-698
-680
-727
-580
-593
-590
-555
-407
-417
-367
-320
-401
-259
-203
-134
-206
-116
-116
-96
-57
-85
-135
-5
-3
-80
-141
-192
-145
33
-83
-197
-289
-282
-171
-366
-379
-349
-421
-605
-585
-587
-537
-696
-595
-714
-760
-660
-679
-708
-800
-721
-789
-678
-603
-609
-450
-466
-560
-613
-492
-351
-257
-54
-11
57
176
253
358
426
497
666
516
497
673
733
800
750
713
690
765
815
716
693
620
598
654
702
610
544
532
405
549
707
595
562
589
567
527
458
312
356
611
578
517
520
559
554
689
668
648
803
884
824
836
856
1071
1199
1003
1084
1044
1119
1142
1018
1014
888
829
505
606
542
382
324
323
120
-57
-178
-382
-342
-338
-447
-503
-535
-614
-482
-499
-509
-479
-481
-431
-432
-378
-426
-494
-584
-524
-412
-360
-377
-357
-275
-256
-143
-128
-13
27
-38
51
-27
-73
7
28
201
95
110
131
126
127
8
35
-1
-40
-172
-164
-236
-245
-336
-347
-323
-421
-327
-385
-368
-318
-274
-311
-207
-200
-67
-71
-90
189
91
120
259
329
420
401
396
502
581
560
713
744
768
928
994
988
950
1028
1145
1250
1398
1315
1366
1442
1389
1375
1150
1282
1590
1568
1250
1119
1139
1332
1092
865
842
722
694
545
464
336
291
245
151
-69
-194
-40
-192
-241
-289
-292
-268
-257
-375
-327
-120
-265
-238
-202
-349
-358
-202
-165
-85
-158
-109
-75
21
61
106
251
216
235
327
421
302
433
405
453
401
456
407
506
577
394
444
389
358
85
7
134
221
109
45
7
-120
-26
-26
-121
-195
-65
-184
-230
-211
-143
-159
-336
-339
-196
-231
-373
-418
-358
-273
-363
-414
-273
-204
-195
-247
-350
-182
-196
-29
44
-10
65
-24
70
-4
-59
-80
-44
13
-177
-146
-160
-149
-108
-167
-249
-377
-241
-262
-345
-275
-358
-275
-173
-187
-210
-200
-89
-52
-109
22
-29
107
51
176
315
243
296
397
461
471
488
451
511
507
499
497
587
646
770
799
632
689
657
618
633
765
667
483
411
397
499
196
94
-15
-111
-103
-164
-247
-231
-257
-375
-232
-235
-195
-196
-158
-177
-226
-34
-59
12
64
142
181
196
356
403
408
478
487
421
460
494
445
485
555
402
411
362
199
151
78
46
25
17
-102
-210
-218
-311
-353
-379
-433
-593
-544
-492
-565
-572
-636
-573
-584
-547
-527
-571
-458
-497
-369
-241
-189
-123
-89
-42
46
80
173
321
300
446
503
450
390
365
443
401
358
315
275
177
49
143
3
-147
-56
-77
-36
-8
26
-10
-98
-113
14
-11
-27
-59
-10
70
71
87
94
269
291
275
371
563
594
622
535
639
598
709
691
736
937
815
1054
1122
1084
1107
1251
1152
1081
1099
1166
1122
945
927
874
769
732
690
553
447
263
246
153
16
-79
-233
-175
-168
-267
-255
-268
-252
-262
-215
-199
-244
-187
-282
-308
-252
-309
-309
-156
-224
-375
-283
-345
-343
-300
-232
-334
-306
-330
-402
-350
-384
-337
-284
-410
-347
-353
-428
-351
-559
-524
-497
-525
-514
-591
-486
-552
-618
-725
-703
-546
-595
-685
-786
-729
-758
-739
-727
-668
-523
-462
-455
-400
-238
-315
-296
-158
-95
-101
-119
-17
65
39
28
-48
98
104
109
108
125
327
296
335
417
396
337
426
563
594
554
577
536
538
615
559
531
596
512
444
460
432
386
501
548
495
481
507
643
689
604
564
670
716
804
770
852
815
802
761
764
877
699
562
713
756
640
564
378
223
210
105
1
-17
-33
-133
-93
-233
-348
-347
-423
-352
-457
-492
-562
-599
-485
-429
-446
-587
-682
-714
-696
-622
-639
-602
-462
-391
-451
-469
-451
-366
-351
-331
-207
-180
-76
-73
-56
-21
-1
111
85
74
26
-19
77
32
-39
-53
-192
-188
-111
-120
-181
-244
-272
-249
-304
-374
-385
-420
-440
-495
-454
-354
-430
-344
-443
-378
-395
-376
-327
-328
-310
-224
-172
-309
-256
-249
-246
-242
-158
-134
-81
10
145
159
72
64
148
233
266
268
313
259
284
254
180
239
216
296
225
165
54
37
104
76
42
-40
-57
-133
-60
-59
-61
-91
-237
-143
-39
-94
-38
116
165
120
159
38
108
216
272
200
197
171
176
134
61
145
155
155
151
141
129
283
286
224
197
195
63
73
177
55
64
-33
37
49
15
10
-70
-151
-115
-181
-244
-155
-160
-203
-218
-101
