-74
-41
-74
-41
-23
-67
-82
-91
-163
-138
-122
-142
-80
-14
32
65
44
9
-90
-4
-13
-53
65
-74
-118
-138
-165
-200
-196
-95
-78
-72
-54
-131
-99
-34
43
-47
-16
-42
-70
33
-47
-124
-95
-58
-130
-119
-114
-129
-177
-116
-163
-145
-220
-293
-193
-229
-214
-299
-273
-304
-398
-318
-222
-227
-251
-224
-227
-298
-306
-204
-163
-174
-141
-77
-52
-172
-103
-15
-108
-38
0
34
-25
-97
-19
-126
-81
-117
-180
-183
-68
-56
-140
-51
-70
10
12
-43
-31
-105
-1
-37
-28
-16
43
98
22
54
47
101
90
40
76
74
50
105
69
150
132
75
122
153
200
118
111
170
146
157
194
169
182
176
231
265
290
299
156
159
295
249
268
269
223
289
295
182
247
232
239
240
161
173
102
232
304
320
286
271
348
190
236
268
183
258
284
238
186
156
111
119
102
132
158
230
239
230
186
202
205
195
221
208
175
129
110
203
166
98
223
77
-17
30
-47
-82
-48
-30
-176
-200
-73
-94
-125
-103
-159
-259
-190
-171
-155
-102
-177
-223
-268
-202
-136
-173
-117
-163
-235
-228
-166
-153
-267
-304
-291
-220
-103
-177
-199
-206
-218
-254
-288
-272
-307
-243
-256
-276
-292
-331
-290
-361
-348
-369
-328
-373
-324
-273
-249
-280
-345
-335
-306
-270
-270
-238
-166
-244
-348
-295
-328
-370
-346
-234
-177
-241
-183
-216
-279
-263
-298
-392
-362
-306
-343
-254
-159
-213
-287
-203
-269
-254
-174
-172
-104
-113
-86
-39
-137
-113
-125
-162
-128
-107
-80
-97
-75
-54
-66
16
69
81
131
56
109
123
133
169
97
130
142
150
187
215
244
188
204
238
177
227
201
236
243
183
191
139
137
146
132
94
99
164
165
64
146
163
206
106
59
188
168
142
174
217
199
193
121
35
50
35
23
100
120
164
124
161
99
63
75
134
128
134
145
54
100
102
77
11
84
67
101
115
85
78
104
129
103
93
4
-24
-52
25
-22
-40
-124
-12
34
-23
-48
-112
-111
-243
-279
-187
-150
-184
-121
-227
-191
-139
-239
-215
-269
-352
-361
-299
-335
-372
-406
-381
-426
-469
-439
-330
-335
-377
-386
-392
-359
-400
-317
-345
-407
-396
-416
-365
-264
-268
-235
-290
-287
-299
-306
-239
-260
-297
-264
-300
-265
-241
-244
-233
-262
-204
-227
-317
-363
-279
-256
-259
-242
-228
-236
-241
-243
-193
-316
-281
-262
-249
-100
-36
-51
-139
-177
-195
-143
-191
-188
-237
-234
-176
-216
12
-72
-150
-147
-228
-231
-146
-170
-196
-99
-146
-229
-222
-122
-96
-62
-26
5
-73
-45
-3
52
152
139
167
84
61
11
-53
-110
-328
-435
-500
-216
-342
-544
-11
130
-509
-13
-954
-2349
-767
-254
-236
117
22
-162
-379
-681
-558
11
308
569
958
431
424
274
-1026
-890
-1768
-2236
-605
-106
141
284
-132
-855
-1214
-1035
-1082
-189
325
83
565
275
-311
-667
-1125
-1386
-1198
-586
-48
139
135
-109
-298
-767
-954
-726
-810
-441
-56
-297
-508
-259
-1361
-2190
-1964
-2370
-2246
-1263
-1280
-593
-283
-685
-633
-1120
-1156
-345
329
326
1129
1381
1097
1184
690
254
498
174
482
937
834
674
743
73
-683
-462
-361
-451
-77
398
294
432
334
-153
-382
-265
-566
-364
-21
222
16
-209
-68
-593
-903
-424
-621
-554
-170
-108
-313
-508
-592
-1127
-1145
-809
-931
-857
-298
-590
-433
-522
-636
-824
-708
-776
-733
-240
-175
142
17
-105
-285
-495
-224
44
-145
158
335
215
347
230
-161
-453
-337
-187
-150
222
276
294
-133
-407
-426
-261
-86
-175
-43
46
57
-56
96
183
-68
-325
-17
-38
519
418
521
856
729
594
315
622
839
1029
1013
1520
1729
1843
1535
1658
1839
1467
2065
2427
2429
2932
2829
1961
1648
1685
1423
1142
1244
1356
1196
760
283
-42
-387
-932
-1381
-1129
-1084
-1161
-1227
-1374
-1669
-2146
-2294
-2109
-2047
-1875
-1442
-1291
-1050
-909
-949
-989
-1064
-1089
-962
-697
-533
-377
-460
-573
-815
-1080
-1141
-1250
-1295
-1240
-1105
-1036
-1137
-1420
-1700
-2070
-2211
-2231
-2058
-1643
-1415
-1154
-1180
-1341
-1287
-1174
-1079
-656
-50
34
273
523
387
453
277
207
477
801
1249
1512
1217
1123
1122
716
760
1041
1114
1502
1916
2221
2360
2362
2420
2511
2941
3549
3988
4517
5278
5732
5475
4750
4236
3630
2470
2256
3218
3381
2502
1764
1309
251
-1087
-1698
-1741
-2141
-2488
-2218
-1737
-1878
-2763
-3387
-3608
-3722
-3121
-2065
-1209
-688
-351
-233
-474
-290
153
312
614
1489
2329
2749
2681
2390
2140
1465
921
1327
1710
1578
1301
1046
696
140
-331
-711
-891
-1046
-993
-690
-614
-953
-1527
-1880
-2150
-2231
-2157
-1796
-1723
-1805
-1744
-1773
-2043
-2229
-2369
-2522
-2453
-2029
-1823
-1865
-1957
-2188
-2345
-2444
-2433
-2476
-2462
-2386
-2198
-1989
-2014
-2226
-2175
-2058
-1888
-1421
-969
-744
-452
-119
104
240
476
749
1058
1644
2079
2554
2931
3133
3287
3586
3968
4367
4795
5300
5745
6111
6521
7015
7661
7969
7723
6841
5106
2940
2323
3526
3584
2462
1604
943
-664
-2707
-3216
-3351
-4289
-5287
-4782
-3580
-3480
-4051
-4682
-5332
-5906
-5066
-3320
-1735
-704
-284
-200
-293
111
614
927
1110
2244
3438
3941
4017
3822
3275
1671
978
1477
1863
1811
1472
952
68
-1027
-1660
-1751
-1900
-2281
-2238
-1777
-1484
-1722
-2089
-2649
-3184
-2953
-2190
-1414
-958
-809
-967
-1162
-1376
-1483
-1119
-1094
-1172
-721
-402
-618
-1111
-1617
-2063
-2500
-2594
-2310
-2108
-2236
-2537
-2692
-2819
-3090
-3207
-2983
-2613
-2141
-1618
-1190
-1007
-888
-757
-413
93
717
1526
2045
2646
3176
3417
3550
3844
4156
4643
5310
6018
6491
6805
7024
7161
7278
7621
8142
8670
9160
9045
8043
5485
3063
2646
3747
3435
2532
2225
1185
-1015
-2871
-3001
-3593
-5044
-5539
-4305
-3420
-3765
-4124
-4435
-5387
-6357
-5234
-3051
-1555
-803
-479
-389
-361
-38
315
637
1174
2132
2853
3185
3655
3457
2279
865
530
1170
1266
1111
1062
630
-315
-1193
-1734
-2196
-2620
-2626
-2213
-2003
-1640
-1623
-2150
-2761
-2902
-2762
-2348
-1450
-968
-673
-631
-750
-1006
-1372
-1402
-1499
-1327
-1042
-776
-862
-1195
-1635
-2348
-2724
-2935
-2912
-2755
-2653
-2589
-2668
-2970
-3271
-3393
-3499
-3273
-2814
-2259
-1811
-1560
-1283
-1223
-1025
-742
-246
376
1040
1688
2326
2759
2922
3064
3103
3329
3573
3962
4444
4768
4961
5201
5069
4953
4935
5058
5176
5704
6382
6763
7264
7395
6292
3777
1998
2274
3061
3064
2827
2719
2315
859
-763
-1616
-2339
-3253
-3968
-3647
-2485
-1686
-2015
-3278
-4408
-4643
-4591
-4206
-3015
-1667
-962
-996
-778
-148
-124
-876
-1125
-359
581
1313
1935
2602
2638
1770
839
752
1013
1009
1030
1318
1802
1690
1115
687
385
-154
-801
-662
124
730
821
441
172
41
-237
-511
-386
-69
-17
-51
45
279
193
-166
-504
-675
-748
-835
-799
-732
-713
-956
-1084
-1087
-1462
-1775
-1855
-1788
-1874
-1691
-1411
-1269
-1057
-1120
-1125
-807
-497
-382
-42
301
457
701
1032
1334
1321
1422
1550
1650
1551
1689
1830
1867
2098
2251
2175
2194
2271
2191
2239
2277
2281
2384
2729
2832
2950
3216
3631
3940
3964
4274
4633
4465
3679
2933
2991
3261
3068
2720
2638
2705
2282
1342
761
452
-253
-1288
-1767
-1447
-1394
-1774
-2172
-2269
-2582
-3175
-3465
-3289
-3076
-3254
-3364
-2945
-2272
-2194
-2282
-2222
-1939
-1755
-1672
-1241
-628
-293
-217
-174
136
322
198
124
279
534
570
644
864
1299
1453
1282
1235
1417
1487
1349
1314
1471
1682
1704
1773
1902
1794
1491
1147
888
732
600
363
232
108
-131
-284
-557
-798
-1127
-1397
-1433
-1390
-1331
-1569
-1639
-1684
-1622
-1671
-1805
-1774
-1628
-1269
-1251
-1100
-881
-724
-905
-935
-487
-304
-183
144
525
717
491
512
634
794
932
892
1083
1330
1512
1475
1470
1635
1743
1667
1573
1535
1901
2197
2111
2106
2298
2529
2497
2746
3241
3584
3952
4250
4606
4610
4061
3283
2720
2832
3114
3179
3022
2932
2702
1845
977
509
144
-617
-1522
-1684
-1485
-1472
-1846
-2324
-2680
-3221
-3883
-4086
-3715
-3528
-3423
-3310
-2842
-2398
-2309
-2385
-2343
-1988
-1661
-1227
-596
241
651
532
436
733
722
627
655
832
1096
1142
1289
1324
1207
893
597
430
493
698
791
907
914
673
557
422
111
-214
-503
-598
-545
-474
-494
-747
-1153
-1524
-1870
-2183
-2240
-2098
-1908
-1730
-1603
-1751
-2075
-2554
-2908
-2844
-2758
-2429
-1913
-1726
-1756
-2044
-2297
-2243
-2089
-1816
-1496
-1140
-909
-743
-492
-441
-634
-611
-550
-283
83
498
774
594
750
756
629
862
997
1017
1415
1810
1905
2051
2302
2420
2572
2851
3116
3560
4305
4892
5095
5239
5641
5605
4830
4115
3640
3688
3967
4153
4091
3663
3076
2050
877
240
-51
-456
-935
-1256
-1088
-1229
-2110
-2947
-3424
-3779
-3969
-3835
-3150
-2619
-2636
-2859
-2909
-2640
-2530
-2426
-1977
-1259
-614
-18
551
968
924
550
375
562
1011
1499
1724
1881
2048
1782
1391
1228
1079
877
772
851
1179
1531
1325
941
480
149
-26
-240
-143
9
35
-302
-587
-916
-1239
-1530
-1874
-1980
-1842
-1747
-1889
-1981
-2192
-2524
-2934
-3128
-3046
-2999
-2991
-2860
-2746
-2713
-2909
-3145
-3184
-3117
-2890
-2439
-2091
-1739
-1539
-1623
-1343
-965
-777
-654
-295
82
185
254
459
909
1206
1196
1205
1696
2055
1961
1811
1934
2468
2612
2573
2910
3184
3298
3357
3588
3866
4214
4695
5246
5625
5682
5301
4222
2889
2309
3056
4142
4381
3654
2897
1970
287
-1181
-1160
-563
-781
-1596
-1945
-1950
-2768
-4103
-4873
-4789
-4657
-4509
-3947
-3147
-3015
-3684
-4401
-4394
-3752
-3154
-2692
-1707
-626
-301
-477
-660
-377
-250
-176
307
1306
2039
1940
1571
1258
1018
853
871
1495
2170
2115
1725
1244
1006
722
321
152
189
190
46
-247
-582
-1059
-1613
-2065
-2154
-2024
-1943
-2101
-2432
-2705
-3070
-3321
-3351
-3259
-3127
-2947
-2790
-2750
-2834
-3069
-3235
-3194
-3027
-2640
-2469
-2367
-2275
-2336
-2292
-2119
-1818
-1624
-1315
-976
-818
-632
-454
-104
41
228
626
1028
1366
1623
1957
2337
2562
2687
2916
3119
3297
3361
3521
3848
4127
4406
4704
5108
5430
5613
5977
6278
6031
5077
3806
2872
2875
3890
4666
3967
2412
864
-407
-1573
-2091
-1300
-832
-1729
-3279
-4094
-4369
-5210
-6035
-5825
-5061
-4694
-4874
-4652
-4353
-4869
-5505
-5167
-3900
-2936
-2352
-2047
-1850
-1628
-1716
-1523
-810
114
566
520
764
1070
1015
495
174
559
961
1068
1045
1186
1085
549
-39
-24
409
610
356
51
-6
-318
-780
-1008
-1010
-1063
-1385
-1698
-1651
-1743
-2111
-2506
-2701
-2604
-2612
-2855
-3041
-3184
-3378
-3606
-3483
-3166
-3113
-3333
-3456
-3442
-3398
-3504
-3505
-3234
-2947
-2736
-2584
-2430
-2368
-2358
-2148
-1729
-1259
-773
-452
-399
-208
-3
458
1012
1512
1757
2042
2338
2495
2838
3193
3725
4122
4424
4650
4797
4967
5221
5719
6335
6989
7658
8078
7784
6500
4334
2740
3291
5528
6652
5107
2863
1130
-508
-2226
-2281
-387
477
-1500
-4103
-4865
-4871
-5835
-6646
-5824
-4710
-4717
-5408
-5477
-5222
-5596
-6032
-5205
-3605
-2500
-2500
-2876
-2632
-2036
-1562
-978
150
1078
1068
426
559
1372
1719
1495
1725
2290
2562
2301
1924
1961
1709
1306
1238
1713
2206
1885
966
67
-232
-52
92
-50
-113
-391
-1503
-2279
-2381
-2319
-2417
-2713
-2809
-2663
-3175
-3793
-4195
-4078
-3955
-3944
-3715
-3761
-3893
-4265
-4308
-4010
-3756
-3696
-3519
-3342
-3311
-3230
-2952
-2716
-2575
-2320
-1991
-1605
-1297
-989
-833
-631
-170
256
798
1186
1560
1869
2084
2366
2814
3387
3902
4236
4470
4927
5057
5226
5604
6209
6915
7378
7923
8193
7778
6075
3747
2820
4549
6928
6630
3842
1338
206
-1007
-1983
-943
778
-178
-3671
-5672
-5282
-4910
-5682
-5957
-4890
-4721
-5892
-6638
-6014
-5431
-5416
-4978
-3583
-2374
-2590
-3312
-3368
-2267
-922
-159
551
1161
1309
726
411
1335
2377
2558
2167
2229
2590
2358
1676
1464
1742
1715
1693
1774
1791
1357
522
-92
-98
398
592
446
-135
-840
-1363
-1689
-1794
-1602
-1357
-1562
-2316
-2955
-3167
-3364
-3439
-3254
-2896
-2872
-3381
-3804
-3829
-3799
-3688
-3367
-3101
-3219
-3459
-3621
-3512
-3248
-2995
-2756
-2655
-2454
-2354
-2316
-2013
-1682
-1452
-1034
-705
-417
-127
218
605
1049
1450
1768
1961
2319
2673
3100
3587
4042
4406
4713
5107
5313
5628
6094
6630
7137
7771
7848
6675
4214
2599
3764
6754
7479
4637
1551
517
115
-1095
-817
1063
779
-2641
-5569
-5203
-4179
-4924
-5769
-4980
-4380
-5512
-6845
-6504
-5528
-5335
-4994
-3947
-3087
-3257
-4130
-4271
-2819
-1020
-242
-507
-452
-109
61
144
930
2055
2284
1531
1331
2139
2437
1942
1494
2032
2453
2281
1976
1939
1743
1072
631
817
1230
1092
559
115
-301
-555
-984
-1383
-1515
-1315
-1580
-2243
-2795
-3208
-3287
-3249
-3143
-3130
-3340
-3807
-4229
-4127
-3735
-3484
-3455
-3493
-3630
-3593
-3507
-3290
-3009
-2725
-2371
-2314
-2161
-1983
-1778
-1494
-1010
-517
-276
-25
230
380
639
1142
1626
2247
2494
2666
3045
3422
3823
4145
4611
4843
5001
5228
5689
6010
6300
6843
7447
7781
7023
5442
3721
3240
4735
6961
6363
2942
429
464
628
-335
-27
749
-522
-3686
-5005
-3672
-3252
-4396
-5175
-4265
-4293
-5559
-6195
-5709
-4911
-4723
-4095
-3597
-3671
-4271
-4256
-3404
-2123
-883
-935
-1441
-1609
-817
-89
19
505
944
1105
745
937
1706
1821
1256
958
1497
1811
1944
1772
1390
1097
1032
1146
1053
952
740
415
-36
-284
-366
-691
-1257
-1485
-1236
-1520
-2365
-3027
-3012
-2719
-2964
-3298
-3434
-3645
-4032
-4007
-3670
-3570
-3671
-3922
-3906
-3792
-3495
-3406
-3449
-3246
-3008
-2627
-2458
-2307
-2120
-1875
-1595
-1081
-633
-468
-310
42
488
832
1126
1569
1985
2302
2567
2940
3436
3884
4235
4276
4712
5318
5745
5587
5756
6479
7038
7292
7620
7848
6902
4830
3299
4383
6876
7594
4772
1532
813
1641
1350
571
1125
1060
-1281
-3794
-3410
-2136
-2729
-4155
-3917
-2910
-3911
-5348
-5460
-4609
-3898
-3483
-3398
-3482
-3968
-4217
-3562
-2445
-1161
-1002
-1825
-2219
-1381
-51
100
-147
351
911
740
406
1063
1862
1563
1081
1591
2296
2257
1780
1631
1989
2160
1985
1683
1536
1495
1284
1127
799
441
73
-352
-526
-480
-670
-1423
-2284
-2482
-2404
-2652
-2915
-3295
-3584
-3705
-3724
-3675
-3710
-3860
-4039
-3954
-3723
-3584
-3757
-3894
-3748
-3397
-3102
-2977
-3039
-2836
-2556
-2296
-1854
-1490
-1288
-1159
-921
-394
15
219
438
1017
1592
1966
2162
2370
2933
3347
3829
4369
4731
4839
4949
5403
5893
6576
6945
7296
7522
7054
6009
4562
3952
5288
7433
6796
3254
868
1494
2418
1122
480
1047
294
-2186
-3647
-2582
-2345
-3542
-4292
-3600
-3424
-4650
-5520
-5160
-4369
-3870
-3554
-3931
-4529
-4547
-3783
-3044
-2424
-1702
-1946
-2505
-2248
-834
-18
-433
-446
515
1092
772
726
1359
1738
1555
1600
2223
2553
2195
1972
2247
2771
2792
2308
2042
2280
2443
2030
1535
1217
959
622
327
130
49
-622
-1496
-1673
-1403
-1600
-2388
-2732
-2623
-2759
-2974
-3119
-3145
-3485
-3599
-3402
-3221
-3339
-3711
-3643
-3427
-3285
-3202
-2992
-2919
-2815
-2582
-2299
-2049
-1946
-1624
-1427
-1136
-625
-307
-84
199
882
1513
1724
1721
2124
2570
3065
3600
3996
4370
4578
4725
5164
5658
5982
6447
6934
7355
7664
7054
6158
5294
4797
5505
7052
7117
4146
1385
1763
3213
2334
420
351
414
-1296
-3045
-2817
-2154
-3210
-4169
-3723
-3502
-4688
-5637
-5355
-4578
-4126
-4140
-4659
-5105
-4804
-3898
-3307
-3168
-2729
-2381
-2597
-2411
-1332
-559
-995
-1084
-101
653
444
85
650
1431
1526
1400
1732
2079
1982
2075
2339
2513
2366
2013
2115
2337
2331
1987
1494
1169
1126
990
550
30
-282
-725
-1242
-1519
-1531
-1833
-2268
-2691
-2797
-3035
-3465
-3534
-3500
-3461
-3679
-3659
-3635
-3769
-3687
-3545
-3392
-3326
-3324
-3028
-2926
-2891
-2671
-2461
-2134
-1838
-1460
-1192
-1065
-839
-365
110
328
603
991
1435
1759
2061
2418
2731
2962
3410
3945
4257
4269
4578
4992
5292
5640
6280
6923
7042
6839
6424
5989
4936
4560
5941
7517
5945
2684
1726
3097
3582
1821
700
1052
461
-1329
-2123
-1728
-2078
-2944
-3385
-3401
-3869
-4605
-4993
-4716
-4127
-3929
-4444
-5231
-5081
-4161
-3454
-3811
-3703
-2878
-2669
-2850
-2271
-1299
-1157
-1408
-941
-86
153
-106
252
1012
1212
1150
1289
1794
2172
2358
2123
2028
2339
2492
2437
2252
2438
2335
1888
1259
1348
1483
1008
569
312
34
-795
-1256
-1115
-1170
-1820
-2330
-2686
-3086
-3259
-3253
-3135
-3306
-3627
-3748
-3757
-3843
-3722
-3581
-3573
-3556
-3424
-3207
-3039
-2852
-2669
-2233
-2226
-2141
-1773
-1375
-1170
-980
-473
-179
-119
227
623
920
1116
1563
2037
2180
2566
2893
3317
3655
3881
4162
4774
5290
5454
5786
6598
7153
7049
6997
6930
6528
5417
5153
6483
7766
6146
3231
2633
4268
4490
2334
1097
1515
1275
-382
-1236
-1209
-1614
-2484
-3082
-3094
-3610
-4265
-4672
-4356
-3963
-4211
-4905
-5301
-4759
-4004
-3882
-4274
-3938
-2988
-2783
-3005
-2602
-1667
-1356
-1488
-1046
-319
-29
-181
165
964
1343
1135
1070
1640
2220
2339
2109
2223
2546
2604
2430
2433
2423
2354
2038
1922
2081
1905
1454
985
708
415
-21
-436
-658
-785
-1259
-1858
-2136
-2320
-2426
-2734
-3010
-3240
-3508
-3581
-3660
-3706
-3741
-3930
-3943
-4027
-3944
-3695
-3557
-3405
-3237
-3123
-3034
-2774
-2447
-2085
-1786
-1771
-1446
-1211
-897
-542
-211
143
443
761
997
1375
1664
2083
2344
2788
3317
3572
3854
4239
4499
4826
5430
6022
6125
6281
6705
6545
5671
4771
4908
6006
6984
5667
3001
2233
3405
3498
1664
510
771
648
-727
-1963
-2264
-2543
-3143
-3657
-3840
-4289
-5036
-5216
-4955
-4875
-5266
-5687
-5648
-5194
-4731
-4588
-4738
-4625
-3982
-3621
-3510
-3002
-2193
-1779
-2138
-1813
-957
-361
-134
75
512
577
753
1169
1646
1850
2092
2365
2586
2638
2556
2733
3031
3209
3211
2977
2721
2649
2673
2547
2017
1535
1189
665
245
37
-153
-796
-1515
-1800
-1970
-2304
-2755
-2962
-3238
-3663
-3787
-3821
-3962
-4173
-4175
-4138
-4157
-4215
-4129
-3709
-3579
-3451
-3224
-3008
-2692
-2297
-1943
-1765
-1492
-1261
-805
-497
-86
419
732
1059
1355
1721
2067
2521
3013
3374
3607
3954
4334
4467
4778
5171
5477
5855
6291
6589
6537
6624
6693
6293
5424
5042
5439
6248
6001
3957
2317
2749
3483
2560
961
424
505
-288
-1490
-2142
-2377
-2715
-3234
-3770
-4222
-4768
-5083
-5039
-4934
-4990
-5466
-5755
-5417
-4834
-4547
-4609
-4627
-4157
-3637
-3478
-3289
-2657
-2065
-1988
-2021
-1428
-778
-417
-69
289
563
767
935
1423
2027
2082
2163
2321
2568
2566
2690
2943
3145
2994
2666
2423
2398
2401
2131
1703
1019
572
252
-36
-383
-778
-1330
-1883
-2221
-2458
-2829
-3198
-3423
-3711
-3918
-4179
-4385
-4435
-4438
-4503
-4502
-4428
-4357
-4219
-3963
-3683
-3566
-3420
-3087
-2760
-2404
-2145
-1994
-1687
-1171
-720
-494
-243
55
443
844
1127
1441
1944
2494
2887
3106
3233
3683
4100
4455
4894
5161
5309
5626
6299
6686
6683
6709
7040
6914
6113
5386
5379
5818
6470
5825
3801
2619
3361
3871
2573
1077
765
923
7
-1271
-1749
-1940
-2407
-2942
-3362
-3826
-4268
-4359
-4154
-4321
-4835
-5035
-4821
-4492
-4005
-3779
-3826
-3844
-3295
-2770
-2569
-2244
-1545
-1058
-1189
-1120
-479
323
670
1038
1321
1433
1596
1956
2464
2814
2892
3076
3132
3225
3334
3421
3503
3499
3581
3264
2759
2585
2695
2571
2154
1556
1026
496
194
119
-133
-865
-1824
-1989
-1933
-2283
-2733
-3015
-3342
-3603
-3854
-3937
-4012
-4182
-4326
-4346
-4223
-4095
-3920
-3675
-3624
-3531
-3400
-3236
-2825
-2379
-2072
-1905
-1502
-1067
-790
-566
-56
433
728
1088
1347
1833
2173
2339
2716
3065
3406
3586
3953
4294
4749
4921
4954
5197
5636
6163
6077
6067
6493
6467
5771
5178
5157
5091
5083
5251
4367
2624
2084
2898
2772
1065
-191
-182
-172
-1196
-2326
-2455
-2496
-3166
-3960
-4369
-4586
-4542
-4494
-4542
-4941
-5237
-5092
-4729
-4352
-4098
-3960
-4094
-3801
-3176
-2718
-2498
-2309
-1638
-1268
-1493
-1187
-450
136
379
519
816
1088
1340
1738
2376
2745
2727
2682
2876
3304
3513
3612
3528
3549
3571
3318
3135
3193
3160
2627
1919
1503
1311
961
341
-197
-309
-602
-1426
-2153
-2156
-2175
-2568
-3057
-3453
-3789
-3854
-3855
-4116
-4281
-4513
-4625
-4584
-4204
-4004
-4057
-3868
-3689
-3493
-3205
-2917
-2493
-2127
-1802
-1536
-1186
-595
-178
171
504
973
1308
1591
2076
2516
2827
3011
3244
3604
3981
4238
4381
4496
4689
5049
5320
5463
5505
5707
6076
6253
6219
5777
5278
4903
4714
4560
4622
4633
3430
1890
1673
2353
1767
116
-639
-454
-784
-1978
-2719
-2770
-2811
-3617
-4439
-4636
-4754
-4671
-4750
-4804
-5005
-5241
-5192
-4826
-4481
-4191
-4200
-4317
-4029
-3308
-2915
-2722
-2096
-1588
-1607
-1836
-1404
-421
184
282
534
977
1359
1497
1782
2214
2737
2845
2699
2982
3222
3398
3345
3280
3374
3402
3116
2640
2516
2495
2162
1515
1190
927
529
16
-592
-1109
-1523
-1779
-2153
-2774
-3198
-3534
-3725
-3958
-4426
-4635
-4641
-4559
-4643
-4853
-4976
-4861
-4587
-4232
-4126
-4058
-3775
-3425
-3149
-2784
-2500
-2088
-1556
-1106
-723
-414
126
602
1062
1385
1613
1913
2239
2680
2957
3250
3439
3511
3883
4239
4403
4438
4577
4887
5181
5209
5170
5316
5698
5821
5673
5658
5912
5654
4929
4608
4586
4202
4069
4140
3053
1601
1297
1930
1621
216
-714
-552
-615
-1489
-2275
-2439
-2492
-3020
-3523
-3579
-3810
-3906
-3748
-3803
-4045
-4076
-3808
-3660
-3398
-2998
-2722
-2862
-2607
-1936
-1577
-1393
-983
-344
-85
-145
90
830
1430
1573
1689
1954
2331
2656
2856
3158
3389
3517
3462
3428
3516
3682
3686
3362
3185
3053
2724
2406
2155
1866
1495
897
414
215
-303
-807
-1280
-1866
-2499
-2722
-2973
-3546
-4181
-4489
-4526
-4837
-5280
-5513
-5491
-5408
-5485
-5473
-5381
-5282
-5100
-4766
-4425
-4206
-3866
-3574
-3119
-2717
-2391
-1995
-1554
-1090
-682
-416
-52
348
726
1065
1276
1519
1951
2168
2281
2410
2651
2913
2980
3160
3148
3173
3333
3479
3517
3409
3355
3585
3816
3750
3716
3716
3657
3810
3580
2840
2608
2509
2365
2350
2342
1268
118
103
594
283
-945
-1492
-1350
-1209
-2053
-2898
-2943
-2755
-3127
-3700
-3820
-3799
-3651
-3733
-3783
-3833
-3955
-3819
-3411
-3030
-2763
-2637
-2523
-2201
-1656
-1373
-1098
-718
-175
50
-6
243
891
1486
1674
1720
1945
2237
2463
2650
2806
3064
3172
3186
3074
3189
3238
3022
2902
2854
2680
2328
1961
1799
1534
1076
579
276
-6
-537
-1042
-1501
-1973
-2314
-2824
-3362
-3643
-3621
-3826
-4552
-4770
-4620
-4577
-4633
-4804
-4787
-4529
-4297
-4214
-4000
-3578
-3410
-3286
-2982
-2664
-2362
-1817
-1361
-1158
-892
-640
-370
160
450
598
863
1214
1432
1561
1830
2011
2236
2439
2401
2421
2630
2695
2726
2659
2663
2604
2772
2756
2535
2568
2487
2621
2629
2691
2708
2851
2715
2772
2665
2241
2037
1890
1633
1648
2129
1504
256
-151
612
750
-401
-1370
-1163
-793
-1410
-2427
-2410
-2066
-2471
-3090
-3320
-2956
-3031
-2946
-3012
-3267
-3341
-3098
-2769
-2438
-2052
-1921
-1878
-1745
-1222
-754
-690
-351
166
521
426
383
998
1458
1609
1492
1605
1946
2071
2081
2236
2323
2198
1987
1988
2078
2051
2041
1820
1589
1398
1191
934
721
572
362
-53
-545
-552
-689
-1012
-1372
-1725
-2107
-2244
-2308
-2766
-3243
-3306
-3152
-3177
-3337
-3557
-3522
-3272
-3223
-3278
-3161
-2963
-2960
-2630
-2335
-2217
-1942
-1614
-1373
-1097
-823
-608
-314
0
234
375
566
821
1053
1284
1260
1356
1642
1822
1702
1635
1687
1788
1898
1779
1792
1678
1660
1720
1710
1599
1495
1600
1702
1698
1607
1655
1921
2250
2426
2232
2370
2880
3088
2467
2138
2216
2503
2413
2198
2232
1511
1003
1004
1346
1077
302
-165
40
-95
-831
-1151
-1106
-928
-1302
-1864
-2043
-1905
-1753
-1638
-2008
-2248
-2067
-1777
-1641
-1683
-1496
-1416
-1489
-1441
-1130
-784
-679
-601
-280
-229
-463
-345
161
446
292
312
331
610
783
825
1046
1070
1143
1158
1060
1112
1199
1243
1097
1016
1097
875
698
638
573
390
125
-170
-277
-438
-726
-952
-1070
-1339
-1764
-1691
-1643
-1786
-2072
-2297
-2340
-2349
-2296
-2128
-2275
-2562
-2442
-2110
-1940
-1865
-1860
-1730
-1625
-1384
-1241
-1109
-814
-760
-732
-732
-610
-474
-237
-121
-111
-56
-65
-76
143
152
280
330
232
351
386
365
509
500
550
597
586
705
767
840
868
981
1073
1192
1293
1473
1735
1940
2025
2168
2471
2913
3159
3195
3327
3323
3207
3087
3214
3523
3949
3596
2723
2358
2804
3080
2184
1412
1378
1505
923
262
-47
1
-300
-1050
-1489
-1722
-1732
-1849
-2011
-2329
-2716
-2833
-2852
-2684
-2470
-2417
-2568
-2606
-2336
-2092
-2015
-1847
-1500
-1265
-1251
-1291
-823
-367
4
141
101
495
721
894
1050
1399
1612
1809
1757
1717
2035
2091
2176
2175
2072
2024
1755
1779
1950
1820
1527
1218
1031
809
562
332
152
-79
-362
-686
-914
-1049
-1165
-1266
-1491
-1812
-1784
-1838
-2001
-2003
-2145
-2170
-2190
-2238
-2308
-2193
-2086
-2168
-2056
-2114
-2154
-2030
-1900
-1741
-1670
-1587
-1359
-1350
-1248
-1013
-929
-768
-647
-618
-417
-223
-148
80
146
150
376
510
679
782
816
1041
1076
1156
1296
1526
1663
1657
1702
1868
2119
2408
2545
2615
2921
3093
3153
3305
3686
4037
4193
4155
4069
3899
3628
3484
3586
4158
4012
2703
1939
2363
2885
1908
682
424
836
439
-772
-1206
-1006
-1115
-1890
-2389
-2459
-2280
-2368
-2647
-2824
-3064
-3131
-3079
-2903
-2487
-2221
-2217
-2262
-1971
-1525
-1403
-1174
-749
-392
-453
-595
-305
412
791
752
752
1020
1449
1630
1633
1864
2132
2188
2140
2196
2312
2480
2466
2333
2305
2237
2097
1941
1904
1755
1411
996
799
624
442
111
-173
-391
-736
-1114
-1476
-1577
-1659
-1839
-2157
-2665
-2915
-2736
-2812
-3195
-3256
-3166
-3343
-3431
-3332
-3194
-3047
-2984
-3026
-3033
-2713
-2560
-2510
-2237
-2138
-2146
-1792
-1553
-1357
-1152
-981
-841
-563
-225
-124
13
241
486
689
760
762
909
1165
1261
1288
1404
1502
1568
1597
1633
1647
1795
1752
1750
1902
1879
1865
1886
2047
2071
2008
2115
2424
2507
2322
2470
2712
2939
2617
2094
1966
2106
2426
2590
2173
1305
855
1301
1687
872
117
5
347
211
-722
-1088
-833
-852
-1443
-1868
-1957
-1756
-1615
-1704
-1862
-2053
-1956
-1909
-1842
-1672
-1399
-1399
-1455
-1279
-1070
-885
-772
-516
-139
-101
-319
-85
441
684
768
783
947
1188
1243
1355
1548
1825
1878
1848
1882
1936
2017
2152
2180
2072
2020
1881
1780
1746
1571
1334
1065
826
558
367
103
-130
-289
-512
-959
-1089
-1189
-1402
-1616
-1858
-2098
-2379
-2351
-2262
-2305
-2509
-2612
-2541
-2491
-2439
-2370
-2254
-2043
-1816
-1794
-1663
-1516
-1282
-978
-832
-591
-499
-244
-100
51
256
435
571
649
914
1082
1146
1136
1250
1288
1263
1301
1363
1221
1145
1078
996
1021
895
908
636
599
453
371
488
458
556
433
486
564
787
907
1104
1338
1493
1732
1958
2200
2583
2810
2691
2618
2647
2863
3243
3860
3612
2601
2216
2781
3270
2464
1490
1597
1915
1473
533
89
432
475
-339
-1046
-1182
-1244
-1192
-1397
-1743
-2102
-2416
-2310
-2348
-2339
-2228
-2328
-2348
-2332
-2255
-2253
-2128
-1649
-1346
-1438
-1574
-1310
-690
-323
-267
-79
158
559
797
1038
1396
1615
1861
1948
1947
2128
2283
2422
2455
2548
2346
2099
2051
2040
2103
1886
1573
1240
1046
838
575
328
222
-86
-473
-876
-1041
-1052
-1224
-1608
-1840
-1951
-2044
-2222
-2232
-2037
-2011
-2243
-2458
-2255
-1904
-1776
-2002
-1946
-1703
-1511
-1420
-1452
-1296
-1115
-988
-926
-880
-721
-525
-340
-297
-258
-238
-184
17
-94
-30
-39
-63
101
79
2
-43
17
24
-24
-66
-14
29
68
156
154
217
480
437
502
656
908
1087
1079
1366
1707
1942
2041
2222
2673
2966
3136
3253
3583
3947
3742
3174
2794
3276
3972
4136
2984
1730
1963
2728
2322
965
260
543
593
-408
-1504
-1623
-1335
-1755
-2599
-3078
-3161
-3102
-3167
-3200
-3388
-3664
-3658
-3556
-3373
-3143
-2915
-2881
-2697
-2516
-2256
-2104
-1755
-1079
-819
-808
-843
-249
429
662
711
913
1287
1458
1509
1755
2147
2359
2274
2264
2356
2391
2509
2526
2518
2387
2104
1857
1735
1798
1664
1296
924
688
338
-26
-298
-466
-623
-961
-1434
-1723
-1827
-1902
-2067
-2259
-2415
-2521
-2597
-2712
-2503
-2349
-2364
-2482
-2628
-2368
-2057
-1914
-1999
-1944
-1717
-1608
-1464
-1245
-1064
-854
-757
-707
-635
-435
-121
-23
67
226
388
461
553
696
850
824
849
892
968
1198
1075
1082
1054
1054
1029
1004
1120
1145
970
757
698
832
866
677
628
574
570
564
618
613
679
887
923
973
934
988
1303
1654
1699
1686
1880
2540
3165
2381
828
948
3830
4885
1747
-744
1083
3929
2920
-228
-600
1581
2016
-40
-1326
-406
359
-450
-1444
-1796
-1817
-1650
-1433
-1517
-1870
-2136
-2303
-2335
-1853
-1273
-1449
-1824
-1577
-833
-763
-1443
-906
504
776
-369
-783
356
1310
1125
619
933
1457
1362
1294
1563
1889
1847
1748
1620
1525
1459
1407
1505
1454
1342
942
455
435
607
462
-128
-623
-598
-725
-1167
-1489
-1532
-1447
-1758
-2338
-2628
-2387
-2250
-2403
-2691
-2726
-2529
-2593
-2672
-2422
-2043
-2026
-2051
-1919
-1487
-1209
-1175
-1110
-811
-502
-531
-672
-245
200
224
279
103
237
421
582
506
452
430
491
437
308
303
282
97
-202
-365
-335
-452
-650
-600
-667
-887
-1199
-1194
-964
-969
-1246
-1304
-1171
-1076
-1221
-1187
-966
-855
-823
-946
-741
-569
-441
-248
-213
-6
51
12
239
475
666
635
731
859
1043
1045
1037
1200
1388
1323
1147
1287
1437
1557
1560
1348
1041
1047
1478
1519
1022
668
848
1000
776
518
286
309
314
200
37
-102
-122
-5
-38
-326
-493
-338
-160
-162
-285
-300
-399
-276
-141
2
-88
-372
-252
-148
-234
-379
-329
-293
-183
-261
-357
-350
-377
-353
-341
-347
-490
-509
-413
-395
-350
-367
-283
-178
-231
-312
-214
-145
-108
-80
-139
-140
-24
36
-44
13
-38
-83
2
-140
-64
3
-127
-201
-194
-327
-364
-379
-438
-435
-533
-684
-748
-740
-636
-631
-904
-1125
-1228
-1158
-1254
-1164
-1295
-1428
-1583
-1603
-1459
-1592
-1638
-1557
-1605
-1628
-1669
-1746
-1496
-1300
-1408
-1439
-1233
-1036
-879
-822
-792
-652
-440
-339
-254
-89
1
113
204
272
314
512
690
683
750
813
882
931
960
1226
1412
1342
1366
1447
1632
1619
1480
1657
1856
1944
1775
1591
1577
1476
1426
1256
1370
1199
739
502
630
690
379
132
-51
-47
-87
-272
-455
-457
-408
-619
-756
-665
-698
-537
-592
-603
-526
-445
-439
-437
-198
16
32
-39
148
345
454
492
531
686
761
710
761
1011
1076
924
937
1070
1236
1166
1141
1197
1254
1290
1110
1019
1154
1108
1008
972
937
849
707
534
442
362
87
14
-76
-130
-178
-392
-520
-624
-607
-742
-798
-798
-754
-560
-670
-813
-882
-769
-664
-608
-498
-583
-555
-460
-376
-275
-203
-95
53
101
47
3
109
252
75
92
145
250
317
335
218
214
242
253
202
226
196
247
280
109
101
182
132
102
89
116
9
-240
-218
-87
-172
-262
-261
-397
-372
-436
-496
-626
-724
-568
-457
-734
-1092
-1002
-713
-908
-1187
-1256
-1309
-1199
-1148
-1233
-1459
-1220
-1161
-1331
-1240
-1167
-1071
-1001
-823
-872
-750
-600
-500
-398
-271
-104
-133
53
254
307
361
498
530
544
572
524
662
718
674
597
593
558
585
598
555
541
451
501
517
477
385
325
268
311
211
193
145
21
77
30
-71
-295
-236
-239
-293
-423
-469
-481
-471
-524
-526
-576
-492
-483
-571
-627
-599
-581
-517
-570
-611
-415
-412
-346
-290
-214
-204
-234
-176
-145
-143
5
1
5
191
74
25
35
147
176
52
89
86
97
77
42
66
84
56
-55
-94
-114
-161
-181
-258
-296
-306
-415
-535
-587
-650
-709
-851
-875
-876
-887
-964
-1025
-967
-932
-820
-923
-868
-949
-954
-770
-881
-760
-602
-483
-395
-329
-253
-88
88
301
349
446
625
706
818
923
1137
1226
1296
1458
1528
1652
1899
1974
1973
1680
1539
1904
2216
1873
1311
1213
1448
1440
1091
729
657
564
488
240
-63
-127
-181
-381
-684
-884
-903
-954
-991
-1043
-1163
-1289
-1290
-1086
-964
-846
-992
-904
-723
-568
-509
-502
-206
13
-55
-4
85
305
527
549
490
393
489
615
617
653
620
595
504
432
512
437
330
306
326
207
130
22
-55
30
-117
-249
-353
-369
-402
-399
-451
-492
-489
-543
-403
-378
-300
-235
-290
-261
-237
-190
-263
-145
-108
28
-3
-174
-158
-110
-42
25
-53
-184
-179
-123
-226
-305
-367
-387
-363
-508
-550
-575
-432
-379
-367
-454
-554
-468
-339
-356
-234
-195
-165
-99
-42
-48
127
311
250
262
250
396
536
558
614
536
550
605
731
700
744
782
789
774
738
695
727
712
591
592
473
313
233
108
112
-11
-311
-359
-448
-564
-501
-596
-663
-734
-793
-892
-886
-863
-933
-970
-1051
-1082
-1002
-949
-920
-895
-823
-782
-712
-587
-526
-460
-339
-288
-260
-199
-132
-4
79
126
181
175
194
200
234
221
298
253
411
310
230
229
173
192
106
-37
-135
-58
-128
-249
-270
-222
-321
-435
-545
-626
-545
-485
-630
-659
-710
-697
-836
-766
-785
-747
-706
-778
-844
-872
-757
-743
-790
-780
-675
-556
-535
-653
-577
-461
-407
-509
-525
-446
-410
-388
-379
-361
-430
-258
-189
-233
-132
-125
-128
-87
8
-61
-117
-171
-149
-143
-151
-125
-167
-188
-319
-376
-394
-431
-484
-531
-553
-533
-496
-555
-681
-610
-583
-683
-736
-734
-766
-757
-746
-857
-896
-865
-932
-903
-888
-926
-961
-998
-984
-922
-1094
-1094
-969
-1051
-988
-1055
-993
-920
-929
-1052
-888
-931
-954
-799
-908
-788
-690
-707
-646
-478
-609
-569
-389
-483
-472
-389
-336
-184
-243
-228
-178
-125
0
-170
-95
-13
72
96
1
87
228
301
166
242
173
162
274
292
350
286
227
190
128
176
69
30
-90
-160
-236
-300
-330
-456
-583
-686
-610
-651
-696
-842
-891
-790
-765
-883
-894
-862
-793
-782
-794
-691
-691
-613
-523
-346
-185
-138
-120
-36
82
137
307
395
484
624
674
747
851
924
983
1046
1040
962
978
1034
939
866
764
665
643
566
368
257
192
82
49
-27
-156
-207
-266
-408
-472
-579
-611
-619
-655
-698
-631
-648
-701
-586
-581
-528
-429
-395
-282
-199
-155
-52
-1
8
63
160
245
158
219
250
342
351
317
343
275
226
226
207
228
178
113
122
96
26
-93
-121
-145
-314
-330
-293
-386
-366
-431
-385
-444
-424
-297
-223
-248
-117
-83
-58
-29
32
15
26
72
102
170
111
185
167
360
368
341
422
252
154
168
120
-8
-121
-120
-196
-223
-294
-339
-397
-583
-618
-624
-622
-716
-845
-888
-856
-934
-931
-1051
-1114
-988
-1008
-910
-878
-756
-586
-548
-410
-378
-313
-267
-183
-40
27
163
245
320
408
446
517
609
673
670
688
778
794
708
616
648
565
506
418
346
232
187
159
57
-112
-156
-301
-402
-384
-519
-627
-654
-717
-762
-764
-693
-750
-742
-775
-781
-744
-686
-565
-486
-464
-516
-421
-437
-312
-202
-85
-16
78
94
98
271
284
261
359
377
290
281
430
453
324
309
324
279
216
219
206
126
97
18
-6
-79
-239
-256
-322
-387
-437
-474
-566
-537
-595
-633
-741
-744
-748
-691
-674
-751
-669
-688
-580
-512
-490
-621
-550
-420
-403
-278
-153
-122
-113
-21
48
39
88
203
184
192
129
73
155
201
118
189
179
75
149
117
89
60
77
27
84
8
-84
-19
-188
-248
-203
-162
-343
-368
-289
-300
-284
-257
-266
-200
-56
-123
-116
-62
52
72
33
16
179
187
68
231
310
394
388
348
345
395
488
498
416
414
513
463
482
419
333
358
253
103
111
132
101
11
3
-102
-129
-138
-266
-278
-408
-408
-453
-375
-297
-368
-429
-409
-411
-350
-354
-325
-170
-99
-29
-157
-98
-44
-9
133
209
254
241
246
284
296
330
424
392
407
371
320
377
255
247
303
239
182
65
-46
19
-96
-203
-302
-417
-450
-467
-478
-537
-482
-567
-587
-614
-660
-658
-642
-485
-558
-490
-459
-269
-121
-121
-94
18
86
161
222
192
232
374
566
499
487
658
603
641
671
543
643
615
537
526
428
460
464
317
163
153
154
87
-27
-9
-70
-210
-179
-181
-209
-301
-250
-243
-217
-294
-249
-203
-234
-330
-347
-280
-187
-70
-61
-21
11
50
70
210
238
243
227
303
375
314
342
425
402
413
354
334
458
397
337
334
297
243
96
65
78
11
-130
-148
-93
-195
-199
-417
-369
-329
-325
-323
-258
-275
-346
-258
-271
-190
-150
-75
-134
-102
16
-24
124
85
64
95
130
190
75
128
141
77
70
71
42
25
46
58
-35
-134
-83
-119
-242
-169
-317
-480
-408
-484
-456
-475
-505
-571
-633
-641
-655
-679
-696
-726
-756
-729
-793
-771
-769
-734
-639
-574
-625
-656
-698
-621
-423
-418
-397
-363
-381
-292
-267
-266
-244
-217
-153
-223
-227
-258
-303
-297
-216
-265
-338
-300
-315
-312
-288
-187
-182
-319
-269
-196
-133
-88
-237
-321
-240
-281
-329
-365
-289
-213
-303
-244
-240
-97
-118
2
41
45
-16
165
212
52
189
202
255
330
322
293
328
324
323
348
456
394
458
393
255
273
355
332
416
441
428
418
457
457
375
370
372
439
419
372
284
249
309
337
253
255
299
308
294
302
272
301
342
441
442
396
312
388
580
457
540
590
535
521
564
510
621
613
510
583
609
558
458
465
459
393
410
328
353
344
222
109
100
100
178
117
50
-24
98
167
21
41
-5
57
22
28
-9
73
16
41
159
96
138
67
51
134
43
106
127
151
140
184
179
229
232
197
282
218
266
186
169
71
176
159
90
90
83
116
39
33
-20
-60
-72
20
27
15
21
80
66
7
-93
-122
-78
-27
52
81
99
62
75
102
210
116
65
103
143
89
71
95
119
166
110
-28
34
62
-8
-16
-48
-109
-29
-32
-168
-175
-240
-230
-225
-309
-306
-381
-379
-279
-243
-295
-273
-271
-284
-187
-130
-177
-203
-219
-122
-79
-30
48
7
112
192
203
217
307
422
460
552
532
478
497
454
496
379
432
399
431
423
322
399
322
207
219
247
174
81
112
34
-26
-73
-111
-163
-109
11
-101
-106
-169
-77
-77
-186
-168
-194
-298
-210
-150
-138
-166
-133
-56
-74
-160
-178
-124
-135
-42
-67
-52
-55
-144
-38
12
32
26
107
8
-45
112
35
-80
-91
-153
-104
-95
-134
-85
-152
-171
-181
-270
-275
-297
-363
-356
-343
-246
-261
-264
-297
-312
-304
-382
-416
-401
-357
-379
-386
-273
-274
-252
-224
-216
-225
-291
-311
-273
-242
-243
-219
-247
-220
-220
-190
-144
-134
-134
-191
-146
-215
-209
-163
-139
-100
-128
-52
-91
-164
-82
-29
-89
-98
-78
-19
-94
-79
-47
92
109
-24
25
16
23
-83
48
80
-2
32
14
103
160
208
219
259
235
315
342
333
406
324
302
330
321
277
262
382
261
249
244
230
297
339
320
246
294
306
329
332
366
311
261
305
288
237
270
260
283
234
188
127
246
216
217
147
207
328
223
229
255
215
262
229
227
387
316
388
304
374
477
424
404
379
436
309
283
292
338
323
300
413
399
357
359
364
403
329
470
357
297
312
326
262
142
238
130
162
202
276
253
171
