204
49
-11
21
-2
13
110
140
51
88
91
84
-9
-69
21
13
-46
-17
-68
-16
80
77
-9
-91
-37
-61
-32
-54
-101
-119
-18
25
24
-19
-10
8
61
36
-34
14
71
79
27
34
129
110
-48
-48
-63
-134
-104
14
41
-26
17
48
-42
-1
90
54
46
48
9
-36
-42
-23
-10
65
108
59
-60
-6
21
29
-86
139
59
-25
-79
-114
-82
-85
10
-43
24
2
-4
-100
-83
-69
-93
-56
-109
-165
-136
-132
-32
-68
-101
-143
50
52
87
112
-76
-103
-40
-94
-117
-27
-124
-156
-119
-89
-60
-37
-94
-93
-90
-32
-82
-132
-161
-153
-121
-134
-166
-183
-217
-219
-152
-72
-154
-167
-188
-260
-181
-75
-135
-183
-145
-275
-229
-213
-269
-123
-169
-283
-319
-366
-352
-290
-273
-273
-344
-283
-254
-382
-331
-393
-404
-399
-320
-329
-295
-100
-192
-220
-184
-205
-181
-134
-223
-174
-220
-312
-225
-286
-220
-143
-135
-118
-99
-105
-148
-101
-45
-38
-156
-181
-113
-165
-108
-123
-119
-105
-192
-184
-167
-145
-170
-79
-10
-76
-104
-69
-60
-99
-123
-153
-174
-81
-108
-61
-5
-55
-71
-154
-101
-49
-73
-94
-30
56
-6
-53
-55
119
59
-80
-117
-141
-118
-66
-77
-36
-1
-34
31
-21
38
9
20
57
7
95
-43
-85
-7
-53
-62
-130
-104
-66
-98
-90
-49
55
-25
-50
-73
-44
19
-61
-35
-65
-4
17
-28
-72
-46
-33
-141
-42
-176
-188
-128
-182
-153
-184
-89
-140
-111
-54
-64
84
63
113
76
-56
25
38
-15
9
66
50
50
63
17
11
121
71
116
78
23
-20
-22
62
34
-31
42
30
-97
-51
13
17
-51
-103
-49
0
-8
-14
-151
-129
-142
-143
-100
-88
-64
-145
-113
-131
-68
-123
-149
-143
-225
-230
-176
-256
-249
-228
-237
-257
-173
-14
-54
-47
-163
-140
-120
-141
-151
-104
-102
-129
-155
-142
-209
-205
-104
-247
-233
-198
-247
-132
-149
-72
-107
-117
-111
-115
-65
-111
-36
-129
-97
-71
-116
-7
-53
45
-65
-116
-84
-181
-229
-184
-210
-201
-29
-102
-106
-185
-114
-34
-68
21
80
24
-6
-7
48
27
54
81
42
36
8
-79
9
-546
-787
-183
67
281
74
-6
25
-77
-50
66
52
-80
-114
-24
-14
-116
-38
71
68
195
562
-68
-425
313
87
23
-30
-118
-105
-262
-189
-105
-64
-143
-81
-75
-178
-288
-157
-353
-312
-732
-1500
-480
-164
288
461
362
-38
-485
99
-284
330
789
784
776
630
565
-421
-751
-269
12
207
-222
-972
-870
-723
-931
-751
-1040
-770
-461
-233
-158
-1328
-969
-1286
-1161
-376
-842
-80
75
-249
135
-305
-174
-68
-113
-246
-583
-323
-414
-1168
-936
-1339
-1346
-542
-902
-710
-505
-629
-758
-555
-611
-452
-281
-119
-211
75
-217
-426
-312
-454
-142
-106
277
-132
-269
-48
-127
-289
-195
-411
-286
-49
-182
-251
-88
-230
-534
-504
-487
-234
-299
-131
-210
-133
-151
-267
-167
140
-177
-159
211
-89
20
-15
-61
-219
-16
-235
-41
-66
-229
68
-85
-236
-67
47
-205
-89
12
-42
143
202
-4
169
21
84
52
119
188
112
166
-25
70
26
19
-6
-72
206
126
-123
83
160
153
-77
8
136
276
384
293
144
57
290
147
107
239
193
230
345
240
124
159
247
43
-17
141
-141
-8
232
16
-150
133
47
91
182
229
283
307
503
321
16
190
64
-24
449
356
265
307
413
207
317
275
377
115
287
546
333
471
558
325
320
615
537
621
490
420
699
579
427
528
277
485
612
496
558
317
353
448
407
458
479
287
359
454
41
250
406
349
364
174
180
175
-17
207
394
356
471
391
268
215
104
50
138
364
454
379
417
299
-55
-130
48
12
141
358
172
125
123
-7
-102
-126
-91
-62
17
-101
-127
-78
-140
-187
-131
-158
-234
-437
-391
-408
-446
-441
-498
-484
-543
-675
-649
-594
-568
-445
-416
-412
-356
-375
-374
-278
-309
-182
-54
7
-83
-143
-228
-271
-63
227
404
435
455
265
275
498
587
822
1211
1214
1190
1238
1279
1289
1381
1656
1892
1926
2111
2028
1965
2061
2119
2358
2529
2667
2694
2739
2828
2899
3042
3114
3225
3460
3657
3839
3885
4018
4373
4371
3791
2954
2318
2584
2800
2498
2067
1591
832
270
-34
-29
-307
-885
-1180
-1491
-1559
-1875
-2268
-2414
-2463
-2373
-2265
-2109
-2129
-2088
-2124
-1908
-1442
-1130
-1050
-1079
-913
-715
-621
-533
-470
-352
-178
-142
-152
-274
-489
-652
-770
-864
-859
-764
-988
-1170
-1503
-1587
-1692
-1649
-1611
-1604
-1613
-1691
-1601
-1618
-1439
-1354
-1097
-1017
-908
-669
-575
-509
-428
-201
-12
62
101
225
398
488
506
523
596
757
797
988
1174
1184
1246
1360
1506
1649
1827
1857
1966
2222
2401
2510
2667
2793
2967
3223
3569
4157
4397
4333
4426
4830
5155
5517
5643
5041
3402
1867
2222
3422
3544
2570
1582
460
-824
-1500
-1379
-1287
-1788
-2508
-2948
-2905
-3169
-3659
-4230
-4254
-3807
-3215
-2669
-2359
-2390
-2811
-2657
-1849
-1070
-614
-516
-308
141
563
783
683
811
841
766
965
1298
1214
329
-248
-357
-490
-552
-757
-1325
-1758
-2176
-2459
-2611
-2825
-3234
-3510
-3512
-3462
-3484
-3584
-3523
-3521
-3416
-3297
-3139
-3043
-2949
-2680
-2441
-2163
-1930
-1941
-1910
-1722
-1472
-1360
-1326
-1127
-909
-943
-851
-850
-736
-737
-783
-609
-442
-312
-171
-87
-56
169
362
609
653
845
1093
1441
1828
2168
2295
2371
2533
2918
3337
3419
3556
3785
4128
4376
4516
4387
4530
5040
5375
5483
5695
6027
6226
5921
4170
2203
2182
3395
3707
2832
1952
862
-614
-1843
-1931
-1350
-1657
-2532
-3152
-3177
-3333
-3997
-4491
-4607
-4271
-3726
-3097
-2674
-2569
-3007
-3229
-2619
-1666
-1083
-995
-892
-496
-62
140
260
410
553
586
606
941
973
560
32
-303
-212
-338
-692
-1132
-1523
-1945
-2188
-2370
-2529
-2799
-2997
-3198
-3289
-3097
-3165
-3155
-3217
-3119
-3026
-2872
-2423
-2353
-2196
-2027
-1924
-1723
-1526
-1387
-1114
-866
-830
-758
-675
-514
-429
-507
-423
-313
-328
-284
-222
-198
-94
-120
-34
142
333
383
586
588
541
841
1100
1368
1721
1927
2137
2326
2628
2784
2856
2896
3035
3357
3609
3958
3985
3891
3817
3746
3877
4082
4219
4330
4407
4475
4672
4894
5146
4543
2896
1632
1769
2856
2959
2235
1693
771
-337
-1256
-1251
-1132
-1559
-2067
-2129
-2020
-2395
-3252
-3895
-4233
-4204
-3712
-3069
-2511
-2565
-3020
-3375
-3093
-2628
-2221
-1934
-1599
-1045
-656
-538
-530
-450
-426
-408
-98
437
755
596
253
12
-147
-208
-234
-209
-156
-253
-423
-628
-827
-1168
-1533
-1603
-1571
-1424
-1340
-1365
-1423
-1318
-1349
-1434
-1287
-1053
-861
-751
-559
-570
-678
-658
-628
-406
-310
-403
-545
-743
-581
-622
-677
-624
-594
-479
-223
-51
-243
-195
-157
-273
-153
222
410
465
668
917
809
849
1028
1208
1258
1317
1593
1640
1756
1843
1782
1733
1787
2032
1989
1895
1823
1742
1693
1763
1868
1753
1786
1839
2129
2191
2121
2219
2403
2569
2700
3162
2994
2173
1533
1647
2192
2181
1960
1863
1413
648
211
65
-180
-673
-1032
-1167
-1276
-1384
-1650
-2145
-2709
-2986
-3132
-2850
-2494
-2378
-2439
-2479
-2217
-2145
-2207
-2161
-1975
-1705
-1344
-975
-699
-553
-756
-873
-1014
-938
-720
-479
-366
-376
-204
-289
-347
-354
-304
-424
-133
272
332
428
359
228
373
482
512
578
713
690
752
604
345
166
78
129
19
-87
-264
-384
-511
-666
-1034
-1190
-956
-1053
-1420
-1416
-1003
-954
-963
-1141
-1399
-1085
-748
-762
-841
-536
-184
-85
-233
1
116
160
516
553
403
567
790
816
773
883
1007
961
939
1128
1092
1020
993
1104
1025
866
879
902
1013
894
871
944
891
972
1044
1081
1191
1273
1468
1718
1758
1876
2148
2300
2369
2212
1810
1522
1458
1695
1748
1611
1440
1236
921
382
262
106
-222
-581
-590
-690
-857
-995
-1442
-1889
-2114
-2086
-1924
-1861
-1663
-1514
-1529
-1507
-1468
-1531
-1538
-1483
-1266
-934
-838
-679
-744
-833
-951
-981
-922
-786
-705
-747
-753
-657
-637
-668
-751
-667
-536
-621
-459
-417
-395
-444
-333
-514
-574
-235
-250
-273
-432
-505
-507
-579
-363
-247
-478
-459
-509
-878
-569
-407
-798
-1008
-813
-719
-881
-920
-903
-1128
-1253
-945
-1023
-1121
-1119
-1120
-1026
-834
-872
-892
-563
-447
-566
-425
-456
-432
-373
-317
-195
-300
-179
63
-172
-248
-170
36
378
360
384
561
417
596
692
862
1007
1164
1229
1229
1551
1658
1600
1754
2038
2086
2034
2184
2442
2516
2589
2553
2125
1654
1293
1201
1508
1443
1477
1367
1067
672
264
103
-222
-491
-702
-604
-518
-729
-856
-1171
-1596
-1732
-1681
-1489
-1272
-1194
-1305
-1369
-1347
-1454
-1510
-1488
-1359
-1105
-1057
-835
-803
-1074
-1218
-1315
-1202
-1122
-1069
-1041
-887
-913
-857
-837
-1094
-1008
-954
-977
-758
-467
-371
-412
-782
-747
-255
-423
-674
-315
-346
-558
-352
-484
-839
-958
-1014
-897
-982
-924
-749
-1168
-1308
-927
-1171
-1458
-1188
-1162
-1242
-1093
-1229
-1070
-934
-810
-918
-946
-605
-453
-509
-568
-325
-191
-116
-181
76
174
112
-117
25
279
3
-41
45
151
354
217
96
213
308
534
571
332
446
491
757
896
700
864
997
958
1050
1178
1145
1228
1358
1507
1516
1549
1775
1899
1965
1973
1774
1140
874
1079
1122
1188
1099
743
380
61
-314
-285
-462
-783
-932
-971
-947
-1015
-1396
-1670
-1678
-1666
-1590
-1476
-1325
-1343
-1498
-1584
-1483
-1449
-1559
-1635
-1454
-1202
-1043
-1180
-1446
-1438
-1296
-1469
-1169
-1078
-1207
-1277
-1123
-1026
-1269
-1100
-899
-998
-959
-644
-839
-709
-718
-627
-563
-678
-375
-346
-564
-346
-333
-621
-443
-354
-328
-412
-538
-318
-352
-417
-450
-738
-805
-416
-522
-687
-597
-442
-321
-508
-218
-518
-286
-139
-217
-320
-299
-84
-320
-98
-6
-16
-28
123
158
1
259
669
348
28
277
500
479
490
489
202
312
780
499
514
673
672
557
463
740
858
725
699
588
500
716
609
659
940
1007
1040
933
1207
1370
1413
1244
611
152
319
802
918
582
335
86
-330
-606
-567
-689
-832
-937
-963
-1216
-1360
-1321
-1790
-2054
-2008
-1784
-1659
-1577
-1682
-1901
-2034
-1948
-1782
-1732
-1663
-1572
-1475
-1276
-1241
-1266
-1443
-1558
-1347
-1108
-820
-959
-1081
-1168
-1170
-1035
-613
-682
-762
-682
-637
-323
-272
-372
-611
-481
-526
-320
-51
-484
-764
-417
-16
-283
-844
-794
-734
-719
-556
-735
-875
-956
-920
-853
-1080
-978
-753
-1028
-1024
-655
-810
-954
-938
-872
-731
-837
-892
-625
-389
-397
-466
-598
-326
-57
88
-160
-213
63
96
119
84
269
199
100
308
649
468
403
576
508
771
671
515
618
664
930
829
706
831
1005
1156
1225
1027
1258
1604
1614
1916
2014
1804
1272
608
281
684
1325
1359
887
450
-24
-495
-686
-488
-408
-682
-922
-1009
-1064
-1397
-1658
-1839
-1845
-1684
-1374
-1231
-1337
-1308
-1473
-1555
-1252
-1078
-1050
-1048
-1030
-788
-793
-813
-784
-707
-690
-736
-687
-569
-716
-948
-1093
-947
-853
-957
-819
-712
-769
-880
-1107
-995
-756
-803
-750
-707
-624
-535
-500
-609
-626
-571
-499
-645
-428
-280
-410
-626
-756
-326
-502
-926
-770
-598
-672
-853
-759
-601
-753
-712
-384
-223
-712
-768
-381
-384
-519
-88
216
116
101
125
134
184
415
482
606
709
720
765
707
907
686
799
1126
1032
1254
1109
1023
1088
1278
1328
1039
1340
1649
1725
1625
1663
1792
1941
1971
2175
2550
2869
3217
2978
2114
1236
1042
1753
2586
2566
1844
1074
511
-55
-96
194
275
-120
-611
-846
-1129
-1357
-1721
-1998
-2090
-1887
-1531
-1495
-1783
-2113
-2307
-2254
-1724
-1349
-1300
-1513
-1677
-1601
-1504
-1437
-1285
-1035
-917
-1008
-1137
-1119
-1137
-1371
-1437
-1138
-912
-860
-998
-1276
-1513
-1459
-1231
-855
-635
-615
-682
-753
-798
-749
-485
-321
-206
-61
-179
-356
-452
-583
-502
-359
-314
-183
-254
-549
-802
-773
-850
-888
-668
-601
-618
-1038
-1224
-1163
-1096
-969
-675
-517
-564
-523
-608
-503
-209
184
496
476
509
626
602
548
860
1280
1413
1633
1826
1742
1422
1583
2024
2320
2590
2818
2675
2556
2632
2796
2896
3230
3646
3727
3499
3501
3659
3747
3954
3291
2052
1452
2233
3288
3070
1906
753
60
-210
-205
137
193
-536
-1687
-2102
-2035
-2096
-2224
-2573
-2761
-2840
-2620
-2515
-2554
-2688
-2715
-2443
-2008
-1539
-1473
-1675
-1745
-1430
-967
-822
-814
-869
-852
-679
-732
-738
-857
-956
-1052
-997
-959
-984
-1233
-1482
-1459
-1431
-1432
-1462
-1479
-1612
-1622
-1632
-1386
-1174
-1001
-990
-1031
-904
-844
-608
-537
-316
-85
-123
-25
-124
-284
-239
-216
-65
-95
-287
-343
-280
-219
-420
-533
-505
-571
-490
-460
-566
-618
-445
-358
-278
-205
-170
-35
-91
238
372
558
726
818
1003
981
1059
1268
1497
1764
2020
2213
2476
2723
2826
2780
2904
3089
3441
3739
3944
4173
4145
4363
4748
5038
4909
3981
2347
1709
3030
4492
4104
2113
583
-90
-209
-195
212
205
-893
-2431
-3043
-2820
-2599
-2701
-3155
-3481
-3562
-3363
-3258
-3247
-3416
-3298
-2868
-2315
-1868
-1931
-2424
-2346
-1603
-812
-587
-853
-1014
-1082
-803
-554
-310
-167
-410
-645
-660
-628
-632
-858
-829
-888
-910
-785
-919
-1366
-1605
-1572
-1510
-1179
-1152
-1180
-1271
-1223
-1123
-997
-926
-688
-596
-405
-262
-281
-336
-454
-237
-47
15
-138
-266
-333
-281
-218
-112
-222
-477
-598
-603
-553
-411
-415
-508
-499
-397
-219
-75
35
152
264
424
727
945
964
1022
1211
1441
1615
1729
1915
2110
2236
2406
2714
3134
3315
3326
3429
3730
3951
4241
4517
4728
4855
4905
4217
2380
1249
2650
4534
4166
1898
-58
-629
-666
-441
-57
-145
-1221
-2779
-3556
-3329
-2985
-2940
-3151
-3707
-3940
-3849
-3861
-3932
-3721
-3440
-3048
-2562
-2313
-2546
-3018
-2732
-1524
-619
-609
-1164
-1334
-1170
-737
-285
-233
-382
-718
-783
-794
-524
-479
-830
-1089
-983
-921
-1012
-1161
-1328
-1447
-1454
-1429
-1230
-1349
-1437
-1421
-1304
-1011
-1009
-997
-1130
-937
-624
-479
-358
-549
-542
-540
-311
-148
-69
-124
-222
-127
73
79
86
51
-26
115
268
424
492
382
381
500
592
724
825
788
913
1111
1255
1546
1624
1794
1935
2127
2395
2526
2678
2798
2959
3142
3425
3583
3749
3904
4016
4214
4505
4721
5052
5089
5174
5048
3637
1911
1925
4077
5256
3531
1067
49
256
434
691
935
-117
-1634
-2631
-2568
-2123
-2043
-2345
-3052
-3577
-3654
-3576
-3487
-3396
-3235
-3137
-2903
-2730
-2947
-3227
-3165
-2224
-1203
-1174
-1807
-2018
-1643
-1185
-892
-686
-736
-1140
-1488
-1405
-946
-552
-695
-1116
-1522
-1396
-1239
-1282
-1298
-1318
-1230
-1187
-1301
-1321
-1326
-1219
-1044
-1018
-1071
-1244
-1328
-1162
-952
-938
-815
-910
-976
-825
-819
-608
-449
-611
-754
-901
-808
-643
-541
-484
-493
-461
-348
-277
-74
17
125
335
499
556
634
742
942
1225
1489
1813
1859
1870
1894
2178
2707
2943
2864
2895
3073
3416
3663
3764
3998
4036
4182
4434
4729
4791
4884
4837
3783
2209
1886
3650
4908
3405
753
-323
-8
369
338
242
-556
-1917
-2970
-2754
-2084
-2100
-2460
-3126
-3514
-3524
-3394
-3435
-3252
-2965
-2795
-2713
-2802
-2903
-3023
-2738
-2020
-1291
-1387
-1992
-2136
-1860
-1434
-1138
-986
-1044
-1482
-1725
-1696
-1583
-1394
-1291
-1518
-1851
-1972
-1921
-1692
-1454
-1368
-1471
-1625
-1860
-1761
-1568
-1159
-1017
-1075
-1168
-1206
-1006
-817
-486
-357
-392
-517
-478
-241
-106
10
76
-49
-164
-107
102
59
-1
-37
-12
58
99
0
-48
122
229
321
399
358
390
547
615
903
1177
1247
1221
1390
1731
2084
2347
2362
2565
2899
3280
3483
3498
3787
4178
4644
4907
4817
4871
4972
5112
4520
3246
2571
3556
4890
3953
1878
489
585
977
741
509
-129
-1298
-2268
-2496
-2234
-2245
-2640
-3130
-3525
-3755
-3781
-3769
-3760
-3556
-3234
-3070
-3252
-3452
-3533
-3241
-2497
-1872
-1786
-2068
-2481
-2407
-1759
-1220
-1152
-1449
-1819
-1879
-1689
-1436
-1237
-1292
-1536
-1829
-1889
-1794
-1816
-1776
-1703
-1723
-1825
-2054
-1953
-1677
-1381
-1227
-1334
-1432
-1462
-1216
-914
-704
-475
-494
-657
-673
-464
-55
149
79
-1
-243
-238
-108
123
30
-108
95
-80
-227
-171
71
269
279
243
270
321
395
487
754
1029
1211
1246
1373
1654
1903
2093
2312
2539
2875
3149
3234
3371
3747
4103
4302
4313
4464
4745
4879
4929
4651
3570
2606
3132
4614
4576
2485
686
628
1264
1191
726
206
-828
-1789
-2208
-1921
-1773
-2258
-2786
-3388
-3567
-3591
-3642
-3691
-3539
-3330
-3152
-3373
-3742
-3539
-3143
-2536
-1887
-1787
-2461
-2860
-2457
-1443
-918
-1116
-1629
-1969
-1778
-1448
-1072
-885
-1108
-1516
-1735
-1609
-1283
-1300
-1471
-1431
-1342
-1423
-1685
-1687
-1301
-964
-988
-1241
-1405
-1304
-1032
-549
-311
-330
-417
-593
-552
-290
165
343
172
95
-65
32
260
546
625
406
318
310
340
377
600
672
659
546
429
589
779
881
918
1087
1254
1415
1545
1757
2042
2448
2687
2804
2986
3069
3452
3843
4261
4557
4757
4759
4792
5131
5392
5016
3577
2698
3689
5258
4604
2158
486
906
1519
1227
585
-130
-1040
-1907
-2132
-1806
-2018
-2626
-3189
-3488
-3677
-3946
-3990
-3824
-3490
-3353
-3548
-3647
-3625
-3679
-3441
-2935
-2275
-2250
-2834
-3091
-2745
-1970
-1406
-1529
-1925
-2231
-2065
-1648
-1283
-1150
-1388
-1587
-1821
-1617
-1389
-1300
-1377
-1520
-1585
-1626
-1565
-1449
-1268
-1255
-1226
-1356
-1346
-1390
-1185
-871
-740
-653
-841
-964
-761
-502
-182
-181
-230
-309
-444
-277
33
285
319
286
179
118
241
427
596
578
382
243
226
433
784
823
721
729
950
1202
1530
1669
1861
1831
2150
2720
3098
3412
3283
3520
3993
4498
4810
5055
5159
5356
5622
5752
5132
4017
3585
4656
6048
5015
2661
1378
1951
2575
2151
1361
598
-268
-923
-1204
-1173
-1412
-1935
-2509
-2820
-3009
-3452
-3485
-3193
-3015
-3220
-3596
-3797
-3459
-3249
-3052
-2685
-2294
-2515
-2892
-2580
-1933
-1500
-1647
-1886
-1815
-1584
-1479
-1252
-1069
-1007
-1201
-1297
-1173
-1122
-980
-983
-1095
-1149
-1249
-1315
-1284
-1101
-975
-1004
-1062
-1127
-1072
-944
-791
-612
-585
-762
-808
-776
-526
-380
-444
-462
-409
-429
-428
-313
-233
-124
-237
-315
-373
-180
-53
91
124
-24
-99
11
220
267
299
380
537
574
708
773
1109
1343
1452
1579
1700
2153
2514
2701
2847
3147
3425
3758
4050
4254
4450
4469
4800
5198
5468
4750
3218
2598
4294
5849
4434
1765
853
2008
2554
1708
702
257
-158
-836
-1281
-1217
-1566
-1980
-2366
-2616
-2869
-3319
-3475
-3268
-2835
-2829
-3471
-3892
-3482
-2895
-2696
-2788
-2538
-2390
-2490
-2557
-2140
-1421
-1298
-1767
-2073
-1710
-1145
-1023
-1175
-1142
-991
-1114
-1179
-1057
-823
-734
-873
-884
-920
-793
-945
-714
-372
-368
-668
-865
-759
-476
-207
-261
-431
-526
-539
-438
-310
-146
-84
-237
-379
-464
-369
-221
-174
-109
-172
-415
-422
-484
-347
-365
-386
-407
-589
-541
-405
-249
-280
-343
-319
-153
-72
152
475
667
776
880
1059
1425
1769
2067
2250
2490
2697
3059
3356
3667
3973
4248
4567
4617
4755
4965
5238
4949
3731
2857
4030
5649
4797
2320
1211
2180
2718
1856
895
536
105
-626
-1150
-1124
-1278
-1758
-2110
-2346
-2716
-3276
-3369
-3150
-2663
-2565
-3203
-3606
-3382
-2633
-2319
-2515
-2566
-2384
-2294
-2472
-1983
-1440
-1277
-1367
-1448
-1411
-1506
-1108
-653
-506
-630
-822
-983
-760
-332
-122
-307
-528
-560
-541
-415
-235
-102
-106
-91
-207
-215
-119
50
214
170
47
-31
-123
-54
106
130
49
47
-67
-232
-191
-221
-328
-497
-475
-504
-587
-592
-493
-496
-560
-737
-857
-752
-487
-506
-483
-547
-482
-194
-32
155
313
647
795
960
1144
1521
1892
2056
2343
2571
2777
3143
3351
3701
3938
4238
4408
4495
4761
5064
5278
5369
4828
3498
3163
4817
6106
4312
1885
1565
2724
3041
1853
925
639
220
-517
-1010
-1061
-1496
-1930
-2294
-2695
-3116
-3513
-3508
-3095
-2763
-3089
-3791
-3929
-3397
-2928
-2872
-2898
-2652
-2616
-2638
-2559
-2019
-1666
-1473
-1503
-1564
-1555
-1504
-937
-571
-456
-690
-1069
-921
-465
-103
-147
-376
-457
-394
-403
-399
-239
-96
-90
-277
-501
-449
-308
-197
-102
-331
-663
-638
-577
-350
-165
-374
-627
-745
-847
-799
-702
-489
-691
-1006
-1072
-1024
-899
-962
-979
-958
-995
-1031
-1098
-954
-765
-711
-507
-506
-519
-448
-130
168
256
319
520
685
938
1224
1534
1732
1911
2200
2256
2487
2896
3186
3640
3840
3727
3796
4287
4720
4822
4982
5126
4556
3401
3463
5122
5930
4039
1898
1945
2922
2840
1935
1365
1078
368
-292
-692
-934
-1087
-1360
-1785
-2316
-2808
-3051
-2960
-2563
-2422
-2959
-3697
-3711
-3095
-2687
-2673
-2786
-2673
-2585
-2888
-2873
-2056
-1431
-1458
-1843
-2055
-1645
-1207
-978
-729
-645
-768
-877
-767
-478
-227
-261
-387
-287
-182
-241
-213
-2
228
113
-129
-264
-183
45
73
-16
-152
-227
-401
-427
-283
-403
-569
-660
-699
-794
-907
-837
-795
-841
-1052
-1187
-1163
-1243
-1231
-1255
-1259
-1222
-1129
-1027
-956
-884
-836
-834
-671
-497
-296
-79
156
403
488
768
866
978
1270
1643
1791
1993
2381
2673
2898
2983
3255
3555
3821
3956
4167
4367
4468
4783
5005
5221
5096
3844
3130
4265
5779
4786
2425
1702
2509
3036
2348
1437
1010
664
24
-488
-592
-697
-955
-1434
-1796
-2183
-2584
-2689
-2491
-2150
-2369
-2970
-3413
-3020
-2384
-2304
-2660
-2674
-2519
-2558
-2519
-2202
-1746
-1508
-1624
-1792
-1835
-1702
-1262
-841
-711
-862
-961
-1034
-674
-342
-208
-142
-257
-310
-334
-264
-72
64
120
-116
-325
-346
-238
-86
-278
-419
-516
-579
-588
-538
-547
-509
-581
-663
-823
-929
-812
-727
-790
-958
-999
-953
-1058
-1062
-977
-1008
-1083
-1120
-1081
-1057
-950
-790
-603
-646
-758
-505
-198
48
131
185
386
522
807
1087
1328
1627
1676
1989
2304
2489
2666
2728
2905
3160
3488
3676
3857
4140
4300
4352
4436
4634
4864
4137
3005
2894
4577
5347
3437
1532
1582
2549
2425
1390
902
697
223
-400
-664
-724
-1063
-1452
-1793
-2087
-2590
-2853
-2813
-2406
-2337
-2758
-3411
-3442
-2757
-2527
-2698
-2894
-2578
-2371
-2502
-2487
-2009
-1685
-1764
-1817
-1626
-1476
-1401
-1180
-914
-731
-760
-818
-803
-539
-278
-124
-203
-304
-336
-315
-243
-39
-31
-120
-248
-290
-135
-106
-43
-35
-50
-220
-236
-220
-142
-134
-284
-456
-539
-677
-739
-559
-527
-690
-806
-808
-844
-799
-786
-812
-834
-721
-717
-723
-604
-515
-369
-226
-99
-30
22
160
262
410
652
793
900
1129
1466
1720
1858
1990
2251
2530
2754
2970
3102
3212
3452
3690
3748
3863
4024
4273
4437
4523
4659
4748
4799
3756
2699
3428
5154
4540
2091
1022
1864
2566
1771
877
554
349
-178
-706
-806
-1100
-1435
-1704
-1998
-2420
-2970
-2996
-2665
-2389
-2478
-2974
-3411
-3152
-2536
-2400
-2603
-2485
-2229
-2179
-2257
-1901
-1316
-1336
-1620
-1685
-1472
-1092
-889
-933
-897
-908
-952
-1029
-845
-481
-460
-580
-677
-593
-545
-547
-422
-322
-253
-497
-565
-452
-403
-312
-356
-507
-616
-645
-673
-527
-538
-650
-808
-851
-894
-965
-868
-811
-873
-946
-1051
-944
-940
-980
-980
-929
-841
-936
-930
-814
-685
-612
-699
-750
-631
-528
-378
-293
-220
-63
51
274
454
623
784
820
1123
1362
1531
1795
2034
2278
2370
2620
2849
3037
3165
3383
3664
3937
3911
3819
4002
4523
4795
4701
4028
2901
2711
4296
5289
3642
1508
1258
2395
2361
1393
771
470
249
-281
-842
-993
-1252
-1410
-1726
-2068
-2556
-2815
-2671
-2397
-2201
-2452
-2955
-3108
-2792
-2334
-2175
-2420
-2256
-2182
-2349
-2149
-1583
-1166
-1236
-1557
-1436
-1130
-916
-785
-721
-397
-369
-656
-665
-397
-155
-29
-148
-292
-324
-183
-265
-197
1
-49
-280
-432
-289
-273
-100
-82
-298
-478
-432
-401
-300
-301
-522
-642
-735
-747
-723
-710
-642
-704
-839
-906
-1095
-1087
-955
-823
-962
-1105
-1182
-1060
-939
-899
-760
-829
-873
-940
-754
-508
-500
-486
-425
-125
115
262
427
639
842
993
1136
1346
1610
1879
2028
2242
2365
2437
2615
3027
3269
3265
3360
3479
3718
3913
4172
4280
4330
4523
4390
3464
2576
3381
5064
4451
2203
1089
1891
2641
2074
1201
727
168
-398
-858
-908
-1098
-1505
-1872
-2205
-2551
-2952
-2968
-2659
-2284
-2576
-3252
-3635
-3269
-2646
-2539
-2652
-2525
-2379
-2396
-2371
-1922
-1369
-1265
-1413
-1507
-1378
-968
-738
-570
-467
-472
-447
-378
-35
50
93
137
-8
-62
20
175
382
454
348
236
262
322
412
453
399
267
50
-29
35
47
-26
-78
-224
-338
-505
-488
-536
-506
-574
-890
-954
-955
-896
-880
-1062
-1124
-1143
-1293
-1267
-1232
-1164
-1096
-1107
-1175
-1133
-868
-679
-555
-563
-464
-405
-99
202
400
646
762
917
1123
1274
1500
1778
2016
2260
2353
2405
2612
2848
3021
3276
3470
3457
3482
3631
3992
4192
4219
4266
4484
4699
4854
4182
3027
2985
4464
5157
3318
1458
1527
2399
2275
1230
453
81
-200
-808
-1198
-1344
-1658
-2007
-2404
-2905
-3210
-3323
-3329
-3130
-3041
-3376
-3783
-3689
-3165
-2838
-2926
-2845
-2648
-2443
-2373
-2216
-1671
-1259
-1213
-1204
-1061
-674
-532
-369
-47
148
228
128
118
572
948
818
545
496
662
842
856
831
857
782
600
490
486
503
471
305
147
-68
-186
-131
-137
-290
-446
-620
-800
-951
-962
-1006
-1108
-1376
-1442
-1433
-1464
-1468
-1533
-1487
-1497
-1577
-1621
-1508
-1232
-1340
-1326
-1167
-1220
-1173
-924
-637
-517
-419
-371
-268
-1
359
502
633
939
1124
1260
1327
1639
1924
2048
2201
2392
2641
2783
2957
3137
3204
3310
3474
3559
3713
3890
3928
4053
3968
4252
4491
4601
4437
3250
2256
2727
4314
4060
1834
550
1110
1652
1084
123
-404
-641
-1084
-1709
-1986
-2032
-2240
-2649
-2964
-3219
-3551
-3553
-3408
-3161
-3091
-3451
-3692
-3412
-2796
-2464
-2468
-2169
-1819
-1819
-1665
-1206
-706
-354
-383
-311
-56
292
689
882
1037
1208
1132
1126
1267
1551
1586
1470
1475
1460
1447
1333
1317
1404
1356
1110
788
746
734
682
525
392
78
-99
-111
-247
-296
-475
-621
-864
-1004
-1024
-1081
-1066
-1047
-1167
-1183
-1201
-1220
-1280
-1304
-1178
-1261
-1285
-1272
-1120
-840
-793
-687
-636
-555
-412
-322
-95
76
269
154
255
504
797
960
953
1143
1397
1516
1667
1860
2021
2036
2190
2394
2448
2551
2672
2807
2956
3054
3139
3158
3141
3319
3376
3334
3388
3357
3451
3637
3577
3461
2730
1848
1989
3290
3163
1473
33
209
847
480
-220
-739
-1056
-1494
-1924
-2055
-2074
-2345
-2673
-2953
-3186
-3340
-3412
-3199
-2764
-2664
-2919
-3249
-2976
-2310
-1960
-1924
-1788
-1417
-1340
-1282
-898
-200
200
91
-60
138
568
812
923
1020
1087
1078
1053
1087
1412
1665
1451
1114
922
956
932
925
826
622
396
51
-109
8
48
-53
-308
-590
-758
-962
-903
-925
-1006
-1203
-1505
-1560
-1562
-1507
-1537
-1587
-1740
-1883
-1867
-1746
-1599
-1472
-1438
-1476
-1368
-1311
-1220
-1063
-859
-778
-798
-678
-557
-393
-226
-144
122
91
161
362
578
791
804
1016
1188
1348
1484
1510
1716
1912
1965
1995
2073
2171
2304
2463
2459
2411
2389
2418
2731
2857
2802
2621
2695
2918
3038
3069
3120
3178
3401
2775
1755
1537
2721
3684
2157
402
169
912
1121
401
-199
-638
-972
-1401
-1700
-1639
-1702
-1710
-2154
-2521
-2591
-2657
-2457
-2144
-1914
-2057
-2521
-2458
-1761
-1150
-1041
-1230
-830
-459
-567
-405
233
765
761
501
561
965
1270
1349
1377
1470
1395
1180
1178
1383
1592
1447
1143
984
856
782
752
759
726
357
-73
-281
-314
-362
-445
-716
-903
-1083
-1203
-1204
-1267
-1233
-1348
-1495
-1481
-1577
-1536
-1325
-1370
-1344
-1475
-1600
-1461
-1328
-1102
-1099
-1079
-1059
-979
-989
-846
-688
-688
-585
-575
-593
-471
-347
-255
-136
13
-15
20
161
326
401
411
526
589
610
706
872
1023
1169
1124
1148
1297
1458
1492
1466
1628
1695
1831
1989
1984
2021
2036
2238
2499
2429
2469
2585
2809
2947
3062
2829
1947
1232
1997
3277
2519
834
239
746
1125
693
31
-465
-694
-992
-1274
-1362
-1509
-1517
-1679
-2000
-2220
-2283
-2239
-2072
-1706
-1646
-1950
-2025
-1657
-1014
-823
-872
-720
-345
-173
-130
136
466
642
598
595
630
700
913
889
927
852
696
616
592
696
648
433
94
102
122
51
-16
-144
-199
-321
-378
-502
-477
-485
-701
-801
-897
-1001
-1063
-1023
-967
-1053
-982
-1145
-1140
-1129
-1101
-965
-1072
-1088
-1081
-1047
-960
-1024
-1006
-948
-1075
-1030
-960
-1080
-972
-895
-854
-816
-795
-649
-709
-625
-535
-493
-471
-346
-127
-17
72
138
160
301
567
758
856
874
915
1128
1285
1392
1457
1498
1574
1739
1929
1975
1951
2101
2291
2413
2361
2286
2491
2688
2691
2752
2741
2801
2757
2716
2696
2063
1324
1736
2987
2749
1149
301
680
1151
865
241
-157
-390
-710
-1065
-1074
-1123
-1249
-1483
-1753
-1885
-2006
-1963
-1810
-1612
-1565
-1736
-1972
-1719
-1196
-894
-987
-906
-631
-541
-518
-351
34
253
142
29
109
274
322
372
416
419
389
278
250
422
566
342
160
-67
41
39
-202
-213
-286
-425
-691
-804
-790
-781
-909
-1071
-1226
-1225
-1286
-1385
-1406
-1357
-1486
-1664
-1624
-1665
-1636
-1577
-1592
-1639
-1597
-1483
-1505
-1492
-1456
-1388
-1399
-1444
-1379
-1293
-1220
-1086
-1083
-1098
-1111
-947
-800
-830
-823
-787
-683
-631
-364
-222
-221
-261
-219
-14
93
265
323
443
644
687
795
924
1174
1234
1236
1310
1464
1578
1642
1881
1961
2142
2054
2200
2450
2462
2581
2526
2616
2655
2795
2875
2913
2993
3118
2648
1745
1494
2503
3257
2225
801
502
1046
1240
761
251
-45
-270
-660
-853
-696
-807
-993
-1208
-1393
-1568
-1632
-1575
-1347
-1110
-1212
-1527
-1494
-1256
-874
-737
-777
-497
-333
-385
-373
-1
421
458
223
115
253
398
437
448
474
533
328
259
457
632
518
391
230
190
60
24
95
150
118
-62
-263
-222
-77
-82
-161
-301
-306
-479
-441
-323
-379
-291
-389
-515
-470
-489
-470
-461
-552
-647
-689
-656
-766
-795
-830
-860
-943
-1018
-1126
-1016
-932
-1063
-1143
-1210
-1208
-1204
-1167
-1094
-960
-991
-927
-800
-653
-468
-357
-223
-185
18
88
282
495
694
927
922
1001
1200
1482
1743
1769
1790
1857
1987
2080
2161
2364
2411
2358
2409
2397
2359
2473
2401
2429
2463
2363
2420
2447
2448
2419
2455
2464
1975
1255
1042
1806
2134
1357
312
-10
391
465
-4
-353
-549
-675
-974
-1330
-1260
-1286
-1381
-1643
-1888
-1873
-1854
-1786
-1563
-1443
-1583
-1858
-1820
-1305
-1007
-1003
-1026
-841
-720
-816
-810
-332
-26
-79
-240
-331
-137
11
135
224
328
354
246
211
361
572
504
370
279
388
413
339
408
382
494
510
353
214
316
411
333
121
-38
-125
-145
-195
-226
-246
-468
-624
-678
-779
-815
-936
-1003
-1158
-1156
-1162
-1310
-1270
-1319
-1362
-1491
-1465
-1359
-1424
-1381
-1255
-1189
-1204
-1119
-991
-784
-529
-470
-392
-314
-84
116
334
403
521
751
943
1159
1180
1259
1415
1596
1623
1737
1782
1797
1913
1997
2077
2056
1905
1774
1800
1791
1748
1655
1578
1595
1471
1450
1425
1387
1303
1256
1288
1276
1355
1432
1543
1242
637
523
1031
1636
1187
308
23
320
418
70
-213
-298
-334
-613
-800
-892
-847
-880
-986
-1122
-1264
-1380
-1426
-1233
-1181
-1177
-1350
-1498
-1315
-1160
-1095
-1139
-1041
-879
-859
-849
-597
-401
-232
-265
-291
-297
-229
33
130
120
85
73
60
229
437
474
340
310
384
421
442
422
402
493
485
433
333
304
320
251
170
-19
-195
-297
-282
-287
-473
-602
-661
-813
-851
-888
-882
-875
-1076
-1092
-1140
-1102
-977
-995
-1068
-993
-1029
-940
-861
-812
-549
-594
-598
-617
-491
-404
-317
-343
-245
-165
-142
-17
-10
100
131
157
176
202
239
350
421
515
523
524
581
562
684
703
651
616
591
588
641
662
697
639
652
834
848
950
1017
1114
1157
1317
1288
1293
1643
1755
1898
1963
1920
1785
1487
1367
1728
2139
1755
1059
749
946
1067
930
609
312
48
-222
-338
-503
-556
-696
-981
-1183
-1292
-1437
-1401
-1421
-1250
-1359
-1622
-1670
-1404
-1119
-1211
-1116
-913
-811
-816
-782
-574
-240
-229
-266
-309
-137
176
329
451
538
619
571
584
808
900
910
845
906
964
959
1123
1102
1094
1067
865
834
748
603
679
535
418
324
247
193
118
73
-6
-182
-303
-344
-413
-434
-432
-509
-542
-621
-674
-667
-728
-648
-740
-755
-688
-729
-823
-848
-807
-739
-761
-741
-760
-670
-670
-780
-684
-686
-494
-604
-552
-553
-585
-516
-475
-345
-317
-156
-149
-48
-49
14
53
211
379
370
462
532
584
838
997
1062
1066
1231
1385
1390
1530
1668
1748
1793
1792
1813
1977
2045
2079
2046
2069
2175
2206
1949
1767
1663
1812
1992
1665
942
643
850
778
509
115
-109
-207
-460
-728
-872
-969
-1012
-1156
-1324
-1446
-1537
-1512
-1461
-1331
-1367
-1539
-1491
-1243
-1059
-1048
-849
-654
-589
-520
-442
-314
-137
-42
-36
-43
63
162
233
327
463
543
376
479
548
633
633
542
532
402
438
445
438
559
506
352
248
351
344
279
270
281
238
202
158
1
-128
-80
-230
-252
-289
-311
-404
-566
-662
-724
-788
-765
-854
-966
-940
-951
-913
-1019
-1047
-1114
-1118
-1105
-1109
-1189
-1181
-1077
-1059
-1017
-904
-871
-780
-659
-487
-384
-240
-72
-3
91
160
311
436
577
549
764
863
904
1012
1073
1069
1128
1187
1236
1296
1324
1308
1228
1215
1085
1172
1270
1242
1087
937
938
794
720
607
578
584
506
478
332
460
390
193
91
5
-94
-142
-77
-179
-145
-158
-188
-253
-290
-332
-395
-333
-322
-362
-371
-338
-288
-405
-480
-496
-532
-494
-497
-465
-486
-481
-508
-523
-509
-483
-433
-527
-503
-441
-413
-433
-490
-526
-537
-494
-460
-373
-279
-266
-310
-238
-267
-272
-334
-281
-192
-162
-15
-54
-171
-182
-283
-198
-226
-299
-296
-281
-384
-434
-321
-433
-478
-510
-507
-579
-602
-513
-457
-490
-633
-674
-562
-504
-448
-453
-386
-410
-387
-274
-163
-131
-128
126
198
258
320
476
602
723
769
817
876
960
1114
1261
1480
1584
1673
1816
1861
2031
2169
2236
2282
2307
2203
2095
2116
2212
2029
1645
1482
1495
1409
1089
743
585
391
209
-31
-344
-546
-705
-902
-1087
-1267
-1380
-1410
-1460
-1450
-1564
-1629
-1630
-1532
-1503
-1354
-1370
-1278
-977
-879
-809
-766
-568
-468
-381
-289
-168
-43
44
112
81
129
177
177
145
251
273
221
199
217
218
195
261
193
175
147
145
23
-66
62
-43
-116
-194
-208
-256
-378
-410
-391
-415
-388
-400
-421
-476
-483
-441
-374
-408
-402
-523
-371
-341
-442
-412
-482
-498
-491
-470
-628
-671
-595
-656
-658
-673
-698
-702
-681
-688
-790
-705
-713
-680
-677
-686
-690
-526
-501
-432
-318
-194
-130
-40
99
223
260
274
502
471
557
584
539
734
770
786
926
989
921
877
936
980
1003
929
980
922
809
752
647
598
566
485
271
241
208
49
-43
-143
-187
-300
-346
-349
-547
-510
-599
-726
-680
-837
-783
-791
-894
-782
-840
-839
-761
-666
-628
-580
-524
-538
-395
-357
-256
-229
-216
7
18
36
9
77
148
178
210
277
302
272
241
158
147
93
76
69
35
-73
-37
-6
-40
-113
-176
-209
-277
-301
-268
-344
-295
-220
-293
-325
-389
-356
-330
-287
-338
-278
-234
-224
-174
-142
-49
22
24
61
103
164
233
235
383
525
570
608
629
484
621
601
642
883
791
776
674
659
716
639
633
656
692
697
643
580
498
526
435
448
427
393
322
287
292
288
263
226
201
130
123
108
120
98
43
-51
-87
-196
-240
-249
-263
-232
-343
-278
-370
-408
-357
-532
-544
-573
-621
-551
-623
-687
-606
-673
-703
-699
-750
-730
-684
-688
-635
-687
-666
-551
-482
-557
-547
-512
-473
-418
-406
-328
-279
-184
-166
-137
-80
-33
37
-39
44
17
78
152
36
85
73
-36
-32
61
-73
-96
-128
-106
-152
-172
-148
-213
-114
-196
-301
-267
-313
-244
-139
-178
-158
-64
-42
44
26
43
97
116
266
392
280
333
431
401
507
460
540
558
535
639
610
705
743
815
797
691
791
779
817
724
680
596
543
503
404
486
452
266
237
186
-2
-54
-88
-150
-248
-179
-183
-315
-404
-473
-410
-486
-492
-532
-633
-552
-542
-629
-582
-587
-544
-584
-639
-550
-525
-574
-477
-404
-366
-479
-532
-600
-586
-551
-577
-510
-671
-632
-577
-617
-510
-541
-531
-558
-541
-429
-386
-421
-398
-290
-290
-241
-206
-84
17
56
98
135
279
443
407
411
429
429
604
613
688
746
690
655
518
593
528
430
331
348
335
141
236
227
188
55
106
52
-5
28
-41
-66
-89
-80
-164
-169
-56
-96
-162
-79
-20
30
83
69
82
154
269
371
273
402
325
250
222
360
374
314
174
80
96
103
92
-55
-82
-130
-292
-281
-278
-276
-201
-210
-278
-301
-442
-530
-515
-581
-643
-666
-701
-578
-544
-680
-683
-713
-637
-637
-673
-671
-777
-797
-819
-746
-837
-827
-754
-763
-811
-805
-816
-934
-847
-864
-855
-747
-710
-708
-675
-654
-626
-684
-683
-718
-649
-629
-648
-510
-445
-417
-411
-392
-329
-196
-210
-155
-98
-136
-46
-14
16
-22
-41
157
181
225
314
330
389
462
501
461
553
652
733
767
849
928
931
864
927
874
882
850
841
821
853
869
905
786
806
754
527
591
449
455
425
272
151
206
202
130
-111
-69
-55
-162
-200
-240
-216
-175
-161
-172
-189
-101
-142
-139
24
185
95
83
120
211
353
344
460
407
465
551
542
696
678
651
628
544
719
662
534
555
505
483
410
392
328
287
310
221
266
209
137
147
114
25
-29
-67
-50
-46
-117
-82
-54
-87
-92
-107
-141
-179
-240
-274
-360
-354
-397
-350
-348
-424
-445
-420
-505
-553
-428
-408
-489
-550
-477
-520
-521
-453
-334
-276
-353
-304
-245
-263
-131
-20
61
195
290
275
357
407
471
566
579
579
666
758
677
686
552
548
662
756
654
594
679
618
578
538
604
645
549
478
428
387
503
413
315
333
269
251
104
70
196
149
41
43
5
-23
-27
-7
-43
-19
-67
-121
-104
-228
-277
-247
-131
-213
-248
-257
-233
-173
-166
-164
-215
-163
-174
-117
17
-29
-39
64
67
65
140
78
103
172
190
158
154
119
115
345
301
153
157
162
177
119
211
90
-12
-11
-141
-150
-218
-235
-286
-349
-381
-460
-380
-446
-483
-509
-506
-508
-557
-658
-585
-569
-575
-574
-534
-554
-517
-617
-652
-601
-587
-566
-661
-678
-621
-532
-525
-505
-443
-317
-199
-36
-99
55
31
187
278
208
333
279
365
416
478
478
574
560
533
633
616
607
551
612
540
447
381
315
465
363
296
413
372
364
231
179
161
214
221
155
167
191
287
342
179
153
236
181
222
265
193
206
194
186
241
193
134
2
63
77
126
154
115
118
-31
45
31
-36
-76
-11
-69
-114
-93
-31
-42
-148
-149
-165
-143
-220
-222
-202
-61
-59
-173
-78
-73
-171
-62
-123
-230
-252
-247
-250
-155
-192
-247
-231
-265
-246
-157
-117
-41
84
27
12
-45
30
-36
35
128
124
93
-19
-29
-29
82
56
-72
-109
-38
-38
-9
-109
-190
-93
-151
-188
-180
-269
-260
-132
-136
-182
-118
-89
-150
-143
-194
-175
-85
-14
-73
-101
-77
-55
26
7
58
27
70
84
93
49
102
99
125
108
-86
-63
-44
-115
-105
-124
-283
-278
-272
-283
-384
-458
-457
-563
-506
-516
-605
-514
-544
-585
-631
-657
-647
-665
-527
-580
-548
-506
-556
-553
-456
-270
-349
-245
-176
-182
-125
-124
-17
91
126
188
126
148
142
54
127
295
218
130
213
171
174
216
150
51
186
173
159
184
83
124
135
61
-19
33
-5
95
21
-82
-96
-47
57
-44
-94
-5
125
213
271
285
346
492
324
306
423
430
487
473
551
490
509
638
593
529
534
517
481
496
502
479
405
301
353
349
292
337
312
281
366
379
291
253
232
200
178
258
172
70
94
75
100
99
31
13
52
108
20
-133
-73
-72
-157
-119
-217
-214
-145
-288
-320
-358
-383
-298
-293
-212
-282
-296
-187
-252
-369
-415
-289
-266
-212
-189
-229
-149
-175
-111
-174
-236
-218
-225
-287
-249
-260
-276
-113
-144
-101
-201
-230
-77
-11
-90
-63
38
-22
133
128
55
123
137
115
172
263
248
164
264
333
348
381
348
416
433
445
468
517
553
605
507
479
560
481
556
543
529
529
497
434
380
503
492
428
368
445
429
337
339
164
161
133
77
124
67
-10
-2
4
42
16
69
42
-48
-35
95
30
20
113
71
1
-82
34
177
184
224
171
151
255
149
104
112
87
72
38
47
52
13
86
46
42
28
-30
-94
-37
-36
-168
-103
8
-73
46
15
-36
-59
-80
31
4
50
40
5
-22
-30
17
16
-85
-49
76
12
34
84
93
93
18
40
-50
-18
47
116
130
150
185
141
15
51
70
101
188
142
120
68
82
74
8
112
155
-91
39
-41
67
88
126
220
167
213
242
446
399
355
392
445
449
490
623
651
602
695
730
818
773
690
715
822
761
807
817
702
902
886
883
867
773
699
652
598
604
473
546
623
416
314
211
206
122
17
-42
-18
-134
-301
-300
-320
-300
-331
-381
-501
-428
-370
-390
-334
-322
-317
-397
-318
-159
-189
-144
-92
-88
-50
40
-7
36
103
111
177
115
134
125
218
277
317
248
203
319
182
324
232
118
231
102
223
256
191
156
89
44
18
-31
-80
-55
-206
-240
-160
-157
-184
-226
-238
-122
-189
-184
-217
-220
-191
-159
-157
-117
-40
-143
-157
-157
-84
-40
-56
-85
-43
-152
-94
-25
-41
-2
-23
-40
26
13
99
52
82
83
117
148
89
120
28
156
142
149
123
198
218
232
306
319
302
333
386
364
305
238
242
221
220
166
178
234
226
191
254
150
133
220
178
24
-80
-79
-148
-205
-210
-254
-305
-290
-192
-234
-426
-412
-407
-396
-425
-460
-462
-480
-483
-458
-461
-496
-495
-437
-321
-302
-308
-267
-180
-103
-77
-105
-65
24
122
187
229
208
283
347
341
351
440
366
285
356
239
263
471
368
184
170
113
185
210
122
21
75
60
-28
-28
-139
-106
-195
-263
-179
-236
-191
-181
-273
-283
-232
-259
-234
-269
-299
-234
-230
-72
-127
-97
-16
23
-8
52
172
186
190
186
216
221
233
252
246
254
207
141
229
301
240
172
197
229
168
167
256
213
180
114
87
