-163
-40
-22
-47
-55
-66
-80
-131
-155
-45
-7
20
71
31
121
199
122
166
179
164
262
176
73
169
148
78
157
201
169
175
208
194
201
132
143
149
180
289
283
254
282
325
235
273
248
276
216
109
155
136
129
155
106
91
139
146
114
93
104
133
96
157
118
166
165
122
125
76
97
72
166
89
78
135
62
41
49
85
102
71
44
21
79
38
-40
45
-31
47
-49
33
121
56
68
41
69
16
-64
2
110
85
-31
20
12
15
-31
50
117
106
50
62
75
98
160
98
51
-34
49
22
19
80
24
48
-25
-87
-79
20
71
47
64
31
9
105
76
87
138
16
58
23
12
-10
14
-23
-64
61
-6
93
70
23
6
53
127
-88
-62
64
62
42
10
-9
57
37
73
36
-102
-40
-86
-23
-17
5
-115
-146
-136
-135
-86
-159
-164
-226
-119
-76
1
-40
-87
-63
-94
-88
-93
-54
-54
-99
-44
-55
-103
-16
-4
-49
-17
38
48
17
-86
-26
-30
-56
-84
-101
-100
-12
29
63
57
-53
-46
-19
43
216
77
34
61
-55
1
15
76
32
3
7
-87
-109
-34
45
-30
-83
4
25
-27
-151
-77
-20
-69
-101
-75
-56
-22
-17
-43
-46
-47
-63
-118
-184
-133
-54
-52
-71
-80
28
101
45
147
175
33
41
14
-35
-24
78
111
180
2
-101
13
15
59
39
12
111
63
141
175
86
204
164
71
112
115
162
78
85
179
28
88
87
93
97
77
61
75
12
48
50
64
104
61
81
91
163
62
8
67
80
-8
-28
-37
7
0
-19
-15
-20
46
49
-9
50
-6
-22
32
37
14
57
68
44
81
122
100
123
84
60
70
83
127
125
209
204
291
225
242
273
156
200
136
126
115
115
194
132
188
125
140
150
141
109
149
192
202
246
104
165
177
155
150
96
205
199
221
209
200
140
127
139
86
119
89
55
-51
-10
50
99
125
109
90
127
173
92
40
126
104
152
161
60
127
44
92
142
199
114
61
96
179
166
56
129
120
121
124
130
121
127
128
74
46
133
90
69
142
134
96
159
178
154
125
114
106
98
101
140
186
199
150
122
203
159
200
263
194
216
213
218
200
224
228
190
251
183
205
277
303
315
309
233
245
241
153
146
128
266
268
243
190
228
254
277
178
176
239
248
182
98
221
108
117
132
114
266
232
235
263
243
196
214
224
254
286
315
328
234
151
154
220
168
218
109
199
126
102
189
106
204
153
157
167
136
83
117
177
117
117
173
212
140
76
133
155
246
321
325
306
263
165
158
104
21
131
215
89
57
138
89
236
197
100
144
162
212
126
98
42
-24
95
113
140
131
65
98
35
139
130
25
-11
-14
24
36
62
8
30
-37
-61
-31
-68
-44
-126
-87
-28
-173
-146
-173
-196
-108
-103
-82
19
6
-75
-46
-65
-64
-9
3
-44
-173
-116
-159
-89
-137
-187
68
54
41
43
-63
-73
-106
-144
-160
-198
-221
-187
-245
-180
-61
-114
-176
-135
-88
-39
-75
-140
-137
-109
-80
-83
-2
-136
-162
-247
-216
-343
-311
-370
-328
-565
-1307
-676
-349
-135
-140
-252
-59
-203
-189
198
40
-187
-769
-984
-1142
-1546
-844
-577
-320
-140
-188
194
118
-281
-323
-358
-260
-80
-5
-162
-570
-439
32
194
260
117
318
151
173
-66
-309
-727
-1905
-1897
-1645
-1134
-683
-695
-553
-562
-758
-719
-782
-581
-331
103
131
-273
-284
-442
-517
-421
-371
-47
143
181
55
-231
-389
-717
-980
-603
-556
-255
124
60
13
-102
-602
-576
-474
-416
-141
60
202
22
-45
-370
-438
-394
-186
5
45
155
26
-222
-276
-379
-483
-456
-281
-117
-112
-40
-392
-627
-940
-960
-747
-822
-308
-265
-486
-525
-1718
-1718
-1220
-1476
-1072
-807
-669
-605
-881
-986
-957
-984
-861
-487
-140
-199
-195
-319
-457
-440
-430
-139
299
610
414
89
-36
-214
-524
-219
158
234
418
233
210
10
-295
-382
-362
-41
74
298
220
10
-115
-323
-393
-170
-43
112
396
331
233
-103
-274
-311
-297
37
219
306
230
61
-187
-248
-234
-219
7
202
473
486
115
-219
-170
-197
-93
203
269
140
72
-21
-205
-248
-129
-16
99
169
209
240
157
-76
-169
-143
-33
57
164
133
128
-62
-148
-202
-131
-81
116
209
-15
-154
-240
-276
-317
-191
-151
-21
29
41
-31
-139
-227
-256
-198
-7
-51
-117
-93
-230
-198
-272
-128
41
237
350
364
74
-118
-98
-198
-7
133
242
202
232
334
210
208
210
290
391
624
797
677
722
753
724
866
963
998
1060
1097
1110
1230
1138
1174
1285
1239
1276
1302
1218
1330
1398
1356
1353
1233
1299
1241
1334
1314
1251
1141
1061
994
811
666
472
395
293
-18
-111
-349
-626
-698
-848
-1090
-1385
-1508
-1552
-1658
-1726
-1832
-1902
-1893
-1860
-1769
-1661
-1583
-1657
-1538
-1481
-1524
-1408
-1434
-1387
-1274
-1176
-1134
-1003
-980
-951
-880
-758
-644
-639
-614
-635
-515
-487
-562
-588
-434
-378
-399
-345
-233
-220
-215
-77
-125
16
225
241
354
394
358
438
659
773
943
1038
1065
1256
1299
1415
1484
1611
1687
1838
1945
2095
2232
2315
2478
2486
2573
2817
2901
3065
3236
3226
3399
3488
3630
3707
3946
4052
3447
2617
2062
1998
1811
1523
1371
996
319
-529
-913
-1256
-1693
-1935
-2087
-2033
-2190
-2289
-2461
-2601
-2821
-2853
-2365
-1903
-1536
-1398
-1207
-956
-872
-598
-211
-13
249
446
371
239
154
284
466
425
396
206
-65
-373
-768
-869
-1093
-1215
-1416
-1616
-1830
-2169
-2442
-2700
-2687
-2621
-2565
-2519
-2425
-2543
-2491
-2426
-2450
-2363
-2201
-1958
-1782
-1652
-1561
-1501
-1545
-1465
-1516
-1370
-1143
-1025
-1033
-1004
-879
-840
-779
-773
-784
-651
-445
-248
-58
102
85
224
509
807
1136
1273
1412
1627
1769
1916
2154
2513
2806
2972
3229
3433
3543
3537
3800
3852
3955
4312
4570
4732
4775
4919
4886
4907
5069
5320
5053
3725
2165
1878
2119
2065
1394
920
275
-837
-1603
-1683
-1694
-2408
-2696
-2492
-2100
-2243
-2668
-2848
-3007
-2897
-2338
-1490
-974
-906
-774
-583
-251
-34
57
311
698
1055
1370
1568
1318
642
383
636
1037
1106
771
388
-111
-589
-831
-863
-948
-1274
-1387
-1271
-1287
-1737
-2165
-2385
-2449
-2251
-1937
-1714
-1725
-1762
-1835
-1807
-1642
-1798
-1772
-1436
-1073
-812
-952
-999
-1123
-1311
-1199
-853
-784
-850
-860
-905
-894
-960
-901
-719
-535
-474
-262
-36
-69
-148
-11
365
560
793
1043
1231
1482
1710
1802
2124
2359
2537
2851
3039
3305
3252
3274
3407
3524
3686
3961
4179
4165
4080
4052
3916
3952
4163
4152
4185
4392
4343
4404
4317
3659
2401
1281
1360
1802
1603
1032
671
131
-915
-1512
-1711
-1911
-2452
-2581
-2015
-1916
-2201
-2613
-2825
-3053
-3043
-2516
-1884
-1521
-1441
-1275
-1013
-962
-1075
-1069
-856
-568
-45
329
476
189
-270
-484
-231
157
225
238
156
102
-126
-459
-635
-743
-1043
-920
-637
-576
-912
-1194
-1317
-1532
-1668
-1547
-1252
-1086
-1050
-1022
-988
-1101
-1303
-1370
-1115
-885
-803
-471
-366
-622
-831
-863
-911
-1036
-951
-802
-597
-548
-599
-587
-636
-857
-828
-465
-289
-165
31
71
287
272
364
665
736
915
1049
1276
1405
1523
1763
1780
1781
1906
1936
1949
1941
2027
2011
2234
2177
2052
2044
1802
1902
1970
1764
1837
2093
2011
2031
2237
2331
2397
2597
2758
2854
2861
2711
2057
1437
1380
1452
1462
1346
1272
956
463
127
-146
-562
-1073
-1258
-1173
-1263
-1288
-1489
-1721
-2038
-2389
-2372
-2080
-1773
-1709
-1480
-1304
-1084
-1005
-1109
-1155
-1087
-871
-399
-52
-1
-61
-147
-166
-105
-77
-79
10
106
155
212
340
307
40
-118
40
166
236
328
352
273
234
235
166
61
104
221
325
290
219
204
98
92
-24
32
17
-80
-43
13
-43
-183
-458
-491
-291
-331
-320
-238
-116
-161
-114
-170
-99
0
16
213
441
617
593
667
841
856
1003
1030
970
1241
1500
1549
1371
1434
1664
1561
1475
1566
1867
1967
2044
2138
2002
2011
2248
2269
2158
2178
2252
2331
2375
2534
2661
2718
2816
2830
2879
3041
3261
3282
2931
2308
1692
1675
1941
1761
1372
1105
859
343
-249
-546
-838
-1372
-1578
-1551
-1515
-1686
-1900
-2113
-2461
-2527
-2246
-1939
-1756
-1617
-1494
-1271
-1089
-997
-1029
-726
-469
-210
150
407
467
321
259
437
552
584
562
617
535
414
419
370
93
-14
-69
-165
-19
-96
-212
-317
-466
-724
-797
-742
-752
-726
-674
-562
-504
-749
-842
-940
-1005
-960
-886
-790
-759
-830
-863
-825
-815
-938
-996
-796
-902
-876
-722
-810
-854
-825
-706
-464
-506
-517
-290
-134
-26
-13
73
179
256
403
636
654
541
658
936
1103
1159
1221
1246
1281
1295
1280
1381
1370
1396
1642
1725
1878
1959
2025
2007
2077
2265
2356
2494
2811
3075
3281
3426
3581
3550
2781
1758
1205
1636
2105
1854
1563
1238
552
-265
-897
-1055
-1331
-1743
-1746
-1619
-1583
-1830
-2251
-2657
-3010
-3114
-2750
-2236
-1927
-1774
-1738
-1541
-1433
-1532
-1437
-1255
-782
-409
54
252
153
-7
-351
-311
-131
248
458
444
356
122
36
-217
-402
-489
-494
-333
-255
-366
-622
-801
-1015
-1257
-1201
-932
-765
-688
-810
-855
-1036
-1277
-1354
-1271
-1237
-1082
-804
-778
-856
-1136
-1260
-1381
-1504
-1443
-1272
-1043
-1072
-966
-991
-1074
-1123
-1132
-949
-752
-486
-243
-214
-247
-217
-167
7
114
331
660
982
1119
1025
941
949
1148
1481
1788
1886
1938
1942
2021
2018
2153
2207
2351
2533
2614
2626
2633
2790
2760
2723
2898
3238
3421
3708
3876
3922
4120
3973
3184
1971
1523
2217
2703
2486
1997
1564
822
-136
-685
-798
-932
-1301
-1494
-1375
-1447
-1973
-2416
-2890
-3183
-3116
-2629
-2101
-1762
-1767
-1939
-1915
-1862
-1632
-1506
-1284
-896
-367
68
201
85
-146
-284
-260
-43
168
525
569
333
5
-218
-258
-422
-441
-353
-163
-230
-408
-709
-1072
-1416
-1551
-1513
-1366
-1177
-1111
-1145
-1391
-1658
-1753
-1712
-1620
-1553
-1342
-1213
-1299
-1401
-1591
-1555
-1579
-1434
-1340
-1195
-1191
-1225
-1352
-1525
-1463
-1410
-1215
-906
-775
-684
-589
-629
-667
-617
-401
-112
153
414
538
545
624
803
843
1033
1244
1411
1576
1795
1769
1645
1725
1777
1839
2042
2125
2320
2313
2228
2246
2143
2265
2640
2867
2885
3125
3369
3397
3432
3694
3873
3401
2093
1235
1569
2250
2145
1521
983
285
-680
-1341
-1353
-1365
-1754
-2193
-2329
-2491
-2837
-3317
-3710
-3844
-3719
-3412
-2823
-2578
-2715
-2917
-2888
-2631
-2278
-1984
-1739
-1305
-940
-662
-563
-456
-364
-502
-460
-241
196
536
551
224
-115
-246
-163
-245
-304
-345
-354
-456
-856
-1111
-1331
-1526
-1773
-1684
-1566
-1548
-1577
-1732
-1932
-2090
-1998
-1841
-1707
-1647
-1627
-1582
-1576
-1609
-1631
-1576
-1423
-1281
-1314
-1293
-1506
-1494
-1404
-1444
-1340
-1316
-1254
-1196
-1134
-1028
-1078
-1038
-946
-692
-464
-429
-277
-228
-105
-21
257
504
645
790
914
1130
1281
1410
1492
1459
1632
1764
1838
1996
2029
2051
2020
1980
2149
2429
2583
2627
2648
2769
3056
3235
3458
3647
3836
3468
2134
957
915
1856
2149
1578
850
235
-716
-1759
-1904
-1468
-1703
-2356
-2622
-2594
-2984
-3577
-3984
-4070
-3974
-3672
-3211
-2888
-3004
-3350
-3197
-2893
-2397
-2110
-1728
-1471
-1227
-849
-597
-449
-429
-294
-72
286
542
833
905
671
482
400
507
640
653
535
392
247
-45
-249
-414
-574
-857
-907
-813
-1012
-1338
-1542
-1641
-1680
-1641
-1635
-1688
-1795
-1918
-1859
-1797
-1733
-1720
-1631
-1456
-1320
-1363
-1429
-1365
-1298
-1228
-1139
-960
-932
-925
-903
-727
-710
-689
-599
-478
-298
-181
-71
-8
99
375
494
806
1065
1181
1188
1257
1491
1609
1807
1935
2100
2173
2277
2325
2489
2509
2526
2632
2698
2730
2681
2754
2909
3168
3219
3365
3535
3717
3811
3941
4141
3458
1874
833
1482
2661
2595
1562
764
-30
-1175
-1928
-1572
-1098
-1568
-2346
-2592
-2645
-3200
-3731
-3841
-3610
-3293
-3062
-2597
-2584
-2925
-3082
-2793
-2113
-1669
-1383
-1209
-1109
-792
-446
-268
-241
68
344
512
742
841
819
676
459
505
640
740
730
407
45
-89
-219
-495
-622
-847
-908
-1191
-1315
-1466
-1587
-1851
-2077
-1975
-1999
-2024
-2261
-2317
-2324
-2174
-2115
-2026
-1959
-2077
-1866
-1692
-1515
-1420
-1502
-1415
-1208
-1134
-968
-889
-919
-945
-941
-558
-453
-419
-424
-308
-187
-252
-56
153
256
395
485
616
826
981
1118
1348
1668
1750
1698
1740
1936
2156
2325
2466
2497
2543
2711
2773
2790
2897
3078
3217
3360
3488
3619
3754
3828
4086
4344
4373
3814
2553
1239
1532
2999
3270
2292
1003
381
-418
-1206
-993
-490
-801
-1980
-2617
-2605
-2870
-3387
-3632
-3456
-3205
-3117
-2994
-3083
-3315
-3532
-3162
-2365
-1732
-1542
-1685
-1733
-1426
-910
-511
-272
-85
1
182
442
641
534
428
653
815
825
870
849
552
167
24
130
42
-130
-522
-802
-965
-1180
-1246
-1436
-1616
-1869
-1860
-1766
-1852
-2034
-2240
-2205
-2002
-1896
-1938
-1952
-1915
-1816
-1760
-1582
-1555
-1624
-1577
-1412
-1170
-1031
-979
-882
-813
-789
-594
-394
-408
-384
-313
-24
182
263
304
383
515
581
829
929
1019
1256
1375
1538
1663
1720
1915
2008
2212
2325
2423
2550
2586
2655
2649
2812
3014
3032
3121
3294
3402
3545
3792
3962
4153
4366
4471
3879
2271
1134
1798
3335
3215
1817
613
57
-678
-1322
-748
-143
-848
-2193
-2765
-2852
-2999
-3190
-3316
-3132
-3162
-3291
-3202
-3268
-3481
-3428
-2841
-2123
-1669
-1772
-2054
-1987
-1483
-817
-379
-168
-215
-224
-79
399
685
631
536
611
925
1079
925
771
584
300
368
456
307
-101
-344
-421
-634
-585
-717
-980
-1202
-1448
-1508
-1521
-1553
-1602
-1697
-1770
-1729
-1676
-1739
-1741
-1643
-1543
-1355
-1250
-1311
-1292
-1336
-1170
-1077
-885
-786
-868
-734
-551
-448
-385
-327
-247
-31
38
137
157
254
432
432
650
873
1003
1036
1091
1359
1482
1548
1660
1865
1998
2147
2362
2519
2610
2504
2461
2617
2908
3045
3229
3341
3334
3402
3531
3883
4189
4277
4317
4496
4188
2768
1489
1829
3437
3649
2154
785
96
-322
-989
-595
-57
-740
-2122
-3191
-3169
-3097
-3247
-3394
-3335
-3457
-3793
-3746
-3541
-3491
-3403
-2893
-2292
-2016
-2243
-2470
-2343
-1655
-737
-317
-287
-463
-526
-193
398
724
823
598
527
691
884
1000
979
781
477
367
415
365
16
-248
-342
-409
-511
-737
-940
-1166
-1456
-1377
-1375
-1509
-1719
-1843
-1778
-1738
-1759
-1850
-2033
-1908
-1780
-1556
-1392
-1515
-1508
-1426
-1220
-1077
-922
-864
-860
-777
-674
-510
-483
-508
-515
-399
-127
7
155
157
135
255
512
801
865
936
1018
1105
1337
1498
1518
1589
1778
2037
2176
2233
2252
2261
2384
2474
2651
2862
3084
3065
3005
3223
3483
3826
4024
4064
4137
4346
3933
2738
1514
2009
3611
3630
2040
596
73
-134
-465
-96
132
-945
-2432
-3029
-2598
-2424
-2679
-3071
-3139
-3380
-3643
-3511
-3363
-3210
-3064
-2761
-2397
-2328
-2587
-2757
-2446
-1490
-828
-548
-738
-959
-756
-193
532
860
784
339
465
720
1058
1250
1117
949
583
588
634
441
224
-24
-110
-172
-412
-617
-942
-1216
-1283
-1199
-1349
-1672
-2143
-2345
-2148
-1995
-2049
-2135
-2365
-2429
-2215
-1914
-1707
-1735
-1890
-1821
-1595
-1425
-1303
-1285
-1165
-1037
-894
-721
-615
-525
-533
-310
-147
42
153
147
259
495
790
920
1020
976
1001
1134
1448
1589
1596
1655
1785
1990
2168
2252
2157
2208
2274
2498
2680
2743
2858
3006
3100
3251
3431
3664
3718
3891
4208
4344
3643
2281
1731
2791
4096
3436
1669
633
414
270
172
583
252
-1073
-2445
-2556
-1872
-1856
-2337
-2781
-3008
-3182
-3249
-3080
-2934
-3038
-2831
-2610
-2213
-2323
-2515
-2302
-1880
-1107
-617
-729
-999
-881
-431
107
611
685
270
50
331
854
1123
1231
946
623
531
438
683
589
167
-42
-86
-148
-494
-692
-693
-770
-883
-1025
-1218
-1391
-1489
-1445
-1350
-1367
-1639
-1921
-1899
-1696
-1351
-1195
-1256
-1365
-1366
-1298
-1117
-1093
-1062
-988
-936
-784
-680
-565
-535
-509
-337
-324
-213
-128
-28
177
266
500
631
591
673
866
1101
1255
1228
1205
1329
1584
1767
1984
2054
2007
1950
2182
2468
2586
2702
2712
2930
3038
3110
3358
3455
3530
3802
4050
4277
4137
3035
1782
1667
3421
4303
2708
662
-111
270
391
138
256
-454
-2014
-2931
-2439
-1822
-2211
-3072
-3618
-3658
-3614
-3627
-3422
-3370
-3474
-3313
-3033
-2904
-3176
-3298
-2857
-2142
-1595
-1604
-1930
-1873
-1352
-649
-200
-27
-261
-624
-338
377
805
799
485
232
345
516
723
694
530
323
88
46
-149
-239
-228
-317
-659
-1080
-1414
-1385
-1465
-1515
-1477
-1679
-1975
-2154
-2151
-2067
-1862
-1822
-1889
-1979
-2118
-1996
-1710
-1560
-1577
-1624
-1534
-1405
-1199
-989
-673
-609
-655
-541
-379
-226
-68
95
271
404
529
629
727
878
1034
1281
1393
1392
1507
1580
1769
2102
2133
2137
2164
2097
2303
2505
2660
2923
2980
2907
2942
3092
3428
3540
3675
3606
3676
4053
4305
4440
3425
2012
2075
3862
4550
2863
1109
662
1088
1036
774
729
-220
-1434
-2012
-1461
-1035
-1652
-2462
-2890
-2922
-2909
-2861
-2849
-2813
-2859
-2785
-2593
-2543
-2492
-2423
-1974
-1304
-942
-1062
-1345
-1055
-207
383
576
594
428
370
807
1348
1560
1257
1136
1126
1202
1232
1343
1319
973
783
642
614
477
227
73
-90
-293
-537
-903
-1108
-1079
-1030
-1143
-1446
-1656
-1816
-1716
-1553
-1442
-1491
-1641
-1697
-1629
-1295
-1075
-1024
-1147
-1222
-1171
-1000
-756
-552
-405
-308
-365
-284
-126
63
228
249
304
467
637
693
829
1008
1059
1111
1151
1116
1287
1497
1606
1638
1594
1667
1783
1877
2047
2100
2155
2395
2553
2601
2723
2894
3188
3300
3275
3325
3556
3796
3928
4187
3386
1921
1919
3675
4238
2508
815
573
1142
848
553
347
-391
-1524
-2020
-1469
-1382
-1922
-2529
-2867
-2800
-2937
-3046
-2879
-2814
-2622
-2539
-2670
-2643
-2520
-2371
-2027
-1442
-1065
-1162
-1406
-1099
-322
86
88
-4
43
282
642
914
1070
1092
912
873
910
992
1022
821
615
541
340
119
48
23
-134
-521
-823
-914
-1140
-1245
-1298
-1461
-1655
-1931
-1902
-1926
-1970
-1977
-1880
-1940
-1965
-2011
-1981
-1768
-1688
-1675
-1550
-1511
-1406
-1239
-1096
-971
-769
-651
-703
-585
-438
-240
-89
-51
-78
20
281
356
565
602
630
725
906
1136
1145
1164
1281
1364
1442
1596
1758
2057
2051
2047
2197
2171
2405
2601
2670
2806
3077
3264
3213
3383
3737
3969
4122
4179
3806
2494
1952
3312
4653
3766
1540
546
1155
1671
1371
1098
425
-625
-1438
-1400
-846
-1018
-1783
-2376
-2551
-2542
-2694
-2680
-2581
-2476
-2452
-2605
-2686
-2543
-2179
-1843
-1454
-1107
-1106
-1403
-1012
-194
372
339
-138
-9
465
997
1300
1257
1315
1282
1343
1412
1516
1558
1407
1276
1226
1112
803
635
435
524
338
20
-298
-629
-607
-663
-742
-1028
-1335
-1457
-1516
-1539
-1474
-1526
-1645
-1616
-1708
-1609
-1441
-1364
-1341
-1300
-1246
-1092
-867
-740
-583
-532
-472
-385
-254
-45
111
310
227
308
446
544
627
720
879
855
974
1178
1153
1285
1385
1344
1367
1370
1618
1805
1867
1756
1923
1994
1988
2290
2469
2458
2381
2668
2962
3069
3119
3249
3412
3734
3888
3971
4012
3132
1918
1867
3650
4417
2770
793
414
1314
1419
897
496
-468
-1345
-1747
-1479
-1179
-1710
-2528
-3083
-3029
-2764
-2842
-2815
-2720
-2775
-2865
-2936
-2847
-2471
-2167
-1940
-1637
-1359
-1308
-1347
-872
-134
331
183
-34
335
889
1091
1230
1305
1314
1269
1298
1561
1541
1481
1320
1264
1224
1118
885
605
618
433
243
-93
-321
-566
-783
-905
-965
-1066
-1386
-1531
-1596
-1488
-1495
-1637
-1678
-1706
-1649
-1581
-1522
-1376
-1339
-1377
-1183
-981
-987
-927
-799
-660
-501
-431
-203
45
107
196
324
357
416
507
581
706
673
620
791
936
919
973
1066
1059
1165
1226
1285
1335
1421
1570
1666
1675
1831
1936
2004
2260
2342
2318
2459
2658
2920
2997
3095
3208
3270
3260
3439
3526
2540
1373
1995
3646
3478
1289
-102
464
1250
997
390
-165
-831
-1631
-1789
-1256
-1340
-1925
-2592
-2836
-2759
-2726
-2782
-2682
-2666
-2643
-2806
-2897
-2581
-2137
-1939
-1827
-1469
-1224
-1237
-1241
-539
210
274
-90
-110
264
597
949
1069
917
807
774
974
1217
1318
1102
657
544
694
668
326
185
140
64
-232
-351
-418
-558
-862
-1036
-999
-1226
-1330
-1405
-1373
-1497
-1620
-1734
-1719
-1557
-1596
-1549
-1436
-1348
-1297
-1243
-1121
-1182
-1092
-942
-706
-618
-648
-535
-334
-79
-35
37
130
59
201
303
450
505
423
545
534
705
820
683
705
777
824
1113
1312
1326
1331
1383
1479
1560
1738
1789
1886
1931
2011
2199
2387
2511
2521
2562
2758
3057
3161
3233
3395
3518
3564
2866
1619
1554
3260
4025
2403
630
448
1235
1322
805
374
-202
-820
-1156
-953
-739
-1108
-1726
-2051
-2033
-1996
-2261
-2389
-2126
-2141
-2358
-2398
-2348
-1995
-1616
-1726
-1475
-1014
-978
-1018
-756
-123
204
18
-229
-33
380
736
833
701
634
529
684
895
1156
1022
763
605
574
555
424
282
253
168
-116
-309
-502
-560
-654
-677
-774
-1019
-1258
-1332
-1432
-1374
-1410
-1545
-1522
-1581
-1537
-1653
-1546
-1373
-1369
-1404
-1354
-1284
-1278
-1202
-1012
-900
-906
-846
-824
-553
-401
-439
-435
-364
-211
-172
-20
151
161
94
202
312
493
565
479
504
621
873
957
1057
1072
1212
1252
1397
1419
1579
1720
1613
1741
1979
2256
2169
2116
2329
2394
2607
2678
2662
2788
3037
3378
3399
2650
1478
1366
2876
3667
2271
435
263
1133
1372
870
226
-252
-805
-1011
-730
-641
-1094
-1667
-1898
-1858
-1795
-2044
-2057
-1791
-1771
-2011
-2209
-2156
-1811
-1554
-1496
-1504
-1271
-1275
-1534
-1135
-475
-116
-453
-765
-545
-145
144
210
137
206
124
119
349
557
611
385
341
386
450
453
365
367
363
270
14
-96
-112
-226
-287
-460
-738
-897
-1124
-1130
-1164
-1348
-1531
-1555
-1470
-1543
-1764
-1829
-1687
-1723
-1792
-1772
-1632
-1637
-1627
-1474
-1289
-1279
-1304
-1225
-1030
-885
-914
-945
-755
-542
-458
-163
-49
-30
16
78
336
493
481
461
521
668
759
923
1015
968
1022
1003
1208
1358
1532
1532
1512
1648
1744
1771
1741
1871
2092
2110
2011
2077
2291
2597
2719
2684
2846
2747
1767
834
1613
3309
3208
1199
-10
650
1653
1370
699
311
-119
-493
-629
-406
-459
-893
-1393
-1680
-1701
-1855
-1873
-1877
-1845
-1900
-2259
-2586
-2458
-1961
-1862
-1938
-1860
-1812
-1884
-1861
-1342
-886
-847
-1299
-1409
-903
-545
-281
-169
-290
-160
-35
36
191
476
671
608
511
543
558
557
616
754
676
495
253
222
347
296
42
-154
-305
-524
-601
-820
-992
-1176
-1246
-1363
-1539
-1779
-1693
-1658
-1684
-1843
-1974
-1845
-1898
-1868
-1584
-1449
-1449
-1433
-1343
-1094
-937
-827
-751
-741
-572
-459
-228
-211
-157
7
80
254
289
400
546
603
619
724
913
900
894
886
931
1059
1193
1255
1151
1338
1471
1391
1535
1634
1765
1839
1960
2036
2022
2225
2461
2596
2532
2784
2885
3114
3472
2834
1705
1820
3467
4002
2360
777
1044
2094
2041
1381
768
543
191
-173
-56
-38
-501
-1098
-1519
-1690
-1719
-2090
-2056
-1944
-1988
-2200
-2599
-2587
-2191
-1875
-2040
-2162
-1925
-1769
-1719
-1275
-862
-653
-747
-743
-440
-12
235
311
485
583
736
888
1060
1284
1595
1514
1316
1369
1489
1481
1298
1339
1194
903
737
520
405
323
108
-283
-700
-911
-1013
-1106
-1327
-1643
-1738
-1909
-1984
-2070
-2189
-2222
-2225
-2160
-2274
-2254
-2261
-2130
-1999
-1929
-1846
-1642
-1544
-1556
-1351
-1081
-940
-862
-656
-640
-542
-400
-288
-176
-120
-85
66
125
95
80
135
132
81
221
303
309
327
263
310
440
422
461
418
494
657
783
728
799
925
1103
1289
1541
1654
1579
1722
1987
2296
2402
2495
2781
2966
3172
2827
1938
1601
2784
3776
2669
1001
702
1536
1723
1113
535
27
-366
-716
-850
-839
-1354
-1915
-2051
-2216
-2470
-2690
-2729
-2644
-2607
-2733
-3021
-2971
-2644
-2347
-2359
-2432
-2115
-1820
-1851
-1553
-1014
-669
-560
-447
-112
329
531
708
934
1020
1158
1269
1376
1456
1530
1492
1426
1344
1283
1234
1042
1018
792
612
457
140
-126
-317
-459
-635
-825
-968
-1197
-1529
-1633
-1643
-1684
-1778
-1817
-1853
-1930
-1985
-1786
-1784
-1753
-1728
-1748
-1543
-1478
-1356
-1227
-1047
-947
-832
-767
-644
-472
-376
-330
-218
-76
9
37
5
40
131
138
172
210
214
199
145
287
327
297
434
532
520
542
677
882
938
1026
1104
1315
1453
1505
1632
1835
2088
2134
2053
2222
2412
2427
2488
2522
2616
2721
2726
2702
2744
2806
3026
3143
2549
1675
1179
2117
2986
2065
652
18
563
917
407
-136
-552
-882
-1187
-1288
-1163
-1405
-1609
-1784
-1969
-2046
-2114
-2087
-1912
-1575
-1661
-1831
-1731
-1416
-1055
-877
-887
-861
-669
-561
-250
133
319
182
125
208
547
698
690
631
586
633
533
549
651
754
635
414
283
285
282
211
37
-107
-253
-344
-383
-515
-522
-580
-682
-719
-852
-862
-977
-1040
-942
-1074
-1136
-1170
-1216
-1258
-1302
-1310
-1357
-1410
-1352
-1297
-1257
-1296
-1364
-1407
-1366
-1233
-1325
-1316
-1335
-1233
-1073
-1050
-1049
-1006
-905
-846
-776
-645
-477
-363
-303
-175
-150
35
175
367
603
626
698
841
1011
1079
1111
1254
1399
1461
1443
1516
1542
1562
1602
1721
1755
1653
1547
1368
1440
1506
1463
1353
1193
1124
1212
1452
1422
1426
1435
1387
1467
1709
1776
1346
743
946
1821
2010
1099
330
452
905
1082
703
366
230
144
31
-11
-103
-293
-546
-749
-713
-771
-973
-1025
-1081
-1020
-1333
-1635
-1582
-1420
-1374
-1452
-1407
-1403
-1458
-1482
-1406
-1209
-1133
-1367
-1335
-1197
-995
-889
-884
-862
-705
-627
-582
-432
-356
-128
-12
-120
-14
28
240
359
380
378
208
255
295
234
63
-72
-221
-284
-401
-600
-775
-871
-990
-1135
-1203
-1312
-1496
-1528
-1514
-1714
-1739
-1807
-1865
-1899
-1807
-1787
-1925
-1881
-1807
-1603
-1529
-1399
-1254
-1291
-1119
-987
-786
-612
-486
-367
-360
-225
-86
-30
97
280
383
410
449
533
516
597
665
627
555
600
620
731
640
558
587
551
431
357
440
532
568
452
467
628
748
810
876
1004
1162
1283
1440
1706
1992
1988
1996
2162
2373
2699
2708
2439
2104
2113
2686
3031
2577
1827
1630
1907
2061
1656
1179
760
474
382
260
38
-262
-558
-923
-1175
-1454
-1612
-1662
-1769
-1951
-2179
-2290
-2452
-2379
-2332
-2306
-2192
-1966
-1814
-1664
-1584
-1398
-1183
-1175
-959
-773
-557
-322
-72
68
209
416
546
694
819
904
1049
1021
958
1007
967
907
951
835
622
597
382
265
109
-85
-226
-419
-507
-656
-813
-888
-947
-1091
-1399
-1345
-1362
-1552
-1549
-1596
-1583
-1732
-1767
-1580
-1529
-1470
-1487
-1489
-1377
-1323
-1262
-1177
-1106
-1049
-978
-898
-803
-696
-586
-530
-422
-397
-386
-321
-336
-180
-130
-54
62
174
363
272
261
371
269
237
354
574
567
581
561
635
711
750
898
915
1006
1064
1076
1220
1409
1564
1514
1491
1645
1787
1873
1817
1850
1943
1955
2025
2227
2295
2309
2217
1942
1709
1553
1875
2198
1761
1012
742
969
1192
759
311
71
-173
-377
-523
-608
-912
-1109
-1285
-1372
-1546
-1630
-1621
-1634
-1578
-1622
-1847
-1932
-1774
-1571
-1509
-1573
-1320
-1248
-1060
-934
-839
-505
-372
-378
-274
-111
128
302
403
392
456
554
600
769
930
1020
939
866
984
1031
950
983
962
817
733
613
558
507
356
151
-4
-178
-295
-436
-690
-652
-828
-1026
-1175
-1340
-1412
-1434
-1649
-1570
-1689
-1806
-1689
-1811
-1782
-1782
-1657
-1608
-1647
-1607
-1480
-1372
-1292
-1252
-1170
-938
-865
-876
-670
-426
-359
-242
-147
-57
22
109
259
352
436
607
641
720
647
715
777
785
877
941
859
873
871
864
953
959
935
838
911
938
996
1052
1056
941
828
961
1315
1388
1198
1236
1342
1522
1556
1612
1689
1723
1670
1316
1115
1471
1866
1610
1016
664
811
1037
848
466
130
-18
-52
-238
-420
-547
-706
-898
-911
-1025
-1330
-1362
-1245
-1233
-1282
-1384
-1460
-1437
-1255
-1137
-1234
-1178
-979
-876
-720
-443
-189
-72
22
197
383
651
806
885
1037
1148
1249
1338
1497
1477
1556
1582
1541
1401
1304
1402
1380
1347
1162
955
843
803
510
394
229
-2
-115
-293
-413
-525
-679
-871
-905
-1058
-1182
-1265
-1232
-1215
-1253
-1273
-1321
-1279
-1178
-1125
-1047
-1047
-887
-740
-673
-507
-358
-300
-197
-5
111
132
176
266
351
382
399
589
684
776
792
756
697
685
748
759
813
886
936
933
889
725
799
834
895
778
792
830
879
979
926
831
851
993
1149
1224
1098
1117
1156
1177
1297
1445
1468
1633
1829
1812
1839
1582
1269
1358
1792
2048
1565
938
856
1170
1236
905
591
399
121
35
-127
-250
-368
-574
-879
-909
-1002
-1029
-1125
-1060
-1130
-1258
-1323
-1493
-1187
-1075
-1027
-1106
-968
-919
-851
-605
-554
-448
-385
-339
-242
-143
119
298
304
290
367
573
638
691
772
876
833
843
920
866
834
792
748
709
629
529
643
513
353
281
99
62
-107
-140
-163
-297
-485
-605
-693
-798
-905
-947
-1047
-1320
-1297
-1282
-1290
-1255
-1334
-1394
-1403
-1277
-1325
-1220
-1167
-1132
-1115
-1098
-976
-1066
-860
-768
-729
-731
-637
-571
-470
-217
-117
-118
-3
17
133
263
227
253
362
324
372
394
454
603
459
433
327
336
438
324
260
263
183
69
150
159
41
66
55
58
78
121
85
-16
-5
90
18
114
292
398
434
455
466
577
804
925
1017
927
1013
991
921
946
1030
1002
910
868
788
757
613
508
434
438
324
139
44
-59
-54
-208
-313
-418
-499
-494
-565
-642
-768
-731
-808
-809
-675
-722
-781
-785
-634
-530
-503
-412
-274
-146
-34
86
198
325
459
564
748
744
848
953
1017
1071
988
1038
1161
1179
1068
997
885
779
683
627
561
436
397
214
57
18
-89
-173
-292
-479
-459
-431
-542
-580
-734
-615
-673
-722
-707
-751
-659
-732
-634
-619
-599
-436
-445
-366
-209
-193
-80
46
3
132
242
272
366
351
360
419
417
360
387
357
332
393
394
402
369
419
361
226
187
110
82
-68
-42
-26
-25
-41
-25
-23
-60
77
139
32
19
120
154
243
277
300
292
313
419
358
461
477
455
514
425
371
413
378
388
224
89
64
47
-98
-88
-135
-280
-247
-399
-408
-467
-554
-648
-772
-800
-804
-733
-755
-773
-768
-812
-750
-691
-623
-557
-607
-454
-354
-326
-244
-256
-238
-189
-223
-142
-46
153
210
179
230
295
303
283
247
311
304
186
221
168
119
95
67
66
-4
80
23
-13
-87
-130
-131
-171
-25
23
-52
-59
-53
-22
-46
-14
90
98
147
179
343
415
427
511
622
649
624
715
816
815
787
850
860
949
783
878
883
903
814
450
400
656
765
457
141
57
165
78
32
-36
-111
-134
-226
-347
-373
-242
-244
-300
-257
-209
-324
-263
-167
-183
-153
-181
-168
-101
20
-26
-65
-46
0
40
118
187
213
84
15
38
-14
40
81
3
-40
-86
-104
-121
-93
-107
-181
-214
-189
-240
-282
-253
-258
-250
-210
-253
-176
-181
-122
-50
-82
-125
10
111
72
126
22
67
172
96
52
77
-37
-16
55
-56
-41
-92
-109
-88
-117
-161
-209
-133
-160
-179
-159
-253
-268
-281
-316
-209
-313
-310
-352
-364
-290
-302
-328
-336
-235
-269
-327
-290
-153
-228
-231
-121
-182
-230
-216
-172
-172
-155
-148
-257
-190
-217
-251
-181
-224
-329
-366
-282
-394
-406
-481
-521
-634
-596
-609
-647
-686
-789
-800
-800
-641
-705
-710
-695
-680
-688
-605
-528
-551
-509
-476
-483
-418
-354
-264
-182
-180
-156
-26
-56
-45
-38
22
7
-1
46
26
-40
-43
-89
-111
-105
-255
-314
-306
-304
-339
-323
-544
-542
-430
-449
-561
-691
-722
-637
-630
-561
-431
-478
-329
-276
-222
-187
-130
-102
37
24
131
228
294
373
367
367
329
479
416
441
505
431
471
492
471
446
402
343
293
274
261
210
168
93
-6
6
-36
-92
-117
-160
-183
-213
-276
-222
-190
-185
-128
-135
-140
-72
-7
-11
-43
-60
2
-13
128
163
164
207
180
233
282
250
298
250
225
285
185
93
78
149
65
31
61
9
40
-103
-162
-176
-224
-245
-335
-297
-268
-338
-329
-348
-293
-246
-289
-371
-341
-355
-334
-300
-277
-292
-243
-253
-109
-58
-128
-88
-65
-8
20
23
11
109
141
134
105
138
102
53
107
124
136
103
136
14
59
20
-34
5
-105
-12
-11
-39
-102
-121
-101
-86
-17
-10
-64
-85
-24
85
97
147
120
146
149
147
157
98
118
145
72
74
-10
12
-24
-71
-81
-184
-209
-170
-102
-60
-65
-106
-20
-41
-73
-48
-19
-21
-89
-2
-43
-55
-52
-83
-100
-66
-101
-186
-215
-265
-236
-298
-257
-252
-304
-274
-376
-335
-360
-283
-313
-284
-383
-408
-336
-374
-383
-321
-432
-456
-432
-432
-398
-504
-426
-317
-276
-280
-274
-249
-168
-170
-137
-149
29
159
13
83
24
26
51
50
65
94
49
-10
72
101
62
106
80
-17
27
-31
-146
-201
-244
-320
-283
-377
-451
-468
-473
-429
-478
-503
-541
-569
-599
-618
-559
-522
-514
-370
-427
-338
-338
-374
-270
-213
-88
-97
-58
-16
21
94
128
127
191
278
377
342
303
382
246
246
237
158
155
88
124
98
-4
-66
-86
-181
-279
-285
-256
-297
-382
-503
-552
-462
-455
-474
-499
-487
-462
-485
-460
-428
-357
-382
-264
-181
-202
-267
-200
-167
-106
-26
-50
55
81
74
30
17
51
27
17
100
94
83
-62
-107
-72
-227
-172
-168
-183
-199
-220
-224
-311
-339
-281
-222
-389
-418
-306
-244
-341
-399
-367
-401
-247
-157
-84
-77
-27
-83
-105
115
207
235
179
262
277
274
347
373
325
285
387
385
355
299
230
209
288
251
140
94
19
-15
-58
-79
-129
-98
-162
-347
-457
-412
-433
-491
-475
-573
-605
-500
-453
-523
-503
-479
-494
-364
-293
-221
-223
-188
-146
-65
-54
-24
51
106
182
173
259
282
307
255
272
326
325
368
394
279
171
147
221
202
262
128
-12
6
-13
-78
-101
-102
-136
-238
-233
-319
-438
-317
-353
-534
-601
-494
-517
-502
-568
-592
-535
-516
-409
-385
-326
-276
-316
-299
-248
-211
-197
-245
-206
-224
-246
-237
-274
-244
-270
-266
-164
-145
-155
-10
8
-99
-103
-81
31
94
4
-18
17
-82
-141
-74
-80
-129
-99
-183
-184
-160
-169
-88
-93
-186
-77
-136
-237
-84
-158
-78
-84
-30
-55
-100
-47
6
47
-17
95
37
43
93
50
94
76
104
69
157
152
139
65
18
44
33
3
-19
58
-16
77
19
-10
-56
-185
-164
-136
-116
-195
-148
-148
-221
-265
-236
-100
-35
-59
-7
82
75
105
62
81
120
130
224
201
261
392
391
487
423
394
454
450
483
522
574
439
481
518
387
418
383
391
330
240
222
127
109
24
-65
-153
-202
-88
-155
-239
-243
-370
-340
-317
-440
-481
-579
-536
-606
-537
-514
-493
-470
-463
-387
-421
-317
-207
-151
-55
-24
-24
18
73
171
220
165
234
264
237
222
183
151
59
79
41
74
1
-74
-143
-225
-317
-338
-299
-385
-527
-628
-618
-610
-589
-569
-584
-507
-633
-707
-623
-580
-538
-464
-384
-339
-327
-303
-241
-279
-203
-176
-205
-89
-31
-15
-61
108
210
223
237
267
243
152
248
175
126
110
197
227
170
92
12
-32
-105
-66
-135
-118
-41
-147
-229
-306
-248
-272
-285
-330
-286
-245
-219
-149
-126
-46
28
35
100
101
211
232
287
365
343
488
530
524
609
558
581
678
558
566
520
468
513
440
390
401
330
319
195
145
114
51
-62
-17
-62
-186
-158
-188
-158
-223
-218
-228
-340
-449
-517
-478
-413
-371
-203
-294
-325
-198
-45
-104
-75
-43
-51
61
122
174
209
262
310
311
334
343
334
349
372
359
336
279
333
365
252
225
168
106
91
156
79
54
33
32
-56
-58
-112
-273
-207
-248
-202
-280
-329
-365
-406
-323
-332
-349
-254
-261
-190
-142
-178
-213
-193
-103
-48
-23
-42
-4
149
166
130
146
155
160
144
63
16
69
66
50
-5
-20
-114
-147
-90
-155
-214
-124
-114
-226
-279
-290
-291
-257
-265
-263
-341
-356
-254
-244
-325
-289
-263
-381
-368
-354
-201
-233
-154
-113
-135
-78
-78
-113
-48
-23
31
65
42
95
128
174
109
162
225
276
162
148
40
118
117
-6
57
43
94
61
41
-15
-78
-228
-198
-79
-203
-230
-206
-239
-355
-307
-270
-302
-280
-289
-310
-246
-247
-316
-283
-189
-68
-9
-14
3
117
105
78
223
236
162
169
106
201
168
130
225
165
119
51
47
38
55
86
-1
-37
-1
-31
-91
-200
-175
-238
-286
-195
-375
-303
-345
-411
-450
-549
-494
-483
-554
-571
-475
-375
-390
-474
-365
-278
-291
-233
-127
-159
-108
58
43
-27
81
132
147
151
146
249
255
214
282
194
181
200
105
100
111
54
2
-91
-115
-144
-203
-234
-329
-392
-439
-423
-504
-433
-324
-339
-318
-293
-253
-287
-243
-123
-83
-117
-60
143
70
96
205
149
156
189
322
331
373
365
353
358
411
444
357
365
322
277
344
276
253
213
101
47
69
58
-2
-11
-171
-98
-165
-218
-228
-188
-293
-264
-282
-230
-161
-190
-87
-71
-57
-37
-59
12
90
39
177
192
201
242
271
243
349
460
453
408
388
496
443
419
486
486
397
357
350
337
284
211
222
190
74
12
-63
-33
-3
-106
-38
27
-89
-132
-77
-176
-228
-324
-235
-264
-309
-249
-195
-173
-130
-139
-103
-65
-71
69
46
22
98
95
137
145
186
191
227
379
279
257
195
159
91
49
107
16
-38
20
-73
-161
-205
-276
-331
-298
-297
-338
-288
-317
-347
-387
-392
-249
-318
-306
-320
-392
-230
-241
-194
-151
-162
-89
-91
-69
-2
-51
-51
-12
0
10
-31
-10
5
-137
-103
-21
-14
-48
-138
-171
-226
-226
-176
-173
-121
-167
-145
-235
-253
-274
-228
-247
-270
-271
-335
-258
-220
-133
-293
-352
-250
-189
-200
-175
-92
-163
-108
-188
-125
-115
-135
-100
-225
-158
-115
-7
-25
-28
-11
37
30
-5
99
142
87
98
195
146
68
-8
2
-28
-26
59
24
-59
-62
-129
-70
-72
-96
-185
-63
-10
-64
-3
-90
-91
-137
-85
-5
-57
-97
-148
-64
-149
-109
-111
-112
-34
-14
-116
-146
-114
-175
-132
-177
-115
-59
-100
-62
67
38
47
31
39
-40
-56
-52
-78
-57
-1
44
39
44
62
16
-10
39
8
-26
44
33
35
29
52
-39
14
17
-142
-46
-63
8
51
-11
-72
-120
-101
-104
-49
-6
-14
2
-18
-33
-3
17
17
-99
-105
-55
-74
-44
-30
-27
-6
25
25
-35
-95
-12
-2
-61
-139
-31
15
-146
-134
-63
-43
-132
-122
-129
-118
-136
-177
-206
-135
1
-32
-32
-4
-12
-29
-57
-104
-17
12
-39
21
7
-51
-108
21
-93
22
49
70
153
206
237
214
252
232
436
410
339
253
286
308
332
297
190
294
314
264
97
20
45
71
-34
-84
-123
-111
-211
-327
-248
-282
-280
-366
-415
-260
-282
-334
-309
-324
-312
-316
-294
-152
-151
-113
-103
15
41
-2
52
76
41
108
80
45
94
128
279
210
216
228
196
251
177
134
100
40
-61
-3
-8
-53
-112
-218
-225
-248
-226
-201
-245
-307
-271
-284
-268
-258
-186
-179
-131
-185
-255
-174
-255
-162
-75
-210
-101
-87
-145
-164
-162
-125
-130
-140
-167
1
66
-38
-67
-83
-131
-30
-71
-118
-38
-59
-40
-159
-88
-49
-103
-115
-211
-74
-188
-202
-134
-102
-61
9
-40
-113
-68
-26
84
-5
-54
72
96
150
225
221
217
202
171
169
178
128
48
138
217
166
247
242
68
24
36
-35
29
44
21
-20
-31
-45
-102
-134
-69
29
-148
-143
-132
-165
-217
-213
-219
-285
-215
-167
-174
-173
-208
-135
-79
-191
-69
-92
65
32
-97
-38
-131
-53
23
-31
-43
64
1
13
6
-6
53
21
49
34
60
79
35
58
119
168
100
189
140
19
47
-46
34
21
18
-14
-50
4
-9
47
20
-10
11
-120
-135
-77
-67
-145
-111
-159
-247
-236
-270
-332
-353
-401
-361
-219
-334
-327
-334
-214
-222
-254
-197
-287
-303
-286
-193
-149
-91
-50
-94
-39
-70
-43
55
31
64
