301
156
221
244
272
235
220
181
150
229
70
126
184
136
150
204
267
236
298
282
217
298
284
178
179
257
261
210
263
223
192
215
222
193
184
186
105
169
189
145
132
131
226
93
58
124
199
171
153
139
125
203
195
133
200
162
122
192
145
95
158
126
-6
82
151
173
173
99
172
174
172
76
210
206
225
190
95
164
95
84
40
117
48
48
102
84
34
61
135
102
44
97
140
38
141
147
93
150
105
95
204
86
9
20
-99
-24
-68
-85
-45
-69
-24
39
65
92
33
4
80
64
-8
1
61
59
82
24
41
48
-55
-39
73
29
-34
-18
-65
12
-159
-162
-91
-66
-128
-112
-138
-71
-3
-122
-129
-59
12
-85
13
60
-11
11
24
5
-18
-85
-39
73
64
56
-7
-26
78
55
52
-8
-11
63
37
29
-80
11
48
6
3
50
34
40
-10
-113
-107
-72
-1
-29
-91
2
13
25
68
73
31
28
98
136
78
121
152
103
105
71
131
87
172
163
22
54
91
52
8
-8
42
74
31
-28
64
61
90
154
26
160
161
146
77
-53
-1
16
40
16
52
32
59
31
95
161
53
52
105
90
164
202
209
87
16
-71
-93
13
21
12
-72
-85
51
68
6
72
82
172
120
45
128
138
147
210
211
271
246
323
191
194
64
-31
0
13
-28
-175
-105
34
134
3
-24
-45
66
-3
-62
11
122
74
10
106
87
94
10
25
-2
23
4
-19
-17
-60
-76
54
87
138
108
-75
-8
79
118
66
22
97
154
68
67
140
152
77
17
57
77
100
130
103
108
125
105
172
228
122
172
164
129
189
86
69
99
156
142
99
175
126
117
165
150
129
76
158
135
89
151
98
92
-15
79
157
57
130
75
40
30
77
89
84
57
61
121
102
31
42
117
34
25
197
211
63
140
147
73
15
41
34
32
28
118
126
43
133
161
133
54
85
-1
-156
-134
-257
-355
-530
-1363
-1940
-1343
-450
-148
-158
-346
-414
-248
64
0
-785
-554
-454
-373
-332
-598
-584
-799
-755
-517
-337
-2
132
-66
-39
-260
-371
-565
-667
-378
-258
-47
114
-38
-197
-309
-333
-203
-331
-179
-71
-96
58
-167
-347
-463
-448
-358
-223
-45
-140
-74
-22
-127
-291
-192
-293
-338
-122
-229
17
-133
-256
-169
-359
-93
-217
-157
99
-32
90
-79
-189
69
-16
-172
18
-43
175
148
-91
-147
-291
-100
-299
11
-4
-21
17
-29
-44
-134
-12
3
-33
89
124
128
-136
-108
-143
-783
-568
-663
-639
-488
-287
-74
-473
-326
-206
-246
-143
-176
-17
194
-7
-30
-381
-519
-145
-63
90
173
150
32
-231
-449
-303
-541
-366
-37
-422
-338
-332
-646
-689
-530
-357
-75
-58
79
103
-141
-26
-132
-192
-16
-61
302
177
213
380
254
51
-204
-34
153
-2
133
137
-150
18
-215
-317
-286
-111
-86
-29
-91
-130
-151
-195
-123
-3
206
105
74
14
-47
-100
48
75
-63
-97
2
-226
-190
-107
-249
-212
-132
-226
-363
-97
-232
-234
-108
-113
-117
-11
-162
-170
-44
-91
-18
89
137
-92
-148
-87
-145
-189
-60
-67
2
-20
-233
-144
-254
-404
-245
-301
-172
-104
-193
-173
-214
-123
-123
-93
-112
-89
-54
-89
-167
-172
-32
-42
71
76
-110
-144
-66
30
-98
24
4
55
-25
-243
-186
-47
-53
24
183
305
205
-10
-85
-271
24
220
352
336
333
36
37
172
117
421
448
574
605
380
350
476
564
751
784
786
867
800
769
890
965
1043
1199
1225
1200
1121
1065
979
1236
1445
1341
1458
1497
1463
1230
1176
1194
1166
1219
1194
1249
1166
952
814
696
694
603
374
228
71
-52
-222
-367
-569
-704
-763
-935
-1086
-1113
-1218
-1240
-1253
-1364
-1367
-1274
-1252
-1183
-1252
-1312
-1198
-1191
-1112
-1155
-1080
-1020
-1138
-1020
-965
-1065
-967
-867
-859
-794
-858
-863
-835
-929
-887
-787
-814
-829
-685
-777
-776
-700
-562
-452
-362
-309
-341
-233
-143
-64
31
98
149
376
416
399
498
567
640
778
826
810
825
878
1054
1190
1379
1556
1519
1625
1802
1944
2093
2118
2395
2560
2856
3074
3095
3176
3318
3515
3825
4103
3619
2887
2426
2367
2176
1912
1929
1671
925
217
-112
-404
-774
-1097
-1281
-1461
-1622
-1783
-2070
-2492
-2706
-2926
-2701
-2281
-2081
-1980
-1974
-1697
-1571
-1278
-916
-630
-459
-304
66
364
477
528
681
777
894
1172
1151
886
826
594
491
413
271
99
-127
-450
-783
-989
-1208
-1466
-1510
-1619
-1730
-1886
-2079
-2224
-2281
-2160
-2154
-2155
-2128
-2258
-2282
-2124
-2101
-1997
-1814
-1789
-1630
-1506
-1386
-1397
-1347
-1232
-1078
-969
-920
-662
-642
-581
-552
-504
-342
-234
-86
-8
50
176
234
337
411
591
832
876
1030
1179
1303
1574
1705
2036
2288
2406
2432
2651
2968
3217
3501
3683
3903
4005
4089
4250
4362
4687
4941
4429
2859
1605
1916
2605
2416
1887
1411
444
-753
-1346
-1277
-1406
-2056
-2369
-2351
-2420
-2804
-3268
-3679
-3824
-3488
-3073
-2581
-2292
-2503
-2864
-2631
-1928
-1302
-1039
-861
-497
-334
-134
308
493
489
583
807
1035
1069
991
795
618
498
393
380
211
-123
-367
-563
-752
-878
-1143
-1393
-1558
-1840
-2021
-2049
-2176
-2212
-2387
-2316
-2188
-2238
-2300
-2357
-2261
-2104
-1837
-1691
-1567
-1583
-1536
-1298
-1151
-1097
-1045
-856
-727
-604
-541
-471
-442
-399
-364
-222
-37
-116
-85
29
198
321
410
513
534
672
875
1026
1140
1297
1498
1688
1980
2259
2440
2641
2773
2886
3159
3413
3546
3680
3902
4213
4301
4454
4593
4710
4811
5013
5545
5201
3753
2223
2161
2732
2799
2465
1867
950
-292
-951
-1050
-1080
-1564
-2237
-2362
-2344
-2561
-3000
-3566
-3931
-3881
-3439
-2943
-2635
-2672
-3008
-3024
-2523
-1991
-1662
-1531
-1234
-1094
-858
-355
-124
-155
-192
178
485
474
366
365
294
126
28
206
130
-76
-350
-475
-568
-895
-988
-1102
-1048
-1166
-1426
-1459
-1600
-1775
-1952
-1749
-1654
-1804
-1952
-1881
-1748
-1797
-1690
-1729
-1753
-1733
-1665
-1492
-1336
-1417
-1470
-1430
-1342
-1226
-1296
-1254
-1256
-1270
-1239
-1022
-897
-907
-912
-720
-403
-293
-241
-104
-11
-37
32
415
682
800
977
985
1097
1377
1592
1712
1918
2007
2072
2212
2396
2298
2251
2273
2422
2521
2639
3010
3136
3161
3164
3266
3420
3692
4004
3789
2792
1560
1397
1985
2174
1863
1571
1133
204
-563
-707
-814
-1187
-1585
-1610
-1474
-1793
-2331
-2832
-3375
-3424
-3103
-2732
-2378
-2437
-2735
-2838
-2511
-2382
-2221
-1939
-1550
-1276
-987
-617
-451
-486
-639
-420
-95
151
487
408
365
228
139
188
245
180
128
249
199
168
-49
-256
-408
-515
-532
-451
-394
-477
-689
-782
-753
-825
-1037
-966
-871
-850
-770
-814
-926
-1024
-1092
-1044
-893
-732
-831
-1046
-1174
-1247
-1155
-1252
-1235
-1172
-1143
-940
-845
-979
-1006
-1069
-962
-662
-521
-233
-82
-131
-88
-11
121
245
355
510
818
1044
1101
1170
1307
1287
1173
1421
1528
1573
1743
1863
1799
1864
1837
1744
1812
1730
1858
2212
2318
2485
2450
2520
2692
2901
3345
3291
2622
1733
1548
1912
2028
2071
2013
1644
1011
356
106
17
-230
-794
-1029
-969
-984
-1219
-1803
-2200
-2622
-2766
-2522
-2161
-2090
-2180
-2328
-2326
-2068
-1911
-1871
-1571
-1158
-815
-347
-48
98
37
-7
98
304
435
602
831
625
563
652
555
534
490
539
549
577
650
556
329
166
-20
-171
-97
-85
-131
-105
-191
-286
-469
-625
-624
-653
-570
-528
-551
-517
-631
-776
-880
-780
-754
-628
-721
-798
-763
-868
-906
-688
-873
-801
-491
-458
-305
-209
-174
-127
-242
-133
186
67
47
354
629
660
696
820
810
938
1031
1096
1160
1137
1174
1316
1395
1424
1543
1493
1560
1693
1560
1638
1756
1797
2010
2285
2524
2684
2603
2652
2939
3207
3593
3593
3009
2176
1937
2357
2500
2451
2239
1960
1361
728
498
313
-6
-437
-557
-780
-986
-1262
-1731
-2128
-2426
-2626
-2438
-2055
-2071
-2190
-2340
-2348
-2318
-2123
-1888
-1629
-1374
-1098
-722
-401
-394
-648
-624
-382
-149
-37
214
285
60
-31
-186
-99
-47
-122
-161
-296
-223
-290
-417
-542
-552
-579
-616
-552
-598
-566
-527
-558
-674
-778
-899
-852
-879
-943
-975
-942
-901
-990
-1066
-1166
-1017
-1050
-1178
-1195
-1125
-1175
-1213
-1210
-1196
-1163
-1307
-1145
-936
-1123
-1113
-1057
-725
-448
-534
-443
-439
-515
-335
-105
-29
305
498
486
614
674
696
619
745
902
962
1092
1414
1279
1167
1294
1367
1415
1504
1830
1826
1923
2161
2228
2405
2477
2677
2933
3104
3245
2848
1973
1733
2059
2241
2172
1855
1629
1290
638
351
277
5
-355
-579
-539
-722
-1016
-1477
-1847
-2091
-2317
-2163
-1922
-1781
-1941
-2220
-2296
-2276
-2124
-1954
-1648
-1336
-1094
-867
-723
-600
-592
-593
-425
-218
-35
52
111
-57
-141
-209
-140
-28
-157
-34
67
-83
-238
-261
-399
-402
-354
-258
-289
-332
-420
-527
-528
-617
-560
-499
-561
-485
-457
-590
-688
-854
-824
-693
-754
-755
-657
-882
-1034
-914
-1011
-948
-745
-783
-726
-584
-663
-740
-702
-524
-327
-386
101
340
268
24
153
269
376
644
749
789
986
1056
840
735
605
857
924
843
1038
1286
1222
1298
1284
1306
1405
1450
1535
1664
1808
1851
1906
2047
2113
2294
2453
2563
2734
2364
1536
1244
1490
1686
1595
1406
1216
800
137
-143
-115
-325
-687
-1065
-1049
-1055
-1329
-1773
-2235
-2393
-2466
-2455
-2221
-2036
-2331
-2563
-2446
-2307
-2080
-1983
-1807
-1687
-1500
-1204
-1040
-999
-992
-1028
-874
-630
-585
-530
-552
-697
-683
-672
-468
-397
-394
-437
-550
-435
-453
-456
-467
-407
-257
-215
-184
-178
-244
-203
-97
-176
-38
-30
-132
-175
-371
-438
-297
-250
-383
-739
-599
-428
-604
-533
-648
-757
-781
-728
-757
-704
-687
-745
-695
-697
-491
-349
-285
-221
-273
-125
150
45
91
309
464
573
853
833
719
911
949
1036
1167
1229
1212
1346
1539
1531
1510
1535
1612
1673
1641
1817
2029
2077
2139
2166
2171
2161
2375
2598
2768
2548
1909
1338
1236
1605
1719
1483
1308
1115
439
-55
-96
-73
-211
-596
-826
-923
-1067
-1527
-1989
-2139
-2138
-2226
-2250
-2109
-2079
-2380
-2536
-2409
-2115
-1841
-1796
-1711
-1539
-1454
-1372
-1275
-1096
-948
-885
-737
-691
-591
-715
-747
-704
-608
-351
-354
-299
-462
-615
-527
-466
-590
-616
-391
-419
-405
-313
-391
-476
-545
-464
-386
-290
-435
-595
-668
-689
-796
-749
-576
-571
-821
-927
-770
-972
-1125
-872
-756
-793
-729
-743
-852
-948
-979
-791
-610
-342
-425
-503
-254
-289
-378
-270
-122
303
347
266
496
609
550
448
808
992
1257
1292
1215
1394
1448
1539
1758
1935
1916
1870
1969
1981
2022
2225
2330
2348
2404
2520
2557
2584
2845
3017
2652
1821
1368
1544
1948
2029
1556
1087
787
466
43
141
263
-21
-534
-772
-763
-1026
-1423
-1611
-1730
-1748
-1664
-1549
-1702
-1966
-2059
-2161
-1762
-1401
-1301
-1224
-1143
-1022
-927
-624
-412
-340
-357
-179
-43
44
155
-57
-32
-66
39
155
115
93
-81
-194
-136
-67
-133
-137
-287
-356
-439
-361
-451
-445
-331
-332
-281
-239
-388
-568
-495
-387
-386
-382
-170
-320
-480
-356
-167
-218
-256
-256
-439
-340
-118
-344
-383
-519
-413
-109
-99
-35
-161
-169
126
274
195
381
440
341
357
439
692
814
824
949
1117
1195
997
1154
1294
1506
1710
1551
1661
1936
1853
1853
1962
2296
2480
2522
2604
2546
2556
2841
3047
3248
3341
2878
1952
1491
2030
2533
2493
2074
1540
1012
408
154
511
529
147
-436
-687
-763
-1001
-1342
-1600
-1709
-1818
-1842
-1714
-1879
-2224
-2485
-2324
-1833
-1629
-1630
-1721
-1775
-1708
-1384
-911
-719
-807
-736
-645
-584
-379
-206
-205
-144
-150
-43
28
-49
-141
-362
-204
-166
-102
-293
-416
-469
-603
-656
-661
-562
-764
-828
-681
-513
-598
-709
-713
-769
-644
-616
-720
-676
-769
-800
-778
-662
-504
-552
-564
-522
-535
-503
-422
-502
-618
-425
-150
-54
-222
-226
-214
11
76
71
323
313
202
151
353
555
578
636
758
1050
1007
907
1017
1188
1315
1435
1622
1700
1730
1666
1743
1843
2075
2363
2345
2526
2795
2907
3166
3369
3433
2480
1441
1840
2775
3119
2442
1769
1325
696
158
457
938
572
-368
-869
-1011
-1170
-1323
-1636
-1855
-1985
-2055
-2185
-2260
-2321
-2583
-2674
-2346
-1982
-2044
-2280
-2471
-2316
-1893
-1413
-1102
-1064
-1323
-1212
-890
-492
-268
-256
-223
-428
-268
-174
-47
-7
2
-71
-168
-178
-185
-299
-352
-378
-470
-399
-397
-488
-588
-639
-596
-592
-762
-1006
-873
-789
-600
-585
-667
-762
-825
-872
-770
-571
-732
-698
-606
-453
-366
-372
-301
-247
-115
143
141
201
108
-37
-71
61
170
229
376
276
293
397
544
626
653
609
804
937
940
999
1204
1315
1385
1485
1781
1751
1808
1888
2118
2584
2659
2736
2726
2897
3101
3119
3405
3857
3250
1923
1457
2572
3461
2866
1862
1428
1031
533
482
981
922
-239
-1143
-1237
-1146
-1198
-1570
-1967
-2225
-2484
-2775
-2726
-2676
-2770
-2923
-2842
-2362
-2271
-2719
-2866
-2573
-2261
-1851
-1514
-1517
-1699
-1633
-1107
-638
-412
-334
-299
-351
-239
34
306
364
295
269
258
318
352
244
172
58
-22
-2
-152
-276
-497
-542
-448
-464
-615
-807
-821
-748
-761
-757
-799
-989
-1128
-1163
-891
-689
-754
-754
-787
-795
-678
-515
-258
-281
-247
-63
47
89
248
290
292
495
463
550
652
655
757
801
937
973
893
926
993
1115
1262
1406
1392
1468
1494
1569
1753
2002
2084
2186
2293
2276
2410
2555
2856
3012
3228
3269
3544
3728
2938
1703
1664
3190
3746
2891
1887
1391
1152
943
1153
1481
885
-414
-1221
-1050
-648
-751
-1243
-1863
-2231
-2405
-2592
-2509
-2401
-2570
-2750
-2758
-2545
-2489
-2789
-2763
-2355
-1861
-1687
-1876
-2022
-1888
-1350
-948
-644
-705
-826
-848
-597
-257
-33
96
-177
-202
-30
73
142
160
166
232
119
7
-156
-275
-198
-208
-197
-303
-514
-885
-859
-745
-645
-749
-1164
-1358
-1366
-1276
-1165
-1056
-1131
-1265
-1389
-1240
-982
-835
-810
-863
-805
-623
-569
-456
-286
-206
-69
82
147
347
385
469
669
873
1002
950
959
953
955
1195
1437
1511
1640
1615
1661
1900
1946
2103
2129
2143
2258
2286
2590
2625
2675
2784
2831
3122
3394
3588
3067
1825
1316
2562
3735
3013
1559
947
993
972
920
1205
927
-61
-1019
-923
-455
-577
-1090
-1740
-2074
-2102
-2209
-2315
-2279
-2350
-2549
-2536
-2405
-2530
-2721
-2574
-2178
-1816
-1658
-1930
-2021
-1808
-1256
-723
-587
-830
-929
-884
-523
-160
-125
-62
-178
-196
-154
201
317
167
106
49
142
77
-31
-71
56
149
-26
-165
-271
-471
-477
-383
-328
-423
-720
-902
-920
-694
-639
-534
-591
-729
-738
-691
-567
-404
-416
-487
-467
-403
-306
-243
-48
-41
4
90
149
334
482
573
569
620
841
1021
1081
1142
1245
1405
1503
1550
1847
1889
1975
2138
2238
2433
2472
2615
2698
2858
2979
3138
3225
3331
3428
3600
4050
3558
2204
1676
3062
4103
3267
1637
1027
1229
1228
1220
1306
786
-315
-1022
-820
-410
-640
-1180
-1750
-1911
-1920
-2133
-2313
-2346
-2224
-2305
-2385
-2387
-2496
-2563
-2329
-1793
-1722
-1919
-2009
-1900
-1656
-1152
-853
-1002
-1226
-1309
-874
-370
-369
-449
-454
-372
-268
-246
-172
-126
-151
-122
-96
0
-33
-93
36
103
34
-198
-274
-321
-286
-227
-301
-322
-347
-386
-489
-416
-450
-511
-486
-440
-420
-431
-461
-450
-369
-408
-412
-357
-262
-188
-206
-355
-311
-178
-6
-19
48
145
224
244
311
572
712
909
972
1087
1312
1469
1543
1687
1808
1958
2200
2508
2658
2744
3051
3187
3113
3164
3463
3673
3873
3970
4190
3457
2144
1977
3513
4425
3077
1415
957
1467
1300
1232
1142
409
-606
-1062
-643
-562
-901
-1497
-2017
-2054
-2055
-2354
-2453
-2332
-2199
-2286
-2580
-2734
-2745
-2643
-2281
-1905
-2032
-2300
-2258
-2018
-1613
-1210
-1170
-1367
-1563
-1393
-991
-770
-661
-737
-854
-789
-594
-545
-643
-604
-508
-551
-523
-543
-619
-512
-430
-262
-283
-624
-606
-458
-367
-397
-451
-520
-537
-412
-427
-355
-403
-433
-411
-315
-198
-231
-170
-216
-196
-178
-190
-71
-14
-35
32
-22
43
57
191
347
416
296
255
404
561
752
727
753
765
927
1012
1231
1436
1557
1586
1832
2187
2425
2525
2599
2891
3031
3113
3349
3532
3792
3830
4160
4014
2796
2033
3068
4625
3849
1996
1231
1518
1794
1523
1204
702
-194
-863
-769
-517
-894
-1488
-1972
-1979
-1904
-2171
-2478
-2412
-2141
-2211
-2599
-2681
-2567
-2449
-2199
-2035
-1943
-1988
-1994
-1816
-1548
-1213
-1039
-1145
-1281
-1112
-820
-523
-628
-684
-584
-624
-526
-539
-485
-369
-397
-486
-541
-435
-344
-348
-304
-233
-473
-407
-292
-256
-220
-397
-628
-588
-498
-373
-398
-467
-392
-361
-392
-337
-279
-273
-424
-441
-340
-287
-163
-212
-128
-139
-119
-162
-123
116
188
246
237
209
236
382
458
674
906
817
750
941
1149
1281
1349
1370
1432
1768
1966
2113
2168
2279
2429
2752
3067
2984
3073
3293
3462
3601
3890
4064
2816
1630
2381
4409
4151
1978
986
1594
2179
1622
1188
969
309
-308
-407
-225
-448
-1115
-1452
-1514
-1679
-1934
-2400
-2238
-1841
-2100
-2507
-2643
-2384
-2206
-2195
-1936
-1979
-2160
-2086
-1756
-1506
-1348
-1224
-1185
-1155
-1124
-959
-707
-575
-638
-571
-507
-405
-379
-287
-194
-186
-344
-408
-282
-219
-215
-269
-345
-348
-486
-460
-390
-286
-430
-649
-521
-389
-369
-572
-600
-503
-587
-495
-379
-375
-383
-325
-391
-463
-315
-249
-183
-135
-211
-269
-186
-123
-93
-31
-65
-112
20
221
311
308
384
475
667
668
651
824
1049
1180
1059
1171
1266
1465
1731
1947
1964
2000
2316
2356
2515
2578
2912
3025
3028
3313
3719
3845
2640
1680
2606
4170
3468
1602
983
1657
2120
1524
1127
792
338
-111
-304
-428
-497
-936
-1366
-1564
-1820
-2031
-2319
-2065
-1761
-1900
-2408
-2599
-2262
-2019
-1934
-1882
-1983
-2086
-1878
-1603
-1448
-1286
-1190
-1195
-1155
-1034
-773
-628
-573
-705
-620
-546
-541
-485
-442
-305
-439
-390
-498
-400
-286
-244
-464
-431
-262
-439
-387
-374
-351
-478
-681
-684
-573
-473
-697
-670
-640
-725
-615
-510
-474
-462
-509
-523
-412
-274
-206
-244
-102
29
-9
49
13
183
348
361
410
424
399
526
578
623
833
802
692
658
988
1111
1131
1072
1088
1280
1310
1421
1562
1772
1884
1936
2071
2420
2492
2561
2822
2979
3133
3249
3669
3415
2196
1525
2854
4302
3079
1076
1090
2088
2107
1314
907
881
548
125
-94
-137
-423
-653
-1029
-1386
-1495
-1845
-1905
-1530
-1469
-1876
-2390
-2377
-1865
-1709
-1830
-2064
-1972
-1838
-1642
-1692
-1620
-1404
-1327
-1244
-1292
-1142
-927
-732
-705
-684
-675
-729
-618
-482
-372
-471
-437
-385
-448
-268
-247
-373
-509
-436
-437
-413
-362
-523
-576
-706
-813
-673
-575
-611
-737
-863
-827
-815
-796
-685
-702
-646
-630
-750
-495
-326
-333
-230
-86
-71
-2
72
97
328
354
441
450
472
521
677
785
837
730
700
851
830
957
965
951
981
1073
1127
1158
1291
1316
1289
1346
1636
1647
1570
1839
2126
2187
2087
2185
2520
2881
3088
3237
2328
1400
2129
3831
3634
1769
845
1716
2417
1943
1148
871
677
342
178
21
-177
-453
-794
-1107
-1350
-1613
-1662
-1574
-1341
-1518
-2103
-2333
-1999
-1687
-1959
-2451
-2326
-1973
-2021
-2060
-1871
-1506
-1487
-1604
-1732
-1666
-1320
-1196
-1172
-1135
-1152
-1219
-993
-804
-674
-818
-924
-812
-618
-520
-530
-433
-539
-593
-572
-517
-561
-474
-498
-572
-587
-601
-598
-541
-585
-849
-864
-829
-700
-634
-745
-797
-788
-686
-808
-665
-548
-497
-434
-445
-347
-351
-106
83
77
106
268
282
382
533
579
616
609
782
775
731
703
823
991
952
958
921
1049
1287
1305
1238
1121
1329
1476
1504
1691
1676
1739
1896
2081
2077
2141
2520
2862
2899
1950
1169
1904
3459
3281
1554
768
1555
2131
1592
1084
955
857
548
199
154
156
29
-309
-772
-1020
-1278
-1400
-1226
-1066
-1336
-1885
-2045
-1638
-1493
-1722
-1962
-1946
-1784
-1752
-1778
-1739
-1510
-1488
-1488
-1535
-1575
-1377
-1161
-1082
-1114
-1127
-1119
-893
-771
-732
-729
-889
-778
-632
-608
-585
-511
-483
-593
-561
-583
-606
-472
-429
-494
-550
-608
-555
-516
-497
-698
-699
-562
-575
-641
-781
-728
-658
-646
-714
-640
-468
-449
-472
-424
-287
-245
-90
20
9
150
170
246
371
467
491
512
537
609
657
695
820
750
857
1003
1071
1058
1141
1285
1235
1276
1349
1429
1500
1431
1493
1671
1781
1706
1675
1939
1957
2144
2399
2587
2701
2234
1491
1693
2985
3365
2055
1189
1716
2373
2227
1396
1190
1243
1218
808
453
404
297
15
-413
-760
-992
-1072
-1147
-1042
-1283
-1818
-1980
-1811
-1763
-1870
-2109
-2221
-2136
-1904
-1923
-2023
-1978
-1832
-1583
-1736
-1700
-1493
-1351
-1207
-1297
-1119
-993
-882
-757
-670
-692
-621
-593
-460
-239
-227
-199
-262
-255
-248
-183
-107
-124
-219
-171
-192
-267
-198
-333
-453
-505
-541
-488
-508
-461
-470
-619
-710
-789
-739
-549
-494
-528
-487
-444
-414
-399
-416
-353
-108
-70
-6
6
69
223
150
261
406
450
497
399
554
816
739
660
767
835
920
1032
1004
1164
1060
1041
1092
1262
1405
1332
1353
1428
1530
1678
1835
1938
2252
2342
2603
2293
1471
1347
2491
3211
2153
1012
1247
2112
2085
1427
1054
1031
977
674
332
229
137
50
-431
-768
-1057
-1222
-1093
-1061
-1271
-1716
-2098
-1874
-1654
-1772
-2121
-2336
-2170
-2107
-1991
-2095
-1981
-1869
-1790
-1962
-1880
-1630
-1315
-1105
-1242
-1399
-1281
-1108
-977
-797
-811
-794
-739
-757
-619
-480
-476
-326
-328
-358
-304
-227
-124
-40
-101
-270
-335
-227
-178
-244
-434
-574
-474
-510
-523
-554
-572
-570
-637
-726
-704
-618
-515
-553
-611
-642
-433
-453
-438
-328
-391
-300
-210
-22
20
128
122
127
183
200
248
333
446
512
639
711
851
839
884
961
1111
1120
1069
1256
1264
1440
1400
1523
1646
1624
1713
1742
1804
2074
2416
2439
2422
2262
1809
1656
2533
3334
2516
1345
1353
2129
2310
1737
1102
988
1112
732
331
219
250
137
-352
-771
-977
-1126
-1101
-1166
-1362
-1708
-1903
-1924
-1892
-1797
-1994
-2103
-2010
-1867
-1783
-1877
-1738
-1488
-1390
-1454
-1538
-1387
-1102
-1009
-1000
-927
-894
-757
-495
-317
-225
-326
-271
-45
93
152
62
171
329
316
340
385
401
491
440
280
174
308
302
335
191
-54
-18
43
-15
-183
-179
-169
-272
-357
-344
-303
-234
-281
-290
-337
-344
-244
-183
-148
-138
-165
-100
-21
142
213
265
215
352
442
366
545
669
806
816
716
894
1207
1158
1116
1180
1250
1305
1364
1391
1463
1471
1529
1665
1773
1888
1872
2005
2223
2382
2477
2485
2551
2229
1759
2083
2880
2891
1887
1157
1703
2221
1780
1052
860
847
833
409
6
15
61
-307
-825
-1027
-1211
-1295
-1452
-1540
-1716
-1804
-2048
-2073
-1865
-1860
-2157
-2321
-2059
-1824
-1801
-1961
-1795
-1612
-1504
-1588
-1550
-1179
-975
-932
-1011
-997
-768
-641
-568
-442
-426
-438
-260
-91
-17
3
38
200
185
207
288
215
237
218
163
10
124
181
59
-55
-186
-245
-279
-184
-333
-501
-496
-621
-476
-533
-520
-497
-511
-569
-541
-437
-556
-384
-362
-382
-418
-390
-415
-335
-238
-75
-94
-124
62
100
175
300
422
481
557
570
711
838
887
909
963
1093
1129
1238
1347
1488
1407
1356
1468
1683
1743
1722
1796
1944
2120
2205
2305
2402
2600
2515
1920
1634
2265
2920
2368
1325
1150
1578
1751
1241
731
726
667
145
-209
-309
-272
-467
-704
-1058
-1346
-1482
-1547
-1525
-1716
-1932
-2216
-2258
-2015
-1958
-2140
-2183
-2067
-1943
-1798
-1838
-1772
-1511
-1404
-1451
-1339
-1071
-824
-705
-714
-687
-496
-319
-145
-49
-40
67
73
179
325
445
471
493
460
389
380
308
516
533
307
76
3
162
225
-38
-299
-450
-493
-404
-510
-591
-747
-743
-740
-717
-869
-848
-779
-831
-893
-994
-879
-772
-630
-654
-662
-594
-595
-471
-345
-243
-382
-252
-98
55
104
105
161
286
451
414
449
545
784
850
794
829
989
1163
1244
1299
1518
1516
1631
1661
1798
1795
1702
1941
1995
2070
2264
2308
2433
2523
2618
2862
2782
2170
1605
2149
2966
2653
1607
1149
1641
1865
1322
808
742
735
497
73
-228
-229
-266
-510
-940
-1220
-1374
-1435
-1415
-1434
-1637
-1911
-2015
-1953
-1780
-1818
-2022
-1939
-1734
-1703
-1719
-1589
-1283
-1140
-1142
-1193
-1010
-675
-421
-369
-377
-235
-92
112
120
397
493
464
511
627
714
678
653
693
809
656
544
502
509
450
221
-3
56
32
-162
-316
-384
-508
-760
-855
-951
-854
-878
-1149
-1175
-1224
-1223
-1328
-1381
-1394
-1501
-1552
-1446
-1341
-1293
-1106
-1125
-1153
-919
-874
-851
-636
-563
-453
-433
-234
-229
-83
70
25
176
90
229
398
530
546
590
734
669
792
873
1057
1145
991
1054
1169
1318
1456
1383
1467
1599
1657
1796
1743
1813
1945
1992
2099
2164
2151
2323
2385
2040
1478
1643
2321
2219
1375
818
1087
1309
962
510
328
340
157
-199
-397
-558
-608
-844
-1185
-1397
-1466
-1558
-1694
-1613
-1582
-1871
-1961
-1742
-1560
-1643
-1692
-1485
-1318
-1229
-1266
-1149
-900
-658
-526
-519
-415
-219
-15
15
23
120
283
382
475
536
595
606
642
679
656
654
556
560
476
455
367
182
143
-20
-158
-232
-339
-544
-648
-750
-988
-1015
-1127
-1162
-1231
-1468
-1484
-1634
-1662
-1642
-1734
-1666
-1549
-1614
-1721
-1599
-1541
-1448
-1388
-1270
-1289
-1145
-1043
-960
-809
-799
-614
-585
-511
-472
-479
-355
-216
43
87
-38
36
168
245
452
443
446
623
633
624
746
652
693
789
847
928
882
842
919
1105
1155
1111
1206
1350
1490
1354
1348
1327
1398
1510
1578
1685
1765
1883
1757
1341
1109
1441
1948
1725
998
721
1031
1096
704
427
239
241
90
-204
-475
-328
-298
-580
-775
-910
-965
-902
-872
-950
-1015
-1170
-1167
-1008
-860
-923
-1079
-1035
-883
-644
-545
-578
-348
-186
-295
-279
-192
6
207
80
90
33
85
230
244
301
216
215
102
96
182
186
186
63
-10
59
-82
-166
-198
-179
-390
-467
-383
-348
-448
-713
-768
-815
-820
-866
-897
-1005
-973
-1097
-1154
-1121
-1177
-1095
-1116
-1182
-1174
-1176
-1092
-1039
-955
-943
-947
-886
-753
-667
-649
-522
-508
-371
-363
-443
-275
-25
-37
20
33
18
234
343
334
262
352
455
536
676
644
561
615
742
727
851
944
956
1108
1161
1112
1053
1269
1159
1199
1390
1458
1441
1509
1605
1518
1714
1880
1859
1788
1483
1381
1773
2087
1694
1133
1057
1375
1542
1145
892
739
707
578
248
134
85
-46
-252
-409
-636
-745
-729
-729
-870
-1055
-1248
-1190
-1143
-1118
-1263
-1439
-1285
-1077
-1090
-1247
-1127
-997
-834
-868
-944
-893
-632
-349
-325
-360
-282
-119
-85
23
168
237
269
272
299
325
259
414
396
439
404
274
310
407
252
84
85
85
12
-61
-75
-150
-158
-323
-472
-606
-660
-735
-717
-767
-921
-911
-877
-791
-954
-1050
-1061
-1102
-989
-1040
-1037
-1089
-1071
-952
-978
-895
-810
-748
-697
-653
-680
-589
-511
-551
-597
-480
-406
-357
-284
-216
-103
-69
4
37
163
298
329
185
254
325
388
458
529
652
632
715
757
794
823
880
1007
1086
1117
1191
1230
1226
1271
1477
1647
1586
1516
1674
1923
1969
2094
2058
1891
1712
1554
1873
2101
1612
1038
940
1129
1143
832
428
315
221
13
-328
-481
-521
-768
-950
-1166
-1344
-1414
-1479
-1545
-1580
-1678
-1767
-1727
-1558
-1355
-1441
-1552
-1507
-1351
-1138
-1125
-859
-826
-741
-622
-774
-529
-336
-175
-172
-159
-18
48
287
413
419
359
367
447
539
574
562
541
689
720
688
635
583
666
590
369
251
268
311
195
-24
-120
-150
-195
-254
-410
-475
-624
-715
-757
-853
-878
-1023
-1145
-1094
-1098
-1136
-1149
-1144
-1190
-1138
-1165
-1139
-1196
-1220
-1259
-1287
-1182
-1058
-937
-943
-832
-815
-738
-630
-549
-434
-451
-346
-202
-74
118
252
283
292
388
575
617
780
785
753
950
1012
1029
993
975
910
946
939
941
1007
957
893
771
761
755
817
718
658
694
910
1014
1029
1075
1100
1196
1270
1326
1351
1492
1287
1118
1239
1551
1567
1182
1018
1086
1161
1021
934
696
476
443
347
92
-85
-119
-263
-472
-674
-768
-813
-874
-898
-1078
-1223
-1308
-1372
-1306
-1391
-1360
-1445
-1338
-1213
-1206
-1105
-1006
-839
-805
-750
-664
-550
-319
-161
-91
38
83
274
422
480
616
618
626
807
848
826
813
734
726
737
690
655
592
508
337
264
185
126
152
100
-132
-285
-251
-378
-474
-592
-730
-860
-1027
-969
-956
-1062
-1234
-1244
-1122
-1102
-1042
-1115
-988
-1058
-1069
-1001
-964
-895
-847
-803
-743
-660
-628
-489
-478
-464
-402
-273
-138
-169
-98
-134
-79
-56
-138
-127
-79
-107
-152
-170
-284
-250
-345
-420
-429
-466
-399
-391
-481
-418
-476
-414
-310
-206
-201
-241
-87
43
199
124
136
94
282
453
427
591
777
904
899
1059
1191
1273
1450
1435
1514
1628
1684
1598
1480
1394
1534
1613
1266
883
768
783
623
430
204
67
-166
-424
-711
-829
-847
-1115
-1207
-1358
-1499
-1683
-1655
-1602
-1660
-1722
-1842
-1853
-1720
-1635
-1594
-1425
-1346
-1162
-979
-915
-742
-569
-483
-359
-294
-173
-7
70
197
332
366
375
363
413
508
498
462
536
525
523
478
604
561
462
358
268
368
378
374
258
236
95
-6
-53
-128
-190
-240
-345
-451
-443
-528
-503
-500
-584
-648
-700
-733
-815
-894
-987
-839
-872
-1006
-966
-998
-982
-918
-912
-1033
-939
-1002
-918
-995
-899
-797
-865
-760
-820
-712
-696
-633
-542
-570
-401
-323
-304
-166
-37
-40
6
185
327
367
425
404
529
615
611
631
514
643
751
695
636
777
835
850
809
870
926
1016
1033
981
1034
1096
1148
1133
1270
1236
1140
1202
1269
1276
1339
1439
1474
1548
1588
1389
1193
1374
1514
1376
1063
942
930
893
762
662
604
425
240
38
-12
-15
-104
-294
-342
-431
-545
-571
-651
-543
-582
-632
-657
-584
-541
-472
-441
-503
-249
-155
-120
-65
32
134
132
184
239
360
485
567
490
482
482
493
522
535
467
534
625
540
574
505
420
445
457
304
209
179
83
61
-94
-221
-236
-235
-395
-434
-529
-604
-632
-626
-609
-692
-659
-669
-637
-673
-682
-684
-662
-627
-583
-489
-470
-574
-483
-381
-340
-242
-246
-178
-232
-80
71
-64
-71
-141
-78
-55
-206
-232
-270
-224
-230
-247
-285
-325
-299
-318
-262
-319
-322
-392
-372
-339
-325
-367
-319
-237
-157
-153
-181
-10
44
116
18
43
163
235
279
337
435
578
602
578
617
602
682
769
803
804
981
1042
1001
1093
1085
1224
1218
1205
1319
1409
1182
987
1078
1301
1176
883
713
664
776
601
389
311
266
158
41
-160
-359
-339
-391
-628
-613
-529
-720
-823
-785
-677
-783
-946
-910
-749
-720
-835
-751
-717
-586
-597
-625
-610
-520
-463
-381
-365
-341
-247
-259
-167
-135
-147
-128
-152
-56
-32
-113
-3
49
19
-16
-58
60
164
92
24
137
151
192
150
80
76
128
142
44
78
99
75
37
-4
-8
-10
-18
-49
-5
-71
-53
-72
-113
-103
-223
-191
-246
-219
-289
-312
-319
-342
-415
-434
-428
-560
-599
-667
-623
-551
-587
-649
-563
-565
-557
-512
-468
-486
-393
-336
-396
-332
-353
-353
-377
-395
-430
-419
-360
-334
-323
-365
-251
-297
-412
-428
-449
-331
-243
-251
-223
-98
-83
-23
91
146
274
261
251
302
260
324
492
476
619
671
769
933
872
854
972
1074
1113
1144
1190
1231
1304
1358
1334
1453
1471
1512
1387
1094
1257
1532
1381
1048
976
1053
1041
936
711
552
418
238
118
-90
-155
-162
-353
-483
-438
-577
-584
-608
-642
-627
-714
-720
-739
-631
-628
-578
-474
-522
-429
-306
-340
-273
-200
-140
-86
-66
34
155
170
270
369
389
353
449
526
528
508
459
444
447
505
495
476
453
431
422
400
362
413
371
304
256
183
289
205
96
29
-8
13
3
-31
-105
-139
-183
-288
-111
-148
-218
-262
-245
-382
-451
-290
-356
-587
-656
-605
-554
-388
-500
-554
-534
-416
-450
-440
-387
-421
-335
-347
-410
-327
-369
-225
-281
-237
-171
-132
-14
18
61
44
153
208
215
216
139
138
179
224
238
159
208
219
228
188
128
159
71
-18
2
-76
-6
-42
-50
85
-6
-65
-39
-137
-50
-37
-30
14
-28
-40
-172
-89
60
70
-17
-25
-46
-31
-23
-26
-42
52
96
12
29
-36
-21
26
-69
-1
-62
22
63
-13
43
-6
-21
-40
-21
-75
-101
-246
-303
-261
-323
-328
-328
-289
-333
-381
-361
-379
-471
-470
-412
-416
-494
-432
-379
-474
-413
-398
-490
-439
-440
-450
-434
-451
-361
-392
-535
-434
-461
-523
-476
-447
-414
-338
-303
-412
-338
-408
-444
-406
-334
-196
-258
-205
-184
-152
-275
-276
-148
-191
-161
-117
-136
-91
-145
-84
21
-44
-63
22
41
-8
82
158
152
178
138
15
75
114
102
86
171
212
185
232
287
330
339
339
408
483
525
567
592
675
733
819
862
936
961
1075
1125
1163
1266
1303
1377
1500
1579
1599
1658
1775
1758
1544
1489
1694
1791
1572
1370
1364
1376
1281
1246
1128
951
824
714
615
451
426
350
145
-41
-100
-136
-263
-330
-324
-512
-561
-573
-578
-563
-609
-560
-616
-601
-554
-569
-487
-412
-349
-467
-413
-160
-173
-129
-40
-99
-66
-63
-117
-20
92
26
-15
32
8
-6
45
112
50
69
56
-28
19
114
43
53
106
104
171
226
204
203
136
68
90
-23
72
106
-14
-72
84
86
-69
-55
-107
-169
-191
-249
-293
-194
-223
-250
-223
-193
-252
-343
-324
-359
-355
-332
-396
-444
-368
-400
-423
-348
-342
-279
-243
-265
-53
-53
-21
94
120
191
195
177
200
237
288
291
312
341
326
376
349
378
265
228
268
375
416
401
318
303
348
173
220
174
186
178
157
208
139
69
46
138
15
-75
23
54
-44
-64
-159
-131
3
-79
2
-76
-122
-27
-37
-62
-48
-42
-123
-75
-68
88
92
-8
96
98
123
51
-21
-32
24
10
-55
-86
-56
-28
-69
19
-17
-51
-55
-31
-28
-42
-78
-148
4
-7
35
15
62
98
69
132
231
266
249
233
212
284
287
275
259
304
346
312
383
413
379
479
417
352
424
414
367
355
402
308
294
269
218
110
133
108
5
-51
-94
-18
-73
-29
-129
-240
-134
-211
-209
-208
-243
-194
-159
-182
-185
-128
-241
-77
41
-108
-54
-18
138
184
168
123
140
236
214
278
189
214
95
138
109
118
190
85
100
81
20
23
8
-137
-39
4
-89
-146
-125
-215
-184
-142
-334
-329
-346
-388
-347
-327
-349
-396
-393
-322
-362
-346
-286
-242
-290
-210
-254
-281
-167
-127
-42
-44
-105
16
-19
-48
-63
97
92
63
126
123
177
93
17
17
68
139
126
124
88
82
119
55
-57
-70
-128
-111
86
7
-23
31
44
78
59
178
162
127
84
78
75
116
140
21
31
25
62
-15
0
81
70
80
53
114
89
75
3
-15
74
40
3
62
3
-58
-52
-40
-70
48
32
-78
-20
55
50
-17
-38
52
4
-46
-50
-52
28
-13
-70
-152
-54
-16
-59
-71
-101
-90
-57
-16
-41
-111
-84
-78
-181
-155
-112
-122
-48
21
-41
-18
-3
-84
-148
-113
-95
-126
-38
-110
-160
-101
-105
-77
-157
-102
-180
-194
-35
-157
-249
-177
-259
-226
-215
-289
-206
-238
-265
-388
-340
-255
-328
-334
-297
-403
-350
-287
-350
-249
-335
-326
-182
-182
-153
-185
-106
-87
-87
-76
-37
-101
-47
-3
1
48
-13
0
62
168
52
54
-3
119
-57
-60
32
-7
43
-61
13
-55
-100
-112
-177
-119
-245
-241
-238
-358
-320
-335
-352
-355
-477
-419
-352
-339
-242
-376
-296
-208
-183
-172
-184
-138
-89
-18
49
151
194
176
184
309
328
283
383
449
298
405
539
496
497
527
526
366
410
459
296
360
294
235
237
176
122
102
48
-10
34
-37
-63
-99
-163
-198
-166
13
-123
-259
-299
-285
-298
-351
-326
-329
-270
-276
-173
-234
-117
-33
-44
-40
-81
9
28
113
123
136
123
134
161
272
194
216
221
94
35
85
68
-15
35
24
-72
-135
-142
-145
-186
-109
-103
-152
-125
-120
-102
-105
-170
-192
-174
-183
-149
-114
-189
-127
-102
-91
-114
-94
-43
-70
-120
-81
-62
-81
-53
-119
-153
-150
-193
-152
-169
-240
-211
-222
-219
-248
-135
-168
-182
-170
-218
-195
-236
-178
-274
-210
-213
-207
-248
-352
-272
-333
-333
-324
-278
-248
-272
-177
-192
-327
-331
-277
-231
-243
-180
-284
-255
-223
-188
-211
-163
-114
-169
-167
-202
-110
-62
-33
-61
-105
-107
-29
-70
-179
-179
