304
121
207
296
308
254
199
213
146
106
149
33
17
40
-14
-22
17
-2
-131
-99
-112
-187
-342
-377
-276
-345
-387
-312
-353
-386
-480
-560
-562
-585
-679
-719
-698
-791
-659
-580
-677
-741
-618
-674
-615
-471
-510
-511
-498
-457
-465
-330
-316
-288
-300
-332
-311
-162
-205
-102
-283
-211
-241
-252
-166
-182
-269
-378
-170
-252
-339
-277
-236
-94
-116
-128
28
48
-76
-76
-74
-194
-127
-108
-101
25
-139
-24
-153
-255
-186
-230
-119
-142
-40
0
-30
21
56
139
158
174
252
258
367
508
313
324
313
385
314
480
398
230
286
82
139
180
145
116
104
195
192
198
152
277
171
145
234
155
251
140
61
63
121
22
-65
-99
-97
-176
-196
-225
-329
-392
-307
-430
-441
-520
-549
-517
-523
-422
-475
-431
-353
-489
-468
-413
-448
-428
-536
-535
-508
-502
-476
-527
-500
-466
-405
-450
-429
-409
-319
-184
-323
-237
-260
-175
-255
-222
-91
-175
-96
-33
-10
53
-42
-81
-74
-156
-125
-167
-151
-246
-187
-198
-183
-128
-182
-157
-122
-153
-114
-64
-104
-37
42
-4
-95
-50
-50
-83
35
-57
-134
-125
-64
-102
-234
-129
-58
10
-94
-171
-46
-72
-183
-228
-56
8
-138
74
124
-10
39
-30
-73
-27
51
74
93
97
11
45
24
-63
-86
-15
105
-33
39
11
-32
-25
5
51
5
-31
-18
76
45
39
-23
-7
-51
-29
7
5
56
-53
-23
28
-31
53
-90
-111
-75
-93
-75
-69
-79
-74
22
144
52
67
-17
-45
-5
-26
-95
-102
-39
50
-59
-108
-130
-102
-35
-128
-63
-162
-187
-109
-41
-23
0
-93
-89
-78
-152
-65
-76
-201
-267
-225
-189
-157
-201
-136
-68
-52
-212
-251
-137
-293
-181
-250
-235
-185
-290
-93
-102
-181
-169
-100
-51
-5
-15
-76
-23
15
-32
-103
-108
-94
-139
-81
-64
-182
-189
-243
-239
-259
-243
-162
-154
-109
-73
-158
-137
-51
-126
11
-17
-86
-53
-55
-91
-124
-88
-147
-86
-134
-183
-74
-97
-74
-96
-33
-43
-106
-57
-92
-163
-126
-110
19
-78
-151
-26
-36
-196
-194
-41
-99
-69
-130
-101
71
28
31
-52
-165
-273
-174
-125
-253
-148
-101
-135
-176
-56
-122
-112
-86
-185
-35
34
43
73
15
-44
-65
-114
-99
-52
-151
-161
-134
-213
-131
-136
-209
1
-9
44
110
9
61
84
50
38
96
111
75
-114
-37
8
-80
-99
-78
88
41
-13
-153
-102
-45
-129
-148
-143
-75
37
-6
-54
-130
-62
20
-74
-39
-39
-86
-87
-72
-38
-94
-44
25
-127
-258
-244
-121
-14
-185
-146
-123
-128
-178
-176
-49
-160
-237
-103
-180
-246
-122
-83
-106
-189
-33
-62
-120
1
-64
-87
-132
-184
-211
-257
-352
-276
-279
-307
-167
-167
-301
-228
-216
-227
-180
-166
-131
-240
-249
-240
-237
-83
-176
-242
-284
-276
-240
-336
-247
-233
-251
-144
-265
-202
-176
-304
-167
-236
-169
-59
-93
-119
-109
-70
-60
20
-42
42
-1
-5
-26
-114
85
-5
-83
-20
-77
-240
-94
-186
-55
-50
-253
-78
-158
-150
-74
86
4
-23
3
-45
43
-12
-5
-7
106
8
43
105
-33
-171
-152
-161
-278
-254
-281
-243
-175
-116
-159
-91
-236
-198
-31
-127
-101
-123
-84
-90
-133
-125
-108
-87
-87
-59
-137
-206
-143
-200
-226
-220
-226
-166
-147
-51
-94
-165
-76
31
-7
127
52
96
133
-126
-36
62
-86
35
-63
-7
-48
-64
-242
-289
-398
-491
-662
-653
-759
-669
-876
-1179
-245
-294
-470
-110
283
198
289
175
379
83
300
659
102
230
346
332
25
-270
27
220
503
532
497
555
384
580
735
557
765
970
840
-835
-3578
-2233
-869
-813
-26
-558
-971
-887
-623
-428
-479
-744
-1109
-515
-967
-1233
-809
-1350
-2150
-1080
-1291
-708
-291
-670
-359
370
-993
-1312
-373
-1104
-1124
-351
128
-538
58
-28
175
867
522
649
979
116
76
320
-270
-637
-157
-1433
-1931
-1286
-1205
-1277
-878
-1897
-2257
-1453
-1898
-1869
-845
-760
-167
1150
678
881
719
283
1
448
16
126
972
983
812
1024
465
-359
-320
-624
-522
260
-141
113
350
75
-210
-421
-458
-520
81
-31
174
728
223
-180
-91
-549
-566
-133
-558
-110
272
122
292
596
-76
-297
-181
-567
-345
-102
6
346
496
-342
-150
56
-422
-419
363
377
376
747
234
206
408
-70
-35
306
224
310
171
342
127
261
-60
-128
-100
-352
29
476
386
300
370
31
145
286
87
267
283
73
303
206
123
-5
-187
-342
-378
-102
9
134
-52
-501
-240
-193
-105
-59
-144
-19
165
-123
-244
228
-190
22
-26
-70
-151
-262
-126
-129
208
-118
-247
19
-95
11
105
83
100
76
-151
48
326
111
-208
33
132
-98
47
212
59
-16
-38
-124
-122
-256
-167
33
-32
-129
-127
-360
-229
-133
-307
-338
-318
-421
-362
-355
-512
-775
-729
-786
-947
-953
-1239
-1215
-1170
-1418
-1288
-1324
-1505
-1395
-1446
-1502
-1660
-1751
-1845
-1805
-1658
-1730
-1748
-1705
-1689
-1802
-1684
-1895
-1758
-1506
-1552
-1317
-933
-962
-1036
-807
-970
-874
-770
-364
-93
214
469
448
538
555
704
780
889
1104
1287
1518
1794
1901
1839
1762
1927
1650
1752
2140
2352
2436
2566
2728
2619
2673
2928
3169
3406
3704
3892
4036
3865
3335
3300
3223
3103
2771
2322
1941
1562
1090
810
443
-96
-588
-901
-1066
-1234
-1257
-1510
-1593
-1744
-1928
-1665
-1331
-1165
-1075
-842
-569
-168
83
317
481
634
915
1038
1243
1453
1386
1250
1204
1198
1069
839
565
285
88
-267
-510
-930
-1651
-2132
-2539
-2836
-2901
-2936
-3067
-3254
-3267
-3269
-3296
-3378
-3229
-3188
-2943
-2507
-2293
-2077
-2016
-2004
-1914
-1665
-1487
-1212
-932
-712
-435
-106
69
99
256
290
839
1051
1256
1492
1528
1679
1903
1970
2174
2626
2796
3159
3541
3797
3965
4058
4424
4898
5391
5588
5703
5742
5392
4826
4316
3953
2984
2118
2326
2433
1463
404
158
-326
-1757
-2453
-2163
-2471
-2922
-2890
-2342
-2403
-2702
-2584
-2397
-2376
-2192
-1231
-462
-117
61
491
713
891
1411
1610
1741
1870
2297
2682
2564
2355
2343
2080
1638
1509
1547
1331
1058
905
630
112
-277
-438
-818
-1267
-1324
-1350
-1755
-2034
-2238
-2862
-3224
-3360
-3526
-3597
-3627
-3692
-3797
-3508
-3576
-3629
-3436
-3237
-3068
-2856
-2358
-1973
-1788
-1846
-1465
-1247
-1219
-883
-526
-269
31
184
539
800
764
705
938
1014
1197
1532
1935
2177
2196
2328
2387
2499
2708
3006
3396
3822
4145
4347
4791
5146
5249
5540
5765
6075
6470
6473
6084
5504
5138
4959
4054
3011
3101
3019
2227
1548
1272
651
-440
-1198
-1107
-1330
-1933
-1858
-1567
-1711
-2132
-2000
-1619
-1856
-2151
-1609
-992
-893
-576
-6
151
139
433
788
852
855
1302
1657
1695
1737
1846
1741
1301
1082
968
808
612
587
429
178
-194
-374
-762
-1342
-1447
-1685
-2028
-2486
-2928
-3135
-3401
-3727
-3877
-3876
-3782
-3785
-3447
-3247
-3175
-3079
-2945
-2687
-2607
-2374
-2038
-1654
-1407
-1112
-817
-669
-714
-784
-630
-588
-480
-217
-87
4
258
348
251
293
600
660
747
955
1093
1445
1479
1649
1677
1910
2252
2160
2196
2362
2628
2364
2504
2704
2708
2881
2896
2872
3026
3175
3274
3469
3282
3189
3198
3098
2891
2659
2362
2246
2207
2065
1977
1783
1706
1409
1086
713
520
314
-1
-132
-283
-257
-369
-512
-746
-978
-1006
-1179
-1127
-973
-879
-680
-666
-545
-542
-378
-473
-417
-220
-471
-560
-506
-464
-425
-467
-552
-458
-522
-717
-824
-836
-867
-942
-1053
-1078
-1023
-1064
-1317
-1490
-1493
-1601
-1631
-1437
-1342
-1288
-1206
-1045
-989
-1086
-1557
-1532
-1234
-1188
-1202
-1121
-1052
-1459
-1517
-1332
-1365
-1688
-1625
-1079
-736
-1126
-1080
-722
-697
-946
-881
-506
-268
102
84
251
643
706
683
641
689
948
1293
1612
1568
1808
2236
2155
1949
1945
2073
2091
2280
2537
2964
2897
2953
3153
2956
3085
3157
3274
3462
3399
3096
2908
2874
2654
2093
1961
1733
1597
1454
1068
816
612
205
-438
-728
-842
-1189
-1621
-1682
-1671
-1859
-2168
-2283
-2197
-2467
-2530
-2454
-2454
-2237
-1956
-1994
-1660
-1397
-1365
-1241
-990
-829
-681
-401
-319
-131
14
105
-25
-43
-253
-395
-456
-515
-506
-545
-725
-741
-796
-1002
-1344
-1653
-1594
-1589
-1575
-1668
-1441
-1235
-1123
-1149
-1232
-1175
-1347
-1342
-1070
-775
-592
-492
-444
-686
-953
-989
-999
-950
-885
-748
-79
7
-502
67
151
-652
-691
299
907
624
654
1548
1590
720
937
1468
1166
1194
1674
2232
2009
1605
1898
2042
1938
1787
1964
2360
2468
2381
2570
2855
3055
2866
2970
3308
3463
3339
3141
3060
3084
2897
2512
2192
1986
2069
1616
1132
836
569
95
-589
-934
-1018
-1420
-1990
-2071
-2079
-2241
-2699
-2746
-2675
-2813
-2775
-2752
-2429
-2092
-1977
-1870
-1673
-1425
-1198
-1166
-914
-645
-333
-194
-197
-83
-16
-145
-248
-131
-39
76
-254
-320
-199
-367
-542
-874
-727
-765
-1093
-1293
-1332
-1447
-1452
-1522
-1726
-1572
-1679
-1719
-1637
-1583
-1574
-1633
-1623
-1638
-1528
-1403
-1386
-1066
-992
-1214
-1354
-1167
-945
-1117
-795
-495
-194
-111
-414
-381
106
83
-441
19
1036
945
138
415
1316
1236
402
447
1482
1758
1417
1419
2094
2664
2235
1723
2400
3246
3135
2749
3260
3798
3702
3268
3453
4043
4188
3705
2984
3281
3410
2651
1655
1672
2169
1934
1155
706
768
240
-699
-1348
-1197
-1005
-1685
-2213
-2012
-1794
-2292
-2854
-2774
-2420
-2479
-2799
-2366
-1688
-1499
-1673
-1749
-1279
-791
-858
-943
-298
363
314
-107
57
606
431
30
189
640
834
565
383
377
183
-275
-630
-617
-615
-859
-1301
-1398
-1433
-1629
-2037
-2279
-2252
-2330
-2401
-2394
-2154
-2189
-2399
-2344
-2186
-1972
-1859
-1803
-1661
-1484
-1412
-1337
-1177
-977
-1054
-1098
-997
-722
-564
-774
-891
-388
-205
-442
-185
303
570
283
245
858
1377
1081
879
1680
2336
1784
1538
2255
2757
2478
2504
2926
3172
3131
3093
3355
3648
3908
3947
3901
4074
4089
3527
2954
2886
2861
2463
2056
2061
2119
1419
484
-74
-111
-630
-1506
-1692
-1429
-1705
-2404
-2839
-2718
-2824
-3265
-3197
-2915
-2721
-2545
-2389
-2038
-1862
-1803
-1721
-1498
-987
-585
-194
142
407
552
414
382
544
676
895
842
797
772
662
363
84
31
-152
-388
-500
-754
-958
-1427
-1832
-1902
-2048
-2322
-2678
-2838
-2940
-2918
-3052
-3138
-3220
-3238
-3214
-3049
-2782
-2778
-2677
-2639
-2264
-1953
-1883
-1748
-1474
-1035
-1038
-801
-513
-262
-82
-86
282
595
554
706
887
783
691
760
979
1218
1127
1303
1574
1660
1688
1739
1873
2055
2367
2507
2788
3207
3211
3324
3546
3594
3558
3786
4080
4116
4017
3593
3179
2900
2422
1897
1755
2098
1689
745
284
220
-261
-1334
-1577
-1312
-1556
-2237
-2332
-2086
-2436
-3058
-3115
-2742
-2466
-2690
-2716
-2217
-2032
-2068
-2098
-1805
-1366
-1398
-1294
-923
-478
-341
-476
-324
-17
204
191
203
550
655
454
374
511
483
93
-149
-190
-303
-669
-1079
-1351
-1549
-1863
-2071
-2637
-2924
-3062
-3407
-3486
-3526
-3442
-3531
-3687
-3802
-3559
-3340
-3398
-3269
-2969
-2728
-2438
-2319
-2068
-1634
-1513
-1378
-1068
-662
-504
-507
-318
9
191
342
468
783
862
948
1208
1324
1344
1431
1785
2083
1960
1925
2449
2589
2676
2985
3270
3252
3127
3346
3648
3844
4013
3994
4137
4250
3731
3102
2933
2826
2592
2414
2510
2369
1552
537
351
295
-217
-780
-800
-751
-1527
-2285
-2265
-2042
-2623
-3043
-2944
-2641
-2661
-2730
-2545
-2359
-2428
-2451
-2199
-1894
-1714
-1665
-1447
-1024
-645
-686
-749
-645
-325
-118
-108
131
355
213
26
37
82
85
-300
-372
-465
-752
-1110
-1470
-1598
-1903
-2101
-2363
-2676
-2703
-2981
-3054
-3178
-3351
-3438
-3613
-3481
-3554
-3421
-3259
-3313
-3290
-3047
-2804
-2781
-2565
-2195
-2022
-1935
-1710
-1342
-954
-896
-767
-352
-44
7
142
531
635
800
834
1021
1378
1344
1349
1674
1998
2146
2006
2206
2504
2623
2839
3102
3608
3552
3758
4182
4383
4512
4589
5010
4811
4285
3899
3962
3876
3289
3335
3275
2418
1078
687
1060
636
-310
-533
-761
-1516
-2199
-1995
-1834
-2313
-3103
-2921
-2726
-2865
-2773
-2701
-2331
-2661
-2825
-2487
-2169
-2047
-1809
-1526
-1299
-910
-656
-797
-900
-604
-178
-16
2
102
213
-53
-237
-33
283
22
-495
-458
-522
-880
-1181
-1307
-1272
-1710
-2225
-2367
-2500
-2846
-3106
-3209
-3296
-3386
-3640
-3677
-3638
-3594
-3369
-3235
-3260
-3161
-2922
-2664
-2452
-2188
-1831
-1665
-1633
-1433
-1012
-840
-716
-613
-159
66
205
294
484
730
683
1011
1220
1332
1313
1475
1666
1974
2100
2397
2706
2928
3078
3288
3549
3694
3957
4271
4566
4728
4617
4758
4794
4554
4245
4221
4181
3511
3414
3336
3062
2084
1149
1230
1137
372
-342
-297
-575
-1582
-1942
-1689
-1899
-2700
-2930
-2653
-2709
-3039
-2961
-2727
-2929
-3041
-2911
-2510
-2458
-2333
-2100
-1900
-1437
-1136
-943
-998
-966
-535
-351
-198
-189
-37
-48
-144
135
168
16
-273
-546
-504
-601
-823
-1039
-1155
-1417
-1796
-2070
-2093
-2360
-2733
-2817
-2886
-2876
-3218
-3343
-3253
-3330
-3378
-3250
-3231
-3072
-2844
-2788
-2499
-2196
-2014
-1835
-1652
-1336
-911
-675
-500
-392
-115
11
204
459
646
871
871
1013
1120
1529
1727
1830
2033
2232
2256
2418
2687
2875
2943
3010
3379
3753
3908
3937
3981
4159
4334
4600
4768
4454
3826
3571
3867
3959
3357
3190
3112
2169
1058
1024
1730
1182
-261
-741
-592
-1224
-1788
-1502
-1434
-2364
-3192
-2869
-2535
-2770
-2948
-2623
-2628
-2894
-2735
-2328
-2153
-2285
-2086
-1532
-1384
-1389
-1193
-1030
-965
-522
-133
-314
-614
-837
-490
-316
-268
-29
-306
-655
-772
-705
-520
-829
-1197
-1220
-1428
-1553
-1620
-1671
-1784
-2064
-2185
-2232
-2376
-2609
-2508
-2330
-2395
-2356
-2338
-2437
-2363
-2002
-1609
-1504
-1618
-1638
-1257
-963
-716
-395
-298
-347
-85
166
562
812
720
822
1039
1163
1350
1432
1477
1496
1650
1827
2029
2157
2128
2262
2406
2660
2755
2935
3304
3584
3684
3708
4033
4174
4329
4552
4727
4501
3885
3876
4179
3968
3301
3360
3420
2341
1140
1444
1919
1013
-215
-211
-175
-1156
-1756
-1355
-1242
-2238
-2865
-2468
-2300
-2797
-2913
-2622
-2709
-2932
-2748
-2431
-2564
-2663
-2071
-1755
-1877
-1995
-1742
-1496
-1452
-1109
-785
-843
-1116
-878
-491
-312
-297
-412
-440
-641
-676
-600
-430
-655
-1106
-1230
-1152
-1245
-1321
-1522
-1590
-1764
-1952
-1988
-2136
-2122
-2140
-2230
-2318
-2107
-2225
-2272
-2039
-1744
-1451
-1587
-1481
-1141
-951
-814
-515
-247
-161
-82
130
530
711
642
577
672
989
1027
1181
1408
1444
1580
1832
2023
2045
2192
2389
2689
2710
2780
2991
3115
3465
3738
3885
3935
3955
4304
4336
4445
4303
3889
3644
3834
3972
3293
2889
3037
2730
1503
1155
1782
1266
80
-380
-61
-456
-1497
-1497
-1136
-1682
-2533
-2515
-2114
-2363
-2731
-2583
-2347
-2581
-2648
-2493
-2333
-2363
-2088
-1571
-1588
-1665
-1440
-1141
-1025
-795
-474
-462
-678
-747
-329
0
-122
-359
-432
-431
-369
-287
-374
-419
-600
-975
-1004
-811
-1029
-1377
-1401
-1607
-1840
-2086
-1967
-1860
-1906
-2012
-2272
-2261
-2136
-2015
-1965
-1858
-1793
-1867
-1817
-1534
-1186
-1135
-1071
-962
-849
-671
-591
-262
91
188
273
483
740
892
1058
1316
1368
1538
1533
1783
1975
2121
2112
2147
2351
2445
2650
2717
3012
3071
3168
3115
3408
3711
3847
3955
3819
3705
3254
3498
3755
3176
2553
2752
2764
1906
1052
1164
1628
700
-289
-296
-239
-1199
-1632
-1217
-1335
-2162
-2783
-2476
-2283
-2597
-2732
-2428
-2395
-2632
-2577
-2160
-2086
-2252
-1829
-1479
-1640
-1499
-1245
-1109
-923
-566
-310
-500
-676
-286
-58
108
55
-61
-125
-28
-50
-49
171
-30
-276
-466
-137
-341
-688
-761
-735
-698
-1204
-1389
-1344
-1358
-1539
-1775
-1688
-1726
-1966
-1900
-1806
-1661
-1594
-1682
-1654
-1278
-1187
-1037
-801
-661
-391
-285
-244
33
218
446
533
689
876
1006
1114
1313
1373
1443
1481
1656
1896
1963
2192
2263
2409
2503
2580
2679
2935
2975
3149
3274
3427
3619
3830
3862
3671
3358
3154
3366
3270
2671
2041
2241
2298
1526
825
1049
1176
294
-401
-384
-455
-1141
-1506
-1378
-1469
-1999
-2457
-2053
-2113
-2492
-2595
-2528
-2486
-2605
-2490
-2280
-2260
-2306
-2041
-1841
-1942
-1908
-1622
-1529
-1423
-1117
-992
-1249
-1411
-1006
-498
-482
-808
-786
-438
-433
-660
-542
-375
-534
-805
-634
-499
-692
-944
-944
-910
-1237
-1555
-1404
-1378
-1631
-1709
-1831
-1904
-1915
-1847
-1826
-1930
-1684
-1480
-1680
-1533
-1383
-1199
-1066
-936
-794
-662
-600
-294
18
180
241
235
493
843
1060
1057
1012
1154
1554
1659
1787
2065
2140
2245
2555
2776
2849
2958
2999
3299
3666
3661
3690
3955
3985
4173
3947
3443
3266
3535
3727
3186
2429
2420
2749
2224
1296
1098
1433
987
5
-195
-153
-556
-1153
-1247
-1084
-1518
-2149
-2260
-1808
-1816
-2097
-2102
-2085
-2063
-1996
-1859
-1796
-1812
-1747
-1552
-1422
-1305
-1125
-1171
-1114
-845
-727
-917
-994
-915
-360
-222
-708
-861
-565
-412
-538
-717
-600
-566
-905
-913
-692
-678
-979
-1153
-1075
-1012
-1191
-1368
-1191
-1153
-1397
-1422
-1523
-1573
-1646
-1753
-1659
-1589
-1520
-1628
-1532
-1409
-1306
-1090
-903
-741
-620
-568
-550
-370
-85
35
175
253
551
777
1194
1143
1172
1519
1625
1653
1734
2006
2151
2184
2256
2603
2523
2659
2883
3066
3097
3314
3583
3852
3885
3769
3846
3784
3535
3695
3846
3563
2799
2669
3287
2553
1528
1485
1852
1254
314
94
101
-274
-953
-862
-800
-1473
-2119
-2003
-1582
-1807
-2064
-2174
-1985
-2082
-2037
-1818
-1761
-1744
-1687
-1421
-1368
-1365
-1151
-1183
-1017
-863
-961
-966
-956
-829
-533
-561
-738
-787
-601
-380
-425
-485
-452
-495
-616
-534
-420
-458
-821
-834
-750
-786
-1024
-1234
-1278
-1318
-1273
-1450
-1563
-1602
-1614
-1666
-1608
-1589
-1448
-1532
-1564
-1434
-1277
-1201
-1175
-858
-570
-522
-594
-370
-3
90
72
36
413
698
787
821
866
1085
1141
1286
1474
1625
1755
1832
1945
2228
2285
2336
2572
2843
2846
2892
3026
3276
3464
3553
3558
3545
3385
3173
3279
3373
3001
2227
2054
2505
2366
1249
670
1118
1226
304
-376
-381
-477
-1007
-1188
-1146
-1321
-1798
-1997
-1764
-1893
-2067
-2194
-2126
-2263
-2244
-2216
-2263
-2105
-2034
-1763
-1682
-1688
-1699
-1732
-1513
-1376
-1083
-1308
-1369
-1180
-1023
-877
-988
-1011
-953
-784
-627
-695
-823
-815
-669
-811
-1032
-924
-1025
-977
-1018
-1096
-1054
-1228
-1368
-1243
-1196
-1312
-1555
-1506
-1283
-1184
-1313
-1364
-1219
-1135
-1192
-1154
-845
-760
-828
-617
-501
-392
-271
-140
106
158
280
414
575
703
851
995
1154
1353
1385
1522
1822
1993
1965
2048
2220
2331
2440
2513
2570
2747
2810
2978
3041
3028
3292
3419
3472
3443
3454
3292
3113
3409
3461
2664
2018
2677
2921
1888
1023
1322
1787
971
158
5
123
-488
-957
-610
-843
-1651
-1909
-1577
-1547
-1862
-2078
-1973
-1822
-1961
-1926
-1867
-2046
-2014
-1759
-1644
-1789
-1765
-1667
-1538
-1398
-1123
-1224
-1567
-1412
-1131
-964
-1126
-1267
-1096
-938
-827
-843
-868
-699
-608
-681
-718
-656
-627
-544
-632
-721
-736
-938
-983
-1012
-937
-1080
-1183
-1152
-1185
-1066
-1194
-1317
-1216
-975
-1101
-1182
-1055
-912
-762
-730
-611
-297
-288
-327
78
274
222
206
385
531
644
722
874
937
1042
1072
1179
1367
1465
1650
1688
1744
1964
1943
2123
2269
2427
2728
2933
2860
3099
3436
3624
3680
3449
3411
3350
3243
3473
3704
2771
1991
2602
3044
2126
926
1144
1832
1018
-90
-64
75
-532
-883
-670
-849
-1561
-1894
-1436
-1389
-2035
-2159
-2149
-2214
-2371
-2188
-2034
-2327
-2360
-2147
-1892
-2101
-2056
-1765
-1726
-1565
-1291
-1263
-1474
-1337
-989
-796
-933
-795
-586
-223
-157
-241
-231
-328
-127
-338
-318
-382
-385
-348
-562
-518
-528
-581
-916
-959
-774
-882
-1086
-1250
-1097
-998
-1139
-1244
-1143
-993
-1099
-1134
-1041
-995
-822
-862
-658
-394
-521
-487
-208
8
112
138
259
400
742
748
765
933
906
1246
1467
1607
1507
1549
1810
2053
2169
2152
2291
2470
2570
2696
2717
2819
2891
3131
3343
3340
3377
3435
3302
2899
3377
3607
2988
2182
2605
3324
2359
1065
1140
1923
1355
209
-10
149
-353
-924
-733
-744
-1603
-2076
-1693
-1540
-2164
-2400
-2185
-2219
-2423
-2552
-2364
-2353
-2342
-2135
-2098
-2073
-1855
-1615
-1650
-1608
-1132
-1046
-1353
-1253
-687
-525
-679
-857
-612
-364
-330
-389
-476
-451
-319
-383
-442
-407
-489
-507
-535
-390
-516
-687
-869
-949
-963
-1158
-1225
-1404
-1423
-1469
-1542
-1614
-1619
-1422
-1253
-1525
-1519
-1187
-1130
-979
-779
-625
-585
-514
-308
66
152
99
135
348
500
602
817
830
931
1027
1194
1585
1475
1480
1603
1743
1874
1971
2185
2291
2382
2487
2768
2986
3066
3275
3514
3617
3656
3710
3726
3396
3528
3887
3324
2578
2647
3367
2894
1553
1306
1998
1661
602
235
471
121
-479
-429
-522
-1087
-1612
-1450
-1143
-1528
-2032
-1793
-1786
-1926
-1907
-1926
-1895
-2004
-1802
-1709
-1696
-1454
-1289
-1334
-1410
-1031
-689
-1027
-921
-478
-131
-244
-392
-51
250
140
55
284
217
70
150
265
116
50
72
-39
-217
-226
-290
-461
-586
-726
-758
-961
-1126
-1143
-1228
-1084
-1216
-1379
-1221
-1076
-1174
-1274
-1192
-983
-945
-1051
-854
-681
-708
-727
-611
-390
-269
-181
63
211
159
257
621
785
683
748
1015
1183
1430
1495
1505
1701
1875
2025
2181
2400
2394
2470
2605
2866
2885
2915
3167
3510
3498
3310
3180
3034
3409
3405
3001
2428
2399
2994
2845
1660
1258
1528
1734
1048
196
206
167
-378
-788
-643
-1107
-1658
-1816
-1619
-1898
-2327
-2514
-2280
-2209
-2368
-2506
-2436
-2382
-2238
-2070
-2224
-2048
-1528
-1383
-1644
-1341
-795
-847
-1221
-1204
-688
-405
-577
-533
-338
-296
-360
-326
-167
-91
-284
-423
-231
-38
-84
-521
-480
-174
-263
-529
-794
-682
-598
-915
-1184
-1132
-1074
-1169
-1436
-1429
-1291
-1344
-1563
-1550
-1430
-1493
-1543
-1476
-1246
-1158
-1195
-970
-743
-660
-436
-224
-40
139
194
347
726
894
925
892
919
1100
1405
1434
1443
1776
1929
1972
1986
2292
2529
2625
2625
2692
2964
3077
3100
3317
3493
3586
3496
3405
3298
3242
3279
3026
2564
2516
2771
2362
1443
1244
1673
1323
419
-142
102
-72
-745
-935
-938
-1227
-1728
-1816
-1679
-1858
-2230
-2264
-2084
-2198
-2358
-2373
-2243
-2219
-2095
-2088
-2146
-1983
-1597
-1720
-2012
-1659
-1147
-1056
-1575
-1444
-882
-840
-955
-936
-819
-689
-731
-526
-381
-588
-841
-845
-556
-381
-598
-943
-795
-736
-995
-1008
-1060
-1024
-1148
-1438
-1447
-1309
-1490
-1586
-1729
-1803
-1715
-1716
-1729
-1720
-1591
-1636
-1782
-1633
-1495
-1315
-1391
-1464
-1203
-1128
-949
-788
-574
-430
-284
-342
-127
141
334
467
685
876
997
1255
1476
1784
1879
1828
1954
2236
2489
2382
2488
2748
2739
2833
2945
3104
3175
3240
3314
3166
3054
3143
3362
2792
2192
2582
3070
2417
1285
1222
1792
1614
411
17
227
-80
-847
-940
-881
-1391
-1844
-1781
-1786
-2162
-2359
-2236
-2077
-2318
-2409
-2316
-2229
-2021
-1769
-1914
-2156
-1740
-1276
-1324
-1618
-1371
-720
-774
-1122
-1021
-847
-723
-654
-539
-523
-517
-464
-259
62
-139
-433
-357
-47
90
-82
-299
-402
-303
-462
-767
-794
-701
-760
-1164
-1496
-1252
-1291
-1518
-1888
-1927
-1806
-1995
-2132
-1941
-1709
-1902
-1976
-1964
-1679
-1656
-1801
-1569
-1363
-1177
-1160
-919
-580
-534
-457
-406
-99
130
251
368
575
735
824
936
1006
1263
1494
1503
1536
1796
1942
2189
2352
2509
2490
2726
2890
2937
3087
3144
3315
3153
2940
2947
3204
2959
2319
2038
2304
2646
1778
751
1049
1609
1122
-31
-183
57
-364
-868
-975
-1037
-1415
-1730
-1728
-1705
-2009
-2231
-2005
-1871
-2075
-2229
-2278
-2035
-1772
-1906
-2137
-2190
-1603
-1297
-1639
-1810
-1317
-720
-920
-1114
-870
-398
-446
-511
-129
-186
-237
1
147
213
59
-58
-132
44
13
-122
-191
-291
-313
-552
-748
-837
-832
-863
-1269
-1396
-1324
-1332
-1487
-1860
-1803
-1734
-1813
-1865
-1694
-1545
-1658
-1711
-1591
-1437
-1327
-1292
-1204
-1076
-1017
-800
-600
-390
-219
-141
24
179
319
504
657
924
1090
1196
1386
1472
1690
1819
1873
2029
2259
2271
2234
2322
2453
2548
2681
2872
2977
2984
3020
3236
3167
2873
2872
3196
3150
2554
1938
2226
2801
2417
1220
840
1663
1659
569
-201
97
74
-515
-889
-998
-1306
-1548
-1547
-1403
-1675
-2151
-2033
-1860
-1917
-2237
-2173
-2140
-2007
-1941
-2122
-2199
-2067
-1639
-1371
-1570
-1717
-1357
-912
-965
-1123
-1036
-784
-725
-576
-281
-252
-435
-357
-7
39
-21
-138
-37
109
-65
-296
-253
-211
-378
-593
-840
-999
-951
-1177
-1489
-1633
-1682
-1672
-1796
-1989
-2046
-2025
-2032
-2103
-1892
-1815
-1768
-1655
-1621
-1377
-1388
-1236
-983
-711
-620
-426
-107
-60
47
138
246
286
609
934
973
1076
1162
1377
1492
1471
1642
1918
2176
2189
2205
2295
2432
2675
2637
2792
2988
3125
3059
3057
3275
3609
3594
3283
3101
3247
3467
3109
2573
2411
2955
2773
1931
1487
1813
2144
1525
625
546
668
259
-308
-564
-681
-970
-1278
-1325
-1439
-1864
-2015
-1963
-1815
-2123
-2233
-2036
-1992
-1935
-2074
-1974
-1914
-1672
-1444
-1313
-1423
-1398
-892
-743
-913
-787
-307
-207
-558
-289
-83
211
-7
-38
259
67
-93
-131
88
-4
-260
-456
-365
-442
-740
-976
-931
-901
-1089
-1416
-1604
-1527
-1768
-2066
-2213
-1922
-1798
-2114
-2320
-2306
-2122
-2250
-2231
-2118
-1992
-1803
-1692
-1621
-1403
-1206
-1037
-731
-510
-444
-395
-220
149
359
273
511
851
940
1066
1183
1253
1446
1573
1750
1920
1945
1938
2153
2405
2491
2511
2673
2898
2848
2892
2997
3021
3296
3533
3360
3071
2990
3357
3265
3028
2498
2270
2451
2311
1840
1163
1170
1295
986
225
-92
104
-96
-472
-681
-791
-987
-1211
-1249
-1288
-1523
-1660
-1422
-1250
-1526
-1828
-1491
-1235
-1371
-1558
-1479
-1458
-1435
-1187
-1027
-1044
-1123
-836
-470
-449
-461
-313
-196
-321
-289
-137
86
-6
-165
-48
-32
-75
-116
13
-92
-321
-405
-426
-485
-727
-960
-1115
-1013
-1151
-1401
-1639
-1765
-1671
-1881
-1994
-2069
-2041
-2134
-2255
-2256
-2179
-2059
-2146
-2003
-1935
-1852
-1809
-1733
-1591
-1292
-1241
-1170
-949
-686
-510
-315
-35
193
430
609
719
948
1358
1369
1398
1567
1749
1797
1858
1923
2091
2191
2131
2173
2264
2404
2492
2531
2387
2453
2581
2603
2629
2623
2467
2411
2492
2400
2328
2043
1899
1847
1883
1749
1261
780
796
1029
606
-83
-262
0
-194
-602
-769
-730
-785
-1060
-1191
-1169
-1236
-1380
-1376
-1280
-1484
-1571
-1350
-1179
-1149
-1177
-1128
-1096
-865
-988
-840
-595
-694
-789
-584
-414
-361
-333
-315
-148
-80
-17
30
13
42
116
146
-28
-107
-59
-30
39
-216
-431
-424
-396
-567
-895
-1141
-1231
-1317
-1467
-1619
-1680
-1847
-1942
-2080
-2201
-2225
-2138
-2167
-2126
-2176
-2131
-1806
-1716
-1655
-1650
-1444
-1260
-1019
-790
-652
-545
-296
-122
-13
272
461
702
765
932
1083
1245
1497
1657
1707
1733
1815
1943
2052
2082
2151
2392
2478
2264
2308
2439
2534
2350
2323
2506
2393
2327
2424
2561
2561
2425
2448
2535
2507
2392
2418
2217
2111
1983
2091
2046
1471
1412
1522
1535
839
548
804
494
192
53
52
-164
-585
-690
-648
-735
-951
-954
-874
-1039
-1353
-1229
-1090
-1086
-1155
-1184
-1122
-1082
-1020
-997
-887
-729
-958
-872
-748
-804
-570
-718
-646
-589
-537
-649
-671
-524
-487
-512
-699
-704
-478
-454
-720
-693
-739
-953
-1059
-1161
-1158
-1280
-1497
-1626
-1712
-1787
-1871
-2003
-2177
-2198
-2106
-2180
-2164
-2292
-2223
-2061
-2050
-1898
-1719
-1528
-1434
-1281
-965
-819
-678
-454
-286
-100
-1
219
372
410
626
726
842
944
1016
1144
1306
1467
1515
1503
1619
1669
1722
1785
1751
1859
1741
1629
1751
1867
1885
2017
2033
2137
2087
2096
2252
2413
2448
2475
2490
2586
2785
2707
2428
2426
2711
2562
2206
2264
2291
2065
1928
1767
1552
1140
1046
1033
726
431
269
258
165
-262
-553
-547
-667
-896
-1063
-1221
-1357
-1343
-1336
-1513
-1617
-1626
-1448
-1386
-1453
-1586
-1412
-1191
-1248
-1313
-1418
-1142
-938
-1011
-1085
-1016
-863
-896
-884
-713
-680
-553
-545
-636
-654
-653
-519
-373
-436
-622
-793
-624
-669
-814
-923
-1061
-1027
-972
-1160
-1293
-1270
-1433
-1441
-1611
-1614
-1471
-1503
-1557
-1578
-1615
-1472
-1316
-1222
-1254
-1108
-1025
-909
-735
-600
-448
-266
-137
-68
108
66
225
503
584
552
615
624
749
960
1103
1110
1159
1265
1384
1634
1749
1741
1698
1986
1965
2043
2187
2346
2318
2327
2483
2669
2823
2806
3064
2994
2909
2903
3114
3067
2928
2983
2815
2641
2497
2379
2311
2088
1902
1814
1641
1170
922
746
503
136
-143
-255
-539
-604
-709
-1079
-1295
-1585
-1628
-1715
-1968
-2055
-2091
-2217
-2242
-2351
-2278
-2163
-2265
-2206
-2131
-1971
-1991
-1613
-1586
-1740
-1533
-1044
-920
-1186
-980
-830
-601
-447
-363
-272
-62
31
104
207
33
-60
37
272
343
84
-41
71
19
-192
-517
-555
-576
-659
-895
-1212
-1244
-1220
-1404
-1626
-1841
-1881
-1685
-1852
-1942
-1933
-1934
-1900
-1794
-1661
-1532
-1620
-1482
-1097
-851
-786
-740
-432
-152
-61
90
314
586
687
886
979
1134
1358
1432
1562
1792
1784
1838
1991
2108
2292
2346
2364
2444
2463
2538
2695
2801
2796
2923
2938
2866
3021
3146
3060
2870
2895
2925
2933
2746
2709
2504
2359
2229
1904
1740
1708
1519
1055
783
718
587
141
-26
-216
-395
-652
-1029
-1169
-1306
-1610
-1907
-1988
-2169
-2354
-2582
-2628
-2471
-2458
-2670
-2656
-2643
-2485
-2245
-2239
-2034
-1841
-1666
-1605
-1431
-1148
-1087
-1069
-731
-449
-203
-148
-83
174
273
345
479
574
626
599
573
665
700
644
439
356
323
287
-8
-348
-490
-521
-819
-1206
-1235
-1385
-1681
-1934
-1979
-2043
-2218
-2281
-2340
-2259
-2290
-2303
-2217
-2015
-1929
-1958
-1791
-1576
-1292
-1075
-1017
-755
-511
-290
-190
-22
245
559
702
753
980
1140
1434
1532
1543
1541
1625
1764
1765
1977
2083
1819
1953
1995
1900
1892
1823
1907
1986
1963
1940
2042
2133
2095
2066
2121
2239
2326
2271
2207
2272
2288
2222
2155
2097
1819
1706
1482
1355
1241
1092
871
548
456
282
77
-256
-539
-730
-988
-1140
-1355
-1473
-1465
-1775
-1877
-1925
-2179
-2130
-2099
-2135
-1972
-2083
-2027
-1888
-1716
-1648
-1531
-1353
-1310
-1148
-940
-858
-666
-344
-212
-292
79
406
447
385
484
594
657
671
626
686
649
629
493
510
420
291
359
150
-15
-196
-302
-451
-474
-553
-1024
-1147
-1158
-1093
-1372
-1606
-1425
-1628
-1751
-1868
-1915
-1787
-1730
-1654
-1787
-1877
-1710
-1461
-1301
-1194
-1089
-918
-793
-490
-314
-262
-99
-80
86
245
324
340
564
677
659
673
912
946
861
1026
885
945
1034
1152
1059
1137
1130
1105
1264
1244
1218
1105
1169
1301
1311
1268
1232
1261
1341
1395
1345
1322
1346
1297
1322
1334
1308
1281
1326
1394
1170
936
950
1108
997
494
357
508
470
299
-190
-252
-288
-470
-718
-751
-776
-984
-1070
-1236
-1269
-1313
-1380
-1284
-1361
-1429
-1466
-1575
-1525
-1478
-1283
-1295
-1366
-1339
-1226
-965
-933
-877
-616
-608
-485
-372
-202
-39
-76
107
178
182
259
460
554
533
591
637
688
591
448
417
451
429
215
195
109
4
-106
-61
-174
-646
-845
-968
-1047
-1226
-1484
-1685
-1708
-1821
-1849
-1858
-1846
-1767
-1802
-1833
-1702
-1640
-1527
-1400
-1202
-1148
-1206
-1017
-778
-524
-474
-363
-207
-175
-53
69
113
241
360
266
341
599
814
696
548
612
703
688
623
645
725
761
543
683
691
761
833
660
777
850
855
993
1169
1164
1133
1190
1326
1393
1435
1505
1699
1601
1710
1655
1712
1695
1523
1605
1579
1634
1187
878
1088
1059
531
141
-45
-129
-366
-630
-824
-1028
-1057
-1148
-1515
-1654
-1729
-1830
-1860
-1941
-1903
-1844
-1961
-1857
-1784
-1668
-1686
-1633
-1399
-1026
-1029
-990
-656
-523
-421
-330
-92
158
291
369
520
790
835
959
1132
1237
1236
1283
1400
1422
1508
1388
1234
1103
867
682
806
830
187
-422
-461
-161
-366
-867
-1246
-1293
-1456
-1580
-1850
-2029
-1958
-2115
-2182
-2226
-2125
-2134
-1952
-1759
-1870
-1744
-1566
-1424
-1207
-934
-942
-889
-557
-224
-396
-259
-47
74
111
3
192
395
525
536
533
579
727
745
959
898
1018
1015
929
1033
1184
1277
1163
1047
1076
1194
1143
1085
1151
1304
1331
1205
1382
1655
1517
1468
1657
1769
1766
1755
1845
1954
1862
1850
1844
1803
1673
1376
1546
1375
1054
995
1051
724
450
313
202
82
-327
-645
-691
-791
-882
-1029
-1099
-1284
-1381
-1174
-1310
-1445
-1416
-1311
-1314
-1245
-1231
-1164
-1095
-1073
-902
-834
-635
-541
-544
-241
-291
-283
54
158
220
451
558
747
795
871
846
1155
1094
1075
1092
947
1087
1000
908
801
687
333
4
-64
10
-289
-856
-1054
-1087
-1114
-1339
-1620
-1822
-1919
-2126
-2323
-2237
-2208
-2216
-2360
-2426
-2395
-2241
-2118
-2002
-1918
-1730
-1607
-1587
-1307
-1108
-828
-935
-810
-526
-448
-297
-98
172
159
223
120
326
341
388
371
292
509
522
502
466
712
600
414
260
349
503
475
504
430
554
608
634
727
934
1100
1261
1320
1306
1567
1787
1858
1840
2030
2552
2625
2417
2576
2904
3025
2651
2516
2683
2842
2730
2627
2407
2207
1910
1811
1936
1492
1127
904
866
669
298
-28
-175
-342
-569
-870
-1028
-1069
-1173
-1119
-1338
-1521
-1502
-1343
-1267
-1327
-1297
-1287
-1139
-1094
-1050
-871
-691
-589
-700
-392
-303
-326
-139
50
161
204
373
429
585
592
582
618
663
589
511
567
436
343
268
234
98
-151
-332
-331
-369
-588
-983
-1149
-1141
-1348
-1352
-1507
-1662
-1831
-2013
-1860
-1782
-2127
-2271
-2039
-2104
-2089
-2116
-1923
-1836
-1939
-1865
-2029
-1852
-1571
-1379
-1449
-1407
-1179
-1065
-923
-820
-703
-742
-597
-399
-174
-187
-92
0
-29
85
145
207
410
692
773
724
739
992
1173
1215
1231
1320
1456
1472
1655
1784
1802
1782
1945
2092
2355
2227
2135
2278
2635
2661
2438
2447
2554
2819
2908
2664
2662
2653
2591
2628
2351
2420
2426
2006
1661
1630
1647
1466
1162
769
665
319
-31
-196
-341
-370
-583
-855
-1034
-1119
-1351
-1299
-1139
-1298
-1372
-1424
-1524
-1347
-1264
-1187
-1042
-901
-923
-946
-802
-566
-566
-561
-605
-527
-354
-327
-186
-80
-38
45
181
156
258
393
357
462
401
516
532
477
585
521
422
322
157
224
18
-93
-420
-658
-532
-604
-913
-1231
-1416
-1499
-1563
-1644
-1910
-2004
-2056
-2238
-2383
-2232
-2053
-2183
-2116
-2091
-2092
-1923
-1831
-1655
-1708
-1599
-1447
-1285
-1069
-1027
-855
-895
-815
-677
-519
-274
-51
6
173
370
536
669
772
918
901
1049
1065
1052
1150
1253
1401
1141
1112
1228
1173
1212
998
1052
1088
1051
922
851
947
854
768
786
803
891
1037
1003
1112
1088
1252
1424
1411
1592
1649
1667
1711
1815
1823
1640
1597
1847
1696
1389
1344
1477
1569
1248
983
956
971
723
402
342
250
13
-135
-403
-615
-745
-849
-1008
-1158
-1351
-1491
-1497
-1657
-1566
-1633
-1858
-1793
-1889
-1891
-1818
-1721
-1554
-1579
-1444
-1376
-1238
-932
-871
-775
-455
-120
-10
125
335
477
681
821
796
875
1014
1102
1153
1191
1193
1270
1292
1139
1063
971
822
699
358
106
165
35
-82
-353
-833
-1120
-1066
-1074
-1444
-1703
-1754
-1661
-1764
-2036
-1974
-1920
-1953
-1994
-1935
-1797
-1732
-1521
-1386
-1408
-1324
-1109
-806
-584
-515
-323
-225
-160
18
188
215
399
530
497
400
326
532
537
641
470
251
281
272
161
202
54
-102
-126
-146
-130
-136
-113
-152
-97
-4
-17
-45
47
235
259
170
291
591
820
794
917
1192
1419
1609
1632
1720
1935
2034
2164
2151
2364
2403
2236
2081
2142
2138
1937
1553
1334
1428
1112
575
422
256
-59
-307
-629
-849
-1093
-1292
-1444
-1673
-1790
-1969
-2151
-2177
-2241
-2252
-2260
-2102
-1962
-1929
-1844
-1626
-1641
-1391
-1159
-1096
-869
-666
-522
-321
-86
74
205
397
550
758
924
1039
1036
1323
1497
1325
1494
1568
1714
1776
1710
1621
1623
1505
1349
1119
922
755
555
295
-130
-98
104
-484
-1243
-1277
-1104
-1120
-1628
-1771
-1819
-1850
-1960
-2185
-2193
-2236
-2008
-1953
-2055
-2046
-1827
-1632
-1554
-1363
-1289
-1385
-1247
-905
-746
-722
-691
-509
-312
-111
-159
-35
273
197
3
-18
153
214
259
166
158
251
278
121
53
67
80
-39
-127
1
-50
-102
-123
-50
78
15
-64
98
162
278
319
343
586
769
702
903
1280
1203
1204
1435
1831
1829
1510
1802
2240
2151
1783
1958
2247
2084
1843
1702
1670
1524
1492
1275
957
717
689
648
294
103
-13
-101
-436
-685
-682
-769
-862
-960
-1097
-1215
-1324
-1335
-1294
-1288
-1367
-1430
-1242
-1160
-1052
-933
-709
-743
-702
-670
-525
-330
-304
-11
60
146
358
421
455
626
574
636
644
537
632
749
742
696
755
745
707
671
630
597
470
500
368
393
179
-95
-163
-72
-77
-618
-1106
-1100
-846
-1146
-1437
-1632
-1610
-1617
-1847
-1944
-1829
-1770
-1855
-2092
-2195
-2023
-1924
-1860
-1774
-1729
-1738
-1672
-1543
-1384
-1287
-1186
-1084
-821
-725
-686
-579
-512
-219
-254
-275
-168
-26
174
96
11
297
495
429
422
538
646
630
581
689
801
750
658
698
750
689
545
535
598
652
584
489
592
744
737
648
964
886
885
854
1052
1232
1299
1487
1376
1383
1574
1697
1682
1739
1744
1658
1451
1320
1400
1476
1325
993
841
884
788
582
370
258
139
-27
-242
-408
-295
-306
-444
-674
-957
-884
-840
-1001
-964
-893
-1088
-1225
-1127
-1242
-1157
-901
-1039
-1030
-970
-865
-854
-815
-655
-650
-640
-450
-387
-323
-288
-130
21
13
95
48
467
331
187
256
139
145
269
146
140
314
156
83
-97
-109
-325
-226
-262
-589
-878
-820
-745
-761
-875
-1214
-1281
-1304
-1375
-1585
-1628
-1651
-1621
-1767
-1944
-1734
-1683
-1691
-1729
-1609
-1622
-1510
-1253
-1079
-1041
-915
-1002
-854
-621
-528
-277
-253
-88
55
-19
49
250
318
397
311
327
450
361
368
254
349
326
288
166
223
346
255
228
200
96
-9
158
113
106
3
-86
-183
43
88
100
74
123
258
130
225
453
604
610
704
810
893
1069
1281
1404
1525
1471
1230
1505
2237
2157
1302
1043
1724
1944
1229
754
1036
1257
760
135
-4
135
132
-226
-673
-929
-1029
-1154
-1208
-1412
-1464
-1567
-1723
-1781
-1881
-1736
-1681
-1676
-1788
-1670
-1854
-1652
-1334
-1164
-1217
-1425
-1145
-921
-688
-764
-630
-306
-227
-337
-266
96
197
236
317
391
585
509
558
700
719
737
686
709
723
625
457
409
416
360
-4
-347
-156
-22
-354
-708
-840
-826
-785
-983
-1105
-1125
-1131
-1203
-1357
-1274
-1233
-1222
-1339
-1297
-1198
-1119
-1026
-1104
-1057
-1014
-1007
-921
-957
-702
-618
-659
-522
-423
-258
-312
-132
54
51
103
-47
104
229
293
164
240
377
414
226
205
360
291
331
297
165
151
122
141
18
45
115
-61
43
-30
-45
64
213
118
-42
53
164
239
174
217
333
346
489
488
544
735
954
945
662
543
820
1318
1244
752
712
1163
1165
826
869
1113
979
614
457
539
494
233
212
217
-194
-520
-524
-380
-484
-672
-782
-902
-1058
-972
-928
-921
-915
-831
-883
-988
-911
-690
-608
-726
-700
-671
-555
-670
-618
-367
-243
-202
-188
-216
25
67
6
196
292
245
289
402
541
446
343
383
229
408
497
220
136
166
93
-72
-220
-291
-374
-504
-696
-664
-695
-975
-962
-968
-1124
-1246
-1158
-1226
-1037
-1065
-1128
-957
-1091
-915
-979
-860
-743
-737
-668
-602
-631
-754
-562
-518
-490
-560
-434
-411
-424
-321
-284
-296
-292
-223
-218
-200
-200
-88
-138
-39
-25
-197
-148
-7
-87
-120
-261
-334
-256
-222
-390
-488
-339
-298
-404
-454
-370
-172
-66
-164
48
209
248
373
488
715
723
681
934
1071
1130
1270
1368
1500
1593
1681
1540
1801
2050
1785
1691
1561
1584
1574
1501
1533
1359
1135
920
828
745
680
482
182
11
-114
-345
-490
-574
-551
-753
-918
-1178
-1281
-1135
-1161
-1293
-1348
-1212
-1297
-1159
-1055
-960
-838
-817
-654
-512
-428
-224
-56
34
95
157
201
374
488
575
564
618
669
607
518
547
564
447
370
304
270
204
92
-95
-120
-316
-416
-599
-673
-591
-780
-1070
-1249
-1418
-1379
-1346
-1508
-1554
-1668
-1644
-1671
-1495
-1453
-1479
-1385
-1316
-1215
-1166
-1088
-974
-826
-722
-507
-523
-422
-211
-110
-27
77
126
130
157
195
216
174
184
237
251
223
181
199
95
27
14
-84
98
213
-17
0
231
168
171
145
79
234
293
294
346
325
437
416
472
515
635
638
788
823
882
922
914
1175
1270
1473
1456
1429
1295
1407
1638
1633
1476
1408
1536
1565
1344
1154
1090
963
879
454
190
4
132
166
-209
-434
-581
-574
-559
-750
-977
-956
-1025
-1085
-1206
-1235
-1136
-1137
-1112
-1140
-1180
-1123
-1016
-850
-747
-873
-927
-852
-815
-747
-652
-687
-538
-474
-481
-451
-536
-348
-276
-323
-292
-243
-33
-30
-96
-157
-274
-209
-170
-147
-311
-178
-280
-420
-422
-558
-469
-482
-698
-661
-588
-707
-863
-884
-618
-774
-798
-735
-733
-659
-650
-699
-710
-599
-514
-497
-515
-412
-377
-350
-368
-413
-277
-225
-196
-99
-18
-45
-45
-58
67
92
126
104
153
326
160
125
195
357
257
138
328
363
373
425
363
544
545
553
439
537
669
545
643
637
816
814
731
751
792
850
898
874
891
1018
912
1019
1162
1137
1172
1109
989
1164
1146
886
833
895
1020
751
553
624
609
498
438
267
236
247
38
-80
-102
-164
-405
-594
-558
-636
-725
-822
-989
-931
-1030
-1186
-1211
-1276
-1204
-1359
-1397
-1395
-1383
-1187
-1171
-1156
-1205
-1173
-977
-856
-837
-708
-690
-617
-590
-606
-441
-406
-329
-203
-218
-200
-185
-59
-202
-218
-30
-75
25
42
-1
-155
-82
-29
34
-7
-53
-140
-102
-50
-246
-249
-360
-457
-399
-516
-477
-415
-486
-477
-505
-629
-498
-675
-642
-522
-552
-421
-414
-195
-159
-85
40
92
112
92
152
299
355
434
527
583
688
620
602
557
543
657
638
577
723
778
739
776
800
945
838
937
975
898
887
825
920
960
889
894
920
894
945
1050
1115
1029
996
1058
1055
1014
1160
1124
810
822
1179
1342
816
500
835
1145
912
395
289
516
412
149
-15
36
56
32
-245
-549
-531
-548
-498
-718
-898
-982
-898
-932
-966
-952
-924
-1055
-986
-898
-904
-895
-930
-734
-773
-835
-759
-597
-561
-462
-583
-568
-515
-527
-433
-387
-219
-250
-232
-177
-144
3
7
86
118
203
162
94
153
180
97
-2
44
-8
3
-97
49
64
22
-30
-119
-198
-226
-211
-315
-273
-252
-305
-194
-58
-197
-149
-205
-210
-52
-57
-25
-28
-31
80
-88
-18
43
-49
-73
-79
43
-123
-101
-109
-105
-77
-77
6
-12
53
-10
-47
-7
67
106
99
108
8
-18
101
116
41
156
64
276
134
269
280
163
244
263
349
290
515
464
441
433
436
653
721
969
905
875
1028
919
985
971
1001
1092
1030
972
782
933
929
733
776
800
883
781
750
665
700
766
706
654
660
686
589
746
763
651
592
411
537
500
431
398
300
268
214
207
279
143
89
83
-47
71
-70
-5
-175
-81
-22
-94
3
-60
16
-62
-254
-100
-131
-187
-166
-292
-343
-346
-404
-449
-333
-391
-374
-357
-372
-362
-351
-585
-664
-496
-491
-599
-523
-527
-451
-448
-453
-612
-532
-357
-441
-444
-450
-497
-371
-356
-359
-230
-254
-220
-251
-19
-164
-153
-14
33
3
-55
-20
90
103
113
63
211
284
207
214
114
93
76
28
-8
-66
-39
33
11
-28
-6
67
-96
23
159
300
305
128
284
271
347
464
497
654
712
759
851
835
858
877
1117
1062
1157
1305
1212
1287
1227
1287
1306
1246
1252
1237
1164
1059
1104
1124
1008
864
770
605
528
423
205
85
20
19
-43
-241
-351
-326
-484
-600
-637
-615
-649
-618
-609
-688
-570
-511
-648
-615
-533
-516
-474
-498
-558
-537
-574
-383
-348
-109
-274
-319
-222
-299
-292
-339
-276
-398
-215
-293
-270
-267
-329
-318
-245
-395
-376
-297
-331
-269
-419
-374
-402
-447
-521
-569
-602
-564
-619
-646
-619
-766
-579
-580
-599
-505
-422
-409
-427
-449
-331
-275
-255
-248
-217
-264
-235
-106
-135
-76
-62
-15
-44
-269
-121
-119
-87
-152
-142
-71
-108
-141
-114
-113
-123
-166
-237
-152
-230
-255
-281
-276
-161
-236
-197
-118
-237
-192
-159
-254
-202
-418
-153
-180
-339
-172
-227
-184
-143
-3
79
99
114
108
129
278
325
390
250
414
477
509
443
454
472
429
406
408
519
492
453
405
508
486
405
401
406
399
286
403
435
428
465
364
322
149
189
138
153
231
-104
-132
-109
-138
-92
-139
-200
-211
-122
-152
-106
-126
-23
22
59
130
-39
54
169
131
195
164
226
187
144
56
136
123
15
35
106
23
-82
-8
-159
-136
-155
-154
-92
-161
-114
-33
-86
-74
-116
-119
-83
-129
-194
-155
-216
-228
-249
-284
-233
-318
-387
-555
-402
-495
-520
-498
-527
-548
-321
-214
-379
-284
-256
-81
-113
-173
-100
-50
-100
24
-2
87
50
-10
101
10
20
14
50
57
63
-29
48
185
121
75
160
124
145
156
83
161
167
190
143
135
155
104
83
30
8
91
208
253
129
169
265
193
281
274
269
383
388
367
409
497
483
561
393
337
487
521
531
431
338
363
205
107
35
-39
-3
-62
-142
-158
-154
-291
-344
-361
-418
-475
-463
-471
-619
-766
-620
-713
-693
-596
-609
-554
-565
-528
-632
-540
-559
-625
-567
-534
-609
-638
-497
-403
-506
-491
-381
-298
-294
-356
-345
-389
-289
-223
-305
-349
-256
-114
-207
-128
-260
-288
-207
-187
-307
-324
-246
-353
-260
-171
-190
-274
-112
-166
-164
-85
-113
-88
-51
13
56
147
117
111
144
136
129
-46
18
118
178
105
101
145
267
295
173
140
37
128
174
152
228
158
149
137
65
139
201
244
216
255
341
327
308
310
374
428
441
459
444
492
518
556
533
577
519
560
514
527
558
466
644
499
571
369
320
482
338
353
274
118
153
154
83
80
1
-1
-202
-296
-382
-426
-449
-470
-525
-584
-546
-509
-538
-513
-539
-464
-562
-485
-509
-553
-518
-430
-499
-443
-325
-430
-303
-326
-237
-169
-196
-137
-206
-124
-183
21
57
-18
94
28
42
52
252
73
162
204
205
252
132
171
228
164
-36
84
148
42
59
151
213
138
131
169
142
278
376
221
252
350
416
526
531
352
455
369
421
563
545
376
269
352
345
330
380
304
287
366
330
452
244
278
286
220
194
152
374
273
173
230
157
150
190
97
138
97
45
206
82
53
216
270
307
374
471
394
373
449
400
407
327
354
366
419
440
462
437
471
392
254
217
47
135
77
113
126
-9
-27
54
8
-123
12
-100
-97
31
-91
-113
-101
-69
38
21
3
-46
65
175
158
119
93
132
53
174
126
190
167
163
198
245
379
267
299
337
435
349
364
299
313
303
239
202
217
243
124
-10
-18
-143
-87
-38
-95
-155
-219
-121
-272
-233
-238
-153
-175
-232
-98
-150
-135
-228
-169
-137
-217
-171
-37
-59
-100
-104
-72
-29
-24
-30
-85
-103
-61
21
38
-105
-27
78
19
21
65
8
77
57
-91
41
68
160
221
74
53
5
-3
138
46
-37
-2
-24
-85
-109
17
17
0
71
153
152
142
160
198
262
221
292
342
242
307
386
224
327
365
398
335
203
302
326
324
368
362
255
299
221
222
311
330
380
382
435
517
433
392
544
516
373
318
344
383
421
353
299
229
292
307
332
249
189
225
189
246
281
200
156
194
230
157
104
184
216
179
112
45
75
-41
-44
-110
