-74
49
141
127
88
140
143
184
129
63
80
48
98
36
-26
48
-54
24
93
147
71
33
77
128
138
99
82
70
10
43
48
30
-31
-170
-106
-97
-21
-73
-62
-117
-101
-135
-51
-194
-314
-354
-337
-604
-989
-388
-234
-114
-872
-764
-50
-41
123
-2
-33
-386
-599
-227
-500
-699
-355
-746
-917
-589
-116
105
-36
34
-445
-324
-11
-153
-56
-221
28
-17
-535
-421
-367
-663
-967
-1634
-1584
-1180
-660
-470
-383
-246
-252
-184
46
-80
212
606
467
668
196
54
-41
-69
-199
-800
-631
-578
-645
-459
-369
-422
-403
-414
-191
-258
-206
-134
153
224
29
266
224
-267
-496
72
-117
115
-60
-563
-124
85
-621
-641
-403
-945
-690
-356
-403
-297
64
-194
-32
31
19
-19
184
186
-32
125
374
82
26
281
182
18
205
316
151
525
348
251
378
70
5
261
262
-56
499
154
-75
405
226
-239
290
189
-116
208
92
238
-179
44
169
225
41
71
72
73
-15
36
61
-15
89
-57
304
-145
-100
-180
140
26
-258
-31
-62
61
90
269
-219
24
254
314
-58
168
512
296
377
451
401
-85
278
221
323
261
249
379
551
147
477
438
318
262
416
442
448
1027
377
84
123
505
17
103
162
308
488
297
-3
3
280
71
128
331
328
227
420
217
125
-10
121
277
229
352
380
440
371
41
150
76
-63
255
444
259
233
198
93
58
234
201
181
285
264
176
119
138
165
327
155
171
248
97
292
324
185
107
193
149
28
12
87
127
107
325
-161
-247
5
-225
-142
27
-89
-146
-135
-243
-300
-364
-260
-300
-354
-294
-311
-450
-240
-336
-608
-449
-371
-317
-410
-542
-663
-533
-435
-394
-481
-369
-237
-166
-141
-116
-3
-41
82
187
240
441
558
516
512
539
537
457
493
636
610
837
978
800
821
825
946
1074
1316
1585
1601
1518
1515
1437
1424
1593
1690
1841
2183
2397
2316
2298
2325
2332
2426
2497
2741
3003
3171
3166
3254
3186
2637
2311
1995
1988
2139
2034
1984
1588
1163
649
148
-20
-180
-436
-718
-774
-875
-1165
-1450
-1803
-2073
-2015
-1847
-1731
-1719
-1759
-1865
-1789
-1657
-1681
-1725
-1501
-1296
-1042
-867
-672
-555
-613
-514
-535
-241
-210
-322
-452
-523
-566
-550
-552
-685
-924
-1122
-1093
-1070
-1128
-1332
-1412
-1394
-1261
-1242
-1286
-1161
-1169
-1030
-919
-696
-533
-423
-253
-161
85
175
437
500
678
803
857
1234
1411
1459
1461
1822
2027
2126
2123
1950
2156
2255
2483
2857
3018
3120
3125
3228
3358
3684
4051
4288
4689
5112
5393
5074
4199
2911
2396
2745
3356
3392
2818
2010
1017
78
-617
-742
-770
-1179
-1490
-1709
-1850
-2374
-3073
-3537
-3564
-3246
-2766
-2195
-1843
-1983
-2389
-2387
-1845
-1175
-777
-281
236
643
879
750
810
989
1244
1393
1597
2046
1832
1550
1258
1186
1120
918
856
692
630
107
-407
-877
-1266
-1576
-1794
-1890
-2014
-2232
-2600
-2858
-2937
-3089
-3235
-3226
-3169
-3138
-3194
-3173
-2980
-2899
-2790
-2464
-2243
-1863
-1645
-1532
-1339
-1259
-1061
-793
-537
-282
-208
42
348
559
758
891
1077
1313
1622
1823
2089
2137
2209
2345
2660
2966
3091
3245
3473
3743
3943
4035
4271
4533
4803
5153
5411
5439
5591
6073
6559
6893
7063
6518
4359
2841
3122
4809
4747
3532
2737
1745
335
-780
-643
-426
-1205
-2021
-2134
-1864
-2377
-3503
-4080
-4423
-4256
-3429
-2634
-2192
-2499
-3180
-3373
-2694
-1726
-1297
-1036
-622
-32
379
405
470
810
815
955
1635
2352
2428
1691
1027
833
1180
1556
1522
1137
872
401
17
-323
-755
-1179
-1597
-1865
-1835
-1932
-2493
-2997
-3428
-3591
-3707
-3594
-3523
-3643
-3846
-3862
-3740
-3615
-3738
-3706
-3307
-2936
-2520
-2430
-2299
-2365
-2222
-1946
-1660
-1255
-1010
-915
-772
-478
-249
-210
-4
294
522
721
984
1140
1187
1529
1833
2151
2495
2552
2679
2787
2940
3155
3526
3727
3849
4079
4397
4658
4877
5053
5339
5472
5610
5998
6436
6801
6495
5662
4181
3148
3290
4365
4401
3421
2466
1512
490
-495
-597
-697
-1395
-2065
-2098
-2054
-2672
-3445
-4125
-4577
-4485
-3748
-3001
-2894
-3344
-3696
-3768
-3537
-2903
-2330
-2069
-1808
-1176
-783
-657
-692
-604
-304
-26
702
1231
1353
1093
755
597
624
923
1328
1505
1072
768
842
619
315
109
65
-118
-327
-346
-558
-966
-1363
-1703
-1918
-2033
-2085
-2311
-2569
-2794
-3069
-3051
-3061
-3009
-2717
-2672
-2507
-2313
-2234
-2201
-2169
-1986
-1741
-1406
-1217
-1091
-995
-913
-823
-701
-468
-248
-155
-142
-41
245
509
562
861
1138
1228
1391
1223
1189
1716
2109
2300
2522
2741
2657
2664
2913
2960
2913
2924
3065
3244
3438
3423
3346
3221
3219
3116
3390
3768
4098
4229
3953
3041
1819
1463
1961
2351
2150
2064
2038
1633
844
164
62
-176
-601
-788
-477
-173
-697
-1517
-1985
-2210
-2583
-2734
-2239
-1912
-2164
-2484
-2545
-2587
-2793
-3105
-3129
-2654
-2165
-1762
-1479
-1436
-1381
-1399
-1600
-1506
-1070
-828
-603
-486
-255
-82
-357
-452
-448
-322
-51
304
668
886
760
578
473
531
627
613
641
716
848
878
718
513
303
32
-136
-171
-41
-45
-186
-372
-542
-704
-979
-1096
-1289
-1454
-1546
-1439
-1458
-1583
-1714
-1706
-1850
-2066
-1912
-1827
-1747
-1730
-1665
-1381
-1137
-1183
-1054
-967
-744
-713
-465
-123
26
177
123
536
726
771
944
1149
1154
1246
1573
1629
1505
1594
1802
1852
1903
1999
2111
2155
2177
2110
2237
2289
2375
2458
2669
3004
3157
3357
3340
3026
2378
1835
2061
2544
2638
2561
2535
2269
1557
873
700
651
141
-309
-185
-5
-404
-1167
-1646
-1979
-2487
-2640
-2372
-2189
-2213
-2505
-2787
-2773
-2713
-2885
-2866
-2531
-1969
-1379
-1068
-890
-705
-868
-882
-646
-188
269
376
464
545
690
716
572
592
656
678
813
1050
1146
949
700
619
678
719
784
742
614
413
281
165
151
53
-221
-477
-564
-441
-508
-668
-844
-968
-1166
-1333
-1373
-1383
-1452
-1484
-1546
-1689
-1750
-1670
-1907
-1885
-1526
-1477
-1500
-1568
-1367
-1267
-1445
-1402
-1059
-761
-852
-735
-356
-165
-508
-302
74
-64
81
406
621
494
625
882
981
902
832
1156
1356
1167
1217
1569
1778
1620
1782
2070
2258
2328
2367
2697
2760
2941
3381
3548
2960
2259
2070
2350
2727
2600
2402
2380
2094
1274
747
887
794
266
-152
-70
86
-332
-888
-1397
-1727
-2060
-2166
-1845
-1562
-1667
-2073
-2314
-2243
-2123
-2043
-1869
-1619
-1238
-846
-754
-745
-493
-652
-757
-553
-79
215
90
55
257
263
55
43
186
356
376
526
582
593
419
208
69
75
233
561
658
427
204
266
124
-169
-140
-35
-38
-216
-331
-448
-569
-801
-979
-866
-782
-901
-1010
-1098
-1253
-1282
-1580
-1350
-1142
-1289
-1337
-1262
-1091
-1243
-1015
-835
-752
-544
-526
-647
-519
-322
-168
29
181
236
575
627
491
547
971
1275
1169
1250
1627
1742
1536
1765
1933
1855
1931
2149
2274
2322
2410
2576
2711
2713
2707
2877
3062
3283
3453
3655
3433
2528
1934
2177
2797
2806
2471
2396
2114
1301
616
454
581
293
-234
-277
-141
-639
-1349
-1872
-2174
-2305
-2304
-2032
-1795
-2054
-2617
-2917
-2894
-2641
-2434
-2223
-1997
-1787
-1770
-1647
-1606
-1422
-1244
-1078
-902
-540
-369
-462
-567
-620
-600
-484
-327
-133
123
22
12
-39
64
227
139
-65
50
298
205
-11
10
45
-252
-395
-337
-300
-559
-698
-696
-771
-1059
-1070
-878
-935
-1200
-1196
-1135
-1259
-1552
-1520
-1384
-1280
-1228
-1423
-1543
-1355
-974
-1144
-1295
-631
-229
-688
-500
224
208
-217
39
563
501
442
788
986
1042
1154
1268
1241
1225
1386
1651
1511
1880
2099
1758
1974
2245
1931
1889
2567
2525
2174
2654
2952
2740
2872
3263
3403
3347
3463
2976
2069
1736
2219
2771
2728
2359
2014
1578
735
69
255
588
240
-425
-489
-500
-1233
-2051
-2222
-2190
-2458
-2419
-2033
-2084
-2538
-3142
-3237
-2912
-2527
-2182
-2132
-2057
-1845
-1869
-1975
-1678
-1211
-1246
-1187
-806
-617
-728
-830
-821
-864
-608
-318
-218
-282
-388
-479
-540
-285
90
65
7
13
-38
-35
-97
-10
62
87
99
-153
-172
-166
-448
-581
-594
-632
-902
-1069
-955
-1228
-1560
-1491
-1270
-1466
-1737
-1427
-1477
-1865
-1675
-1581
-1634
-1193
-1389
-1744
-1203
-743
-1046
-1196
-491
-329
-754
-603
153
297
32
216
615
765
583
839
1127
1166
1006
1339
1708
1641
1577
1784
2040
1822
1896
2371
2652
2393
2421
2767
2695
2524
2908
3367
3159
3277
3385
2556
1351
1376
2452
3070
2499
1781
1648
1029
50
24
681
619
-216
-933
-885
-1236
-2023
-2402
-2422
-2296
-2279
-2419
-2461
-2758
-3425
-3757
-3472
-2865
-2512
-2469
-2674
-2831
-2381
-1997
-1866
-1253
-620
-680
-823
-632
-111
-30
-145
141
429
726
656
725
724
591
798
968
1081
1032
914
578
567
647
606
594
419
189
-9
-236
-358
-503
-509
-573
-805
-1005
-1122
-1252
-1397
-1454
-1547
-1574
-1662
-1707
-1700
-1775
-1858
-1933
-1880
-1822
-1745
-1630
-1427
-1294
-1319
-1129
-1003
-777
-586
-442
-300
-120
16
69
287
552
923
1116
1182
1388
1582
1584
1695
1945
2437
2534
2525
2877
2743
2386
2521
2800
3020
3207
3440
3656
3797
3782
3914
4206
4417
4284
3124
2042
2480
3818
3965
2684
1772
1478
852
74
360
1154
842
-721
-1638
-1268
-1391
-2153
-2439
-2181
-2312
-2583
-2576
-2774
-3099
-3448
-3396
-2987
-2417
-2292
-2709
-3150
-2821
-1933
-1529
-1404
-1169
-785
-866
-937
-488
158
233
77
167
639
734
551
557
707
801
680
794
909
681
252
157
320
487
356
26
-365
-624
-705
-744
-789
-812
-1057
-1366
-1566
-1535
-1559
-1728
-1733
-1687
-1666
-1658
-1632
-1595
-1729
-1776
-1649
-1355
-1311
-1445
-1540
-1393
-1156
-1095
-880
-661
-665
-760
-670
-345
-286
-219
250
615
744
750
703
807
1069
1288
1613
1838
1810
1859
2002
2260
2542
2778
2808
3023
3324
3416
3433
3619
4012
4485
4822
4972
5046
5056
4081
2539
2646
4711
5739
4117
2208
1964
1937
1187
1266
2311
2092
-20
-1641
-1212
-654
-1407
-2192
-2225
-2219
-2770
-3085
-3213
-3307
-3558
-3697
-3384
-2976
-2969
-3514
-3834
-3491
-2350
-1890
-2271
-2443
-2135
-1937
-1706
-1101
-430
-533
-1062
-802
56
527
451
517
698
877
1019
1107
1240
1108
957
947
1035
1037
641
380
224
80
2
-254
-687
-906
-1101
-1193
-1295
-1579
-1983
-2218
-2150
-1978
-1884
-2111
-2160
-2249
-2092
-2012
-1877
-1593
-1536
-1454
-1346
-1006
-857
-789
-720
-569
-230
1
267
395
510
678
746
858
1140
1179
1344
1690
1869
1967
1982
2030
2161
2412
2695
3033
3131
3101
3253
3465
3528
3795
4167
4413
4541
4745
5160
5320
5085
3733
2391
2772
5037
6118
3979
1346
1045
1794
1395
1126
1791
1439
-943
-2469
-1540
-449
-1423
-2903
-3080
-2792
-3131
-3718
-3803
-3633
-3774
-3829
-3604
-3531
-3659
-4075
-4125
-3281
-2015
-1928
-2990
-3377
-2552
-1743
-1479
-1196
-820
-1033
-1469
-1036
43
773
500
-267
-56
659
821
730
984
977
785
539
392
527
328
82
-24
158
36
-730
-1365
-1237
-916
-1049
-1530
-1922
-2211
-2379
-2224
-1915
-1774
-2283
-2831
-2712
-2200
-1904
-1912
-1883
-1805
-1802
-1626
-1217
-923
-837
-747
-463
-63
76
11
160
572
944
1144
1276
1259
1406
1713
1950
2141
2371
2337
2283
2554
2984
3335
3378
3463
3688
3770
3931
4016
4276
4782
5210
5579
5698
5611
5102
3746
2897
3899
6357
6304
3175
1127
1760
2732
2141
1577
1809
924
-1199
-1954
-721
-341
-1761
-2904
-2951
-2771
-3242
-3733
-3897
-3781
-3702
-3665
-3757
-4156
-4197
-4194
-3734
-2804
-2239
-2668
-3545
-3245
-1830
-843
-899
-1203
-1201
-1021
-699
99
768
748
314
119
604
1096
1185
1082
1149
1354
1305
1058
714
775
923
979
771
320
-191
-596
-630
-401
-482
-1135
-1901
-2194
-2220
-2161
-2172
-2339
-2744
-3131
-3186
-3076
-2640
-2608
-2839
-2880
-2748
-2696
-2509
-2124
-1759
-1660
-1500
-1181
-998
-873
-628
-232
252
355
352
537
770
1018
1383
1695
1785
1751
1896
2251
2388
2642
2903
3121
3218
3496
3710
3826
4101
4276
4392
4787
5163
5578
5496
5302
4336
2748
2628
4951
6712
4278
850
691
2407
2296
984
1069
1078
-542
-1959
-1322
-243
-1198
-2926
-3179
-2562
-2747
-3469
-3877
-3666
-3299
-3265
-3645
-4100
-4034
-3622
-3361
-2966
-2304
-2452
-3287
-3377
-1969
-731
-884
-1656
-1540
-928
-440
-90
369
669
329
99
548
1226
1325
1194
1301
1631
1573
1233
973
1076
1334
1454
1149
527
252
-16
-175
-121
-124
-656
-1414
-1698
-1608
-1477
-1776
-2149
-2455
-2776
-2969
-2817
-2610
-2627
-2917
-3096
-2983
-2865
-2795
-2488
-2095
-1900
-1929
-1834
-1542
-1245
-956
-571
-328
-249
-70
243
709
1039
1326
1496
1622
1871
2237
2533
2646
2912
3316
3512
3643
3807
4085
4313
4405
4577
4749
5191
5539
5805
5728
5512
4670
2851
2605
5129
7065
4519
727
526
2584
2826
1227
739
848
-510
-2002
-1514
-441
-1299
-2806
-2950
-2454
-2679
-3611
-3993
-3517
-2835
-2857
-3636
-4300
-4101
-3355
-2779
-2586
-2560
-2717
-3423
-3197
-1710
-580
-1111
-2026
-1717
-928
-608
-430
-83
197
135
1
282
751
883
794
922
1247
1146
576
260
865
1364
1108
546
-79
-312
-282
-110
-116
-501
-1217
-1718
-1803
-1563
-1506
-1912
-2325
-2511
-2692
-2899
-2831
-2618
-2499
-2719
-2926
-2904
-2902
-2846
-2532
-2208
-2158
-2456
-2444
-1793
-1319
-1169
-963
-714
-613
-530
-170
226
444
624
762
978
1243
1662
2002
2196
2363
2413
2420
2724
3218
3486
3676
3792
3991
4095
4317
4881
5443
5475
5278
5174
3858
2474
3438
6270
6297
2458
146
1788
3484
2173
557
921
673
-986
-1765
-790
-556
-2049
-3006
-2786
-2535
-3370
-4093
-3874
-3145
-2906
-3524
-4648
-4700
-3779
-3098
-3212
-3549
-3324
-3433
-3702
-3020
-1750
-1522
-2421
-2772
-1818
-1105
-1142
-991
-528
-167
-380
-521
-24
396
515
630
858
844
486
212
618
1206
1268
693
4
-93
106
432
148
-347
-649
-1116
-1373
-1277
-1237
-1386
-1689
-1916
-2098
-2395
-2400
-2275
-1925
-2048
-2547
-2701
-2537
-2359
-2152
-1895
-1984
-2079
-2023
-1643
-1163
-949
-912
-824
-678
-533
-231
116
272
388
621
829
991
1234
1651
1922
2132
2419
2641
2781
2977
3368
3795
4017
4167
4277
4474
5064
5381
5619
5760
5885
5983
4502
3067
4185
7230
6930
2709
695
2928
4794
2973
1117
1472
1448
-340
-1081
-60
-42
-1642
-2689
-2220
-2078
-3030
-3863
-3412
-2570
-2658
-3641
-4670
-4484
-3288
-2846
-3395
-3724
-3369
-3221
-3550
-2871
-1637
-1693
-2627
-2669
-1695
-1159
-1231
-1231
-588
-306
-632
-794
-309
261
430
453
501
373
256
276
552
985
883
343
-139
-78
140
261
6
-353
-810
-1117
-1163
-1060
-994
-1346
-1708
-1945
-2018
-2153
-2085
-1896
-1894
-2225
-2718
-2647
-2248
-2075
-2029
-1969
-1901
-2025
-2018
-1641
-1376
-1268
-1209
-1125
-986
-783
-545
-304
-101
-76
7
286
498
766
1212
1286
1408
1691
1890
2098
2490
3000
3370
3522
3663
3836
4229
4659
5151
5417
5417
5762
5899
4420
3033
4132
7325
6919
2625
791
3184
4951
2824
928
1410
1594
191
-777
-162
0
-1503
-2353
-1998
-1917
-3025
-3871
-3385
-2523
-2611
-4044
-5052
-4424
-3255
-2956
-3689
-4012
-3567
-3220
-3397
-3012
-1918
-1905
-2552
-2614
-1784
-1342
-1409
-1270
-727
-398
-586
-610
-204
432
788
773
525
541
812
946
1005
1190
1245
982
535
428
673
912
600
71
-279
-576
-660
-633
-649
-899
-1458
-1770
-1908
-1849
-1916
-1897
-1953
-2335
-2469
-2351
-2133
-2115
-2073
-2055
-1942
-2077
-1876
-1592
-1494
-1446
-1432
-1157
-975
-806
-460
-122
-90
-169
-93
243
754
948
997
1229
1434
1692
1979
2345
2531
2674
2897
3125
3241
3392
3741
4215
4504
4578
4668
5044
5374
4291
2529
2801
5745
6918
3316
212
1736
4412
3466
960
705
1333
548
-718
-469
-26
-1121
-2158
-2030
-1838
-2537
-3605
-3399
-2529
-2536
-3590
-4595
-4386
-3251
-2715
-3608
-4346
-3774
-3151
-3497
-3488
-2681
-2328
-2907
-3018
-2358
-1718
-1746
-1823
-1311
-798
-763
-1004
-813
-86
528
504
193
72
565
899
945
968
942
921
549
554
758
743
555
214
28
-103
-325
-418
-391
-670
-1097
-1434
-1481
-1503
-1624
-1602
-1599
-2008
-2170
-1994
-1713
-1898
-1907
-1860
-1886
-1849
-1792
-1384
-1265
-1252
-1137
-1027
-1061
-835
-403
-261
-167
-187
-108
196
493
808
969
1219
1364
1471
1766
2285
2572
2629
2796
2890
3241
3456
3448
3932
4302
4485
4583
4933
5578
5193
3572
2711
4887
7378
5378
1561
1520
4537
4952
2224
1141
2145
2109
677
103
512
133
-975
-1207
-921
-1457
-2495
-2701
-1901
-1728
-2541
-3550
-3949
-2894
-2184
-2757
-3723
-3554
-2650
-2804
-3316
-2841
-1911
-2060
-2614
-2525
-1790
-1442
-1566
-1233
-743
-675
-1048
-1148
-402
338
293
-360
-275
369
630
464
500
673
726
396
276
566
713
363
86
-34
-58
-386
-507
-299
-469
-813
-1164
-1122
-1071
-1231
-1480
-1467
-1504
-1683
-1710
-1655
-1567
-1657
-1652
-1580
-1554
-1434
-1386
-1451
-1064
-661
-853
-1011
-796
-298
-57
-269
-358
-31
247
392
517
835
960
856
1136
1588
1831
1802
1872
2099
2457
2742
2933
3227
3576
3970
3887
4302
4821
5227
4921
3255
2489
4491
7158
5605
1853
1550
4524
5523
2905
1340
2248
2788
1510
542
731
587
-185
-635
-474
-1073
-2217
-2439
-1680
-1345
-2131
-3397
-3929
-3025
-2168
-2700
-3729
-3759
-2933
-2898
-3525
-3214
-2333
-2301
-2885
-2979
-2357
-1894
-2037
-1768
-1271
-1317
-1543
-1381
-550
169
44
-307
-318
158
715
693
554
778
929
657
542
670
956
777
580
525
275
51
-39
67
-9
-431
-781
-655
-601
-950
-1086
-1048
-1171
-1209
-1414
-1210
-1298
-1453
-1412
-1382
-1287
-1314
-1051
-954
-835
-948
-846
-706
-519
-280
-169
-98
-2
76
189
489
539
631
672
922
1075
1149
1401
1693
1844
1922
2084
2214
2323
2698
3161
3325
3595
3685
3858
4409
5042
5254
4191
2603
3297
6156
6982
3533
999
3057
5570
4310
1798
1864
2926
2383
1066
817
1064
663
49
-49
-621
-1693
-1992
-1502
-1000
-1608
-2939
-3599
-3225
-2235
-2452
-3529
-3748
-3080
-2785
-3552
-3700
-2873
-2334
-2907
-3345
-2834
-2279
-2252
-2080
-1719
-1591
-1842
-1923
-1179
-338
-120
-646
-892
-155
531
315
372
844
1078
800
422
788
1010
964
776
939
813
221
286
540
435
293
-118
-393
-288
-321
-425
-716
-678
-789
-964
-1092
-934
-835
-1098
-1039
-930
-889
-1017
-993
-710
-730
-724
-734
-476
-343
-176
-154
-186
125
195
301
414
511
748
1089
1043
1180
1542
1845
1920
1875
2194
2484
2586
2933
3278
3635
3702
3773
4150
4663
4965
5247
4697
3383
3155
5324
7220
4746
1742
2471
5317
5403
2739
1899
2908
2960
1742
931
1154
1065
339
-53
-398
-1004
-1563
-1568
-1164
-1408
-2511
-3250
-3176
-2517
-2320
-3015
-3646
-3428
-2951
-3232
-3608
-3096
-2477
-2658
-3055
-2902
-2511
-2304
-1984
-1778
-1621
-1656
-1719
-1267
-617
-252
-446
-533
-211
287
433
334
443
894
1072
727
611
820
867
792
765
537
313
151
297
311
51
-209
-614
-703
-721
-936
-1002
-1139
-1248
-1483
-1738
-1660
-1478
-1636
-1868
-1771
-1679
-1748
-1780
-1510
-1236
-1423
-1600
-1541
-1052
-841
-889
-855
-740
-504
-456
-460
-213
237
354
257
375
806
919
1123
1269
1425
1831
1763
1852
2231
2456
2594
2803
3233
3518
3482
3780
4383
5067
4429
2657
2397
4457
6699
4854
1430
1548
4506
4996
2507
1348
2340
2821
1457
426
454
661
258
-337
-613
-1272
-2234
-2145
-1589
-1555
-2550
-3688
-3575
-2804
-2429
-3379
-4087
-3649
-2954
-3316
-4080
-3450
-2463
-2505
-3110
-3150
-2564
-2210
-2129
-1822
-1380
-1401
-1663
-1326
-407
77
-255
-374
219
924
1021
701
824
1389
1552
1225
1014
1237
1426
1439
1283
1232
765
301
359
583
479
-265
-715
-646
-372
-817
-1261
-1253
-1367
-1560
-1701
-1846
-1824
-1957
-2023
-1916
-2089
-2157
-1993
-1740
-1603
-1730
-1744
-1514
-1407
-1055
-865
-839
-885
-679
-265
-140
-172
24
369
439
613
823
993
1038
1204
1528
1877
1863
1912
2081
2137
2492
2772
3249
3300
3349
3610
4035
4310
4163
3503
2598
3135
5169
5696
3188
1136
2604
4610
3647
1712
1427
2390
1983
616
59
421
333
-460
-1101
-1674
-2016
-2262
-2147
-2017
-2418
-3209
-3761
-3655
-2980
-2876
-3609
-4083
-3632
-3340
-3725
-3835
-3101
-2400
-2701
-3239
-2926
-2226
-1879
-1781
-1446
-1314
-1382
-1137
-627
-102
70
4
110
504
902
996
1037
1380
1786
1615
1042
1157
1812
2012
1541
1101
955
860
852
787
529
77
-187
-202
-238
-820
-1148
-1169
-1118
-1364
-1746
-1912
-1901
-1971
-2061
-2104
-2193
-2343
-2402
-2216
-2116
-2085
-2086
-1978
-1854
-1856
-1623
-1171
-1023
-932
-901
-733
-417
-176
52
155
114
456
890
1128
1279
1471
1674
1850
2047
2213
2475
2684
2889
3109
3343
3661
3757
3916
4272
4783
4789
4518
3925
3219
3684
5214
5513
3287
1622
2586
4194
3592
1618
1196
1760
1407
277
-288
-166
-313
-938
-1598
-2044
-2295
-2191
-2192
-2134
-2572
-3485
-3904
-3612
-2860
-2864
-3688
-4135
-3431
-2980
-3447
-3595
-2948
-2362
-2603
-3115
-2805
-2137
-1495
-1248
-1450
-1440
-1107
-770
-267
179
546
488
405
769
1203
1460
1464
1745
1757
1867
1812
1697
1860
1901
1956
1665
1186
976
877
788
590
76
-245
-469
-782
-1018
-1171
-1226
-1534
-1981
-2153
-2136
-2394
-2469
-2544
-2771
-2724
-2679
-2650
-2598
-2518
-2482
-2431
-2361
-2185
-1941
-1901
-1669
-1333
-1235
-1128
-789
-404
-195
44
222
430
742
1136
1490
1642
1674
1952
2250
2562
2691
2822
3031
3217
3536
3628
3773
4188
4304
4245
4375
4808
5005
4818
4210
3401
3702
5080
5381
3411
1822
2661
3888
3202
1833
1263
1339
1080
374
-9
-211
-668
-1115
-1680
-1969
-2428
-2756
-2603
-2420
-2931
-3742
-3986
-3738
-3183
-3272
-3686
-3636
-3403
-3284
-3369
-3143
-2601
-2335
-2455
-2545
-2200
-1675
-1379
-1174
-871
-635
-461
-322
204
810
1003
912
1058
1438
1701
1812
1917
2175
2363
2282
2224
2191
2077
2035
2087
1838
1529
1182
837
741
467
133
-312
-686
-974
-1096
-1293
-1659
-1912
-2127
-2439
-2499
-2643
-2947
-3219
-3140
-2942
-3078
-3297
-3273
-2869
-2824
-2849
-2709
-2441
-2166
-2042
-1672
-1316
-1254
-885
-729
-326
47
3
319
600
942
1275
1447
1581
1819
2093
2242
2438
2744
2805
3031
3152
3251
3541
3667
3946
4183
4146
4141
4487
4554
4594
4674
4106
3269
3362
4640
4937
3006
1599
2098
3187
2716
1117
630
1095
693
-210
-575
-660
-949
-1620
-2095
-2181
-2674
-3102
-2960
-2756
-3039
-3754
-4144
-3806
-3254
-3155
-3687
-4008
-3748
-3046
-2933
-3063
-2674
-2326
-2326
-2262
-1918
-1235
-1043
-994
-519
-170
-119
-7
487
1069
1462
1400
1443
1617
2036
2188
2135
2379
2584
2442
2357
2186
2222
2167
1809
1654
1263
878
636
366
291
-115
-578
-734
-968
-1375
-1815
-2024
-2308
-2563
-2754
-2954
-3132
-3392
-3355
-3512
-3543
-3513
-3390
-3243
-2981
-2998
-3009
-2446
-2368
-2183
-1941
-1579
-1430
-1151
-844
-647
-305
-124
65
217
607
920
1063
1253
1578
1903
2241
2245
2458
2704
2948
2916
2872
3043
3101
3326
3420
3629
3644
3614
3657
3863
3922
4159
4235
4115
3474
2340
2412
3741
4295
2437
661
1169
2517
1968
386
-49
78
-217
-934
-1315
-1189
-1643
-2161
-2432
-2738
-2944
-3279
-3332
-3079
-3021
-3668
-4141
-3674
-2908
-2898
-3287
-3463
-2963
-2482
-2594
-2448
-1899
-1297
-1354
-1399
-824
-319
55
87
353
674
916
1171
1512
1983
2297
2251
2133
2359
2635
2669
2611
2664
2719
2642
2325
2244
2145
2172
1954
1692
1228
757
590
366
16
-524
-1000
-1391
-1711
-2011
-2135
-2616
-2901
-3032
-3292
-3398
-3572
-3691
-3814
-3587
-3444
-3430
-3383
-3356
-3146
-2926
-2641
-2629
-2617
-1992
-1696
-1490
-1288
-991
-641
-358
-188
107
372
501
972
1082
1233
1510
1597
1754
1918
2334
2449
2403
2462
2676
2724
2632
2871
2920
2777
2794
2835
3003
3201
3076
2838
3083
3409
3264
3049
3207
3060
1989
1359
2095
3239
2800
710
-168
1009
1702
602
-397
-353
-430
-887
-1405
-1351
-1476
-1978
-2292
-2510
-2743
-2925
-2905
-2623
-2602
-2831
-3201
-3371
-2779
-2209
-2176
-2511
-2365
-1832
-1550
-1376
-989
-292
-222
-464
-177
328
763
985
1223
1423
1495
1549
1803
2319
2503
2425
2180
2119
2413
2547
2495
2264
2130
2068
1605
1314
1332
1229
822
452
-59
-403
-650
-801
-1034
-1627
-1912
-2054
-2283
-2529
-2804
-2995
-3063
-3137
-3439
-3556
-3380
-3409
-3373
-3463
-3429
-3157
-3009
-2905
-2639
-2281
-2225
-2195
-1697
-1393
-1024
-792
-600
-532
-332
38
388
729
706
770
1035
1457
1614
1577
1532
1718
1962
2067
2075
2027
2044
2038
2036
2116
2194
2097
2093
2072
2118
2186
2025
1981
2174
2208
2412
2487
2282
2329
2512
2879
3086
2866
1678
756
1997
3766
3105
563
-301
1327
2206
1021
99
238
184
-422
-905
-741
-731
-1156
-1649
-1511
-1543
-2116
-2106
-1685
-1377
-1672
-2187
-2465
-1889
-1044
-905
-1633
-1718
-983
-810
-876
-736
-250
-249
-479
-226
87
266
345
512
527
530
601
574
830
1104
1024
643
553
865
1061
1036
732
629
737
578
330
354
244
-40
-185
-365
-400
-593
-893
-930
-1104
-1447
-1708
-1935
-2160
-2474
-2362
-2326
-2627
-2785
-2849
-2755
-2669
-2767
-2863
-2531
-2202
-2319
-2364
-2065
-1888
-1772
-1623
-1468
-1245
-852
-714
-812
-759
-424
-226
-111
182
177
297
340
373
623
609
624
918
890
930
930
972
1151
1257
1246
1143
1184
1302
1447
1519
1549
1626
1617
1800
2091
2188
2014
2000
2322
2532
2601
2721
2830
2953
3212
2590
1377
1470
3301
3774
1697
242
1177
2485
1859
803
816
642
78
-195
-59
38
-550
-985
-1074
-1144
-1537
-1950
-1786
-1360
-1497
-2058
-2424
-2195
-1377
-1334
-1912
-2047
-1732
-1430
-1523
-1303
-821
-843
-1185
-1194
-505
-230
-330
-209
-41
58
111
189
394
791
984
830
597
691
1151
1213
1167
1234
1050
1000
1087
1016
976
878
551
416
201
35
-44
-72
-289
-649
-815
-1024
-1197
-1426
-1565
-1535
-1622
-1933
-2212
-2099
-1858
-1959
-2082
-2079
-2063
-1908
-1900
-1732
-1684
-1779
-1668
-1705
-1571
-1373
-1210
-1347
-1287
-1141
-1067
-1040
-765
-706
-912
-658
-579
-374
-163
-24
-134
-57
183
129
158
501
611
465
534
547
544
659
789
891
971
1047
1138
1158
1391
1583
1612
1689
1836
2063
2142
2282
2439
2532
2917
3194
3236
3479
3425
2550
1665
2450
4027
3548
1417
674
1860
2607
1723
677
523
318
-359
-669
-548
-738
-1377
-2000
-2055
-2196
-2684
-3005
-2799
-2450
-2712
-3324
-3626
-3099
-2389
-2518
-2860
-2704
-2368
-2188
-2035
-1561
-1195
-1097
-1225
-1202
-723
-419
-107
140
325
286
342
507
967
1230
1151
1089
962
1387
1436
1402
1460
1539
1454
1306
1188
1148
1216
1125
697
496
541
319
184
-44
-270
-636
-959
-1076
-1230
-1294
-1587
-1755
-1856
-2182
-2239
-2320
-2325
-2518
-2630
-2476
-2499
-2601
-2585
-2481
-2269
-2144
-2334
-2355
-2160
-1973
-1935
-1811
-1619
-1549
-1447
-1180
-897
-834
-837
-709
-488
-160
84
285
395
392
643
823
909
962
1002
1110
1319
1392
1490
1469
1474
1682
1732
1731
1723
1916
2034
1973
2016
2033
1892
2082
2220
2142
2145
2332
2330
2245
2466
2553
2693
2928
2389
1287
798
1919
3040
2140
87
-25
1019
1526
611
-59
-534
-683
-865
-1060
-1138
-1586
-2038
-2281
-2001
-2517
-2668
-2664
-2262
-1954
-2093
-2783
-2830
-2387
-1692
-1624
-1973
-1944
-1413
-1046
-875
-400
-232
-181
-379
132
317
458
309
330
502
550
566
424
631
843
717
538
602
555
580
781
792
699
530
373
394
333
354
365
215
-17
-87
-111
-98
-318
-407
-542
-963
-1102
-1100
-1276
-1426
-1426
-1701
-1900
-1964
-2148
-2147
-2192
-2289
-2288
-2311
-2327
-2264
-2176
-2360
-2269
-2232
-2128
-1925
-1937
-1738
-1549
-1431
-1500
-1268
-956
-941
-794
-541
-469
-308
-104
145
381
344
415
612
824
956
964
1004
1140
1107
1150
1313
1303
1365
1203
1128
1110
1068
1156
1059
1257
1046
673
811
1132
1057
737
750
1025
1213
1296
1336
1450
1602
1752
1972
2277
2294
1699
931
1085
2549
3150
1683
20
304
1532
1499
584
63
-125
-438
-551
-422
-465
-998
-1564
-1689
-1643
-1712
-2066
-2055
-1557
-1556
-1937
-2228
-2130
-1535
-1273
-1513
-1605
-1408
-1101
-958
-829
-573
-259
-396
-657
-316
7
121
332
402
356
190
85
241
675
872
665
323
317
567
747
710
683
638
333
436
534
426
356
382
179
48
56
-95
-129
-300
-485
-510
-574
-757
-975
-1031
-1062
-1203
-1140
-1339
-1549
-1589
-1600
-1697
-1770
-1790
-1724
-1744
-1829
-1679
-1749
-1658
-1651
-1914
-1479
-1287
-1195
-1304
-1354
-1268
-1148
-931
-875
-742
-823
-700
-617
-370
-268
-195
-238
-327
-248
-134
37
117
145
9
29
151
257
222
236
221
267
325
338
507
615
605
555
774
836
916
1102
1372
1592
1723
1734
1877
2231
2330
2438
2652
2918
2841
2818
2921
3187
3228
2147
1463
2297
3462
2690
739
295
1073
1370
738
26
-559
-1005
-1167
-1108
-1056
-1463
-2017
-2372
-2373
-2107
-2301
-2582
-2450
-2067
-1852
-2166
-2329
-1927
-1236
-919
-1042
-1199
-798
-508
-381
97
666
589
266
389
770
1285
1124
1009
1165
1323
1337
1155
1221
1530
1431
1311
1214
1066
1116
1047
1126
1143
994
591
610
880
711
442
455
304
89
81
51
-191
-327
-358
-598
-619
-568
-604
-726
-788
-1138
-1299
-1213
-1084
-1126
-1307
-1458
-1473
-1460
-1316
-1493
-1668
-1394
-1382
-1540
-1621
-1606
-1417
-1238
-1305
-1355
-1415
-1113
-919
-783
-759
-682
-577
-523
-343
-135
-45
198
287
286
300
506
581
657
819
741
807
875
864
829
970
982
1029
929
902
928
983
890
754
750
683
592
534
477
417
440
432
406
238
172
295
233
240
181
201
299
153
-35
210
483
332
240
245
395
484
314
24
172
630
446
193
340
399
367
484
518
539
465
415
473
510
542
397
241
288
249
258
164
57
219
241
120
59
3
20
-9
64
10
-35
103
-52
64
27
-25
46
-43
-148
-164
-229
-295
-213
-296
-418
-505
-262
-229
-394
-524
-465
-416
-727
-866
-805
-747
-875
-990
-994
-1068
-1146
-1018
-986
-961
-912
-1038
-1095
-946
-876
-868
-843
-696
-480
-436
-318
-257
-131
-160
-86
-32
62
185
234
472
425
307
374
535
587
677
467
386
480
417
381
404
442
330
258
163
129
231
140
-79
-270
-164
-217
-308
-333
-292
-333
-375
-358
-395
-240
-216
-47
-9
126
121
95
148
291
494
389
538
594
522
520
821
1025
770
722
783
903
850
838
895
841
834
897
831
542
563
559
437
292
227
119
-70
-71
-190
-273
-396
-404
-495
-552
-532
-656
-694
-652
-548
-601
-568
-561
-512
-589
-521
-515
-473
-420
-468
-535
-461
-244
-356
-381
-315
-349
-379
-432
-509
-487
-505
-641
-611
-713
-784
-793
-744
-801
-944
-1032
-1065
-923
-1024
-978
-899
-761
-906
-956
-873
-764
-720
-816
-648
-566
-653
-541
-430
-432
-440
-297
-36
1
-56
39
160
86
125
428
413
379
332
381
582
598
522
409
546
656
584
595
720
801
856
897
1005
1049
1006
1106
1111
1323
1422
1333
1483
1506
1686
1833
1617
1275
1254
1543
1301
961
1172
1336
840
350
439
456
245
-66
-273
-383
-450
-627
-839
-809
-941
-1175
-1388
-1499
-1260
-1109
-1165
-1157
-1042
-972
-1003
-782
-498
-325
-374
-409
-207
-51
78
206
151
291
250
147
447
518
503
545
575
650
619
467
492
666
726
638
561
543
741
771
707
680
726
716
573
539
682
613
590
603
403
422
392
349
319
179
296
248
129
66
85
88
7
12
-22
77
155
158
164
93
-17
38
76
23
59
51
161
140
-103
96
171
32
-50
-60
31
40
56
39
33
-68
-111
-62
-12
36
38
-14
-12
-91
14
32
3
-43
-142
-169
-97
-67
-113
1
132
95
-16
-73
-85
-24
-89
-112
-67
-92
-157
-290
-299
-253
-251
-294
-437
-442
-362
-346
-447
-595
-534
-570
-442
-425
-528
-624
-543
-589
-528
-402
-573
-781
-627
-489
-746
-755
-494
-419
-689
-699
-594
-501
-405
-397
-488
-415
-472
-399
-458
-446
-275
-440
-411
-271
-258
-436
-328
-9
-61
-72
-303
-289
-100
14
-97
-224
-95
-110
-143
-53
59
49
-46
-150
13
218
101
70
169
124
149
120
233
173
222
234
164
208
311
369
289
264
312
363
387
348
200
343
343
256
167
237
246
76
212
189
81
16
61
116
83
138
85
35
41
69
-39
-205
-243
-35
-29
-196
-279
-246
-325
-303
-350
-474
-550
-535
-411
-424
-411
-415
-310
-360
-427
-381
-268
-328
-381
-285
-295
-296
-277
-245
-91
5
-154
-65
-65
105
231
33
109
314
402
441
409
434
402
295
484
649
459
410
406
494
597
443
417
356
324
329
236
182
175
134
76
31
-12
-114
-254
-272
-106
-148
-179
-250
-346
-372
-287
-237
-309
-283
-377
-387
-192
-178
-145
-89
-104
14
93
196
191
241
329
386
494
607
537
580
598
498
580
691
658
590
531
518
554
531
548
430
446
483
400
345
165
170
141
176
107
40
65
-82
-283
-281
-225
-299
-367
-292
-322
-332
-282
-306
-212
-105
-120
-185
-143
-63
-105
-74
-52
7
40
63
171
206
172
190
239
250
234
249
434
394
337
169
181
194
178
133
5
67
58
47
-150
-147
-19
-19
-158
-52
10
-45
39
62
173
154
139
254
365
322
399
421
408
470
431
479
508
453
501
385
451
510
498
360
232
400
319
246
241
6
-15
86
17
-154
-214
-234
-439
-443
-351
-395
-416
-529
-472
-329
-311
-481
-469
-353
-316
-224
-307
-384
-174
-36
-63
-34
4
170
253
220
257
425
405
356
409
369
310
401
419
365
422
386
288
300
268
139
207
74
-11
-78
-157
-272
-468
-432
-521
-720
-677
-688
-794
-762
-767
-848
-756
-770
-773
-580
-573
-726
-733
-651
-589
-473
-498
-407
-421
-296
-168
-65
-169
-24
-15
-99
72
185
183
192
159
237
456
363
366
315
241
286
304
40
84
92
38
98
-28
-137
-86
13
-110
-195
-159
-212
-303
-367
-374
-234
-310
-322
-409
-458
-380
-375
-370
-495
-409
-306
-254
-246
-292
-375
-191
-146
-152
-180
-151
-76
-27
-11
-43
-117
-118
-12
-39
103
-27
-24
136
-29
60
111
196
155
-51
5
53
32
50
-51
100
66
33
-30
5
191
160
42
34
115
3
59
-5
143
190
189
134
97
207
158
325
226
137
104
196
270
-10
-175
72
40
-18
-30
-101
-137
-218
-132
-176
-259
-337
-181
-191
-292
-136
-132
-445
-516
-234
-183
-268
-278
-298
-238
-124
-168
-223
-183
-99
-50
-56
-76
51
174
275
319
212
220
267
358
434
691
593
462
500
572
617
623
722
603
539
479
493
560
503
476
417
469
598
374
148
85
75
158
8
-128
-163
-108
-54
-198
-240
-229
-214
-255
-173
-94
-256
-116
-121
-121
-71
-105
-86
-61
-33
-32
39
81
214
216
162
239
403
393
464
489
629
606
665
741
735
874
782
716
806
896
764
724
721
751
648
697
579
510
466
513
514
406
359
286
258
184
173
89
13
-11
-60
-157
-147
-169
-223
-202
-302
-345
-332
-345
-320
-257
-326
-359
-235
-205
