-515
-579
-615
-715
-598
-588
-630
-646
-661
-521
-574
-626
-486
-474
-549
-432
-374
-281
-285
-332
-235
-228
-142
23
-23
-2
-60
-13
-111
-9
-20
-173
-193
-189
-181
-119
-150
-288
-311
-361
-308
-355
-299
-157
-204
-259
-282
-290
-153
-122
-8
-101
-121
6
44
6
82
178
129
87
148
129
143
280
222
113
163
234
196
244
255
323
415
429
412
175
431
483
466
495
489
528
462
476
400
464
320
351
393
318
360
231
240
183
191
232
247
195
202
248
239
215
301
428
356
263
336
351
256
372
261
215
279
190
190
179
-41
-23
-29
-57
-66
-252
-68
-170
-175
-213
-342
-248
-293
-220
-307
-292
-211
-319
-327
-228
-229
-163
-217
-232
-215
-268
-231
-349
-238
-195
-221
-131
-109
-115
-99
-67
-98
-138
-112
-67
35
19
6
-64
5
88
-2
3
-85
-129
-157
-300
-226
-326
-378
-294
-284
-207
-394
-277
-249
-215
-219
-211
-254
-190
-191
-241
-105
-104
-22
8
38
43
100
129
323
201
127
106
130
119
82
97
187
249
237
282
245
351
233
410
432
455
517
565
538
500
687
567
669
634
636
680
653
764
599
447
524
528
405
455
329
440
456
418
369
221
319
310
303
233
306
365
319
333
155
116
180
39
-61
-33
-264
-347
-287
-281
-295
-291
-248
-117
-148
-154
-30
-150
-142
-39
-34
-101
-58
31
16
89
53
68
-127
28
106
-119
-101
-58
-59
-95
3
-33
-60
-79
-128
-82
19
-158
-156
-194
-125
-141
-244
-263
-232
-176
-249
-233
-147
-244
-238
-207
-190
-147
-163
-120
-117
-44
3
4
73
5
76
-17
-7
103
116
93
119
192
238
313
209
140
241
207
158
170
208
271
147
166
121
91
187
214
228
290
385
364
294
369
399
368
336
306
372
409
371
365
279
223
188
86
96
52
88
-3
-11
-36
-59
5
-1
-106
-17
41
90
84
44
23
24
10
-38
-57
22
-3
-32
-17
20
-5
-70
-156
-137
-64
-81
-141
-111
-103
-86
25
-132
-149
-73
-177
-208
-207
-100
-15
-57
-123
-76
-43
-119
-32
88
15
-4
-18
-21
-85
-155
-97
-46
-82
-36
1
-26
-88
-81
-137
-140
-197
-228
-186
-220
-140
-219
-331
-223
-191
-278
-283
-242
-277
-230
-236
-286
-214
-259
-196
-243
-272
-212
-195
-133
-238
-200
-263
-253
-241
-268
-237
-378
-294
-331
-217
-205
-249
-343
-394
-336
-375
-255
-298
-330
-285
-67
-65
-73
-3
-76
-69
-159
-204
-44
-24
-102
-163
-49
-149
-162
-198
-232
-193
-167
-215
-244
-227
-275
-272
-179
-244
-373
-269
-291
-188
-195
-95
8
18
-41
-78
-23
49
10
26
41
-76
-76
-83
-68
-292
-157
-225
-264
-345
-239
-1271
-1411
577
220
-357
-241
65
-103
-146
48
-84
-291
-167
-152
-526
-910
-1431
-807
-538
-569
-690
-728
-299
-425
-389
-74
49
-338
-381
-14
-63
-97
70
73
-17
-9
-500
-164
-403
-277
201
-173
-195
-78
-263
-343
-243
-128
-219
-89
-302
-533
-381
-138
-271
-232
-361
-507
38
-93
-192
-122
-127
-160
-113
-332
26
-309
-370
-247
-239
-287
-435
-418
-511
16
108
-160
-124
47
-301
-115
49
181
-296
-147
-591
-1113
-633
-528
43
-159
-314
-541
-510
-552
-120
-66
-135
-38
-322
-1221
-1252
-659
-808
-45
-103
-20
-165
-338
-1246
-564
-159
-617
-623
-446
-214
-148
-264
129
-53
-736
-76
-327
-426
-1044
-694
-853
-1265
-793
-919
-756
-648
-470
-228
-354
-361
-409
-573
-599
-482
-235
-104
-451
-188
-50
-377
-200
-347
-482
-463
-504
-237
-155
-496
-387
-275
-432
-424
56
-236
-357
-122
212
-90
32
119
-411
-79
-90
-131
-60
-25
-152
51
-121
-206
-145
-220
-282
-543
-343
-521
-350
-261
-354
-302
-253
-460
-205
-140
-484
-78
91
-88
-143
-354
-201
-159
-117
-25
-139
12
-430
-450
1
-122
-346
-139
-166
-289
-294
-267
-288
-434
-312
-227
-112
-379
-11
-88
-304
-173
-133
-274
-373
-136
-236
-329
-279
-152
-278
-235
-414
-366
-247
-457
-528
-270
-104
-134
-202
-156
21
-39
-256
-137
215
190
404
363
-41
-61
115
115
175
182
214
469
417
119
109
218
166
294
514
627
352
522
641
635
705
485
606
793
755
738
788
647
563
556
392
476
613
358
276
319
163
169
178
76
33
45
-28
63
-50
-219
-200
-337
-521
-524
-645
-773
-852
-801
-902
-970
-1077
-1227
-1126
-1220
-1312
-1403
-1171
-1127
-1072
-1238
-1441
-1306
-1316
-1286
-1265
-1039
-986
-1127
-1025
-958
-828
-706
-779
-504
-331
-464
-134
-35
-69
-24
-110
76
287
457
425
688
632
696
727
742
935
1333
1239
1367
1739
1826
1683
1685
1845
1832
1864
1880
2397
2636
2715
2619
2665
2875
2683
2558
2629
2564
2376
2219
1935
2042
2007
1511
1115
630
595
594
298
-70
-280
-374
-872
-929
-620
-693
-1041
-1242
-917
-648
-661
-611
-217
-137
-397
-5
487
632
579
477
674
835
945
910
904
916
877
723
503
454
260
-20
-198
-303
-261
-452
-804
-987
-1169
-1167
-1336
-1376
-1412
-1603
-1842
-1818
-1870
-1975
-2001
-2061
-1882
-1812
-1777
-1660
-1546
-1333
-1416
-1283
-1089
-880
-612
-590
-387
-315
-305
-207
27
379
694
970
1056
1181
1443
1607
1784
2070
2376
2540
2550
2697
2881
3094
3157
3455
3711
3851
4223
4597
4842
4902
5147
4898
4641
4552
4054
3485
2735
2280
2255
2124
1639
926
469
-28
-774
-1285
-1499
-1599
-1854
-1950
-1730
-1542
-1576
-1695
-1587
-1451
-1254
-896
-188
311
637
903
1064
1332
1532
1794
2086
2073
2306
2456
2353
2242
2140
1720
1177
996
975
887
525
212
-131
-388
-726
-983
-1252
-1453
-1507
-1509
-1514
-1568
-1611
-1714
-1795
-1721
-1530
-1504
-1481
-1499
-1418
-1384
-1523
-1496
-1466
-1390
-1291
-1330
-1204
-1172
-1206
-1259
-1244
-1067
-975
-946
-818
-633
-499
-313
-185
-106
-101
78
346
697
1077
1229
1117
1338
1656
1571
1602
1538
1752
2132
2441
2464
2459
2733
2606
2541
2655
3125
3270
3188
3311
3687
3971
4054
3824
3318
3243
3227
2966
2510
2433
2139
2004
1763
1411
1187
735
355
-110
-333
-305
-430
-652
-567
-642
-620
-319
-416
-402
-348
-253
-2
281
502
563
624
780
884
828
858
763
764
677
625
623
420
326
243
11
-91
-237
-357
-271
-241
-329
-489
-337
-393
-488
-610
-550
-444
-399
-458
-510
-426
-500
-490
-742
-955
-988
-966
-1057
-972
-1123
-1162
-1107
-1153
-1079
-1313
-1371
-1414
-1260
-1169
-1234
-1080
-1059
-801
-983
-1090
-796
-785
-697
-796
-569
-421
-343
-97
-76
-152
-8
227
240
149
300
503
598
752
922
837
1046
1195
1398
1308
1281
1384
1568
1724
1655
1543
1512
1746
1725
1776
1874
2042
2197
2190
2340
2357
2317
2263
2026
1879
1911
1986
1843
1690
1596
1511
1385
1122
760
552
305
-15
-134
-355
-446
-698
-917
-998
-1159
-1260
-1313
-1407
-1339
-1211
-1087
-927
-881
-805
-970
-952
-878
-892
-863
-938
-956
-889
-929
-1003
-907
-968
-989
-891
-1081
-972
-781
-727
-616
-607
-682
-645
-616
-565
-527
-424
-185
-376
-324
-330
-388
-345
-503
-355
-476
-493
-604
-695
-563
-626
-666
-888
-906
-850
-758
-752
-838
-754
-705
-519
-501
-451
-269
-55
10
63
307
266
293
484
582
601
553
645
830
839
684
887
1030
907
931
966
1013
1110
1354
1207
1243
1476
1465
1319
1603
1754
1820
1759
1810
1988
2099
2210
2186
2197
2135
2108
1862
1621
1566
1387
1224
1009
851
733
531
245
-7
-59
-238
-544
-760
-844
-1050
-1103
-1105
-1033
-1050
-1088
-1150
-1178
-1139
-1168
-1170
-1053
-900
-793
-735
-612
-475
-521
-617
-568
-470
-488
-349
-240
-218
-294
-326
-443
-512
-572
-696
-498
-566
-638
-572
-496
-490
-513
-533
-690
-695
-452
-324
-560
-376
-337
-474
-540
-572
-423
-570
-678
-478
-300
-472
-673
-610
-446
-555
-929
-763
-410
-378
-768
-666
-424
-489
-608
-811
-566
-422
-419
-56
114
100
-11
-153
276
288
68
279
603
558
755
798
677
579
721
1000
823
712
966
1318
1228
1212
1389
1407
1581
1502
1595
1801
1952
1996
2176
2362
2305
2338
2257
2330
2079
1769
1604
1503
1388
1070
888
746
465
257
49
-248
-447
-710
-863
-848
-825
-888
-943
-964
-910
-906
-822
-757
-557
-493
-510
-256
-108
-132
-175
-106
-79
-49
-50
-119
16
188
-4
-92
11
29
89
-123
-124
-137
7
20
-163
-248
-269
-171
-366
-442
-447
-433
-491
-527
-649
-663
-654
-931
-899
-930
-873
-974
-1102
-1008
-843
-1096
-1275
-1066
-1007
-954
-1054
-1110
-815
-832
-1152
-1126
-692
-506
-791
-763
-546
-608
-541
-632
-605
-336
109
-36
-169
458
365
70
-194
547
928
335
343
979
1426
1078
836
988
1150
1194
1204
1069
1239
1527
1508
1427
1544
1707
1727
1813
1963
2202
2370
2387
2335
2224
1861
1607
1597
1337
1205
960
1108
1149
785
382
70
-245
-586
-773
-1005
-1008
-990
-978
-1024
-1085
-1171
-1110
-1081
-1051
-847
-558
-327
-246
45
116
30
-34
60
182
288
468
472
557
398
211
40
7
-154
-256
-141
-166
-216
-361
-371
-457
-606
-734
-605
-507
-720
-787
-665
-723
-987
-1107
-1225
-1340
-1364
-1245
-1322
-1401
-1371
-1263
-1287
-1467
-1392
-1356
-1342
-1396
-1372
-1280
-1246
-1174
-1039
-1082
-989
-537
-457
-626
-576
-516
-92
103
-213
-202
349
327
184
274
395
607
579
517
484
517
700
954
1018
916
1165
1163
1104
1305
1210
1508
1733
1774
1972
2181
2414
2416
2607
2731
2777
2710
2804
2724
2245
2102
2120
2045
1642
1531
1486
1256
886
495
331
-144
-204
-462
-753
-787
-966
-1095
-1080
-1103
-1366
-1526
-1503
-1405
-1291
-1088
-943
-867
-574
-524
-663
-499
-300
-262
14
242
358
373
273
227
183
70
120
87
-164
-162
-252
-415
-524
-646
-718
-829
-1066
-979
-1123
-1271
-1307
-1382
-1428
-1503
-1641
-1739
-1853
-1752
-1788
-1969
-1721
-1858
-1914
-1837
-1840
-1807
-1787
-1788
-1620
-1557
-1558
-1680
-1649
-1433
-1428
-1338
-925
-840
-1029
-824
-708
-662
-626
-300
-107
209
284
285
569
615
724
884
963
1198
1415
1465
1396
1329
1489
1704
1673
1625
1575
2033
2289
1952
2117
2437
2451
2529
2887
3138
3200
3082
2938
2763
2551
2322
2033
1772
1776
1589
1501
1131
643
267
-164
-371
-814
-958
-960
-1149
-1366
-1480
-1777
-1931
-1945
-1957
-1708
-1454
-1287
-1311
-1216
-1041
-1117
-1171
-879
-617
-378
-268
-118
39
52
105
9
83
106
47
203
231
116
-155
-373
-385
-573
-650
-874
-1025
-1048
-1111
-1247
-1386
-1516
-1837
-2058
-2377
-2467
-2451
-2534
-2722
-2816
-2749
-2651
-2767
-2806
-2669
-2585
-2618
-2609
-2218
-1897
-1826
-1936
-1832
-1587
-1598
-1487
-1224
-1154
-935
-1103
-807
-699
-859
-814
-522
18
156
287
475
738
722
549
696
1060
1286
1481
1598
1880
2138
2103
1968
2083
2415
2534
2621
2812
2955
3057
3199
3192
3299
3452
3486
3606
3259
3188
3107
2936
2712
2205
1838
1727
1878
1511
851
399
304
-8
-638
-945
-1013
-1167
-1557
-2022
-1989
-1783
-2113
-2438
-2376
-2092
-2080
-2050
-1907
-1607
-1437
-1387
-1130
-886
-559
-434
-457
-61
222
384
358
387
685
779
504
420
561
480
226
8
-35
-30
-232
-661
-941
-963
-1122
-1404
-1642
-1624
-1801
-2273
-2793
-2862
-2686
-2928
-3120
-3169
-3002
-3220
-3420
-3255
-3112
-2971
-2840
-2588
-2192
-2100
-2058
-1953
-1626
-1222
-995
-984
-769
-412
-243
-239
17
290
286
325
314
677
681
786
877
866
1014
1126
1151
1089
1309
1675
1751
1826
1937
2045
2243
2313
2339
2690
2874
2915
3090
3311
3546
3655
4012
4157
4161
4080
3775
3625
3519
3196
2355
2063
2404
2385
1572
417
58
215
-233
-1109
-984
-723
-1263
-2144
-2325
-1914
-1973
-2380
-2479
-2221
-1971
-2002
-2197
-1746
-1570
-1631
-1464
-1069
-774
-629
-538
-463
-27
307
257
336
438
619
617
451
455
769
654
395
352
447
443
6
-315
-353
-431
-889
-1036
-1149
-1281
-1942
-2531
-2452
-2442
-2418
-2849
-3238
-3246
-3048
-3203
-3139
-2914
-2813
-2953
-2975
-2642
-2186
-2079
-2267
-1874
-1462
-1249
-1494
-1280
-878
-855
-770
-553
-135
59
-45
51
338
694
747
646
883
1033
1059
987
1325
1505
1588
1631
1817
2037
2192
2326
2374
2539
2834
2963
3171
3310
3497
3704
3843
4038
4191
4260
4210
4067
3736
3302
3054
2626
2311
2533
2650
1820
417
-39
269
40
-686
-1063
-1154
-1579
-2375
-2456
-1997
-2084
-2655
-2805
-2414
-2196
-2405
-2291
-2002
-1809
-1708
-1520
-1199
-1043
-924
-692
-330
41
307
505
536
386
563
842
797
780
1039
904
608
561
696
773
445
-67
-137
-182
-345
-613
-770
-860
-1281
-1772
-2082
-2099
-2014
-2319
-2905
-2945
-2898
-3058
-3257
-3219
-3129
-3157
-3423
-3349
-2719
-2666
-2869
-2777
-2337
-1974
-2025
-1812
-1371
-1068
-1010
-918
-457
-307
-248
-106
169
572
755
652
838
1129
1183
1336
1464
1621
1590
1589
1932
2176
2133
2244
2398
2647
2856
2922
3100
3156
3508
3762
3917
4084
4132
4173
4392
4283
3951
3614
3324
2854
2346
2557
2908
2178
448
-190
389
470
-371
-767
-762
-1283
-2152
-2344
-1505
-1492
-2371
-2723
-2330
-2198
-2461
-2168
-1788
-1743
-1935
-1605
-1319
-1302
-1172
-1057
-643
-316
-64
22
-89
-221
236
818
833
525
543
790
649
592
854
930
617
104
-2
238
5
-291
-476
-490
-850
-1455
-1876
-1738
-1686
-2018
-2400
-2718
-2571
-2953
-3131
-3009
-2751
-2842
-3175
-3141
-2742
-2462
-2628
-2519
-2173
-2125
-2091
-1888
-1483
-1250
-1176
-1065
-928
-636
-535
-484
-98
333
465
594
749
1103
1212
1175
1302
1531
1741
1714
1726
1949
2230
2400
2472
2677
2901
2825
2820
3005
3398
3733
3671
3852
4083
4386
4585
4757
4569
4074
3690
3499
3153
2917
3539
3587
2088
451
583
1480
1057
-352
-757
-623
-1423
-2153
-1798
-1215
-1902
-2848
-2814
-2478
-2526
-2764
-2508
-2110
-2152
-2061
-1741
-1726
-1872
-1664
-964
-744
-759
-598
-678
-766
-486
171
406
-16
-260
-91
316
295
322
697
522
62
-155
95
240
-12
-388
-333
-327
-751
-1135
-1661
-1869
-1625
-1555
-2135
-2947
-3354
-3371
-3255
-3096
-3086
-3535
-4113
-4162
-3444
-2824
-2949
-3308
-3160
-2868
-2565
-2306
-1935
-1637
-1688
-1405
-977
-654
-494
-339
-95
139
423
548
584
709
1073
1450
1627
1547
1482
1659
1769
1981
2388
2465
2564
2529
2801
3186
3334
3367
3435
3838
3967
3889
4058
4426
4570
4614
4649
4335
3808
3479
3402
3014
3006
3457
3251
1765
463
930
1887
1393
-26
-491
-452
-960
-1497
-1321
-1133
-1846
-2622
-2450
-1996
-2200
-2600
-2282
-2132
-2263
-2073
-1842
-1860
-2001
-1503
-876
-991
-1168
-944
-858
-645
-116
216
196
-218
-357
145
537
431
313
525
450
138
76
291
336
-3
-143
-71
-193
-672
-1337
-1511
-1144
-987
-1596
-2526
-2827
-2618
-2397
-2483
-2711
-3102
-3490
-3525
-3127
-2584
-2869
-3147
-3210
-2843
-2464
-2335
-2127
-1913
-1767
-1558
-1415
-1282
-958
-572
-317
21
229
230
476
734
1113
1450
1465
1398
1317
1704
2022
2143
2069
2116
2244
2269
2487
2683
2953
2897
2875
3160
3582
3614
3486
3798
4039
4322
4297
4282
4176
3700
3548
3488
3262
2990
3143
3039
1940
694
751
1546
1180
-31
-648
-499
-691
-1156
-1165
-908
-1301
-2039
-1930
-1817
-1949
-2175
-1963
-1785
-1867
-1896
-1784
-1670
-1607
-1332
-960
-1000
-1420
-1265
-879
-611
-509
-224
-207
-561
-521
-43
37
-90
26
167
460
174
2
2
283
273
59
-108
-264
-418
-990
-1107
-834
-793
-1337
-2199
-2369
-2178
-2165
-2450
-2523
-2744
-3031
-3124
-2886
-2589
-2779
-2895
-2942
-2654
-2518
-2271
-1936
-1778
-1542
-1614
-1464
-1246
-895
-667
-459
-343
-279
-118
164
514
733
1016
1070
1125
1401
1484
1619
1821
1918
1960
2259
2257
2204
2507
2763
2928
2815
2942
3191
3156
3129
3315
3599
3710
3805
3842
3695
3455
3133
3144
2948
2425
2593
3115
2392
810
268
1341
1660
384
-803
-717
-494
-1096
-1495
-1324
-1350
-2020
-2232
-2037
-2057
-2384
-2324
-1924
-1936
-2026
-2076
-2058
-1918
-1548
-1115
-1118
-1441
-1440
-1000
-801
-732
-421
-234
-595
-742
-448
-173
-177
-251
-94
159
29
-178
-171
-1
187
132
-96
-179
-135
-456
-932
-1011
-654
-760
-1472
-2127
-1965
-1659
-1702
-2067
-2303
-2469
-2799
-2750
-2445
-2049
-2601
-2823
-2525
-2265
-2028
-2233
-2209
-1738
-1543
-1536
-1465
-1214
-792
-600
-352
-207
-116
68
324
532
759
979
1013
1106
1258
1639
1668
1537
1652
1825
2019
2148
2305
2454
2667
2673
2830
3030
3184
3274
3261
3451
3879
3941
3751
3686
3695
3524
3320
3284
2969
2288
2201
2955
2799
1435
545
1175
1771
1009
-209
-227
193
-338
-841
-864
-974
-1341
-1527
-1493
-1569
-1862
-1889
-1609
-1666
-1789
-1692
-1768
-1887
-1759
-1308
-1065
-1398
-1339
-940
-903
-1029
-876
-611
-557
-649
-645
-398
-299
-379
-314
-20
-44
-245
-208
-3
181
-54
-419
-426
-293
-400
-823
-987
-920
-907
-1199
-1579
-1832
-1777
-1902
-2058
-2146
-2334
-2562
-2718
-2588
-2414
-2561
-2798
-2787
-2696
-2507
-2456
-2361
-2176
-1920
-1794
-1624
-1428
-1233
-887
-707
-600
-466
-127
-26
225
358
743
976
891
1127
1331
1448
1534
1687
1771
1850
1914
2017
2244
2500
2511
2398
2571
2965
3034
2988
2981
2988
3271
3422
3634
3517
3494
3443
3276
3571
3274
2640
2382
3129
3188
1798
903
1400
2029
1376
409
201
391
-31
-472
-441
-615
-977
-1225
-1234
-1179
-1431
-1504
-1280
-1361
-1537
-1559
-1649
-1639
-1351
-1113
-1174
-1588
-1347
-1014
-1078
-1128
-979
-769
-821
-1066
-887
-651
-667
-650
-422
-102
-249
-526
-407
-222
-74
-282
-434
-403
-337
-487
-875
-962
-791
-614
-1032
-1553
-1892
-1790
-1719
-1912
-1969
-2305
-2534
-2746
-2740
-2499
-2551
-2868
-2823
-2560
-2405
-2413
-2490
-2218
-1981
-1861
-1811
-1687
-1337
-1148
-1005
-930
-733
-482
-335
-107
22
315
478
418
583
826
1216
1278
1285
1451
1666
1742
1939
2079
2143
2390
2254
2314
2463
2651
2602
2604
2728
2884
3055
3090
3267
3163
2940
2761
2905
2923
2432
2031
2373
2711
2044
909
1061
1611
1296
658
143
354
127
-366
-646
-723
-734
-1041
-1254
-1267
-1496
-1644
-1546
-1410
-1485
-1687
-1690
-1703
-1627
-1389
-1352
-1630
-1582
-1352
-1245
-1398
-1391
-1180
-1120
-1338
-1361
-1125
-1030
-1047
-1035
-927
-850
-961
-958
-692
-562
-668
-728
-740
-679
-577
-770
-827
-833
-722
-950
-994
-1016
-1208
-1288
-1505
-1588
-1774
-1898
-2102
-2108
-2046
-2115
-2160
-2164
-2020
-2022
-2036
-1975
-1962
-1702
-1589
-1545
-1359
-1212
-1024
-925
-768
-520
-361
-228
-86
197
366
626
553
665
895
1059
1245
1229
1376
1589
1733
1800
1844
2120
2210
2070
2295
2451
2557
2519
2510
2599
2737
2809
2754
2821
2869
2763
2665
2541
2513
2401
2067
1803
1970
2287
1988
1009
697
1262
1401
675
34
322
435
14
-422
-531
-408
-508
-757
-901
-1138
-1274
-1269
-1246
-1397
-1608
-1796
-1847
-1867
-1887
-1791
-1845
-1995
-1888
-1685
-1808
-1840
-1716
-1310
-1420
-1589
-1587
-1464
-1383
-1355
-1034
-1061
-1103
-1162
-1012
-745
-695
-794
-812
-531
-498
-630
-692
-684
-452
-364
-692
-1148
-941
-810
-1026
-1219
-1261
-1439
-1491
-1630
-1699
-1761
-1846
-1869
-2042
-1868
-1778
-2045
-1852
-1609
-1530
-1574
-1464
-1182
-1015
-751
-564
-491
-264
-13
326
377
370
718
909
1031
1049
1139
1388
1515
1545
1711
1955
1972
2076
2157
2363
2494
2378
2507
2580
2710
2672
2777
2788
2779
2935
2892
2855
2903
2921
2883
2618
2394
2466
2205
2009
2001
2274
1645
996
1115
1474
1459
701
481
422
429
-13
-325
-227
-222
-490
-636
-905
-1172
-1204
-1007
-969
-1357
-1510
-1713
-1667
-1756
-1720
-1695
-1960
-2044
-1863
-1842
-1846
-1757
-1708
-1644
-1669
-1820
-1621
-1421
-1272
-1146
-1150
-1000
-931
-833
-761
-628
-399
-393
-498
-264
-188
-219
-244
-188
-262
-304
-337
-491
-607
-661
-667
-833
-1035
-1138
-1224
-1343
-1373
-1491
-1601
-1649
-1711
-1560
-1516
-1529
-1486
-1443
-1211
-1315
-1318
-1055
-997
-899
-709
-626
-491
-204
86
237
340
409
797
925
1015
1175
1350
1543
1682
1798
1883
1961
1961
2020
2055
2124
2146
2253
2287
2015
2063
2259
2159
2141
2334
2403
2212
2373
2441
2310
2319
2303
2267
2280
1949
1830
1882
2172
2020
1435
1240
1383
1494
1140
684
497
446
373
59
-262
-281
-428
-418
-722
-841
-1079
-1149
-1212
-1429
-1474
-1549
-1636
-1744
-1643
-1580
-1812
-1975
-1833
-1842
-1893
-1908
-1762
-1703
-1779
-1806
-1626
-1396
-1338
-1145
-1127
-897
-744
-579
-488
-327
-247
-358
-12
145
164
31
50
216
305
30
-252
-217
-197
-273
-457
-636
-733
-821
-995
-1123
-1147
-1233
-1366
-1456
-1385
-1440
-1482
-1386
-1334
-1292
-1214
-1060
-924
-656
-679
-560
-473
-320
-8
-11
98
284
606
738
789
892
1173
1353
1490
1653
1820
1927
1905
2015
2061
2110
2003
2084
1944
2014
2011
1857
1919
1909
1885
1938
2039
2135
2194
2084
2214
2370
2302
2003
2005
2283
2218
2087
2032
2175
2021
1516
1383
1473
1454
1083
650
598
409
193
-177
-407
-479
-616
-1033
-1213
-1287
-1465
-1542
-1604
-1851
-2028
-1924
-1963
-2015
-2133
-2018
-2001
-2024
-2070
-2025
-1834
-1857
-1692
-1713
-1780
-1558
-1410
-1274
-1174
-1072
-1003
-811
-608
-631
-492
-184
-200
-248
-160
89
131
-17
87
10
5
-29
-97
-403
-435
-503
-651
-793
-1087
-1058
-1161
-1154
-1268
-1427
-1410
-1313
-1302
-1180
-1127
-1152
-1076
-1009
-912
-845
-680
-508
-417
-276
-153
-5
375
668
666
867
872
882
1153
1180
1245
1257
1457
1542
1541
1503
1576
1661
1764
1829
1772
1756
1803
2004
1955
1729
1766
1844
1910
1927
2008
2118
2103
2211
2237
2254
2199
2199
2046
1956
2256
2314
2059
2042
1950
1606
1464
1495
1367
1115
1008
691
479
318
-85
-225
-414
-637
-922
-1253
-1269
-1393
-1438
-1553
-1614
-1865
-2117
-1896
-2035
-2086
-1989
-1950
-2140
-2103
-1766
-1721
-1667
-1516
-1326
-1324
-1209
-1013
-942
-641
-750
-563
-394
-427
-329
-258
-52
-147
45
65
181
117
-70
-35
190
225
-88
-343
-364
-223
-358
-535
-753
-776
-838
-964
-1057
-1060
-1108
-1235
-1364
-1359
-1355
-1307
-1253
-1129
-980
-930
-706
-647
-567
-280
-156
1
203
337
560
475
589
867
910
1003
1025
1077
1124
1193
1340
1255
1254
1370
1322
1308
1443
1503
1484
1541
1617
1628
1738
1728
1847
2064
1999
1950
2014
2121
2305
2190
2162
2276
2282
1996
1784
2070
2121
1820
1655
1833
1739
1450
1266
1282
1069
800
702
435
238
-150
-319
-351
-608
-998
-1289
-1146
-1277
-1497
-1559
-1710
-1902
-1999
-1924
-1836
-1981
-1821
-1663
-1674
-1772
-1713
-1575
-1389
-1253
-1150
-1061
-1021
-784
-637
-556
-491
-423
-327
-130
-150
-180
-39
112
-73
-6
25
69
-16
-96
40
-21
86
-23
-194
-101
-84
-344
-421
-464
-626
-801
-839
-820
-996
-1063
-1239
-1093
-1027
-1133
-1117
-1094
-749
-749
-717
-668
-454
-375
-336
-106
33
171
167
427
508
629
654
689
871
907
873
996
958
1073
1117
1064
1057
1098
1201
1176
1274
1171
1311
1474
1482
1588
1735
1745
1785
1697
1791
1848
1895
2064
2089
2233
2136
1850
1986
1953
1921
1735
1553
1516
1545
1395
979
878
880
705
327
157
-62
-202
-493
-566
-576
-895
-1137
-1301
-1408
-1495
-1531
-1607
-1683
-1672
-1853
-1896
-1928
-1869
-1552
-1651
-1719
-1673
-1605
-1492
-1404
-1300
-1215
-1133
-1180
-1017
-852
-758
-636
-537
-491
-462
-365
-301
-284
-213
-250
-209
42
190
155
163
192
130
96
67
-83
-241
-338
-319
-343
-344
-479
-663
-748
-816
-799
-842
-892
-846
-719
-779
-832
-686
-686
-637
-671
-799
-614
-421
-411
-435
-351
-177
-184
22
108
138
368
479
376
541
672
765
898
945
917
1010
1239
1301
1353
1363
1444
1396
1463
1429
1452
1495
1516
1550
1587
1499
1687
1907
1866
1794
1877
1903
1933
1944
1808
1711
1823
1750
1475
1309
1274
1285
1098
870
793
625
467
218
67
-46
-311
-473
-466
-687
-861
-983
-1254
-1243
-1307
-1468
-1618
-1686
-1615
-1586
-1643
-1674
-1595
-1678
-1705
-1775
-1565
-1415
-1457
-1388
-1271
-1074
-957
-910
-849
-530
-345
-462
-324
-197
-99
-86
-117
51
133
25
101
319
281
32
62
75
141
82
-174
-237
-261
-122
-350
-594
-571
-621
-760
-924
-985
-964
-1025
-1001
-1013
-1063
-1015
-969
-1011
-963
-826
-889
-785
-647
-537
-456
-323
-262
-230
-91
24
69
112
420
635
597
762
958
1163
1125
1163
1303
1398
1493
1506
1552
1576
1587
1671
1719
1676
1643
1685
1789
1828
1804
1815
1868
1994
2193
2163
2145
1930
2118
2116
2018
1988
1908
1945
1840
1586
1427
1418
1195
1144
974
827
493
331
195
-2
-284
-417
-473
-703
-884
-1020
-935
-1130
-1167
-1106
-1184
-1245
-1468
-1307
-1249
-1352
-1288
-1371
-1278
-1265
-1035
-1060
-1087
-948
-908
-778
-648
-581
-470
-234
-266
-111
-10
60
100
228
357
302
465
547
472
538
581
378
256
278
404
180
-49
-162
-178
-330
-649
-732
-710
-862
-1070
-1225
-1507
-1503
-1503
-1657
-1619
-1601
-1655
-1704
-1634
-1487
-1490
-1567
-1370
-1261
-1221
-1159
-1057
-828
-703
-693
-478
-182
-17
29
205
389
585
651
718
840
873
1149
1069
1124
1092
1221
1446
1488
1540
1463
1487
1472
1477
1432
1466
1465
1551
1543
1633
1762
1742
1751
1782
2019
2050
1796
1778
1901
1649
1490
1642
1685
1327
1025
1094
1178
952
433
207
329
138
-309
-486
-524
-683
-844
-1054
-1248
-1361
-1366
-1289
-1340
-1465
-1523
-1427
-1365
-1379
-1308
-1267
-1279
-1216
-1060
-1043
-878
-804
-748
-730
-681
-464
-287
-253
-152
-15
2
149
224
375
563
562
562
576
626
567
703
670
512
270
177
258
69
-213
-424
-560
-714
-937
-1020
-1196
-1421
-1441
-1630
-1690
-1815
-1954
-1956
-1923
-1984
-1990
-1956
-1878
-1723
-1713
-1564
-1397
-1206
-1028
-921
-904
-825
-612
-325
-333
-420
-69
303
399
521
602
492
792
926
909
1077
1123
1216
1240
1492
1528
1510
1485
1569
1600
1406
1437
1523
1585
1473
1483
1546
1679
1660
1757
1964
1905
1672
1719
1954
1967
1826
1571
1460
1523
1657
1355
892
917
958
944
441
148
124
-58
-154
-427
-511
-746
-954
-1050
-1183
-1281
-1379
-1341
-1265
-1424
-1628
-1551
-1499
-1427
-1472
-1312
-1194
-1089
-911
-883
-794
-741
-557
-426
-385
-302
-104
-18
141
267
384
390
458
667
586
635
722
670
809
822
806
577
450
527
155
-112
-190
-419
-522
-652
-886
-1264
-1439
-1487
-1648
-1846
-1921
-1944
-2124
-2076
-2077
-2080
-2179
-2101
-2071
-2084
-1993
-1799
-1682
-1564
-1477
-1341
-988
-800
-741
-510
-292
-173
-59
91
226
318
595
729
744
851
928
1063
1126
1158
1276
1335
1343
1481
1462
1560
1619
1557
1502
1553
1553
1499
1544
1613
1621
1601
1708
1738
1732
1793
1750
1841
1751
1676
1570
1629
1692
1484
1360
1487
1326
1031
764
834
875
376
192
35
-88
-355
-519
-748
-873
-847
-1011
-1079
-1187
-1234
-1189
-1237
-1334
-1432
-1261
-1260
-1396
-1448
-1199
-1008
-968
-994
-777
-621
-511
-467
-281
-198
-228
-106
-21
34
75
156
184
309
254
209
369
413
397
282
367
460
380
168
20
121
-33
-427
-807
-961
-782
-897
-1310
-1719
-1804
-1724
-1876
-2073
-2076
-2139
-2230
-2316
-2403
-2346
-2268
-2246
-2177
-1980
-2015
-1850
-1698
-1455
-1310
-1228
-1019
-729
-329
-364
-408
-354
-105
163
306
420
561
784
688
790
986
1011
1072
1074
1238
1274
1285
1174
1250
1510
1499
1356
1425
1526
1585
1706
1651
1606
1633
1654
1733
1698
1766
1924
1987
2019
2027
2076
2166
2118
2086
2048
1996
1841
1934
2214
1858
1277
1193
1445
1374
937
532
482
571
314
-53
-358
-232
-492
-809
-881
-1068
-1198
-1090
-980
-1147
-1081
-1095
-1055
-1056
-977
-904
-957
-975
-824
-607
-704
-785
-391
-389
-442
-373
-386
-238
-81
-54
17
134
2
51
153
233
255
192
280
365
274
272
131
37
-132
-309
-361
-485
-799
-1184
-1073
-1250
-1500
-1714
-1981
-1949
-1937
-2068
-2371
-2475
-2388
-2340
-2393
-2350
-2270
-2238
-2193
-2086
-1961
-1827
-1743
-1526
-1451
-1348
-1165
-1151
-945
-663
-593
-262
-167
-99
78
156
154
353
506
558
650
801
950
925
1132
1167
1167
1121
1138
1304
1383
1220
1181
1373
1367
1413
1272
1274
1424
1549
1662
1502
1494
1525
1654
1969
2007
1882
1826
1876
2106
2213
2124
1812
1752
1820
2114
1642
1192
1058
1288
1268
673
351
308
389
69
-151
-172
-313
-345
-380
-553
-866
-1008
-960
-821
-978
-1102
-1257
-1260
-1113
-1011
-1039
-1300
-1165
-1039
-1096
-1191
-1166
-959
-827
-924
-940
-998
-839
-568
-492
-485
-508
-355
-270
-200
39
-82
-94
82
28
79
100
108
95
-15
-38
-193
-328
-216
-369
-816
-1002
-952
-962
-1207
-1464
-1636
-1719
-1731
-1797
-1879
-2033
-1898
-1964
-2062
-1945
-1844
-1841
-1811
-1726
-1645
-1568
-1522
-1469
-1292
-1168
-1135
-982
-774
-625
-495
-374
-261
29
92
180
256
516
620
670
671
788
885
794
862
926
1062
876
847
1021
1041
985
933
897
989
1044
977
1035
1077
1141
1319
1233
1303
1410
1421
1405
1540
1541
1649
1726
1558
1673
1777
1632
1418
1489
1741
1787
1288
939
1040
1075
871
491
367
412
177
-105
-395
-478
-422
-657
-853
-1081
-1143
-1039
-1164
-1295
-1450
-1528
-1548
-1725
-1690
-1688
-1806
-1757
-1797
-1710
-1615
-1627
-1496
-1296
-1148
-1169
-996
-864
-633
-430
-405
-144
173
177
280
431
526
686
685
651
635
591
700
695
697
525
317
163
18
25
-135
-475
-807
-741
-764
-1053
-1159
-1404
-1508
-1505
-1648
-1803
-1805
-1753
-1917
-1950
-1910
-1880
-1788
-1753
-1697
-1657
-1492
-1373
-1226
-952
-912
-786
-639
-365
-185
-104
47
76
332
475
486
627
717
892
792
686
788
789
982
929
729
716
760
686
801
843
798
815
894
993
964
1017
1053
1089
1280
1350
1313
1431
1616
1822
1701
1706
1900
2021
1915
1714
1787
1824
1716
1676
1582
1569
1351
1204
1162
1108
956
451
217
122
-94
-281
-488
-659
-744
-917
-1132
-1380
-1367
-1458
-1553
-1600
-1787
-1836
-1788
-1738
-1702
-1659
-1573
-1671
-1558
-1315
-1170
-1155
-1024
-908
-714
-562
-521
-289
-27
184
229
274
465
588
774
779
802
926
866
798
876
859
670
730
793
720
614
412
170
178
-202
-219
-247
-657
-901
-1068
-1009
-1244
-1370
-1565
-1797
-1855
-1927
-1959
-1858
-1967
-1993
-1852
-1766
-1729
-1618
-1479
-1439
-1302
-1239
-1178
-929
-635
-578
-642
-437
-375
-183
26
192
125
64
309
226
362
239
252
291
214
429
462
454
538
574
625
529
714
777
705
775
775
952
942
962
987
873
1011
1125
985
1094
1371
1398
1208
1225
1374
1565
1730
1713
1507
1447
1712
1719
1490
1287
1436
1461
1160
713
814
949
739
318
-5
-32
-320
-481
-644
-774
-893
-985
-1102
-1156
-1187
-1220
-1148
-1227
-1341
-1339
-1217
-1174
-954
-935
-842
-998
-913
-690
-477
-418
-508
-339
-325
-224
-200
-75
108
85
86
169
286
327
374
458
590
644
629
603
641
684
569
599
469
520
455
171
101
-65
-245
-340
-379
-623
-1001
-1186
-1116
-1093
-1349
-1515
-1740
-1690
-1558
-1636
-1592
-1665
-1739
-1738
-1588
-1560
-1450
-1378
-1335
-1306
-1290
-1205
-1144
-989
-877
-964
-908
-772
-711
-587
-522
-643
-457
-358
-341
-236
-112
66
229
297
247
297
318
454
379
556
674
629
671
650
711
665
806
830
690
715
929
902
924
1094
1197
1243
1258
1450
1544
1541
1569
1599
1831
1904
1700
1669
1898
2016
1716
1361
1493
1642
1301
831
746
923
806
521
330
281
177
108
-93
-48
-236
-359
-395
-455
-570
-682
-584
-656
-743
-798
-755
-754
-727
-594
-698
-826
-914
-700
-692
-859
-793
-648
-443
-527
-513
-377
-278
-165
-284
-23
152
106
148
318
437
472
410
418
644
593
572
594
603
418
369
294
235
285
24
-109
-119
-110
-586
-810
-645
-672
-836
-1157
-1218
-1228
-1230
-1501
-1563
-1525
-1599
-1616
-1706
-1741
-1719
-1778
-1740
-1635
-1591
-1754
-1605
-1451
-1291
-1180
-1246
-1070
-917
-750
-618
-491
-447
-210
-51
-63
60
183
234
267
290
408
578
617
716
729
744
838
686
796
808
825
888
848
977
938
1009
1063
994
1048
1010
957
969
1159
1206
1117
1219
1157
1513
1622
1366
1209
1262
1579
1387
1245
1100
1604
1615
1222
1140
1104
1301
1186
867
770
727
586
441
293
201
51
-92
-188
-333
-484
-675
-707
-851
-967
-1116
-1209
-1256
-1243
-1155
-1287
-1239
-1203
-1096
-1134
-1007
-832
-865
-782
-987
-790
-627
-533
-467
-420
-301
-267
-86
67
260
383
345
404
575
629
658
787
857
870
916
857
815
735
729
648
541
316
23
64
-110
-405
-748
-856
-947
-1056
-1196
-1486
-1507
-1560
-1639
-1673
-1823
-1772
-1737
-1813
-1699
-1653
-1577
-1571
-1462
-1220
-1101
-1011
-896
-732
-690
-473
-270
-195
47
210
272
445
648
721
726
807
843
970
941
924
988
1059
1029
927
917
1041
969
810
771
824
828
700
592
542
591
510
544
532
625
642
704
845
970
1044
1176
1211
1275
1434
1627
1712
1772
1865
1920
2006
2058
1973
1747
1865
2114
1981
1643
1526
1579
1501
1104
732
455
416
155
-173
-362
-433
-545
-649
-927
-1240
-1224
-1264
-1392
-1588
-1747
-1768
-1768
-1735
-1854
-1828
-1713
-1737
-1633
-1539
-1595
-1405
-1253
-1110
-962
-836
-612
-476
-263
-234
-91
-3
108
242
394
492
615
753
790
857
836
889
870
774
818
779
629
471
356
317
80
19
-230
-406
-605
-519
-568
-922
-912
-1000
-1055
-1322
-1309
-1376
-1431
-1502
-1410
-1415
-1505
-1368
-1452
-1290
-1273
-1130
-1044
-870
-792
-811
-656
-556
-414
-319
-20
-55
122
328
251
303
472
582
520
609
568
605
583
707
657
718
808
689
508
532
712
730
544
495
605
680
645
652
721
835
815
869
914
969
1034
1128
1180
1302
1338
1471
1466
1454
1693
1700
1854
1722
1590
1624
1722
1776
1648
1392
1458
1435
1467
1219
825
743
740
616
238
-67
-177
-298
-506
-780
-1003
-1003
-1145
-1405
-1466
-1644
-1676
-1727
-1732
-1903
-1965
-1923
-1890
-1706
-1648
-1581
-1543
-1405
-1261
-1200
-1232
-1132
-890
-603
-637
-569
-435
-291
-231
-100
32
106
146
222
376
460
469
630
586
615
559
440
454
443
270
141
267
161
34
-102
-277
-590
-529
-724
-671
-852
-1105
-1186
-1210
-1187
-1330
-1381
-1471
-1374
-1410
-1394
-1482
-1327
-1348
-1243
-1138
-1149
-1030
-928
-737
-695
-607
-530
-434
-338
-375
-281
-207
-173
-56
3
63
55
159
119
187
160
250
204
226
296
78
186
211
197
152
105
119
137
83
39
-21
140
157
159
231
145
221
301
310
466
504
576
685
764
856
865
1033
1232
1359
1200
1146
1160
1267
1392
1395
1221
1010
1181
1227
1095
781
465
689
676
221
-176
-152
53
-169
-533
-736
-672
-538
-831
-1036
-1099
-1076
-1134
-1297
-1302
-1349
-1423
-1333
-1327
-1250
-1282
-1149
-1101
-1086
-1104
-1241
-1137
-927
-758
-769
-682
-615
-404
-331
-370
-352
-156
-144
-97
-178
-144
-118
-216
-119
-73
-166
-204
-203
-310
-223
-330
-370
-508
-487
-422
-535
-539
-593
-636
-763
-818
-876
-940
-967
-930
-1055
-1037
-919
-928
-1050
-1054
-917
-943
-908
-1085
-954
-915
-942
-857
-903
-906
-876
-876
-797
-793
-710
-564
-566
-501
-476
-463
-325
-411
-329
-228
-286
-273
-211
-176
-205
-87
-178
-56
-52
-141
-142
32
-36
-53
-91
-151
-127
-52
-30
-58
47
176
181
93
377
406
331
501
538
647
629
827
937
1066
1026
1074
1176
984
1002
1482
1636
1174
931
1081
1641
1458
1153
1247
1236
1121
784
737
684
624
439
280
111
-126
-311
-283
-302
-521
-669
-739
-794
-863
-842
-918
-1025
-927
-904
-1143
-1188
-932
-785
-799
-855
-1032
-894
-846
-849
-820
-754
-715
-806
-746
-526
-336
-375
-301
-388
-288
-60
-19
-17
72
55
-50
10
-34
76
146
87
-105
-139
-237
-191
-359
-548
-508
-566
-623
-736
-862
-901
-949
-979
-1143
-1145
-1177
-1247
-1168
-1268
-1067
-1088
-1113
-975
-923
-918
-856
-863
-833
-797
-843
-772
-658
-581
-672
-590
-499
-355
-268
-170
-137
-256
-133
-158
53
73
55
81
125
215
245
193
116
159
113
104
129
59
65
52
-107
-150
-107
-16
-97
-140
-60
-68
-18
186
208
205
384
393
482
706
657
717
764
939
987
1005
1034
1012
1161
1109
969
1077
1191
1024
749
686
825
839
563
279
157
187
87
27
-202
-222
-149
-498
-557
-608
-613
-677
-765
-965
-946
-946
-1109
-1177
-1103
-1114
-1148
-1199
-1186
-1027
-1006
-822
-741
-696
-723
-744
-581
-307
-207
-145
-121
-74
-90
-121
-11
38
-20
-76
-147
-135
77
59
-45
-61
-104
-273
-257
-306
-330
-332
-287
-311
-266
-278
-417
-394
-241
-324
-497
-557
-486
-420
-419
-444
-458
-473
-447
-508
-507
-363
-333
-454
-478
-359
-330
-265
-144
-66
-62
-49
-45
77
77
53
117
138
213
288
223
255
173
305
279
176
278
264
224
346
321
498
407
331
492
547
617
508
513
573
703
720
741
782
742
885
778
812
770
684
732
779
717
636
687
686
529
492
651
409
397
491
451
461
324
246
241
208
109
-3
105
107
-162
-150
-56
-68
-5
-191
-279
-213
-245
-263
-398
-394
-314
-436
-417
-426
-343
-514
-353
-312
-277
-323
-413
-324
-360
-117
-241
-193
-238
-252
-184
-291
-210
-322
-248
-186
-120
-59
-41
-98
-149
-165
-222
-155
18
193
83
66
244
172
111
239
269
355
252
247
227
180
226
115
196
159
49
16
58
42
-78
13
135
85
-26
-129
-10
49
44
-17
-63
-83
-58
-183
-249
-200
-149
-133
-205
-127
-50
60
66
102
85
280
340
306
484
510
532
622
710
844
941
959
978
1089
1150
1248
1325
1448
1537
1502
1437
1256
1296
1556
1575
1318
1138
1165
1284
1156
917
692
699
681
585
231
-3
161
78
-47
-205
-330
-292
-589
-736
-772
-738
-673
-837
-944
-910
-746
-863
-761
-682
-687
-672
-629
-460
-426
-436
-426
-251
-128
-53
56
-1
156
294
189
129
298
329
373
470
282
370
497
506
444
546
581
416
402
353
327
237
264
185
205
235
209
211
164
262
231
164
148
153
209
146
84
165
84
55
95
-5
14
-16
33
261
248
418
471
353
335
412
433
361
284
240
218
272
335
198
142
93
-36
-144
-203
-102
-228
-220
-208
-391
-235
-301
-258
-409
-422
-340
-257
-307
-240
-164
-139
-111
-133
-136
-162
-17
-18
10
50
93
56
66
195
163
198
194
220
313
324
307
435
466
395
452
469
572
489
467
589
557
497
537
484
578
571
563
487
432
368
303
407
362
407
336
440
377
424
365
335
442
438
390
260
247
359
305
415
348
312
401
403
500
500
422
485
485
521
543
511
536
401
422
423
397
371
357
300
305
390
278
228
267
92
-7
106
112
26
7
-50
-81
-30
21
-104
114
92
-1
6
-173
-46
-145
-163
-181
-105
-94
-63
136
2
154
137
56
131
134
167
73
92
56
121
127
81
187
224
186
213
259
262
196
120
163
61
224
189
177
228
246
250
157
247
122
106
167
74
125
145
171
344
364
500
478
375
397
540
643
621
628
683
861
805
756
944
1001
1080
1024
1019
976
1004
1119
1026
1001
761
798
967
838
592
404
559
524
245
172
54
69
-26
-103
-87
-120
-177
-284
-361
-322
-351
-357
-362
-413
-361
-372
-474
-382
-236
-349
-281
-255
-114
-38
-100
-120
-215
-40
88
109
255
311
339
318
376
345
297
318
240
212
153
38
54
-6
38
14
-102
-187
-212
-195
-199
-289
-348
-382
-460
-479
-488
-479
-501
-509
-566
-522
-648
-735
-672
-595
-512
-604
-662
-560
-407
-337
-459
-521
-409
-428
-297
-230
-366
-340
-121
-22
-50
-213
-114
-44
-57
-196
-209
-318
-185
-106
-358
-376
-401
-325
-368
-363
-385
-477
-446
-334
-425
-471
-487
-547
-476
-364
-396
-322
-287
-215
-142
-23
-16
34
128
105
137
257
339
328
277
343
424
417
564
453
556
612
651
608
635
709
872
891
701
759
745
770
785
678
630
712
656
687
573
569
613
514
518
341
411
333
231
241
170
206
265
131
1
-72
138
37
-69
-47
66
147
-23
-134
-124
-28
15
-73
-127
-42
-123
-157
-142
-160
-139
-89
-82
-87
-39
-71
-24
83
127
160
194
74
153
277
261
306
266
442
297
144
196
239
169
271
269
186
102
173
186
223
187
99
149
169
95
173
170
37
71
79
9
-91
-76
-272
-319
-253
-259
-262
-160
-223
-203
-96
-213
-226
-289
-223
-344
-433
-279
-271
-246
-259
-235
-239
-194
-119
-193
-96
-103
-82
23
-41
-79
-2
13
45
-41
-28
104
124
123
182
157
389
411
345
521
611
693
788
786
774
813
919
954
1004
1008
1013
1157
932
930
971
933
922
775
685
751
806
672
459
330
467
436
217
203
292
127
73
36
-161
-152
-76
-258
-290
-335
-500
-371
-391
-502
-447
-489
-405
-484
-380
-208
-310
-208
-97
73
10
97
175
215
202
232
268
260
339
305
377
243
256
270
314
279
266
217
3
119
154
90
-11
-25
40
-11
-45
-80
-76
-7
-50
14
104
85
20
-132
-307
-262
-86
-128
-117
-181
-117
-73
-108
-35
-90
-19
-62
-139
-74
-108
31
-11
-14
77
61
106
110
179
187
131
3
128
82
42
23
-85
-107
-153
-201
-109
-84
44
-40
-124
-72
8
62
9
81
101
229
180
182
193
263
293
369
266
261
155
256
201
187
265
147
260
242
187
112
189
84
85
59
-26
62
31
-19
-92
-153
-163
-159
-302
-283
-288
-357
-378
-339
-368
-274
-305
-331
-300
-363
-358
-242
-188
-273
-59
-56
-211
-174
-29
-73
45
76
129
196
57
43
85
222
184
74
0
86
46
12
93
-16
-19
-124
-125
-150
-203
-235
-186
-133
-208
-225
-242
-203
-266
-181
-99
-157
-91
-187
-138
-83
-108
-31
-68
-153
-84
13
-7
96
74
52
59
69
35
105
125
177
303
279
254
356
302
247
251
311
328
176
203
190
137
126
65
107
85
43
31
-1
75
86
36
5
-18
93
-4
-35
78
61
93
-15
60
161
200
232
120
181
120
77
12
51
108
92
113
-7
-34
72
75
-14
65
149
171
220
150
102
184
232
159
109
210
182
146
183
249
280
106
151
-39
-115
-6
-113
-48
51
-10
-73
-231
-165
-170
-108
-60
60
-15
-101
-47
-46
48
-50
-65
-137
-131
-63
-114
-133
-105
-165
-43
-23
-15
32
100
164
152
221
201
282
224
275
440
361
301
298
299
237
308
213
212
189
106
51
40
-39
-113
-173
-216
-300
-346
-252
-430
-352
-382
-358
-352
-284
-359
-341
-372
-396
-278
-375
-339
-315
-275
-344
-325
-230
-285
-240
-165
-236
-292
-303
-224
-133
-173
-131
-113
-146
-118
