102
83
255
141
-67
-11
-196
-99
-36
-69
-164
-103
-103
-96
29
-109
-43
-63
58
116
108
-113
-78
6
30
-8
-85
-112
-82
-69
-69
-65
-121
-125
-11
-88
-164
44
33
1
-56
-14
76
-110
-107
-107
-43
-23
-104
-23
-29
-29
22
122
144
85
81
190
90
229
51
-43
72
72
-79
-212
175
247
103
-51
-105
-107
65
229
26
-17
8
-246
245
184
153
59
-6
246
365
193
-8
277
78
64
70
103
85
40
85
54
10
57
33
-14
-39
58
157
52
91
121
63
9
42
153
82
28
-6
21
3
97
84
171
96
77
52
22
177
152
217
23
107
74
212
147
37
28
23
115
138
144
-21
-106
32
32
-80
-24
-74
-148
10
-2
-171
-40
35
-43
-91
-188
-243
-337
-211
-104
-263
-228
-166
-215
-209
-159
-158
-144
-141
-243
-191
-308
-356
-247
-452
-445
-509
-420
-641
-351
-318
-380
-388
-324
-242
-190
24
-164
-104
-178
-245
-135
-184
-176
-215
-117
-94
-450
-307
-219
-399
-506
-417
-149
-123
-223
-265
-145
-227
-283
-85
87
-113
-51
37
-85
-80
126
-8
39
49
5
182
-47
80
-226
157
210
-179
-155
7
30
-25
291
-17
81
171
-197
65
370
-69
128
211
-99
-254
-271
108
118
16
8
-40
217
238
209
357
275
234
191
275
204
214
209
229
239
125
125
154
202
206
212
167
162
150
43
162
248
254
226
301
307
509
483
519
457
277
398
579
575
322
240
177
283
104
232
270
260
330
341
394
311
289
416
370
297
257
85
-136
-784
-926
-625
-314
-11
-49
85
128
-53
-68
-265
-584
-808
-994
-842
-720
-845
-714
-423
-179
-88
-332
-858
-1129
-1031
-895
-754
-792
-980
-944
-781
-689
-728
-832
-845
-740
-671
-928
-224
359
-269
-41
53
-412
175
-300
-576
243
-468
7
309
-165
-280
-139
4
-781
-411
-575
-1046
-713
-557
-173
26
364
224
-278
-786
-882
-717
-734
-476
-423
-303
18
32
-261
-383
-399
-608
-634
-930
-547
-147
53
742
368
-48
52
-322
-204
-298
-362
-130
-306
337
822
736
156
321
-284
-547
-99
-366
-359
607
690
232
458
143
388
355
-159
-343
-213
244
227
369
654
-114
-30
601
58
-289
-243
23
135
177
555
734
471
541
468
-387
-64
212
-133
173
447
331
610
598
646
307
125
409
411
507
141
518
840
473
488
502
461
744
462
154
0
208
552
294
64
479
855
235
674
540
178
577
-18
50
55
164
132
252
785
660
742
340
69
526
476
56
53
107
538
318
-6
269
209
-60
227
47
-131
13
-29
310
200
72
73
402
461
-15
90
331
502
629
563
422
-107
-270
-151
131
301
278
606
634
683
326
-22
270
-17
-91
417
178
486
760
517
688
442
446
534
298
-80
313
478
384
491
798
605
884
1058
138
568
257
-92
353
649
727
998
354
245
774
377
576
534
13
229
-304
-227
301
-76
570
639
735
699
390
551
224
155
228
200
372
559
664
669
336
418
640
275
230
137
376
260
164
401
385
473
562
448
291
431
427
493
637
837
776
276
273
541
598
625
531
910
947
586
544
663
557
449
465
610
863
775
856
757
525
647
504
340
501
572
550
763
362
325
576
514
753
462
387
323
67
541
584
503
797
663
688
687
515
506
237
247
335
462
764
492
317
186
299
523
488
387
153
202
625
558
423
349
97
486
580
531
678
449
501
301
250
206
232
452
351
333
284
257
271
116
19
-52
-50
-70
-199
-264
-263
-11
59
170
17
-285
-156
-126
-133
-366
-31
48
130
-17
-12
-153
-293
-120
-167
-24
-183
-7
-133
-368
-410
6
22
186
70
-323
56
-35
78
58
24
231
-63
179
58
113
361
84
121
549
407
256
259
129
-57
48
368
129
340
666
693
569
660
587
532
757
680
386
376
559
493
667
741
1012
1085
1024
980
814
778
825
736
799
886
1003
1221
856
1139
1285
1156
1258
1093
958
980
904
1001
1070
903
1263
1286
1259
1207
1154
1028
969
895
792
722
704
699
530
582
302
128
-71
-274
-361
-333
-415
-531
-809
-627
-783
-1075
-909
-1244
-1489
-1594
-1683
-1743
-1845
-1675
-1688
-1865
-1876
-1809
-1618
-1893
-1696
-1378
-1188
-1309
-1082
-929
-1053
-1014
-852
-795
-752
-523
-456
-411
-404
-526
-659
-582
-605
-761
-499
-298
-97
-181
-172
-134
-110
130
287
-12
-122
-48
71
87
375
600
739
536
427
758
476
442
644
516
495
1034
712
542
822
944
953
998
1334
979
683
1146
750
1181
1354
1430
1897
1680
1965
1776
1772
2124
2236
2208
2043
2462
2681
2827
2906
2982
3052
2904
2487
2007
1809
1741
1532
1031
1036
982
854
525
111
-44
-340
-847
-1127
-1434
-1753
-1907
-2065
-2143
-2347
-2245
-2115
-2028
-1957
-1826
-1816
-1827
-1797
-1614
-1661
-1801
-1623
-1329
-1136
-1065
-832
-611
-450
-499
-596
-664
-621
-653
-651
-562
-350
-390
-601
-624
-675
-723
-857
-876
-914
-1068
-1075
-1047
-1006
-837
-734
-639
-518
-352
-489
-623
-639
-800
-786
-649
-647
-311
-87
-44
76
-16
-27
-160
-28
-252
-340
-93
-95
132
380
705
792
904
745
532
609
645
648
698
837
939
1085
1361
1329
1344
1194
1179
1340
1240
1464
1641
1825
1879
1916
2129
2344
2407
2588
2613
2616
2494
2285
1886
1660
1699
1362
1091
695
524
367
190
87
-99
-362
-1044
-1076
-1633
-1986
-2017
-2258
-2501
-2665
-2674
-2746
-2612
-2726
-2475
-2506
-2352
-2419
-2228
-2217
-2099
-1991
-2042
-1797
-1730
-1421
-1303
-1399
-1329
-1266
-1154
-1096
-1079
-1127
-1240
-1187
-1268
-1434
-1347
-1278
-1233
-1396
-1239
-1278
-1437
-1276
-1159
-1173
-1202
-1166
-1212
-1024
-978
-801
-547
-528
-508
-448
-344
-360
-318
-227
32
248
35
57
387
577
435
328
335
336
483
510
552
437
710
730
825
1064
936
974
896
936
978
1041
1244
1238
1305
1328
1320
1318
1278
1447
1526
1748
1762
1904
1915
2054
2211
2251
2488
2639
2732
2702
2865
2786
2344
1812
1654
1254
1119
651
547
276
-84
-173
-314
-298
-701
-751
-1067
-1547
-2141
-2332
-2473
-2804
-2982
-2949
-2972
-2874
-2928
-2842
-2644
-2794
-2687
-2686
-2496
-2445
-2465
-2465
-2212
-2181
-1881
-1628
-1140
-1143
-1219
-927
-1069
-922
-1004
-1084
-1129
-1232
-1200
-1126
-1153
-1136
-1336
-1214
-1150
-914
-1261
-936
-1024
-1589
-811
-748
-435
-696
-590
-359
-465
-303
-238
-59
149
96
137
94
382
297
87
425
446
508
757
700
854
1010
945
1010
1044
1130
1046
1087
1215
1042
1219
1222
1040
1301
1477
1598
1698
1833
1912
1986
1910
1931
1959
2084
2096
2117
2306
2610
2888
2855
2982
3274
3673
3582
3435
3279
3084
2529
1973
1998
1711
1325
1058
829
753
478
158
135
-105
-649
-1019
-1427
-1825
-2164
-2353
-2608
-2946
-2977
-2903
-2786
-2672
-2527
-2288
-2264
-2352
-2154
-2043
-2101
-2088
-2023
-1885
-1889
-1621
-1503
-1426
-1276
-1021
-953
-1005
-884
-985
-1012
-1099
-1161
-1249
-1297
-1212
-1218
-1141
-1151
-997
-932
-960
-885
-956
-896
-959
-880
-816
-693
-800
-679
-538
-561
-426
-320
-41
181
325
229
255
385
336
215
97
268
222
513
609
533
759
872
1000
1160
1055
1026
868
826
909
1105
1141
1071
1387
1498
1707
1587
1494
1790
1737
1537
1488
1540
1926
1845
2204
2028
2195
2530
2813
2815
2872
2933
2793
2673
2416
1908
1737
1392
790
744
640
419
108
5
-220
-425
-600
-840
-1258
-1538
-1818
-2120
-2514
-2720
-2891
-2952
-3001
-3038
-2897
-2760
-2555
-2399
-2226
-2089
-1959
-1979
-1975
-2033
-1990
-1993
-1983
-1685
-1589
-1216
-1228
-1059
-918
-896
-736
-970
-1063
-1210
-1143
-1152
-1296
-1334
-1427
-1286
-1137
-1104
-911
-816
-788
-597
-650
-695
-493
-440
-430
-491
-572
-526
-511
-252
-45
80
181
228
395
310
319
268
514
425
514
618
614
709
266
492
625
523
500
561
560
673
609
629
820
1146
959
976
1187
1226
1298
1323
1468
1468
1531
1614
1653
1750
1871
1867
2286
2334
2261
2516
2726
2896
2833
2485
2160
1863
1701
1509
1079
775
623
449
213
-158
-346
-366
-634
-870
-1241
-1438
-1701
-2229
-2603
-2845
-2867
-3022
-2989
-3122
-2935
-2867
-2761
-2440
-2065
-2337
-2049
-1718
-2174
-1949
-2181
-1592
-1495
-1470
-1310
-1245
-1023
-1138
-658
-589
-585
-388
-459
-488
-502
-599
-646
-789
-864
-874
-765
-638
-676
-587
-564
-499
-418
-265
-323
-381
-335
-346
-275
-247
-136
32
40
280
333
383
578
398
491
462
323
534
778
995
780
630
842
967
820
895
1032
976
802
898
849
975
1155
1254
1396
1416
1611
1730
1740
1626
1687
1735
1736
1845
1912
1997
2287
2423
2478
2739
3018
3159
3381
3336
3105
2894
2419
2136
1784
1438
945
551
239
-98
-254
-527
-690
-840
-1135
-1528
-1656
-1955
-2285
-2650
-2962
-3053
-3332
-3480
-3377
-3236
-3212
-3001
-2973
-2723
-2473
-2217
-2141
-2114
-1900
-1955
-1746
-1853
-1765
-1570
-1540
-1307
-1211
-906
-860
-663
-584
-583
-615
-691
-717
-870
-951
-934
-903
-863
-868
-1040
-786
-805
-626
-561
-340
-478
-339
-515
-733
-455
-504
-160
-44
211
262
240
-40
129
260
-151
455
729
884
759
870
843
684
1205
980
956
994
1090
1065
901
1108
1194
1146
1260
1332
1395
1569
1567
1678
1731
1679
1636
1603
1725
1859
1962
2045
2219
2510
2691
2816
3010
2998
3122
3107
2815
2581
2279
2085
1861
1191
672
529
447
61
-408
-431
-516
-708
-1089
-1335
-1558
-1882
-2135
-2460
-2710
-2948
-2963
-3114
-3195
-3042
-2994
-2841
-2662
-2485
-2152
-2045
-2020
-1921
-1952
-1808
-1812
-2009
-1986
-1935
-1862
-1778
-1605
-1342
-1111
-1000
-915
-877
-800
-940
-1024
-1054
-1124
-1244
-1450
-1137
-1273
-1236
-1159
-1237
-1059
-967
-1047
-934
-462
-314
-157
-283
-283
-410
-380
-307
-352
-338
-399
-65
71
87
43
155
291
192
199
326
327
203
416
300
440
463
579
673
716
975
1005
1184
1351
1294
1395
1442
1476
1674
1569
1753
1774
1673
1945
2395
2100
2369
2535
2572
3061
2785
3529
3312
3583
3271
2427
2734
2454
2062
1254
802
882
531
-79
30
20
-401
-751
-875
-873
-1110
-1341
-1763
-2039
-2426
-2686
-2746
-2898
-2927
-2824
-2589
-2538
-2451
-2083
-1844
-1833
-1752
-1625
-1489
-1539
-1598
-1421
-1412
-1395
-1201
-1121
-947
-620
-451
-529
-350
-358
-446
-475
-285
-231
-551
-741
-625
-622
-819
-848
-695
-477
-386
-201
-98
-34
105
169
187
104
30
-162
-67
-16
128
280
189
388
460
678
702
673
621
587
773
732
692
782
995
1056
983
944
841
997
930
861
981
1144
1192
1226
1419
1419
1530
1543
1718
1734
1743
1909
2072
2237
2438
2446
2616
2867
3131
3152
2842
2812
2839
2739
2374
1916
1337
1014
546
74
-308
-517
-447
-791
-1011
-1239
-1234
-1556
-1860
-1942
-2323
-2561
-2736
-2913
-3130
-3186
-3196
-3105
-3088
-2795
-2604
-2489
-2096
-1860
-1674
-1904
-1896
-1727
-1505
-1597
-1638
-1471
-1619
-1446
-1551
-1395
-1071
-933
-929
-812
-993
-916
-832
-887
-693
-892
-1141
-1223
-1263
-1340
-1251
-1023
-903
-1050
-693
-444
-478
-296
-306
-429
-415
-260
-279
-271
-229
-157
2
191
317
381
436
443
656
770
786
952
809
856
833
950
895
817
818
812
840
779
973
1150
1030
1146
1173
1242
1545
1497
1608
1526
1660
1731
1838
1950
2116
2396
2579
2840
2945
2987
3057
2914
2687
2433
2247
1852
1408
1090
609
518
35
-260
-333
-522
-756
-979
-1085
-1392
-1676
-1933
-2214
-2463
-2699
-2950
-3335
-3378
-3417
-3418
-3330
-3239
-2861
-2650
-2530
-2663
-2258
-2292
-2428
-2135
-2060
-1901
-1928
-1975
-1866
-1725
-1734
-1459
-1484
-1266
-1233
-1049
-1079
-1198
-1180
-1247
-1236
-1741
-1464
-1408
-1357
-1389
-1308
-869
-872
-810
-651
-320
-329
-148
-18
-79
-28
86
-30
112
178
93
271
438
679
517
611
826
739
950
745
701
1015
1094
726
932
840
852
1183
962
1667
1217
1235
1435
1171
1538
1455
1642
1229
1622
1792
2017
2041
1984
2547
2734
2674
2955
3117
3216
3419
3322
3147
2982
2942
2644
2127
1752
1435
1036
664
302
31
0
-150
-399
-635
-753
-982
-1213
-1428
-1649
-1999
-2248
-2660
-2754
-2663
-2672
-2662
-2938
-2618
-2305
-2142
-2127
-2003
-1719
-1640
-1603
-1699
-1495
-1446
-1288
-1319
-1185
-953
-1008
-882
-825
-717
-747
-682
-696
-618
-622
-676
-775
-848
-982
-970
-1004
-987
-865
-695
-537
-433
-386
-434
-355
-394
-376
-451
-340
-62
-105
22
101
130
358
518
565
361
569
795
921
1138
1265
1305
1323
1363
1244
1369
1322
1402
1386
1488
1429
1440
1529
1457
1630
1735
1727
1661
1626
1785
1788
1712
1937
2076
2203
2321
2647
2902
2959
3250
3391
3145
3069
2906
2639
2263
1940
1526
1062
735
561
362
-224
-387
-293
-545
-824
-1009
-1214
-1595
-1806
-1978
-2397
-2506
-2629
-3114
-3096
-3003
-2715
-2681
-2602
-2177
-1936
-1860
-1482
-1468
-1344
-1134
-1389
-1232
-1185
-1328
-1279
-1162
-1159
-1006
-914
-821
-794
-596
-649
-687
-774
-787
-815
-959
-1021
-994
-851
-837
-865
-843
-762
-676
-375
-289
-178
-141
-81
-185
-184
-49
151
260
104
219
292
410
519
628
679
720
882
903
1067
1171
1109
1212
1316
1267
1124
997
1149
1127
1282
1428
1317
1419
1387
1453
1598
1422
1335
1332
1414
1495
1499
1581
1781
1996
2183
2340
2407
2564
2848
2834
2764
2467
2239
2038
1619
1455
948
638
128
-98
-302
-449
-345
-507
-909
-899
-1080
-1280
-1614
-1968
-2157
-2511
-2720
-2970
-3051
-3149
-3121
-3054
-2866
-2554
-2578
-2265
-1883
-1789
-1727
-1779
-1787
-1758
-1671
-1490
-1505
-1416
-1362
-1098
-859
-789
-543
-656
-372
-399
-564
-436
-559
-869
-806
-847
-1031
-931
-976
-695
-422
-550
-649
-66
-94
-97
3
-120
344
-69
202
132
182
140
618
609
480
822
843
1094
979
1475
1392
1494
1712
1698
1605
1611
1608
1674
1643
1715
1943
1884
1984
2155
2120
1955
1858
1903
1794
1768
1717
1869
2139
2156
2393
2493
2804
2964
3277
3573
3789
3716
3403
3431
3371
3101
2514
2160
1818
1366
1016
590
571
403
143
-22
-364
-509
-792
-1016
-1399
-1777
-2148
-2332
-2605
-2718
-2674
-2655
-2691
-2583
-2431
-2292
-2037
-1784
-1594
-1517
-1492
-1539
-1401
-1422
-1372
-1458
-1292
-1251
-1263
-1167
-1195
-869
-746
-759
-616
-647
-682
-783
-827
-999
-1234
-1247
-1281
-1220
-1082
-911
-849
-738
-668
-390
-388
-359
-312
-400
-411
-356
-173
-41
61
208
260
294
397
439
728
924
991
1123
1137
1081
1226
1281
1424
1342
1418
1508
1534
1661
1588
1749
1791
1770
1745
1626
1815
1860
2002
1897
1820
1882
1952
2157
2105
2308
2379
2472
2610
2908
3171
3359
3187
2835
2628
2334
2360
1605
1163
1068
567
450
292
-323
-413
-309
-803
-915
-1094
-1511
-1812
-2051
-2482
-2857
-2923
-3051
-3017
-3096
-3057
-2795
-2544
-2330
-2068
-1885
-1655
-1575
-1417
-1275
-1326
-1392
-1322
-1328
-1436
-1318
-1165
-958
-799
-664
-547
-645
-639
-496
-646
-786
-974
-1052
-1009
-1214
-1175
-1104
-909
-1059
-836
-808
-812
-514
-507
-357
-464
-491
-309
-21
141
197
394
345
378
320
380
368
351
582
890
965
1076
1382
1542
1491
1405
1309
1442
1437
1511
1521
1539
1722
1680
1675
1698
1618
1538
1564
1452
1482
1453
1658
1827
1949
1936
2273
2502
2641
2969
2955
3016
2896
2528
2335
2061
1642
1256
612
389
195
-341
-551
-606
-676
-871
-1231
-1369
-1626
-1871
-2003
-2460
-2784
-3159
-3294
-3356
-3379
-3252
-3349
-3073
-2772
-2578
-2285
-1836
-1646
-1658
-1183
-1372
-1410
-1324
-1055
-1163
-945
-881
-745
-292
-334
-548
-489
-459
-457
44
-386
-628
-719
-1080
-1037
-1103
-1131
-1109
-1169
-830
-753
-694
-475
-447
-412
-443
-326
-363
-375
-283
-231
-88
-120
133
318
541
767
780
884
930
1107
1259
1387
1484
1556
1640
1815
1977
2063
2181
2422
2489
2359
2267
2523
2819
2648
2442
2315
2411
2220
2109
2145
2299
2468
2525
2649
3028
3203
3358
3801
3754
3707
3353
2904
2736
2387
1988
1397
875
704
525
266
-43
-75
-233
-581
-840
-1034
-1254
-1671
-2158
-2479
-2727
-3039
-3301
-3582
-3436
-3366
-3340
-3073
-2806
-2555
-2400
-2139
-1910
-1641
-1639
-1680
-1699
-1382
-1227
-1271
-1151
-952
-687
-632
-662
-516
-491
-494
-479
-446
-340
-423
-671
-873
-825
-925
-888
-926
-1025
-929
-648
-520
-498
-443
-468
-471
-387
-441
-440
-321
-444
-237
2
120
170
403
581
512
665
545
729
950
968
1187
1187
1417
1526
1637
1745
1864
2068
2005
2045
2254
2279
2129
2083
2068
2176
2338
2421
2308
2270
2488
2576
2697
2583
2609
2751
2851
3027
3267
3177
2896
2616
2454
2104
1770
1267
808
542
127
-210
-331
-387
-745
-1014
-1273
-1422
-1667
-1924
-2151
-2424
-2727
-3099
-3259
-3470
-3442
-3290
-3396
-3314
-3095
-2607
-2359
-2325
-2184
-1887
-1621
-1516
-1487
-1487
-1389
-1449
-1343
-1186
-982
-1030
-878
-556
-558
-519
-505
-580
-699
-871
-862
-890
-941
-986
-1195
-1174
-1392
-1450
-1410
-1439
-1244
-1062
-853
-769
-883
-725
-644
-622
-500
-542
-336
-481
-369
-276
-127
-60
38
541
576
595
1035
1002
1009
1284
982
1408
1319
1637
1819
1949
2174
2171
2333
2305
2476
2303
2347
2250
2266
1779
2252
2226
2105
2620
2712
2739
3125
3390
3382
3582
3135
2597
2716
2391
1874
1483
961
704
343
-129
-280
-261
-523
-643
-1145
-1278
-1399
-1801
-2033
-2394
-2766
-3037
-3414
-3465
-3446
-3286
-3034
-3299
-3075
-2748
-2252
-2264
-1999
-1710
-1747
-1542
-1585
-1421
-1241
-1091
-1049
-1003
-734
-481
-369
-304
-121
-20
-45
-152
-195
-393
-463
-571
-765
-634
-612
-668
-668
-545
-587
-511
-540
-350
-515
-453
-410
-349
-147
-69
-4
-5
157
279
299
429
652
1072
1329
1110
1196
1423
1634
1552
1640
1843
1865
2027
2062
2101
2327
2452
2488
2691
2782
2773
2722
2632
2647
2837
2779
2737
2723
2825
2886
3005
3142
3269
3655
3881
4013
3894
3617
3285
3079
2761
2285
1746
1269
967
332
-127
-394
-546
-672
-1078
-1260
-1446
-1449
-1994
-2492
-2840
-3061
-3298
-3544
-3671
-3728
-3687
-3575
-3337
-3364
-2962
-2704
-2476
-2233
-1869
-1743
-1778
-1721
-1750
-1582
-1525
-1550
-1382
-1261
-1126
-1014
-835
-725
-676
-773
-873
-781
-768
-935
-1106
-1005
-1025
-1002
-1043
-987
-1021
-803
-738
-794
-691
-658
-564
-627
-515
-446
-334
-303
-215
-245
-364
-309
-100
286
430
631
716
830
1266
1155
1227
1429
1352
1470
1657
1538
1672
1720
1718
1765
2165
2412
2374
2541
2533
2376
2444
2564
2458
2489
2570
2737
2943
3137
3382
3510
3679
3751
3488
3227
3016
2709
2355
1691
1306
918
379
-1
-364
-547
-641
-1118
-1276
-1313
-1509
-1823
-2401
-2581
-2723
-3164
-3592
-3656
-3758
-3658
-3626
-3558
-3409
-2937
-2667
-2662
-2273
-2060
-1697
-1624
-1844
-1816
-1617
-1537
-1622
-1671
-1205
-939
-1233
-1215
-1146
-837
-1102
-895
-1040
-1167
-1146
-1338
-1394
-1460
-1504
-1482
-1470
-1459
-1402
-1433
-1435
-1337
-1184
-1307
-1344
-1299
-1082
-1237
-1159
-976
-935
-645
-382
-246
-9
129
193
487
492
858
773
935
1051
1041
843
1169
1201
1120
1680
1708
1994
2021
1958
2353
2515
2214
2270
2309
2263
2352
2477
2591
2814
2959
3091
3281
3602
3814
3698
3700
3365
3059
2752
2383
1954
1214
962
388
120
-278
-419
-480
-862
-1008
-1186
-1511
-1804
-2233
-2510
-2827
-3052
-3216
-3411
-3592
-3595
-3568
-3253
-2979
-2748
-2565
-2260
-2063
-1898
-1666
-1683
-1621
-1582
-1332
-1405
-1333
-1257
-1056
-1098
-943
-782
-611
-559
-674
-604
-655
-655
-924
-1101
-1125
-928
-1045
-965
-988
-713
-687
-730
-520
-518
-219
-528
-652
-458
-492
-516
-577
-480
-259
-148
-94
184
347
708
983
1097
1313
1405
1561
1644
1581
1649
1711
1647
1854
1987
2197
2313
2479
2525
2635
2815
2799
2738
2824
2711
2529
2505
2472
2458
2566
2644
2661
3055
3303
3375
3626
3506
3323
3066
3017
2548
2047
1314
1073
872
422
-74
-237
-210
-522
-747
-1011
-1157
-1510
-1806
-2350
-2481
-2797
-3061
-3256
-3493
-3382
-3296
-3361
-3261
-2883
-2707
-2440
-2324
-2319
-1876
-1834
-1875
-1760
-1726
-1685
-1687
-1566
-1471
-1220
-1101
-1049
-939
-785
-784
-822
-868
-802
-770
-1313
-1256
-1237
-1179
-1035
-1314
-1078
-799
-829
-1009
-689
-700
-684
-578
-635
-509
-664
-634
-702
-681
-458
-472
-128
3
34
269
560
588
837
993
1129
1258
1229
1316
1491
1545
1652
1867
1978
2000
2154
2365
2356
2348
2374
2306
2358
2467
2495
2560
2632
2624
2733
2815
2878
3174
3331
3548
3357
3300
3195
2938
2647
1921
1615
1289
892
348
-119
-217
-231
-466
-839
-1227
-1390
-1507
-1941
-2250
-2649
-2762
-2979
-3251
-3375
-3548
-3411
-3392
-3425
-3160
-2762
-2670
-2675
-2529
-2228
-1929
-1990
-1952
-1866
-1628
-1753
-1617
-1623
-1420
-1419
-1238
-1148
-1195
-872
-1417
-1346
-1131
-1036
-1662
-1535
-1602
-1787
-1493
-1449
-1460
-1254
-880
-881
-950
-1179
-679
-886
-848
-609
-789
-552
-625
-654
-466
-456
-699
-566
-300
-57
132
216
52
320
958
803
1056
1014
1187
1271
1509
1668
1857
2093
2088
2234
2132
2451
2544
2389
2496
2427
2457
2533
2513
2607
2515
2676
2782
3066
3099
3549
3614
3167
3484
3088
2714
2791
2223
1695
1150
1003
553
145
-315
-306
-548
-784
-1008
-1138
-1170
-1688
-1798
-2088
-2310
-2768
-2917
-3111
-3288
-3169
-3028
-2912
-2818
-2468
-2096
-1976
-1950
-1568
-1320
-1435
-1428
-1292
-1234
-1183
-1396
-1116
-813
-834
-799
-777
-661
-689
-579
-556
-689
-1014
-984
-1053
-1367
-1380
-1279
-1133
-1137
-1088
-873
-737
-644
-546
-402
-586
-709
-838
-791
-598
-720
-524
-392
-314
-196
-64
197
324
322
214
443
650
716
758
715
893
1076
1408
1463
1552
1666
1789
1924
1964
2142
2145
2067
2117
2146
2134
2240
2264
2314
2383
2613
2787
2915
2978
3103
3345
3604
3568
3393
3060
2649
2630
2251
1636
1128
807
422
-9
-342
-361
-381
-688
-1099
-1148
-1348
-1656
-1964
-2363
-2562
-2801
-3103
-3221
-3324
-3185
-3107
-2952
-2894
-2621
-2227
-2040
-1910
-1665
-1513
-1574
-1670
-1725
-1225
-1428
-1332
-1461
-1230
-905
-994
-854
-691
-550
-425
-650
-1025
-815
-704
-1190
-1278
-1077
-1151
-1142
-1097
-1106
-1073
-993
-636
-458
-423
-299
-285
-409
-355
-417
-515
-380
-257
-242
-81
-65
78
239
421
655
640
799
890
957
961
972
1016
1246
1435
1481
1703
1889
2121
2340
2381
2323
2273
2397
2400
2245
2202
2265
2276
2294
2360
2593
2686
2744
2866
3113
3343
3417
3512
3242
2905
2540
2427
1965
1340
904
508
313
-122
-400
-385
-387
-932
-1416
-1402
-1518
-1944
-2349
-2593
-2890
-3026
-3121
-3345
-3479
-3419
-3455
-3277
-3135
-3027
-2573
-2413
-2456
-2286
-1940
-2048
-2076
-2209
-2040
-1675
-1602
-1625
-1334
-1187
-1309
-1209
-1244
-1196
-1073
-1223
-1116
-1218
-1408
-1534
-1639
-1608
-1407
-1358
-1419
-1312
-993
-846
-1152
-1100
-762
-832
-696
-796
-700
-468
-430
-394
-239
-162
-85
50
-5
294
358
614
704
759
740
567
849
994
1056
1272
1359
1404
1750
1996
1947
1799
2138
2048
2101
2369
2185
2285
2181
2048
2270
2032
2156
2493
2616
2672
2512
2807
3073
3029
3174
3356
3086
2799
2462
2384
2040
1545
1135
929
556
82
-101
-253
-230
-643
-1063
-1178
-1232
-1531
-1865
-2066
-2250
-2452
-2580
-2720
-2773
-2720
-2524
-2590
-2517
-2140
-1614
-1476
-1676
-1406
-1139
-1269
-1357
-1269
-1037
-998
-1215
-1079
-960
-772
-769
-671
-545
-547
-571
-693
-707
-781
-857
-929
-996
-1074
-973
-828
-814
-701
-684
-544
-482
-490
-375
-341
-350
-345
-418
-357
-374
-426
-533
-319
-189
-145
111
277
414
386
334
334
544
464
595
767
938
1045
1091
1205
1337
1543
1520
1471
1597
1600
1673
1755
1550
1694
1786
1767
1782
1953
2006
2103
2236
2434
2616
2697
2843
2969
3056
3048
2874
2726
2466
2207
2004
1630
1012
684
513
190
-103
-296
-371
-565
-848
-1257
-1356
-1472
-1920
-2402
-2312
-2538
-2646
-2489
-2923
-2958
-2749
-3008
-2814
-2425
-2235
-2125
-1990
-1958
-1554
-1311
-1787
-1562
-1513
-1361
-1280
-1466
-1240
-1085
-1073
-985
-866
-837
-895
-894
-896
-849
-873
-963
-961
-935
-812
-802
-783
-818
-803
-546
-540
-420
-377
-347
-378
-495
-465
-413
-344
-442
-230
-152
-64
-41
242
345
342
417
393
784
770
714
795
810
986
1094
1151
1364
1506
1596
1568
1655
1681
1747
1882
1684
1647
1605
1611
1616
1660
1714
1697
1767
1730
1854
2036
2232
2235
2438
2670
2882
2910
2670
2493
2145
2012
1678
1346
915
524
248
-18
-411
-529
-754
-829
-1133
-1420
-1448
-1658
-1795
-2230
-2421
-2571
-2621
-3046
-3024
-2990
-2920
-2747
-2614
-2477
-2492
-2501
-2207
-2133
-2117
-2116
-2047
-1862
-1754
-1792
-1862
-1745
-1439
-1287
-1288
-1247
-1095
-713
-730
-670
-646
-746
-619
-537
-577
-787
-800
-323
-602
-314
-426
-325
-213
-409
-178
-32
-163
-477
-352
-44
-214
-275
-432
190
117
410
357
297
411
286
722
527
537
923
468
643
912
682
1314
1260
1194
1336
1373
1425
1397
1562
1568
1591
1501
1486
1332
1424
1584
1578
1541
1686
1925
1945
1985
2216
2478
2619
2667
2952
3155
3083
2836
2579
2415
2063
1924
1630
1283
730
475
319
164
-87
-330
-576
-792
-1045
-1264
-1351
-1676
-1902
-1987
-2305
-2484
-2587
-2712
-2681
-2762
-2622
-2552
-2309
-2111
-1961
-1872
-1798
-1733
-1608
-1462
-1386
-1267
-1116
-1162
-1069
-951
-831
-726
-620
-487
-486
-412
-401
-247
-319
-498
-601
-559
-540
-621
-646
-621
-557
-420
-325
-308
-305
-318
-261
-215
-333
-426
-318
-387
-159
-1
-20
78
96
155
132
341
524
558
599
685
849
931
803
939
1121
1140
997
1156
1099
1111
1144
1212
1308
1309
1430
1461
1675
1607
1482
1524
1717
1897
1893
2102
2202
1941
1881
2338
2669
2449
2576
2880
2831
2686
2389
2299
2329
1865
1392
982
874
455
228
25
-242
-264
-426
-921
-1069
-1070
-1432
-1806
-1991
-2199
-2468
-2751
-2941
-2925
-2827
-2844
-2756
-2614
-2437
-2143
-1913
-1943
-1789
-1509
-1371
-1510
-1547
-1316
-1218
-1116
-1081
-855
-592
-480
-447
-276
-231
-226
-130
0
-69
-214
-407
-515
-269
-426
-582
-607
-611
-435
-590
-535
-570
-483
-466
-495
-488
-431
-314
-391
-344
-235
-166
-68
-94
-127
54
164
79
203
300
315
518
574
526
685
585
756
809
749
848
888
971
756
701
760
787
714
885
884
915
943
942
926
1100
1312
1407
1485
1634
1827
1806
1933
2202
2311
2498
2589
2577
2303
1957
1768
1481
1254
882
338
399
47
-220
-621
-869
-756
-1080
-1310
-1428
-1570
-1757
-1972
-2126
-2210
-2485
-2569
-2611
-2586
-2582
-2425
-2313
-2318
-2057
-1672
-1673
-1197
-1068
-1406
-1297
-1124
-823
-813
-814
-781
-450
-575
-485
-253
-348
-43
-358
45
-246
-282
-132
-386
-252
-459
-396
-392
-304
-289
-292
-175
-46
-229
-113
28
-46
-34
-23
74
140
204
187
299
274
265
414
507
532
701
631
641
851
877
1041
1083
994
1074
1082
1056
1027
1189
1458
1519
1247
1048
1284
1362
1337
1116
1236
1257
1183
1315
1448
1786
1799
1874
2124
2080
2312
2315
2393
2545
2565
2753
2757
2729
2531
2346
2113
1999
1677
1173
783
457
223
-79
-417
-497
-497
-896
-1198
-1163
-1271
-1598
-1816
-1945
-2142
-2451
-2449
-2572
-2535
-2424
-2437
-2329
-2207
-2036
-1699
-1438
-1431
-1281
-1096
-1069
-1055
-965
-802
-721
-690
-510
-331
-254
-295
-194
-126
-83
-30
35
6
-183
-139
-332
-443
-588
-683
-645
-580
-538
-358
-333
-352
-191
-190
-237
-242
-262
-144
-190
-343
-195
-126
73
-72
-37
197
556
569
752
807
747
785
862
909
748
753
942
908
719
922
789
1149
973
809
1003
1047
1120
1212
1019
1099
1064
1100
1219
1111
1165
1398
1479
1507
1831
1920
2083
2239
2281
2249
2514
2512
2460
2415
2118
1883
1819
1586
1122
716
484
332
16
-231
-358
-455
-799
-1206
-1304
-1295
-1459
-1683
-1927
-2070
-2201
-2270
-2314
-2461
-2408
-2294
-2070
-1954
-1786
-1456
-1348
-1249
-1258
-987
-836
-943
-804
-574
-473
-493
-458
-442
-252
-200
-231
-398
-412
-362
-482
-483
-603
-623
-817
-870
-849
-846
-635
-700
-620
-572
-380
-412
-567
-532
-627
-508
-677
-889
-660
-608
-719
-517
-128
-123
9
193
358
297
381
504
512
377
428
429
499
339
447
465
480
526
222
689
853
933
824
760
844
925
895
786
869
830
1088
1067
1184
1569
1629
1796
1946
1890
2084
2347
2446
2359
2539
2494
2489
2480
2231
2265
1702
1794
1620
1068
957
383
532
-153
-334
31
-445
-524
-637
-1038
-1159
-1605
-1398
-1834
-1762
-1728
-1982
-1772
-1908
-1652
-1665
-1681
-1651
-1331
-1132
-976
-883
-643
-470
-459
-450
-273
-144
-226
-300
-72
-127
-122
-162
-85
-38
32
34
29
108
128
145
19
26
-197
-277
-158
8
-33
-160
47
12
72
67
94
76
23
112
207
314
404
385
415
503
409
511
569
731
804
803
791
701
642
570
616
659
744
850
779
866
930
929
911
802
964
929
899
942
986
1005
915
935
1114
1138
1186
1348
1484
1613
1719
1731
1760
1776
2059
2119
2074
2107
2134
2324
2364
2267
1847
1689
1539
1574
1226
802
563
481
64
-335
-386
-417
-516
-921
-894
-964
-1064
-1308
-1522
-1608
-1854
-1910
-2009
-2127
-2265
-2090
-1991
-2040
-1772
-1500
-1387
-1211
-1247
-1053
-742
-917
-474
-508
-695
-637
-710
-439
-330
-390
-444
-226
-103
-24
-163
-386
-82
-116
-58
-108
-264
-353
-525
-134
-420
-457
-245
-233
-327
-375
-98
-163
-248
-168
-107
-327
-244
-207
-242
-247
-177
-128
81
300
428
415
428
495
432
338
205
290
414
364
276
367
399
512
458
444
544
618
685
805
767
747
842
912
1104
1084
1033
979
1109
1358
1526
1498
1733
1836
1861
2021
2047
2214
2389
2282
2246
2391
2330
2178
1926
1817
1803
1623
1000
629
670
453
-27
-288
-236
-395
-799
-934
-990
-1097
-1417
-1543
-1727
-2001
-2193
-2338
-2327
-2343
-2400
-2334
-2443
-2389
-1992
-2134
-2030
-1665
-1445
-1266
-1076
-1019
-907
-614
-546
-590
-475
-77
-144
-168
-222
-48
21
-54
-4
-383
32
48
21
-230
-286
-161
-381
-420
-524
-366
-271
-333
-289
-150
-65
-326
-219
-159
-126
-88
-294
-299
-174
-22
-135
-84
-48
121
516
213
282
670
478
332
570
446
232
722
636
86
387
323
813
639
541
651
729
876
871
1007
781
1077
1139
1221
1216
1196
1363
1580
1587
1684
1765
1932
2061
2184
2311
2225
2335
2287
2285
2296
2566
2588
2283
2004
1945
2061
1898
1411
1193
1152
1072
409
39
-32
-121
-311
-750
-1070
-976
-1089
-1399
-1400
-1754
-1773
-1933
-1996
-2088
-2081
-1877
-1964
-1982
-1672
-1486
-1439
-1365
-1271
-1033
-870
-886
-710
-391
-310
-317
-158
41
76
89
57
193
178
160
228
241
239
123
78
46
-166
-256
-174
-302
-383
-389
-368
-496
-538
-390
-388
-584
-656
-569
-510
-526
-640
-727
-681
-628
-791
-857
-604
-558
-374
-287
-206
-166
60
38
-205
-24
-32
-84
-60
-140
-4
76
182
283
507
555
618
625
530
696
716
805
888
1021
1045
1096
1173
1395
1500
1598
1831
1923
1946
2138
2281
2296
2415
2368
2370
2402
2387
2561
2664
2407
2227
2088
1745
1626
1262
881
835
559
51
-536
-512
-611
-706
-1266
-1416
-1324
-1381
-1615
-1689
-1959
-2041
-2142
-2140
-2152
-2316
-2067
-1993
-2079
-1970
-1726
-1513
-1445
-1232
-882
-760
-591
-389
-141
-247
-191
-282
-91
140
131
121
209
260
187
274
336
320
77
17
74
129
-81
-181
-262
-339
-315
-421
-441
-616
-557
-538
-682
-659
-564
-532
-712
-691
-737
-632
-643
-784
-855
-710
-694
-950
-677
-665
-620
-618
-514
-461
-414
-344
-469
-340
-253
-95
-150
-92
-189
-58
136
278
330
297
366
297
602
643
604
1065
1156
1160
1267
1507
1555
1655
1693
1708
1785
1773
1814
1815
1734
1669
1688
1736
1683
1537
1641
1928
1614
1250
1186
1063
874
330
211
66
-217
-589
-745
-753
-827
-1080
-1283
-1157
-1488
-1547
-1483
-1268
-1570
-1701
-1620
-1874
-1677
-1750
-1885
-1804
-1431
-1662
-1223
-1104
-1243
-715
-374
-263
-467
-66
-57
164
-111
143
248
315
23
367
299
343
479
330
490
410
324
155
81
-68
-126
-255
-391
-463
-538
-539
-501
-614
-588
-583
-713
-743
-777
-754
-774
-810
-690
-517
-500
-386
-207
-184
-112
10
78
-70
115
408
601
296
374
631
537
485
422
798
880
768
890
1130
1264
1182
1363
1434
1341
1313
1190
1324
1375
1356
1238
1255
1161
1114
1312
1205
1269
1378
1416
1434
1521
1642
1710
1637
1597
1646
1677
1632
1454
1575
1635
1433
1181
1146
1051
973
771
408
352
269
-67
-481
-409
-366
-672
-950
-1005
-1033
-1084
-1404
-1542
-1595
-1517
-1517
-1711
-1738
-1678
-1635
-1663
-1697
-1555
-1422
-1230
-1215
-1022
-725
-521
-461
-550
-297
14
-105
-86
11
-12
-112
-11
174
-60
-115
44
-54
-115
-128
-51
-102
-228
-72
-214
-546
-422
-687
-693
-771
-687
-522
-372
-544
-700
-579
-521
-470
-760
-637
-520
-456
-656
-540
-398
-434
-356
-307
-154
177
86
160
262
368
481
535
544
420
625
532
450
314
316
473
588
367
415
598
665
586
502
613
643
787
729
758
773
761
783
733
843
813
908
1060
1240
1258
1276
1271
1475
1517
1534
1497
1454
1656
1670
1770
1548
1356
1284
1312
1184
965
712
592
446
37
-182
-195
-306
-434
-829
-931
-832
-1270
-1399
-1488
-1467
-1562
-1566
-1786
-1826
-1736
-1929
-1971
-2013
-1806
-1773
-1514
-1592
-1589
-1256
-1284
-1267
-1204
-845
-752
-829
-712
-722
-541
-288
-398
-242
-43
-186
-250
-218
-28
-13
70
-21
-64
-163
-160
-394
-384
-258
-675
-604
-559
-532
-480
-736
-635
-643
-571
-485
-477
-532
-471
-220
-405
-341
-188
-160
-238
-246
-349
-29
-47
-138
42
199
-275
34
719
37
175
285
207
279
432
440
266
855
636
527
822
459
710
784
610
829
1077
1002
876
1181
1198
1277
1319
1189
1456
1501
1522
1625
1672
1716
1781
1826
1841
1804
1917
2014
1996
1936
2189
2051
1760
1821
1720
1721
1453
1164
1255
1064
642
363
299
152
-89
-480
-753
-643
-723
-936
-1413
-1594
-1516
-1663
-1839
-1942
-1928
-1781
-1872
-1977
-1889
-1703
-1458
-1487
-1259
-1004
-950
-753
-622
-287
-99
-199
-47
81
100
208
204
296
401
527
408
350
497
422
445
362
331
208
106
13
-130
-292
-283
-463
-736
-721
-789
-842
-905
-728
-819
-910
-887
-763
-814
-862
-974
-1000
-947
-877
-775
-752
-790
-735
-522
-408
-240
-174
-92
18
45
-81
182
138
68
280
428
354
261
256
392
418
458
543
490
550
629
633
633
754
716
850
844
799
1003
871
1077
1131
1025
1307
1414
1487
1443
1529
1738
1761
1680
1577
1892
1668
1654
1813
1827
2054
1941
1862
1522
1384
1201
615
324
251
-27
-419
-656
-609
-674
-1015
-1168
-1234
-1348
-1576
-1748
-1771
-1900
-1853
-1901
-2078
-1987
-1797
-1828
-1952
-1816
-1693
-1497
-1314
-1250
-896
-708
-570
-434
-252
55
22
134
248
335
449
399
660
576
490
405
354
669
412
351
255
110
162
-12
-103
-253
-273
-371
-504
-592
-647
-717
-872
-976
-993
-920
-996
-1077
-1008
-990
-1094
-1210
-1342
-1037
-1040
-1023
-962
-911
-823
-809
-705
-737
-697
-642
-486
-429
-107
-242
-208
-143
-160
-29
-133
-126
-34
81
41
328
521
606
594
773
747
547
554
698
674
637
761
716
624
556
454
416
555
620
327
682
782
765
672
713
780
740
916
762
931
1006
1077
1201
1198
1390
1411
1251
1225
979
929
753
231
330
135
-439
-574
-551
-751
-939
-1184
-1396
-1001
-1419
-1295
-1605
-1725
-1677
-1730
-1602
-1782
-1632
-1663
-1637
-1739
-1600
-1224
-1205
-837
-857
-574
-115
-305
140
374
565
558
611
597
774
706
664
656
820
723
808
763
677
646
484
568
416
249
214
165
96
40
-184
-329
-336
-338
-447
-583
-700
-664
-383
-393
-521
-667
-516
-428
-606
-561
-538
-442
-320
-358
-270
-143
30
119
146
369
330
368
386
524
507
556
623
620
692
641
673
680
680
668
636
589
590
633
752
801
709
761
824
907
803
753
801
786
826
823
800
866
803
855
937
922
921
910
1081
1049
1046
931
847
986
922
814
696
770
855
828
711
786
717
521
482
215
9
11
-248
-504
-562
-672
-800
-1075
-1109
-1156
-1199
-1380
-1443
-1342
-1273
-1330
-1305
-1396
-1431
-1171
-1174
-989
-951
-915
-952
-755
-628
-351
-369
-99
-52
-1
463
507
443
419
666
623
518
336
440
480
335
194
532
324
46
124
198
143
-199
-304
-340
-199
-91
-322
-479
-517
-642
-796
-924
-907
-902
-949
-919
-863
-879
-797
-833
-846
-864
-776
-742
-619
-562
-510
-384
-305
-235
-157
-25
76
159
127
227
170
271
465
543
623
565
442
451
629
543
524
476
508
496
421
476
477
441
534
565
579
603
510
424
410
336
330
309
273
184
303
302
200
246
279
436
271
479
480
596
518
491
557
606
621
538
656
522
671
434
207
231
172
203
231
-83
-143
-383
-492
-529
-587
-603
-710
-690
-868
-1036
-1127
-1081
-1063
-1084
-1104
-1325
-1229
-1292
-1202
-1256
-1425
-1152
-1025
-957
-842
-876
-605
-521
-400
-223
-32
27
128
323
365
342
342
433
279
380
243
229
151
82
401
250
184
62
-336
-45
-340
-424
-445
-297
-625
-847
-509
-949
-686
-574
-798
-761
-919
-731
-792
-912
-835
-700
-369
-361
-301
-186
-418
0
94
-11
103
129
245
184
337
431
447
320
284
225
353
436
364
362
428
384
362
321
303
293
397
451
397
448
464
559
431
333
408
677
772
656
559
669
703
659
700
680
796
822
885
997
1080
1283
1263
1271
1352
1348
1204
1097
1199
1164
1200
1178
1202
1186
1253
1160
1020
1041
970
762
610
527
370
183
-54
-213
-391
-564
-614
-793
-883
-945
-1042
-1151
-1083
-1233
-1163
-1114
-1204
-1069
-1185
-1195
-1111
-1036
-880
-929
-691
-692
-580
-447
-388
-283
-271
-64
53
148
99
141
180
164
78
128
82
45
-97
-96
-174
-156
-213
-238
-96
-186
-169
-315
-421
-432
-554
-714
-755
-824
-799
-932
-929
-871
-744
-809
-716
-596
-629
-329
-742
-487
-299
-382
-303
-598
-294
-348
-278
192
24
-125
-43
163
101
145
347
219
473
192
99
329
396
167
306
192
-96
-200
-145
-183
-199
-226
-209
-178
-110
-148
-142
65
170
208
238
348
302
461
519
568
624
696
769
708
785
851
913
877
931
898
865
901
1081
879
885
684
637
866
892
706
476
637
477
389
339
189
177
1
-69
-209
-474
-490
-412
-661
-948
-1017
-1117
-1059
-1093
-1224
-1305
-1334
-1441
-1332
-1302
-1532
-1545
-1257
-1267
-1188
-1221
-1034
-962
-904
-834
-764
-621
-639
-499
-725
-489
-597
-531
-459
-376
-641
-673
-468
-488
-332
-688
-458
-253
-440
-565
-592
-697
-670
-689
-893
-836
-899
-873
-965
-864
-901
-1123
-909
-868
-773
-753
-729
-932
-730
-776
-746
-600
-568
-496
-486
-315
-319
-175
-134
-310
-249
-384
-295
-45
-405
-359
-378
-426
-100
-253
-27
-104
-397
-134
48
-174
-9
-63
-342
-68
-159
69
249
158
304
131
503
555
336
672
615
945
946
819
1257
1304
1374
1349
1246
1187
1170
1103
1260
1261
1197
1226
1140
1130
1043
1034
1031
868
924
825
871
828
822
760
679
648
591
561
524
550
356
229
381
478
294
56
-90
40
34
-137
-282
-317
-270
-353
-361
-227
-141
-83
-102
36
-53
-221
-84
-177
-232
-247
-330
-306
-330
-370
-229
-249
-262
-245
-254
-230
-188
-140
-225
-114
-173
-97
-81
-54
-21
-145
18
-55
-47
13
22
14
-34
-62
-28
91
-53
-61
-78
56
49
-175
-241
-312
-369
-428
-616
-648
-713
-743
-687
-788
-707
-652
-725
-831
-747
-667
-719
-737
-698
-773
-741
-683
-724
-564
-368
-253
-178
-120
-96
58
180
257
329
448
548
651
652
668
781
849
654
835
886
579
574
820
1071
801
1003
944
468
862
759
771
602
419
464
482
441
519
560
322
581
341
323
266
432
480
518
445
445
364
410
396
351
494
424
523
400
377
407
452
513
363
291
234
157
104
72
70
-37
-118
-201
-220
-348
-532
-549
-578
-759
-824
-794
-583
-556
-603
-720
-798
-495
-533
-609
-679
-689
-491
-422
-316
-352
-245
-244
-181
-173
-149
-94
48
152
195
273
254
266
246
196
170
67
-160
-21
-61
-136
-151
-174
-106
-218
-279
-258
-466
-580
-686
-755
-866
-932
-917
-1021
-1003
-1082
-1072
-1071
-893
-795
-1193
-1090
-877
-637
-656
-556
-465
-375
-411
-236
-65
-241
-59
77
99
-25
-140
-110
-99
-19
-341
-317
110
40
-43
15
85
191
-38
-9
81
98
104
189
303
330
291
298
218
269
223
324
449
340
255
399
536
94
144
349
506
471
379
824
540
540
862
698
474
948
794
745
706
635
787
655
815
561
622
552
323
489
516
316
256
68
48
-150
-275
-313
-345
-508
-530
-451
-524
-595
-651
-696
-737
-655
-643
-641
-725
-596
-471
-458
-325
-233
-125
35
169
365
331
342
214
371
742
557
417
332
672
668
565
612
598
773
607
629
674
673
695
603
585
478
506
426
253
178
162
127
122
78
-29
78
45
-71
-119
-183
-221
-284
-190
-202
-215
-220
-163
32
-10
96
-168
-141
-169
-176
-135
-223
-243
-278
-209
-288
-282
-311
-348
-262
-257
-164
-182
-151
-83
-176
-213
-270
-295
-175
-136
-157
-53
-50
-75
-12
-31
89
-39
-68
-19
54
112
175
250
265
410
357
449
414
447
291
413
510
598
591
669
568
627
609
668
855
591
624
400
499
460
512
328
413
546
210
6
212
104
111
112
-77
-135
-337
79
-18
-174
-180
-346
-393
-308
-441
-281
-338
-504
-370
-506
-542
-437
-432
-522
-530
-484
-558
-429
-423
-388
-187
-141
-133
-216
-148
-152
-71
-57
-83
-94
94
-11
22
105
165
256
156
114
55
127
164
208
318
297
163
85
58
69
28
-39
-20
25
19
-142
-236
-233
-239
-341
-430
-463
-383
-422
-449
-467
-653
-605
-694
-677
-688
-642
-730
-927
-583
-735
-678
-799
-715
-631
-694
-492
-505
-426
-327
-390
-295
-370
-264
-194
-316
-163
-171
-33
-321
-252
-237
-125
-122
-5
146
59
289
375
226
307
238
338
490
398
468
314
411
309
299
286
215
256
76
374
366
347
299
237
234
242
130
142
161
177
311
319
239
200
140
55
100
-172
-41
-18
-123
-31
-96
-150
-319
-142
-397
-373
-190
-588
-392
-216
-450
-466
-292
-596
-457
-398
-196
-402
-408
-189
-408
-223
-158
-11
-186
-16
19
142
357
250
315
399
490
391
390
307
250
369
347
300
205
116
164
163
99
44
14
93
35
-37
-79
4
62
2
-4
85
-39
-74
-165
-315
-338
-243
-82
-229
-324
-225
-346
-364
-346
-324
-223
-223
-127
-97
11
140
46
175
151
202
164
99
105
66
186
110
153
180
160
221
180
195
168
152
207
296
295
257
269
176
158
120
126
41
65
-18
-1
3
-72
46
17
-13
-126
-41
-179
-223
-90
-8
34
1
-139
-144
-95
-65
-252
-150
-131
-165
-184
-162
-63
-276
-206
-88
-268
-313
-214
-135
-4
-100
-173
-119
-114
-159
-93
-114
-155
-184
-233
-197
-309
-175
-241
-294
-234
-150
-188
-206
-82
-59
-267
-456
-131
-106
-279
-248
-198
-173
-176
-229
-197
-176
274
233
-2
-98
-203
-19
-90
60
-3
41
-32
153
27
-76
-97
-146
49
48
41
-92
73
-130
-65
-7
67
28
7
-2
-43
-23
-1
90
31
-44
-30
-25
100
50
-102
-70
-37
-36
-63
-89
-107
-38
-82
-7
-80
17
174
87
164
111
123
281
207
188
127
264
316
297
362
353
378
505
384
300
415
242
208
280
276
185
219
66
70
114
10
-156
-135
-43
-216
-279
-249
-97
-167
-85
-144
-213
-261
-320
-248
-383
-303
-353
-412
-439
-384
-291
-540
-500
-573
-580
-513
-478
-494
-329
-310
-152
-147
-207
-222
-296
-314
-385
-387
-423
-470
-370
-463
-549
-492
-391
-556
-676
-473
-565
-432
-684
-437
-463
-436
-224
-303
-134
-270
46
-34
45
-19
65
124
-54
114
-8
-78
41
134
-84
216
91
-108
303
9
-50
292
-64
58
168
-155
58
56
141
24
113
-56
-140
105
-3
136
-183
293
33
203
103
395
484
209
505
378
434
344
554
554
487
548
629
628
558
548
545
567
627
594
505
473
517
492
445
543
510
594
471
369
619
526
411
274
499
472
390
197
181
365
235
152
164
279
263
257
387
458
412
524
412
481
512
468
453
287
288
327
256
244
197
-5
187
91
50
48
-146
-128
-66
-30
-72
-63
-87
-36
-35
-125
-254
-212
-157
-245
-205
-17
-178
-105
-54
-40
-65
-138
-51
-72
35
-4
-98
-244
-212
-67
-60
-222
-320
-226
-268
-179
-74
-81
-114
-116
-111
36
-77
-91
3
-150
32
5
-161
-164
-139
-31
78
47
44
122
112
154
48
-21
-122
115
8
41
87
-70
200
-10
3
82
-87
-106
-9
85
-19
302
327
200
26
304
207
236
266
171
415
124
234
-143
144
21
424
156
-355
-84
-134
66
-58
113
9
10
18
-114
-37
-80
-46
21
-34
-73
-21
50
85
7
-15
-59
-198
-14
-60
-172
-165
-86
-37
-155
-64
-8
42
77
-29
9
-17
265
82
144
136
225
271
186
235
-76
92
52
33
49
47
0
54
168
99
90
-13
44
-135
-13
-35
-183
-192
-119
-178
-110
-343
-410
-317
-344
-189
-336
-199
-252
-136
-75
-270
-186
-152
-41
-258
-150
-132
-113
15
-301
-168
-82
-160
-124
-116
-278
-31
-51
-21
33
132
176
196
106
-76
-151
-148
-101
-149
-40
-352
-361
-422
-304
-300
-465
-99
-89
45
-47
-242
-107
-56
-140
-203
10
53
-96
15
68
289
79
289
111
208
165
186
-18
187
63
20
34
-27
290
-26
238
-84
141
150
-195
-35
198
-220
402
141
-94
131
-135
-90
-35
30
92
47
188
-80
235
164
92
332
278
353
303
315
285
366
299
264
157
195
267
252
204
176
116
125
18
52
174
135
149
183
368
416
357
332
372
432
384
265
135
376
683
471
276
331
319
447
274
248
442
283
342
292
303
380
459
458
493
520
334
314
261
301
217
317
326
277
295
141
133
101
60
113
-19
62
166
153
203
161
188
195
209
219
155
38
13
-42
-6
34
98
160
82
213
163
79
34
89
217
182
154
72
48
-24
-131
-86
21
-8
-5
-40
-96
-167
-306
-210
-223
-200
-70
-235
-181
-192
-162
-239
-294
-305
-236
-150
-223
-157
-217
-98
-84
-65
-88
-7
20
135
22
100
-86
167
282
358
357
281
478
169
394
472
311
118
204
124
321
-10
-112
-259
55
15
-14
184
46
-36
-74
-371
-362
-82
-231
-58
-207
-21
-21
-198
-74
-131
-147
43
159
81
167
258
262
278
387
333
516
465
524
537
520
617
523
516
435
525
469
416
313
314
338
207
164
74
175
148
65
-39
-39
80
53
-92
-225
-146
-213
-369
-179
-237
-198
-193
-313
-228
-177
-83
-140
-65
-116
-19
-38
-97
24
5
-4
-164
-194
-261
-261
-303
-304
-218
-346
-193
-279
-302
-220
-462
-372
-477
-466
-624
-664
-430
-757
-595
-604
-645
-766
-552
-636
-743
-405
-575
-501
-283
-256
-278
-345
-201
-145
-227
-88
-212
-165
-97
-115
-163
-154
-36
-65
-22
232
145
-15
41
97
42
188
43
35
32
-71
-14
-1
1
-14
39
-234
-83
-22
37
14
-215
67
-54
-30
-217
190
-9
297
52
-231
504
116
308
491
167
286
425
344
622
380
688
537
556
613
202
674
617
802
551
663
678
660
642
623
605
521
463
334
370
441
178
98
130
106
127
70
-50
136
-28
-72
-10
-230
-81
23
-38
-43
75
119
59
169
82
-53
87
345
276
-42
133
154
265
138
108
191
137
275
283
285
387
372
239
253
210
110
211
246
191
63
-62
35
-10
17
174
130
26
26
35
20
-26
39
88
14
-101
-60
4
55
31
-88
-31
-56
-135
-4
-10
-84
-22
-132
-169
-106
-134
-235
-302
-39
-96
-75
-58
-13
59
-88
-127
-219
-132
-7
18
-58
-85
-21
18
-83
54
-63
-5
62
44
165
102
32
44
-47
5
45
81
92
133
178
188
262
285
201
121
261
342
126
152
321
437
384
173
333
168
425
361
240
210
344
215
130
283
228
59
-127
241
147
79
0
-47
-5
-140
-171
150
327
-126
-169
-56
-235
-117
-164
-285
-230
-245
-279
-174
-202
-264
-184
-26
72
-5
-51
27
69
-43
1
54
-35
40
6
62
10
113
79
119
44
-34
28
39
186
226
131
134
100
147
273
38
-99
-25
-6
108
115
52
172
207
193
187
64
92
75
21
39
-32
-58
-155
-242
-360
-233
-297
-458
-339
-314
-331
-516
-451
-311
-269
-355
-415
-250
