154
80
80
27
-43
-56
54
54
135
169
207
124
80
113
35
12
151
-22
-118
105
224
259
197
177
308
382
211
-18
166
392
475
203
75
247
180
158
56
85
249
120
82
234
278
194
223
188
269
88
98
25
16
134
5
34
69
131
94
76
62
76
96
-48
149
201
-9
2
38
-28
-107
-62
-152
-201
-238
-284
-246
-264
-214
-203
-219
-123
-139
-91
-217
-246
-195
-240
-115
-151
-92
-239
-316
-266
-235
-339
-419
-282
-257
-184
-153
-118
-54
-97
-181
-181
-268
-187
-201
-182
-122
-222
-161
-273
-250
-156
-184
-238
-79
-183
-173
-266
-194
-347
-251
-815
-1153
1
-288
-225
-226
-175
-335
-827
-866
-693
-590
-172
-388
-248
-303
-195
-369
-367
-401
-202
144
-417
-64
-312
-418
-277
-777
-819
-788
-665
-474
-751
-251
-463
-605
-455
-831
-592
-604
-728
-285
-446
-323
-394
-354
-369
-518
-397
-433
-423
-533
-378
-606
-347
-435
-372
-125
-649
-341
-65
-377
-342
-374
-769
-448
-512
-719
-536
-500
-483
-392
-205
-141
-359
-329
-412
-278
-285
-489
-349
-108
-123
-287
-304
-303
-122
-361
-257
-382
-334
-105
-139
-126
-205
-119
-348
-349
-374
-402
-441
-408
-391
-180
-439
-411
-311
-541
-434
-492
-532
-492
-342
-811
-663
-604
-659
-630
-598
-616
-431
-644
-413
-368
-352
-216
-395
-361
-305
-355
-202
-234
-192
-152
-384
-390
-452
-336
-486
-327
-429
-413
-586
-343
-248
-275
-138
-207
-199
-109
-104
-220
-65
-81
-140
53
21
-65
78
133
232
80
43
101
-78
168
69
-280
166
155
-74
13
161
-195
-103
267
391
-240
-200
140
-67
24
117
-17
-57
157
-240
104
155
205
-144
-62
255
153
253
174
92
-5
25
-106
-2
203
160
127
224
135
128
208
-172
42
185
-14
3
-85
-222
-19
36
108
266
352
439
145
256
212
23
71
-23
-247
-418
-809
-351
-143
-149
-457
-235
-194
-316
-41
78
142
586
840
622
800
689
302
248
314
375
525
590
551
359
210
88
6
48
77
-21
81
155
-53
-208
-440
-541
-370
-266
-108
-221
-395
-382
-477
-310
-408
-352
-109
-152
-62
-188
-261
-158
-180
-257
-104
-72
-11
50
-77
-69
-201
-463
-335
-223
-153
28
-11
-90
-144
-137
-178
-127
-103
-5
107
65
61
-16
-158
-26
-16
66
228
364
436
221
-59
2
56
-20
143
282
250
347
361
534
162
254
419
531
1056
793
950
969
919
633
741
1038
972
1377
1138
1319
1191
1214
1324
1102
1051
893
1236
1046
1083
968
818
576
593
550
392
393
84
39
-165
-342
-364
-453
-755
-834
-813
-996
-1148
-1199
-1295
-1480
-1439
-1493
-1540
-1443
-1514
-1578
-1515
-1637
-1528
-1435
-1437
-1399
-1344
-1158
-1131
-903
-717
-793
-759
-771
-676
-517
-445
-372
-349
-274
-348
-289
-220
-203
-248
-125
-16
80
139
191
392
473
555
570
596
737
1024
1055
1160
1170
1295
1260
1252
1506
1604
1689
1729
1935
1862
1891
1799
2024
2216
2350
2481
2532
2725
2693
2724
2264
1901
1701
1674
1376
947
894
989
661
9
-295
-681
-1074
-1522
-1659
-1457
-1762
-2122
-2295
-2486
-2543
-2454
-2355
-2218
-1769
-1679
-1426
-1048
-952
-542
-513
-281
221
738
979
1128
1241
1556
1526
1610
1744
1759
1766
1681
1692
1411
1002
827
531
221
333
70
34
-241
-617
-934
-948
-1430
-1325
-1008
-1373
-1248
-1425
-1582
-1411
-1258
-1527
-1371
-1448
-1375
-1413
-1218
-1470
-1653
-1250
-1365
-1436
-1373
-1417
-1432
-1375
-1440
-1528
-1834
-1795
-1759
-1690
-1597
-1628
-1491
-1482
-1413
-1276
-1018
-987
-657
-363
-242
94
207
523
691
923
1195
1581
1843
2063
2334
2257
2442
2792
3329
3144
3177
3450
3603
3611
3413
3670
3822
3988
4155
4423
4988
5152
4667
3973
2973
1734
989
1645
2588
2168
865
-117
-878
-1991
-2579
-2318
-1864
-2034
-2594
-2733
-2781
-3108
-3585
-3724
-3547
-2930
-2005
-1281
-765
-849
-1277
-1510
-1008
-26
1017
1392
1462
1478
1520
1410
1264
1552
1657
1877
1745
1790
1736
1096
511
-106
-306
-392
-345
-350
-627
-929
-1586
-1905
-2001
-1740
-1465
-1462
-1517
-1532
-1334
-1536
-1510
-1291
-1150
-1135
-1002
-722
-526
-590
-894
-1187
-1259
-1126
-1121
-917
-815
-1098
-1435
-1743
-1693
-2011
-1795
-1912
-2033
-1856
-1969
-2074
-2424
-2538
-2395
-2142
-2083
-1807
-1562
-1503
-1451
-1215
-953
-527
-71
271
286
543
437
685
898
1046
1381
1645
1945
2224
2323
2375
2406
2525
2515
2546
2785
2821
2871
2795
2759
2664
2831
3053
3269
3687
4091
4208
3872
3245
2146
1162
635
1162
2000
1724
1237
415
-612
-1776
-2458
-2471
-2192
-2203
-2494
-2450
-2648
-3029
-3569
-3950
-4036
-3558
-2881
-2072
-1246
-1118
-1474
-1927
-1838
-1001
-307
349
974
1440
1536
1269
1268
1269
1440
1296
1381
1678
1820
1711
1319
850
234
87
-117
80
158
7
-339
-809
-866
-902
-1033
-1457
-1481
-1469
-1296
-1337
-1471
-1518
-1582
-1987
-2151
-1856
-1630
-1424
-1602
-1375
-1292
-1652
-1856
-1858
-1958
-1953
-1872
-1777
-1542
-1597
-1534
-1660
-1895
-1783
-2025
-1721
-1449
-1077
-997
-1046
-904
-734
-655
-548
-461
-254
-11
306
556
477
646
521
495
728
932
931
1406
1329
1381
1506
1443
1536
1122
1555
1638
1560
1715
1839
1688
1746
1490
1402
1711
2238
1941
2525
2650
2661
2708
2742
2977
2455
1655
1328
1411
1601
1829
1502
1330
1127
503
-338
-872
-824
-1083
-1533
-1641
-1588
-1427
-1836
-2240
-2523
-2589
-2767
-2766
-2359
-1843
-1640
-1658
-1581
-1284
-999
-764
-617
-271
207
393
367
644
1139
1412
1080
764
907
1049
1029
959
991
1220
1131
896
885
740
653
277
192
320
376
482
395
310
102
-144
-220
-302
-408
-508
-630
-665
-448
-519
-728
-878
-993
-1127
-1236
-1258
-1211
-1344
-1471
-1417
-1324
-1346
-1472
-1430
-1193
-1245
-1209
-1064
-998
-1035
-887
-804
-896
-715
-528
-407
-288
-209
-297
-256
-113
-207
-216
-143
-73
-33
-28
140
202
205
432
476
393
492
568
469
599
638
823
939
953
1083
998
1096
1001
1097
1151
1133
1389
1415
1486
1643
1782
1859
2032
2208
2498
2333
1815
1526
947
791
1179
1102
1260
1328
929
204
-377
-449
-548
-976
-1355
-1360
-1126
-1258
-1522
-1643
-1758
-2027
-2466
-2354
-1980
-1920
-1549
-1747
-1689
-1131
-1194
-1127
-1035
-899
-812
-501
-320
173
526
518
553
348
353
318
267
533
681
818
750
505
490
279
-84
-407
-407
-141
-188
-152
-186
-287
-447
-602
-587
-497
-598
-823
-714
-636
-627
-781
-928
-944
-993
-1063
-1231
-1215
-949
-977
-986
-943
-1031
-923
-1215
-1295
-1299
-1094
-1074
-1340
-758
-499
-879
-1115
-740
-776
-1109
-807
-684
-470
-395
-228
-289
-222
-332
-272
105
-41
-29
297
341
99
178
370
400
195
312
894
671
597
1055
1154
1380
1355
1228
1283
1281
1321
1628
1651
1859
1840
1937
1955
2010
2116
2237
1658
1090
834
843
926
853
857
859
795
-5
-562
-832
-813
-1106
-1497
-1305
-1075
-1263
-1620
-1980
-1930
-2309
-2609
-2399
-1900
-1361
-1544
-1560
-1031
-876
-1209
-890
-805
-632
-377
126
274
810
890
655
952
369
779
654
727
1156
998
833
694
287
159
195
-13
-92
-99
-75
-257
-223
-366
-499
-661
-869
-895
-801
-896
-821
-885
-973
-913
-1011
-1078
-1236
-1241
-1178
-1061
-945
-817
-736
-738
-695
-764
-810
-599
-534
-504
-360
-56
80
-137
-435
-185
191
-100
93
526
366
351
558
774
821
507
799
1087
945
870
695
974
903
692
763
935
1047
934
981
1003
1005
882
988
1104
1043
1217
1331
1234
1279
1432
1661
1620
1602
1736
2103
2282
2412
2599
2532
2041
1025
931
1088
1410
1254
1057
1300
843
-65
-808
-812
-857
-1247
-1751
-1543
-1449
-1690
-2234
-2519
-2647
-3008
-3091
-2734
-2239
-2073
-2195
-2256
-2092
-1930
-1842
-1621
-1200
-693
-461
-213
148
420
434
146
158
473
749
1019
1192
1198
1100
665
359
319
404
339
43
169
139
-121
-370
-514
-782
-1146
-1341
-1563
-1321
-1326
-1540
-1811
-1949
-1856
-1957
-2081
-1982
-1788
-1770
-1617
-1486
-1471
-1368
-1601
-1566
-1389
-1214
-832
-698
-570
-662
-532
-77
-333
-357
127
247
188
481
699
559
591
582
552
392
352
424
527
522
550
570
489
324
348
549
500
445
561
574
579
484
636
681
704
1029
1135
1206
1116
1319
1618
1810
1798
2008
2216
2381
2808
2654
2074
1359
1207
1620
1766
1613
1580
1595
1127
-76
-910
-906
-995
-1301
-1648
-1378
-1378
-2105
-2886
-3014
-3092
-3515
-3208
-2729
-2288
-2319
-2760
-3267
-3019
-2656
-2487
-2126
-1475
-969
-833
-855
-734
-289
-320
-258
28
607
873
911
923
965
663
430
356
427
590
457
297
84
-12
-289
-856
-870
-1021
-1099
-1363
-1451
-1272
-1461
-1842
-2165
-2224
-2224
-2136
-2142
-2049
-2051
-1975
-2103
-2048
-1730
-1603
-1341
-1221
-953
-1117
-824
-813
-870
-777
-440
122
186
342
409
717
409
280
384
760
685
868
1043
989
954
783
778
773
682
696
1015
1104
1063
969
1047
1035
1168
1234
1218
1110
1256
1385
1441
1502
1494
1609
1652
1909
2084
2141
2381
2665
2982
3177
2710
1678
1201
1797
2562
2650
2336
2287
1915
594
-533
-257
496
432
-462
-616
-473
-1143
-2326
-2686
-2428
-2295
-2400
-2284
-1877
-1937
-2521
-3055
-2785
-2179
-1607
-1387
-986
-865
-992
-1143
-1036
-402
-12
234
506
728
951
1002
884
872
891
1140
1302
1334
1431
1309
796
431
285
183
270
135
-78
-318
-749
-1073
-1383
-1576
-1679
-1893
-1992
-2061
-2044
-2264
-2456
-2545
-2582
-2421
-2247
-2070
-2147
-2104
-2204
-2124
-1880
-1544
-1092
-820
-695
-635
-454
-471
-394
-112
110
443
645
680
641
811
768
660
918
994
1225
1070
909
784
748
792
921
962
1146
1169
996
1193
1074
1267
1332
1445
1595
1343
1655
1769
1594
1791
2102
2146
2450
2492
2879
3125
2836
2323
1010
1168
2164
2626
2427
1807
1498
894
-350
-733
-82
731
148
-686
-906
-1469
-2298
-2852
-2538
-2253
-2180
-2332
-2510
-2519
-2886
-3521
-3606
-2889
-2119
-1808
-1945
-2181
-2274
-2219
-2063
-1247
-518
-205
-240
-454
-291
-269
129
507
1072
1224
1220
1164
987
1082
806
809
939
1208
1353
806
358
-131
-297
-327
-529
-537
-590
-1089
-1672
-2024
-2281
-2291
-2453
-2468
-2471
-2491
-2832
-2969
-3016
-3124
-2748
-2724
-2439
-2190
-2092
-2178
-2117
-1877
-1646
-1233
-1125
-671
-433
-454
-151
-277
110
107
-21
361
564
616
581
1060
1088
1164
1363
1291
1318
1382
1476
1553
1582
1679
1747
1715
1777
1756
1673
1693
1794
1866
2117
2064
2099
2135
1957
2258
2474
3127
3026
1852
481
807
2345
3011
2277
1684
1270
254
-799
-483
958
1081
123
-1014
-1196
-1451
-1964
-2255
-1697
-1373
-2016
-2243
-2488
-2344
-2748
-3127
-2762
-1855
-1214
-1792
-2352
-2517
-2309
-1801
-1253
-590
-159
-616
-1103
-864
-241
389
783
886
1033
900
717
781
989
1189
1208
1276
1321
1449
1291
1009
786
667
707
568
442
134
-99
-422
-647
-812
-708
-904
-1156
-1471
-1643
-1751
-2019
-2068
-1922
-1817
-2028
-2146
-1927
-1683
-1769
-1696
-1369
-1014
-965
-814
-708
-395
-26
346
485
640
750
829
875
1016
1406
1462
1580
1630
1658
1729
1614
1799
2033
2205
2277
2206
2167
2071
2165
2219
2431
2677
2594
2551
2388
2410
2413
2764
2939
2938
2986
3201
3419
2976
1715
784
1672
3296
3489
2035
1035
806
150
-580
319
1516
1013
-895
-1930
-1614
-1540
-1757
-1769
-1462
-1503
-2422
-2879
-2722
-2632
-2562
-2680
-2338
-1878
-1955
-2425
-2754
-2484
-1804
-1321
-1204
-801
-851
-1064
-1152
-619
160
427
368
389
338
743
897
1064
958
1171
1317
671
1004
985
895
413
607
252
135
67
-373
-497
-627
-549
-704
-973
-1250
-1417
-1762
-1696
-1717
-1966
-2189
-2185
-2058
-2020
-1969
-1888
-1803
-1712
-1581
-1356
-1199
-1234
-1157
-914
-727
-453
-217
23
255
182
444
489
630
891
959
1029
1210
1297
1339
1375
1556
1822
1970
1972
1961
1995
2211
2308
2395
2497
2525
2657
2556
2607
2606
2686
3023
3162
3079
3128
3029
3496
2986
1354
917
2351
3837
2999
1136
517
660
64
-203
705
1413
-121
-2101
-2314
-1359
-1481
-1888
-2157
-1684
-2254
-2838
-2885
-2724
-2433
-2887
-2814
-2772
-2181
-2526
-2870
-3111
-2169
-1882
-2032
-2046
-1972
-1599
-1453
-1250
-826
-770
-773
-845
-731
-221
16
87
-242
-212
-1
70
246
-130
-69
-23
-362
-366
-250
-347
-736
-639
-629
-717
-746
-1146
-1121
-995
-1340
-1354
-1276
-1226
-1509
-1553
-1648
-1683
-1582
-1781
-1644
-1495
-1382
-1257
-1224
-1213
-1226
-970
-730
-484
-656
-435
-72
23
124
212
290
395
778
697
964
1007
1157
1070
1337
1339
1501
1811
1888
2180
2274
2396
2628
2841
2863
3056
3302
3391
3479
3622
3892
4007
4013
4182
4584
3725
2038
1713
3470
5203
3842
1355
811
1541
1231
945
1552
1642
195
-1553
-1354
-401
-738
-1760
-1936
-1739
-2068
-2602
-2790
-2545
-2481
-2458
-2486
-2631
-2560
-2486
-2761
-2559
-1598
-1162
-1472
-1909
-1453
-744
-487
-563
-600
-414
-292
-145
239
560
509
118
-77
332
777
657
123
0
171
328
69
-161
-247
-250
-466
-686
-722
-876
-1078
-1306
-1089
-1057
-1391
-1778
-1709
-1452
-1628
-1722
-1699
-1911
-1962
-1765
-1413
-1252
-1449
-1597
-1426
-1147
-846
-613
-449
-534
-474
-85
369
413
444
455
560
645
895
998
883
964
953
999
1028
1112
1310
1433
1682
1661
1593
1531
1763
2214
2258
2426
2257
2426
2670
3201
3583
3606
3867
3802
2999
1624
2114
4507
5309
2872
568
1476
2817
2013
1099
1556
1508
37
-888
-17
260
-1021
-1870
-1724
-1448
-1904
-2650
-3162
-2893
-2364
-2501
-3066
-3377
-3132
-3069
-3019
-2788
-2520
-2775
-3192
-2755
-1568
-1278
-1835
-2206
-1807
-1042
-707
-588
-336
-220
-292
-331
-9
428
590
315
160
310
332
222
227
432
464
238
-103
-219
-296
-510
-430
-587
-966
-1358
-1529
-1363
-1184
-1264
-1621
-1965
-2022
-2009
-2058
-1734
-1704
-1936
-2059
-1859
-1609
-1460
-1298
-1264
-1330
-1004
-794
-668
-285
-246
28
152
324
452
723
674
921
1230
1150
1295
1073
1405
1242
1707
1621
1674
1503
1694
1719
1738
2205
1936
2059
2317
2768
2528
2660
2920
3348
2685
1229
850
2554
4539
3118
324
-38
1601
1496
586
483
685
238
-1213
-633
-242
-522
-1745
-1858
-1146
-1292
-2036
-2516
-2203
-1775
-1638
-2466
-2889
-2737
-2156
-2077
-2382
-2568
-2763
-2470
-2407
-1859
-1424
-1749
-2150
-2096
-1308
-859
-993
-1118
-786
-609
-614
-666
-415
-45
-101
-298
-169
105
-38
-53
220
439
304
19
-164
2
90
59
36
-266
-454
-504
-604
-418
-399
-650
-958
-885
-757
-964
-1059
-1133
-1088
-1214
-1233
-1189
-834
-716
-794
-785
-614
-357
-247
-199
-145
217
453
773
761
777
934
1112
1206
1468
1547
1520
1846
1968
2248
2404
2429
2496
2589
2871
2967
2939
3101
3124
3235
3282
3429
3805
3864
3541
2089
1266
2754
4855
3788
639
-120
1854
2650
963
-55
439
517
-565
-1039
-619
-868
-1762
-1739
-1159
-1387
-2317
-2746
-2096
-1390
-1569
-2452
-3122
-2340
-1269
-1207
-2078
-2353
-2040
-1478
-1474
-1452
-1290
-1601
-1716
-1384
-947
-971
-1113
-1277
-843
-623
-771
-1132
-1133
-601
-418
-630
-949
-889
-617
-205
-240
-434
-639
-701
-494
-186
-69
-277
-389
-329
-65
-155
-398
-320
-81
-103
-406
-319
-339
-355
-97
-313
-309
-592
-611
-304
-166
-51
-569
-628
-586
-446
-104
-200
-221
-53
-19
-155
-83
207
393
754
560
663
821
1058
1317
1614
1787
1668
1814
2000
2325
2496
2640
2600
3032
3381
3447
3626
3948
4303
4297
2970
1774
2666
5076
5189
1966
214
2073
3616
1907
-13
383
1145
279
-740
-913
-1003
-1601
-1647
-1389
-1862
-2839
-3263
-2556
-1974
-2155
-2984
-3704
-2973
-1883
-1681
-2418
-2722
-2093
-1379
-1493
-1689
-1316
-1100
-1111
-1137
-1156
-958
-999
-839
-517
-851
-941
-1381
-1044
-722
-570
-1076
-1470
-1280
-1194
-892
-1357
-1564
-1721
-1760
-1625
-1808
-1786
-1494
-1725
-1660
-1478
-1907
-1715
-1344
-966
-1024
-1101
-1219
-949
-744
-578
-307
-495
-397
-337
-33
22
23
-337
364
-82
73
404
510
586
327
398
159
726
577
842
602
518
649
877
774
827
1138
1111
1442
1531
1404
1724
1923
2194
2418
2530
2762
3079
3438
3841
3782
2166
1465
3293
5600
4393
998
664
3380
4235
1602
99
1371
2137
649
-666
-294
-295
-725
-328
-842
-1515
-2363
-2146
-1393
-1581
-2226
-2994
-3045
-2392
-1685
-2021
-2844
-2671
-1880
-1461
-1820
-2048
-1414
-948
-1031
-1308
-1280
-868
-297
-104
-177
-226
-213
-260
62
428
287
-212
-356
226
162
-130
-311
-258
-83
-368
-559
-764
-658
-699
-850
-926
-1220
-1232
-1280
-1132
-1098
-1505
-1577
-1519
-1343
-1194
-1218
-1122
-1129
-1041
-860
-518
-372
-370
-162
119
389
241
403
893
1222
1162
1076
1341
1570
1815
1924
1827
1800
1966
2155
2202
2183
2193
2325
2519
2317
2096
2256
2551
2873
2701
2557
2541
2907
3180
3282
2250
919
1710
3808
4381
1143
-431
1657
3455
1862
-521
128
1331
821
-451
-854
-537
-795
-854
-737
-1417
-2284
-2229
-1352
-1243
-1797
-2471
-2821
-2185
-1348
-1478
-2455
-2757
-1825
-1255
-1464
-2237
-1761
-937
-1158
-1542
-1717
-1107
-673
-586
-781
-847
-402
-837
-722
61
-323
-954
-886
-516
-114
-696
-785
-542
-77
-353
-704
-669
-560
-142
-394
-683
-931
-1048
-1008
-851
-733
-1104
-1485
-1413
-1086
-1089
-1382
-1404
-1250
-1108
-1177
-1197
-940
-896
-779
-568
-531
-427
-230
-16
409
465
474
584
732
1144
1598
1440
1288
1763
2013
2025
2185
2400
2464
2610
2652
2855
2946
3067
3411
3406
3374
3444
3887
4143
4219
3045
1498
2448
4686
4759
1261
-454
1790
3378
1300
-1029
-119
1135
99
-1506
-1693
-1191
-1488
-1776
-1863
-2449
-3120
-3102
-2332
-2166
-2778
-3558
-3721
-2951
-2025
-2273
-3351
-3241
-2268
-1714
-1704
-2162
-1428
-505
-561
-1266
-1480
-952
-469
-120
-391
-553
-596
-442
-348
-206
-236
-658
-653
-386
-248
-678
-782
-609
-598
-903
-1247
-1104
-820
-797
-932
-972
-1260
-1160
-1197
-999
-941
-1245
-1508
-1277
-1128
-1155
-1016
-1140
-1047
-956
-1013
-855
-534
-358
-201
-487
-104
100
-35
260
317
603
402
537
744
787
1346
1512
1331
1464
1577
1347
1539
2010
2401
2259
2281
2579
2903
3114
3285
3197
3305
3520
3946
4333
4422
4017
2186
2178
4434
5967
3276
135
1634
4286
3403
251
73
1930
1852
53
-841
-447
-543
-935
-1049
-1547
-2325
-2780
-2108
-1712
-2322
-3007
-3343
-2832
-2007
-1872
-2739
-2974
-2100
-1551
-1593
-1893
-1563
-725
-512
-826
-1266
-844
-53
303
223
-41
54
150
204
618
812
433
-50
-71
516
414
-16
-189
124
214
-344
-669
-622
-422
-588
-938
-1226
-1274
-1333
-1434
-1288
-1474
-1909
-2058
-1817
-1482
-1520
-1691
-1622
-1615
-1517
-1498
-1227
-1102
-936
-803
-743
-333
-108
57
155
386
539
510
556
883
1182
1395
1417
1414
1532
1519
1643
1884
2057
2163
2013
2139
2407
2814
2889
2884
2919
3099
3326
3408
3584
3774
3735
2046
1776
3769
5215
3272
221
1113
3902
3272
213
-4
1501
1470
-223
-1090
-585
-686
-848
-1268
-1960
-2487
-2708
-1974
-1676
-2395
-3063
-3093
-3021
-2480
-2015
-2499
-3010
-2394
-1946
-1955
-2161
-1928
-1187
-848
-1145
-1536
-1142
-374
28
-274
-403
-171
81
-37
95
441
404
199
87
180
300
434
275
-3
-101
-62
-22
-177
-184
-412
-561
-727
-863
-1013
-1151
-1012
-1165
-1553
-1883
-1749
-1497
-1589
-1502
-1556
-1677
-1854
-1777
-1151
-1046
-1158
-1234
-801
-585
-654
-524
-416
-176
-60
-34
-7
246
824
1003
883
1239
1222
1330
1268
1500
1731
1538
1754
1772
1957
2178
2418
2383
2544
2431
2772
2998
3216
3548
3574
2364
1463
2698
4660
3976
651
196
2596
3448
951
-635
670
1369
5
-1533
-1543
-1288
-1307
-1317
-2079
-2829
-3111
-2422
-1949
-2573
-3116
-3375
-3214
-2761
-2318
-2546
-3243
-3012
-2015
-2097
-2506
-2526
-1683
-868
-1112
-1994
-2087
-755
-629
-443
-822
-490
-207
-374
-37
67
443
68
-284
573
544
205
425
55
320
-19
-63
21
-171
359
-399
-175
-717
-710
-202
-578
-570
-926
-1127
-1175
-909
-928
-1143
-1254
-1069
-1190
-1176
-1129
-956
-913
-806
-792
-738
-650
-370
51
-9
46
168
426
523
799
1164
1205
1135
1215
1570
1790
1844
1836
1981
2225
2292
2216
2543
2947
3204
3179
3215
3633
3958
4234
4218
2876
2053
3457
5361
4479
998
624
3301
4092
1358
-107
1356
2051
859
-693
-618
-340
-477
-748
-1391
-2041
-2407
-1767
-1356
-1944
-2860
-3223
-2832
-2282
-2136
-2503
-3131
-2756
-2086
-2371
-2621
-2570
-1720
-1406
-1672
-2049
-1946
-1220
-727
-825
-1152
-1007
-850
-822
-745
-497
-315
-561
-463
-191
-147
-151
-37
78
-24
-17
-240
-282
31
-107
-350
-596
-662
-611
-642
-526
-641
-982
-1191
-1083
-847
-969
-1181
-1234
-1208
-1081
-1012
-991
-895
-829
-492
-534
-753
-229
-26
-55
121
-33
-160
428
821
1006
969
910
1031
1269
1366
1413
1652
1966
2099
1937
1934
2188
2550
2800
2964
3007
2977
3168
3437
3763
2723
1458
2442
4530
4481
1136
110
2556
3862
1616
-482
811
1904
887
-741
-796
-127
-358
-835
-1409
-1771
-1988
-1834
-1558
-1820
-2341
-2733
-2554
-1876
-1451
-1948
-2630
-2175
-1512
-1714
-2119
-2079
-1232
-1054
-1365
-1786
-1671
-944
-640
-548
-1127
-1067
-759
-802
-806
-739
-602
-779
-719
-754
-829
-698
-598
-540
-695
-854
-797
-460
-325
-456
-489
-582
-419
-507
-612
-609
-384
-523
-1032
-1177
-927
-639
-849
-947
-925
-749
-947
-970
-394
-271
-424
-316
-269
-269
-22
117
129
85
267
304
521
680
594
736
772
1063
1078
1387
1401
1622
1781
1984
2088
2081
2445
2771
3140
3036
3394
3647
4105
3091
1898
3176
5088
4412
1521
990
3317
4085
1664
-3
1699
2304
817
-299
-730
21
-34
-710
-1807
-1850
-1981
-1635
-1563
-2294
-2297
-2774
-2694
-2329
-1890
-2314
-2721
-2432
-2030
-1591
-2284
-1787
-944
-522
-1017
-1629
-1152
-151
15
-303
-643
-377
98
-19
-28
40
221
187
-218
-478
-137
115
108
-194
-182
-200
-168
-36
44
72
-126
-287
-143
-285
-351
-289
56
-92
-720
-686
-266
-173
-376
-477
-307
-288
-354
-3
120
42
110
296
573
539
626
845
1070
1076
1062
1094
1302
1554
1467
1703
1867
1802
1838
1993
2098
2193
2205
2255
2454
2742
2869
3034
3276
3291
3308
3543
3092
1980
2468
4105
4335
1870
609
2387
3825
2259
157
876
2146
1633
-36
-469
79
196
-351
-1223
-1728
-1740
-1420
-1262
-1890
-2292
-2406
-2472
-2321
-2210
-2029
-2470
-2562
-2197
-2193
-2387
-2289
-1712
-1366
-1714
-1926
-1739
-1006
-497
-896
-1245
-1033
-462
-436
-712
-569
-207
-4
-267
-471
-98
328
509
-104
-174
274
258
494
30
-83
-48
-222
-66
-113
-180
-195
-387
-170
-195
-557
-431
-282
-297
-508
-298
-490
-724
-417
-249
-193
-245
-201
-123
-29
-22
314
486
281
557
775
824
1243
1270
1371
1574
1665
1829
1945
2081
2055
2163
2454
2461
2477
2820
3190
3289
3361
3366
3599
3087
2098
2844
4368
4147
1789
963
2788
3826
1967
274
1229
2120
1248
-359
-410
338
145
-551
-1431
-1592
-1346
-1192
-1478
-1963
-2103
-2380
-2472
-2414
-2074
-1979
-2614
-2696
-2317
-2048
-2380
-2050
-1546
-1515
-1579
-2155
-1710
-1204
-1071
-1254
-1555
-1555
-1151
-1149
-1465
-919
-848
-692
-1388
-958
-487
-810
-406
-668
-544
-386
-311
127
-68
-173
-189
-70
94
-239
4
93
192
-46
-169
-114
-355
-122
-227
45
-325
-38
131
355
237
-100
154
213
124
305
666
877
827
676
563
760
980
1024
1034
1129
1331
1177
1262
1681
1624
1841
1919
1744
2008
2406
2909
3038
3158
3106
3362
3024
2442
2904
4322
4287
2363
1576
3019
3756
2636
1304
1805
2629
1813
552
281
905
880
172
-651
-1092
-1097
-909
-981
-1574
-1757
-1763
-1952
-2002
-2036
-1997
-2163
-2289
-2234
-2171
-2178
-1934
-1533
-1399
-1555
-1908
-1380
-785
-640
-892
-1186
-709
-355
-307
-586
-390
-42
-223
-462
-398
-58
82
36
62
93
-9
-76
165
315
258
-40
-207
-9
52
20
-4
-55
132
-8
7
273
130
-41
83
119
217
120
224
415
552
581
453
723
706
825
787
891
1122
1073
1139
1238
1432
1452
1348
1261
1181
1130
1435
1764
1868
1679
1711
1811
2096
2171
2127
2164
2173
2625
2278
1634
1789
3161
3370
1800
998
1893
2905
1951
807
1050
1814
1549
401
61
542
768
265
-581
-850
-674
-507
-685
-1158
-1420
-1443
-1438
-1559
-1586
-1572
-1730
-1813
-1811
-1894
-2073
-1805
-1508
-1294
-1811
-1927
-1712
-1511
-1147
-1419
-1557
-1441
-1044
-1291
-1466
-1118
-860
-809
-1052
-1013
-979
-705
-389
-658
-685
-393
-362
-154
-39
-83
68
46
18
-24
33
172
186
130
142
126
356
409
107
178
348
456
313
359
461
623
657
558
612
802
949
896
972
924
1122
1207
1319
1258
1303
1496
1521
1593
1562
1676
1787
1967
1728
1855
2045
2335
2265
2137
2431
2564
2728
2163
1569
1850
2809
2996
1649
843
1552
2465
1271
196
413
1133
710
-390
-659
-277
-102
-585
-1312
-1622
-1567
-1480
-1395
-1966
-1946
-2318
-2083
-2449
-2145
-2137
-2165
-1865
-2344
-2088
-2059
-1531
-1337
-1405
-1368
-1456
-1332
-1360
-1071
-1069
-1347
-1217
-1106
-1018
-1380
-1509
-1237
-876
-1535
-1802
-1315
-1153
-1029
-1311
-1298
-1239
-1124
-1018
-863
-808
-582
-679
-700
-558
-388
-367
-94
-153
-308
-189
-103
184
132
141
173
392
410
470
560
837
874
855
908
1106
1164
1326
1247
1082
1380
1389
1445
1563
1492
1166
1343
1463
1463
1439
1546
1831
1700
1724
2076
2200
2122
2145
2225
2505
2571
2081
1675
1876
2765
2873
1795
1019
1598
2271
1790
571
781
1425
972
36
-236
86
233
-48
-831
-1119
-1097
-951
-1199
-1696
-1687
-1537
-1919
-2146
-2024
-1819
-1748
-1886
-2045
-2200
-1913
-1682
-1442
-1599
-1575
-1531
-1356
-1152
-1026
-857
-1073
-1024
-971
-821
-884
-778
-495
-541
-817
-890
-579
-432
-477
-601
-501
-533
-388
-323
-354
-314
-323
-421
-536
-454
-468
-215
-274
-436
-662
-613
-355
-272
-321
-367
-254
-132
125
247
296
500
638
633
552
650
905
961
875
882
1108
1266
1168
1220
1336
1542
1327
1420
1557
1497
1412
1685
1778
1594
1621
1856
1994
1917
2038
2171
2281
2142
1802
1467
2092
2558
2151
1268
1080
1651
1589
872
405
790
875
221
-662
-468
-90
-310
-1045
-1464
-1695
-1555
-1380
-1803
-2048
-2314
-2326
-2163
-2161
-2063
-2239
-1977
-1981
-2243
-2191
-1941
-1648
-1754
-1707
-1737
-1590
-1555
-1343
-1253
-1394
-1581
-1379
-1080
-1167
-1259
-1074
-788
-877
-1059
-1014
-629
-615
-555
-726
-847
-538
-521
-354
-318
-399
-254
-243
-244
-212
-306
-102
86
76
-73
-35
222
271
193
234
368
431
386
604
685
874
886
754
1102
1251
1246
1272
1297
1359
1429
1336
1304
1350
1394
1313
1304
1159
1190
1210
1318
1296
1325
1366
1494
1798
1783
1727
1769
1829
1863
1575
1098
1429
1942
1939
1307
617
742
1169
713
253
0
256
573
-332
-599
-462
-387
-818
-1283
-1693
-1487
-1617
-1653
-1813
-2172
-2195
-2368
-2186
-2498
-2403
-2483
-2171
-2328
-2269
-2229
-1994
-1749
-1955
-1760
-1845
-1719
-1682
-1507
-1458
-1430
-1339
-1360
-1299
-1191
-1160
-1133
-1155
-1181
-1077
-1162
-861
-833
-1120
-1058
-802
-601
-504
-505
-575
-387
-353
-204
-374
-210
-112
-9
-138
-158
10
158
242
221
340
351
609
486
646
777
1036
947
942
1155
1228
1341
1281
1407
1539
1589
1589
1686
1794
1734
1640
1522
1701
1696
1600
1588
1671
1628
1534
1760
1876
1887
2006
2105
2131
2164
2030
1695
1686
2052
2134
1781
1419
1287
1470
1383
1092
838
595
667
437
5
-126
-151
-180
-595
-1118
-1329
-1291
-1267
-1465
-1748
-2005
-2011
-1918
-2034
-2010
-1951
-1835
-1918
-2132
-2077
-1735
-1500
-1519
-1452
-1513
-1404
-1347
-1131
-1141
-1057
-1200
-1340
-1348
-1249
-1131
-1212
-1125
-1286
-1161
-1177
-958
-1017
-916
-939
-1153
-941
-1237
-1046
-955
-963
-931
-1069
-1049
-880
-642
-628
-696
-727
-610
-474
-407
-246
-185
-25
7
98
165
285
483
546
662
663
807
1065
1169
1109
1181
1384
1397
1271
1313
1506
1635
1476
1437
1703
1818
1701
1636
1824
1897
1716
1797
2039
1912
1860
2058
2195
1970
2209
1704
1332
1663
2092
1790
1364
878
1081
1472
970
452
396
739
333
-375
-744
-715
-510
-773
-1613
-1781
-1681
-1656
-1872
-2293
-2458
-2277
-2280
-2535
-2501
-2412
-2375
-2409
-2404
-2321
-2161
-2085
-1871
-1659
-1734
-1676
-1475
-1311
-1121
-1168
-1185
-1095
-740
-714
-963
-657
-520
-569
-743
-835
-655
-578
-695
-710
-573
-491
-533
-588
-518
-428
-498
-553
-614
-496
-476
-555
-580
-656
-646
-723
-672
-601
-593
-570
-581
-383
-180
-166
162
196
252
336
355
604
844
924
1051
1069
1147
1323
1374
1332
1450
1403
1611
1622
1543
1586
1957
1941
1862
1991
2057
2210
2102
1912
2129
2363
2330
2259
2106
1866
1329
1764
2193
1843
965
789
1295
1502
585
-96
87
387
47
-854
-780
-539
-432
-1056
-1501
-1601
-1286
-1229
-1652
-1822
-1856
-1744
-1988
-1965
-2048
-1490
-1800
-1710
-1904
-2323
-2085
-1488
-1271
-1704
-1435
-1297
-1352
-1172
-1028
-1317
-833
-877
-891
-846
-677
-674
-527
-732
-879
-545
-475
-113
-153
-229
-192
-59
-102
-130
-81
71
25
-261
-147
-142
9
18
-19
-15
-71
59
115
43
-54
-27
133
193
271
372
537
730
697
816
922
886
760
1106
1456
1343
1226
1280
1513
1520
1581
1585
1789
1820
1779
1901
2124
2106
2269
2423
2244
2445
2562
2623
2635
2681
2615
2775
2691
2261
2122
2354
2512
2270
1719
1349
1382
1510
1219
562
506
572
243
-342
-674
-630
-721
-982
-1639
-1864
-1911
-1796
-2041
-2256
-2443
-2379
-2430
-2524
-2490
-2400
-2075
-1968
-2015
-2156
-1855
-1574
-1403
-1525
-1566
-1404
-1233
-1053
-929
-819
-910
-900
-753
-691
-730
-663
-541
-538
-574
-381
-440
-335
-427
-475
-463
-345
-197
-430
-328
-270
-177
-250
-181
-191
-30
31
-60
-100
-191
-1
8
-134
23
-237
-101
107
103
209
-29
349
419
495
674
493
711
716
779
1177
926
1065
1123
1181
1278
1264
1432
1399
1450
1502
1635
1770
1791
1782
1864
2146
2223
2229
2207
2348
2507
2491
2718
2608
2280
2017
2101
2662
2549
1747
1219
1707
1981
1387
515
549
983
622
-317
-516
-415
-349
-773
-1410
-1541
-1590
-1453
-1561
-1743
-2107
-2038
-2134
-2212
-2206
-2057
-1970
-2086
-2062
-2108
-1931
-1760
-1500
-1482
-1695
-1533
-1374
-1135
-1021
-1126
-1100
-882
-772
-898
-768
-746
-566
-549
-766
-708
-491
-424
-445
-553
-437
-331
-305
-254
-299
-308
-383
-503
-784
-698
-475
-353
-173
-355
-356
-443
-127
-140
-196
14
45
-70
-180
-18
206
344
319
327
327
499
455
663
683
417
628
941
1090
900
995
1142
1315
1195
1385
1447
1329
1453
1650
1742
1794
2046
2141
2110
2106
2125
2338
2497
2454
2382
2177
1765
1915
2893
2432
1271
858
1313
1586
1090
456
289
1022
300
-301
-479
-396
-281
-723
-1258
-1789
-1362
-1144
-1410
-1757
-1941
-1762
-1833
-2045
-1884
-1600
-1570
-1873
-1791
-1786
-1738
-1645
-1390
-1259
-1348
-1323
-1277
-986
-987
-919
-924
-872
-811
-700
-590
-472
-196
-242
-315
-283
-71
-42
32
-90
-159
-48
412
321
43
114
166
154
-111
-67
40
160
166
84
-15
54
277
315
206
201
68
65
48
120
117
253
403
389
391
376
692
900
760
763
897
1063
1209
1104
1043
1264
1298
1206
1322
1309
1463
1475
1516
1554
1427
1571
1865
1904
1907
2166
2015
2148
2265
2268
2400
2366
1782
1517
1966
2642
2073
768
788
1614
1561
571
34
630
756
-231
-974
-900
-640
-845
-1415
-1784
-1833
-1638
-1578
-1957
-2089
-2031
-1972
-2215
-2198
-2093
-1914
-1831
-1936
-1913
-1889
-1751
-1538
-1312
-1321
-1470
-1628
-1483
-1253
-1032
-1014
-1055
-979
-935
-831
-763
-470
-664
-866
-675
-682
-715
-357
-407
-289
-257
-588
-272
-303
-183
-73
-116
-198
-320
-414
-588
-215
-261
-405
-479
-416
-142
-77
-158
-128
-138
-69
-132
-10
159
281
313
231
377
478
684
693
696
800
931
765
950
1029
1025
1103
1099
1053
1110
1338
1453
1424
1379
1563
1745
1652
1765
2002
1966
1976
2129
2306
2340
2422
2239
1866
1683
2262
2717
1848
870
1122
1904
1543
335
8
703
733
-211
-1093
-863
-446
-841
-1401
-1951
-1909
-1520
-1662
-1999
-2374
-2267
-2156
-2325
-2352
-2349
-2276
-2441
-2249
-2260
-2393
-2231
-2070
-1963
-2059
-2225
-1920
-1424
-1205
-1342
-1226
-1157
-895
-951
-950
-974
-579
-299
-672
-919
-666
-275
-334
-522
-817
-541
-380
-497
-528
-473
-400
-500
-520
-557
-562
-540
-348
-271
-398
-495
-412
-20
-189
-447
-362
-228
-249
-155
-66
-51
404
-222
285
104
376
859
459
453
481
1033
948
918
1336
1198
1330
1362
1415
1517
1129
1671
1866
1936
1825
1984
1954
2231
2309
2390
2498
2627
2861
2732
3069
2733
2222
1869
2578
3366
2646
1226
1040
2249
2302
775
183
960
1475
507
-612
-524
216
110
-748
-1344
-1351
-846
-814
-1267
-1802
-1721
-1462
-1650
-2047
-2042
-1780
-1843
-1913
-2051
-2164
-2098
-1827
-1349
-1428
-1730
-1601
-1298
-936
-879
-1112
-944
-568
-510
-684
-848
-389
-112
-373
-653
-459
-34
35
-190
-278
-177
-142
-21
-222
-208
-105
-247
-146
-209
-282
-331
-370
-288
-529
-641
-587
-519
-496
-509
-650
-673
-445
-516
-549
-370
-292
-196
-165
-126
104
18
80
78
55
208
346
514
610
656
604
740
1091
1024
855
1096
1304
1170
1052
1094
1276
1553
1671
1546
1669
1821
1971
2127
2305
2301
2487
2470
1563
1237
2291
3246
1998
548
941
2308
2240
662
29
1013
1583
243
-1059
-515
223
-163
-1003
-1871
-1703
-1173
-1340
-1673
-1876
-1961
-2065
-2526
-2514
-2292
-2035
-2204
-2177
-1947
-2238
-2212
-2004
-1449
-1484
-1956
-1985
-1454
-1015
-1060
-1382
-1200
-767
-778
-816
-880
-506
-122
-373
-785
-557
-108
-95
-225
-334
-275
-202
-251
-305
-217
-329
-498
-464
-398
-374
-500
-287
-312
-413
-540
-701
-567
-576
-545
-635
-714
-592
-683
-521
-397
-345
-124
-251
-199
-139
59
183
46
24
100
219
385
374
338
368
496
809
831
827
845
1048
1184
1165
1108
1380
1418
1585
1755
1726
1873
1885
1732
1990
2164
2128
2382
2074
1244
951
2297
3126
1932
455
988
2389
1994
82
-119
1034
1241
-23
-1102
-831
-162
-502
-1379
-2138
-2160
-1520
-1570
-2132
-2604
-2245
-2351
-2768
-2637
-2443
-2175
-2385
-2360
-2085
-2172
-2129
-1756
-1301
-1672
-1908
-1863
-1212
-906
-903
-1038
-968
-549
-552
-901
-874
-228
48
-157
-611
-729
124
272
-241
-150
-175
-34
345
-56
-52
-141
-113
141
39
-213
-212
15
-32
-240
-528
-374
-81
-125
-260
-288
-307
-216
-114
-135
-134
-62
-68
-139
-340
-132
-54
7
163
170
125
198
336
602
860
731
721
1027
1336
1147
1051
1458
1819
1848
1550
1743
1997
2147
1995
1891
2153
2404
2455
2446
2565
2792
2962
3034
2489
1696
2146
3344
3405
1386
541
1861
2609
1392
-103
417
1329
726
-607
-1085
-467
-114
-543
-1579
-2043
-1583
-1310
-1530
-2147
-2204
-2001
-2281
-2426
-2255
-2021
-2173
-2295
-1915
-1839
-2062
-1953
-1562
-1419
-1676
-1906
-1569
-920
-758
-1093
-1170
-786
-467
-752
-1129
-874
-223
-241
-607
-740
-295
127
-34
-340
-332
-123
-2
-150
-302
-260
-89
-287
-325
-393
-386
-326
-412
-646
-857
-826
-837
-620
-649
-787
-762
-941
-835
-873
-657
-834
-580
-658
-614
-764
-544
-328
-309
-107
-128
-231
-291
232
-104
120
264
511
348
576
980
948
1245
1129
1386
1276
1362
1665
1592
1897
1950
2075
2284
2332
2226
2323
2426
2520
2538
2605
2570
1883
1733
2470
3209
1822
148
884
2170
1643
-172
-391
613
696
-443
-1308
-1125
-512
-743
-1589
-2304
-2144
-1416
-1523
-2099
-2598
-2253
-2053
-2275
-2471
-2172
-2032
-2193
-2090
-2006
-1856
-1843
-1611
-1250
-1156
-1220
-1309
-851
-506
-469
-714
-799
-406
-217
-411
-425
-259
10
-75
-395
-258
-122
208
25
-220
-159
58
-8
-441
-187
-89
-306
-451
-721
-892
-988
-944
-811
-1055
-1463
-1483
-1396
-1355
-1240
-1478
-1324
-1212
-1206
-1247
-1319
-1308
-1200
-1064
-1166
-1123
-691
-610
-733
-670
-478
-308
-418
5
176
293
349
540
590
634
908
1145
1050
1131
1348
1533
1788
1821
1845
1959
2012
2190
2381
2292
2653
2385
2377
2532
2587
2400
2636
2706
2211
1483
1589
3174
2725
596
78
1374
2091
766
-672
280
778
188
-928
-1240
-382
-344
-1023
-1809
-2005
-1347
-967
-1348
-1538
-1856
-1644
-1890
-1940
-1552
-1441
-1498
-1636
-1368
-1207
-1314
-1364
-820
-484
-674
-1090
-950
-98
181
-232
-475
72
528
401
157
425
719
766
160
-136
497
725
355
25
140
208
116
12
-10
-94
-295
-367
-546
-464
-567
-543
-422
-565
-748
-1090
-901
-828
-819
-995
-1087
-1077
-803
-658
-900
-679
-547
-631
-702
-500
-209
-81
-87
-27
-59
90
425
521
665
667
609
692
942
1007
911
1113
1106
1126
1237
1151
1265
1490
1643
1645
1556
1717
1826
1823
1960
1834
1707
1888
1886
1991
2003
2149
2224
2246
1972
948
1063
2215
2758
1034
-371
612
1921
1333
-442
-449
582
641
-482
-1312
-954
-283
-592
-1265
-1968
-1803
-1347
-1313
-1769
-1999
-1697
-1632
-2072
-1806
-1387
-1526
-1530
-1487
-1178
-1415
-1539
-1347
-643
-497
-876
-1436
-573
183
-236
-558
-291
215
180
106
-289
344
402
-106
-118
73
246
291
45
-139
-56
-152
-201
-249
-189
-275
-486
-570
-459
-428
-580
-557
-537
-723
-985
-998
-850
-868
-911
-1029
-1093
-920
-738
-724
-621
-498
-415
-425
-402
-129
189
191
-20
21
332
385
419
555
821
907
752
845
963
1018
1176
1084
1251
1225
1111
1213
1139
1336
1360
1264
1294
1418
1408
1441
1383
1276
1349
1290
1444
1607
1754
1752
1761
1698
1795
2112
1536
586
1012
2395
2246
303
-346
908
1796
537
-825
-500
657
524
-825
-1304
-402
-82
-538
-1513
-1896
-1436
-1080
-1302
-1884
-1810
-1605
-1850
-2032
-1734
-1469
-1744
-1822
-1609
-1449
-1664
-1791
-1335
-935
-1061
-1410
-1560
-811
-410
-658
-903
-557
62
-148
-395
-296
43
239
142
-293
120
594
639
435
271
227
-16
491
153
257
247
-52
-205
255
79
-378
-370
-446
-252
-557
-732
-422
-831
-711
-751
-1203
-812
-675
-557
-346
-461
-387
-109
-434
-208
-104
-50
-93
-146
8
101
133
243
444
527
405
580
612
727
928
952
978
864
992
1140
1267
1319
1394
1344
1559
1643
1615
1470
1711
2116
2048
1663
1600
2018
2065
2071
1913
2120
2193
2285
2456
2268
1799
1502
2120
3072
2503
870
713
1973
2253
898
-52
461
1126
834
-385
-954
-342
-67
-528
-1511
-1943
-1241
-952
-1408
-1965
-2009
-1761
-1910
-2121
-2053
-1944
-2108
-2048
-1707
-1717
-1912
-1768
-1338
-863
-1172
-1590
-1384
-665
-201
-461
-660
-466
-52
0
-248
-149
339
459
186
144
441
856
749
569
574
504
500
514
377
273
357
133
-20
-206
-152
-207
-290
-410
-765
-825
-859
-847
-864
-850
-1132
-1242
-1122
-922
-1050
-1069
-666
-757
-986
-964
-888
-759
-613
-563
-270
-513
-458
-354
-182
16
-57
-242
-238
262
283
433
600
751
631
947
917
869
1109
1099
1095
1217
1452
1454
1537
1563
1656
1596
1665
1681
1880
1913
1891
2023
2190
2216
2200
2279
2312
2284
1420
898
1430
2592
2125
184
-111
1080
1550
300
-675
-362
321
-125
-1199
-1535
-1069
-745
-1206
-1967
-2226
-1801
-1530
-1849
-2287
-2216
-2102
-2151
-2152
-1846
-1863
-2018
-1920
-1584
-1397
-1762
-1592
-1032
-598
-768
-1176
-1041
-234
100
-377
-618
-213
335
358
49
67
617
661
365
195
503
764
645
311
256
386
58
-66
-174
-68
-353
-733
-476
-614
-840
-993
-785
-930
-1037
-1323
-1494
-1343
-1452
-1536
-1860
-1825
-1591
-1576
-1678
-1758
-1579
-1515
-1498
-1547
-1499
-1220
-998
-1062
-903
-829
-682
-441
-444
-247
-83
57
240
335
645
795
814
805
996
1104
1016
1231
1483
1512
1407
1420
1336
1595
1783
1648
1796
1851
1684
1774
1837
1751
1673
1817
1899
1933
1909
1755
1880
1756
1703
1620
927
418
931
1930
1615
-41
-253
796
1198
51
-892
-395
63
-295
-1252
-1375
-812
-613
-986
-1780
-1999
-1540
-1235
-1413
-1734
-1605
-1508
-1665
-1573
-1194
-1036
-1236
-1060
-521
-457
-661
-699
-279
353
556
-29
-201
498
909
720
355
574
1053
1030
664
633
912
1126
940
676
764
965
895
699
509
479
444
203
29
109
129
-174
-408
-604
-677
-824
-1010
-983
-1130
-1347
-1493
-1517
-1417
-1393
-1383
-1519
-1535
-1496
-1432
-1417
-1412
-1150
-1063
-1099
-1048
-860
-712
-498
-423
-298
-65
94
233
209
178
413
550
536
565
645
812
926
998
903
982
1090
1198
1292
1115
1158
1299
1271
1272
1251
1358
1325
1263
1185
1191
1363
1385
1340
1209
1288
1450
1460
1215
1259
1336
1499
1488
1127
526
540
1266
1485
629
-388
26
917
987
-137
-527
53
347
-268
-907
-1045
-773
-213
-771
-1370
-1553
-1465
-949
-1182
-1695
-1454
-1335
-1409
-1221
-840
-848
-1056
-1026
-823
-725
-818
-769
-277
-41
-289
-562
-399
243
486
175
-70
300
565
351
256
395
617
628
273
343
568
608
583
327
346
325
221
151
246
162
28
-273
-472
-393
-461
-476
-757
-884
-1118
-1116
-1215
-1207
-1356
-1463
-1463
-1564
-1542
-1675
-1469
-1430
-1268
-1333
-1370
-1206
-1084
-996
-931
-922
-900
-580
-641
-578
-261
-392
-128
-182
-154
352
233
267
553
472
19
563
332
435
477
149
522
110
584
176
337
575
515
710
457
790
907
787
763
850
694
992
992
884
1176
1241
1292
971
1151
1115
1374
1329
1153
734
859
1531
1239
678
53
617
988
421
-57
-77
106
101
-347
-760
-653
-420
-546
-936
-1317
-1126
-1077
-966
-1138
-1323
-1332
-1342
-1475
-1443
-998
-1060
-831
-1012
-683
-598
-701
-527
-206
-20
-244
-273
-45
464
538
358
264
547
798
668
731
880
932
952
899
867
930
955
829
763
766
625
552
373
363
349
110
-130
-370
-298
-338
-549
-720
-683
-652
-701
-914
-976
-888
-867
-1056
-1223
-1295
-893
-825
-1128
-1068
-1023
-815
-789
-767
-595
-366
-450
-358
-238
-104
25
74
185
199
410
320
334
461
490
642
585
663
731
864
854
766
894
783
808
815
863
869
1027
1117
1066
993
1092
1180
919
1021
1104
1230
1347
1187
1151
1192
1340
1398
1442
1551
1504
1660
1694
1501
1098
1206
1588
1321
844
563
732
699
306
98
83
50
-143
-389
-786
-887
-633
-687
-956
-1369
-1270
-1231
-1127
-1286
-1346
-1227
-1294
-1145
-1051
-920
-1008
-879
-854
-785
-666
-719
-481
-240
-180
-177
-219
67
108
330
182
56
449
410
474
489
669
315
346
414
270
467
224
236
352
257
161
133
55
56
-132
-193
-288
-418
-619
-574
-509
-698
-692
-811
-872
-887
-955
-1085
-1271
-1110
-906
-979
-1084
-1003
-982
-891
-858
-898
-785
-787
-654
-526
-528
-563
-475
-417
-394
-410
-381
-240
-233
-395
-214
76
0
-13
-51
-85
115
260
227
308
491
439
495
541
581
645
753
840
810
855
817
904
929
1147
1082
1100
1257
1159
1233
1316
1258
1259
1356
1124
1208
1286
1557
1315
1370
1418
1137
1157
854
1422
718
524
728
232
290
105
-488
-243
-261
-773
-999
-1195
-1184
-934
-1045
-1249
-1133
-1126
-1165
-1422
-1289
-1120
-1235
-1354
-1344
-1233
-1310
-1283
-1454
-1066
-1210
-1165
-1120
-878
-394
-720
-605
-456
-269
-227
-32
-14
57
115
125
218
341
266
234
200
275
274
335
216
346
415
394
454
379
489
517
426
381
185
243
84
219
104
174
188
15
14
-197
-49
-257
-384
-546
-499
-618
-566
-512
-657
-542
-430
-514
-639
-562
-574
-699
-785
-772
-753
-654
-549
-619
-578
-533
-462
-332
-292
-165
-229
-159
-63
18
-18
-9
192
268
520
632
777
860
772
715
855
1054
1273
1023
900
1237
1189
1239
1268
1330
1518
1363
1330
1382
1391
1493
1509
1592
1537
1421
1379
1462
1536
1460
1356
1351
1221
1111
1063
1046
902
773
796
703
486
260
331
314
213
-101
-314
-390
-383
-523
-765
-907
-970
-1004
-1137
-1175
-1181
-1189
-1266
-1378
-1393
-1394
-1284
-1352
-1260
-1131
-1135
-1152
-1091
-862
-677
-875
-850
-701
-551
-452
-314
-224
-52
177
38
57
100
325
494
366
600
615
611
713
687
757
844
794
669
780
785
811
578
322
450
244
123
26
-15
-107
-128
-215
-337
-394
-849
-808
-881
-1014
-1027
-1238
-1336
-1256
-1358
-1249
-1327
-1432
-1289
-1338
-1099
-958
-991
-848
-911
-846
-723
-784
-643
-527
-428
-288
-173
-129
-78
-66
144
186
290
416
431
475
419
451
544
569
575
643
662
652
641
713
689
634
632
651
736
678
723
666
622
629
566
770
817
811
909
859
935
1056
1171
1048
1169
1343
1179
1073
951
1111
1247
1165
949
914
1064
846
540
424
443
247
42
-318
-448
-537
-597
-862
-1245
-1333
-1136
-1401
-1629
-1543
-1601
-1459
-1757
-1667
-1596
-1504
-1464
-1317
-1094
-1311
-1105
-1192
-946
-839
-743
-808
-722
-515
-469
-416
-45
44
200
353
378
535
547
706
555
677
711
706
608
534
371
433
485
469
126
256
465
187
34
-99
7
-221
-266
-451
-376
-419
-653
-623
-687
-574
-616
-729
-829
-749
-833
-895
-851
-725
-586
-654
-801
-569
-627
-512
-549
-617
-514
-318
-443
-266
-295
-98
-276
-217
-153
-335
-30
-159
-2
172
28
232
155
22
320
326
377
220
401
288
411
346
282
397
375
357
326
354
430
385
302
330
363
501
450
546
580
511
721
937
976
951
1079
1149
1289
1356
1477
1274
1111
1544
1757
1561
1114
1108
1471
1450
1004
683
807
1039
960
446
300
339
372
289
23
-326
-311
-227
-406
-677
-836
-685
-754
-964
-982
-921
-966
-1073
-1031
-970
-958
-943
-994
-907
-710
-715
-785
-495
-327
-373
-509
-397
-206
-132
-9
-119
213
432
329
357
409
476
469
509
567
603
718
622
543
602
444
341
340
223
326
390
273
198
29
68
-39
-199
-356
-389
-332
-406
-472
-651
-765
-827
-826
-938
-917
-950
-917
-834
-832
-879
-837
-765
-644
-596
-709
-601
-427
-95
-385
-409
-302
-274
-188
-99
-93
-100
140
161
488
338
554
833
727
505
322
675
929
787
732
941
883
621
776
626
625
714
741
864
729
671
657
605
529
456
422
403
227
211
243
87
192
88
46
223
-42
-68
-29
-168
-127
-164
-152
-56
-168
-186
-177
-267
-283
-339
-471
-339
-263
-314
-251
-380
-217
-213
-182
-256
-373
-234
-379
-360
-341
-447
-451
-499
-452
-435
-439
-304
-436
-438
-345
-317
-266
-263
-271
-368
-301
-271
-498
-422
-434
-538
-541
-488
-342
-335
-319
-465
-549
-427
-488
-569
-652
-604
-609
-633
-610
-636
-628
-667
-968
-804
-647
-823
-528
-511
-382
-315
-213
-325
-258
-377
-367
-218
-129
25
-205
-161
-236
-212
-24
-29
-10
-43
282
412
181
319
481
624
619
611
728
814
919
1054
1240
1396
1546
1443
1534
1463
1573
1681
1587
1439
1263
1206
1273
1053
1080
1304
763
758
858
703
413
502
-156
21
-154
-566
-277
-727
-686
-770
-761
-618
-1071
-807
-758
-933
-975
-890
-756
-575
-555
-510
-407
-303
-178
-122
-158
-56
154
236
212
287
296
279
446
530
510
518
592
607
681
594
632
917
812
844
770
799
843
603
583
635
847
569
398
387
443
415
99
98
52
13
-77
4
-120
-68
-29
-181
-145
-229
-222
-262
-202
-265
-153
-182
-205
-124
-120
-30
-26
-27
-5
171
145
110
235
308
230
342
322
331
335
213
97
74
129
217
280
120
236
218
152
171
185
119
116
4
204
278
228
234
31
-68
-165
-212
-197
-155
-195
-241
-291
-303
-256
-287
-257
-166
-251
-230
-113
-105
-214
8
-135
-147
-102
-96
-130
-92
-25
-68
-83
-98
56
54
137
-18
-154
36
97
-32
145
-81
-277
-238
-102
52
-13
10
-42
6
-97
-278
-406
-345
-181
-282
-221
-19
-206
-176
-64
-137
-150
-123
-193
-52
-182
-99
-144
-140
-89
-94
-79
-105
-128
-172
-51
-19
-44
58
58
-52
63
65
171
174
151
209
178
226
247
131
162
294
285
215
225
101
211
228
191
227
211
268
271
249
114
172
269
250
184
104
126
190
222
163
228
131
134
186
92
65
56
99
156
43
-44
-25
-32
31
39
82
-181
-214
-151
-149
-108
-245
7
-22
33
-119
-95
-159
-97
2
-138
-173
-274
-80
-193
-63
-283
-401
-364
-415
-359
-428
-353
-81
-186
-89
-44
-53
-86
-238
-134
-191
-107
8
-127
-105
-105
-143
-106
-134
-421
-334
-252
-85
-320
-236
-72
-112
-59
-87
-54
37
21
7
96
7
59
64
235
159
53
190
186
58
200
378
59
431
166
150
237
75
370
39
57
455
218
67
343
357
360
563
189
404
162
208
435
368
476
161
463
128
398
454
358
443
292
311
300
391
191
168
267
300
109
135
289
297
200
186
154
81
135
36
51
105
216
206
159
251
336
465
531
435
121
213
499
635
401
235
321
565
453
395
588
612
576
545
595
734
799
722
548
522
658
626
554
455
484
410
414
217
271
248
192
89
55
0
-71
-88
-222
-247
-256
-265
-267
-245
-250
-290
-441
-522
-561
-540
-470
-346
-307
-223
-296
-323
-187
-195
-219
