-19
-37
-25
-42
-35
-27
-22
-11
-16
-13
1
-2
8
5
-5
2
-6
-2
-17
-25
-6
-7
-12
6
17
9
9
-7
-8
4
15
19
30
33
44
26
24
22
21
31
30
30
25
34
48
45
20
29
18
36
37
17
11
25
21
15
10
20
22
9
39
49
53
58
67
69
70
80
69
76
63
55
58
61
52
42
41
27
17
40
52
72
86
88
102
106
98
109
117
109
129
134
135
114
98
110
111
100
103
74
88
77
71
55
43
37
44
40
20
37
21
29
14
20
4
-2
9
6
-9
11
8
-4
25
11
0
13
5
0
6
17
16
5
5
5
23
39
56
57
53
64
79
81
113
108
100
110
116
100
97
95
76
67
58
67
61
66
69
66
71
57
67
56
60
72
79
75
51
54
44
58
47
63
34
26
30
11
21
12
6
23
7
-5
5
0
2
15
9
7
15
18
2
11
44
20
44
17
6
20
16
41
33
25
7
5
-13
-5
1
-29
-20
-30
-46
-57
-61
-35
-48
-46
-38
-22
-27
-36
-25
-33
-17
-17
-18
-44
-36
-42
-46
-50
-52
-36
-31
-31
-41
-46
-48
-37
-35
-26
-20
-20
-28
-34
-24
-26
-30
-39
-43
-42
-51
-48
-55
-63
-61
-42
-50
-29
-32
-40
-26
-43
-44
-38
-62
-55
-30
-64
-70
-50
-39
-30
-26
-7
-3
5
-6
-19
-17
-20
-25
-21
-23
-42
-50
-58
-63
-70
-69
-77
-69
-65
-74
-59
-44
-37
-19
-24
-12
-17
-15
-34
-25
-23
-35
-24
-29
-27
-21
6
5
8
8
5
21
48
50
51
75
68
73
78
58
57
56
56
38
32
30
13
20
12
9
35
53
50
41
35
25
36
37
32
26
15
20
11
7
7
-2
-7
8
1
11
19
16
24
25
25
14
-3
-20
-14
-17
-29
-44
-47
-50
-56
-73
-50
-27
-32
-35
-38
-54
-31
-36
-42
-41
-39
-40
-59
-39
-41
-18
-6
0
12
40
58
49
56
72
55
61
97
92
92
78
69
85
59
67
70
44
37
23
16
2
-5
-12
17
-1
7
18
39
56
28
67
61
55
49
49
38
20
27
4
-9
-30
-41
-6
33
38
71
131
104
75
70
72
37
30
49
32
80
160
139
32
2
-5
-117
-186
-117
4
53
53
84
116
89
9
-21
-27
-106
-167
-110
-18
-5
-45
-40
63
167
131
48
123
-267
-1689
-2731
-2256
-1610
-1684
-975
969
1731
657
187
766
663
111
373
852
897
857
723
300
475
934
148
-991
-945
-772
-1489
-1723
-801
-252
-647
-823
-696
-789
-712
-440
-291
90
600
686
420
462
717
464
72
46
-18
-270
-342
-316
-353
-371
-455
-786
-1087
-1131
-1162
-1196
-808
-311
-144
-116
165
358
179
-14
-53
-503
-2072
-3928
-5096
-5662
-5890
-5415
-4078
-2590
-1833
-1566
-1377
-1259
-1007
-636
-205
576
1204
1116
761
594
476
-43
-638
-879
-929
-871
-687
-339
191
586
560
346
279
423
654
947
1469
2051
2383
2486
2524
2567
2599
2591
2546
2585
2665
2715
2699
2745
2983
3032
2725
2369
2123
1934
1784
1824
2126
2495
2865
3199
3458
3663
3803
3743
3601
3503
3597
3706
3680
3908
4238
4343
4187
3687
3242
2843
2412
2089
1912
2134
2333
2130
1962
1591
339
-1341
-2758
-3642
-4328
-4618
-4170
-3543
-3150
-2925
-2948
-2985
-2881
-2662
-2298
-1748
-1094
-783
-831
-884
-973
-1339
-1843
-2285
-2528
-2716
-2898
-2833
-2664
-2611
-2668
-2809
-2862
-2959
-3067
-2924
-2618
-2249
-1945
-1721
-1449
-1275
-1207
-1076
-972
-896
-851
-817
-744
-695
-606
-559
-656
-776
-936
-1193
-1328
-1293
-1156
-880
-615
-282
91
295
381
437
576
734
850
1082
1411
1721
1998
2139
2251
2315
2224
2095
2017
2003
1999
2136
2424
2790
3197
3545
3793
3943
4051
4055
4164
4430
4785
5289
5854
6282
6649
7105
7647
8339
9454
10846
12041
12971
12949
10663
6672
2513
-1072
-4486
-7168
-8022
-7869
-8179
-8684
-8724
-8412
-8093
-7572
-6530
-4911
-3123
-1721
-626
820
2291
2732
2237
1682
1110
197
-798
-1309
-1403
-1685
-2419
-3429
-4246
-5008
-5752
-6217
-6082
-5466
-4742
-4029
-3177
-2177
-1407
-1082
-906
-705
-594
-474
-281
-3
121
-165
-712
-1376
-2040
-2809
-3602
-4281
-4725
-5000
-5023
-4727
-4253
-3707
-3249
-2985
-2737
-2603
-2496
-2315
-1963
-1482
-1126
-808
-528
-501
-646
-781
-873
-951
-1083
-1168
-1181
-1178
-1023
-826
-661
-435
-173
0
129
443
895
1246
1606
2038
2420
2585
2677
2787
2840
2870
2870
2833
2843
2849
2799
2823
2918
3059
3349
3762
4258
4707
5121
5616
5981
6507
7291
8031
8564
9320
10329
11276
12333
13728
14078
11897
8032
4090
361
-3264
-5929
-6884
-7255
-8074
-9000
-9684
-9867
-9492
-8700
-7311
-5203
-2916
-1311
-270
1153
2673
3173
2843
2360
1666
712
-239
-699
-755
-952
-1691
-2986
-4217
-5162
-6099
-6748
-6621
-5881
-5175
-4518
-3725
-2788
-1944
-1366
-1001
-770
-619
-453
-325
-41
360
359
-222
-1004
-1934
-2955
-3940
-4493
-4686
-4916
-5008
-5060
-5133
-5032
-4792
-4409
-3857
-3385
-3026
-2687
-2256
-1729
-1228
-803
-525
-560
-731
-1061
-1439
-1574
-1592
-1491
-1495
-1518
-1404
-1394
-1498
-1441
-1199
-936
-724
-299
359
923
1411
1823
2041
2229
2361
2520
2838
3253
3683
3858
3843
3743
3425
3019
2811
2789
3070
3493
4123
4876
5489
6003
6351
6606
7018
7427
7796
8671
10173
11854
13503
15103
16461
15937
12540
7934
3626
-225
-3708
-5977
-6449
-6566
-7697
-9170
-10147
-10290
-10034
-9404
-7678
-4958
-2268
-476
897
2560
3706
3624
2868
2265
1795
1037
367
195
192
-258
-1427
-2942
-4202
-5388
-6419
-6884
-6536
-5679
-4925
-4114
-3188
-2406
-1824
-1481
-1150
-752
-191
348
781
1395
1726
1428
601
-355
-1372
-2543
-3436
-3923
-4177
-4380
-4569
-4672
-4667
-4623
-4618
-4529
-4260
-3887
-3374
-2736
-1902
-1137
-620
-325
-245
-416
-797
-1135
-1248
-1189
-1106
-963
-929
-985
-1115
-1438
-1658
-1718
-1628
-1414
-1041
-307
370
878
1330
1586
1717
1731
1775
2147
2683
3290
3805
4134
4337
4229
3941
3794
3774
3855
3901
3937
4127
4584
5147
5479
5876
6537
7089
7422
7814
8637
9992
11398
12810
14376
16092
16958
15009
10736
6255
2306
-1424
-4598
-5762
-5586
-6320
-7955
-9375
-10172
-10461
-10443
-9549
-7401
-4535
-2018
-387
1094
2669
3224
2513
1686
1221
812
389
366
721
694
-210
-1811
-3407
-4588
-5614
-6516
-6755
-6143
-5385
-4918
-4323
-3537
-2907
-2716
-2613
-2138
-1434
-783
-268
334
966
919
106
-862
-1700
-2558
-3320
-3762
-3930
-4155
-4531
-4909
-5276
-5505
-5625
-5555
-5109
-4448
-3730
-3095
-2461
-1761
-1235
-970
-826
-718
-713
-840
-968
-983
-1039
-1216
-1468
-1671
-1826
-1941
-2058
-2047
-1798
-1492
-1230
-849
-345
102
520
864
1233
1558
1881
2323
2789
3382
3913
4241
4409
4390
4381
4285
4262
4452
4676
4744
4694
4810
4965
5071
5498
6268
6858
7306
8003
8797
9565
10438
11627
13122
15006
16484
15411
11518
7045
3027
-864
-4305
-5779
-5576
-6020
-7604
-9637
-11077
-11610
-11605
-10887
-9165
-6229
-3332
-1530
-35
1563
2546
2283
1639
1420
1297
1121
1216
1618
1623
730
-944
-2704
-4131
-5369
-6327
-6546
-6061
-5601
-5494
-5362
-4934
-4458
-4103
-3698
-3014
-1972
-923
-188
394
936
1021
472
-404
-1131
-1769
-2413
-2806
-3025
-3197
-3488
-3953
-4431
-4803
-5103
-5244
-4964
-4342
-3663
-3110
-2653
-2117
-1698
-1456
-1255
-956
-605
-422
-381
-328
-373
-556
-845
-1111
-1314
-1482
-1625
-1688
-1575
-1421
-1242
-972
-563
-154
249
680
1187
1712
2118
2606
3172
3754
4342
4748
5097
5284
5373
5375
5205
5168
5411
5724
5756
5444
5264
5411
5877
6439
6902
7382
7993
9138
10433
11420
12693
14714
16856
17091
14408
10300
6416
3159
15
-2601
-3670
-3932
-5197
-7958
-10702
-12156
-12642
-12350
-10957
-8642
-6194
-4133
-2325
-675
471
807
670
820
1368
1792
1981
2341
2773
2433
909
-1114
-2651
-3583
-4284
-4864
-5158
-5111
-5257
-5756
-6256
-6251
-5821
-5331
-4560
-3344
-1999
-903
-7
744
1097
923
451
35
-238
-419
-718
-1220
-1771
-2503
-3533
-4510
-5116
-5354
-5423
-5390
-5059
-4744
-4604
-4463
-4203
-3703
-3094
-2525
-1942
-1334
-802
-457
-265
-59
148
178
89
-54
-248
-518
-709
-729
-778
-953
-1133
-1094
-943
-673
-425
-149
222
722
1309
1842
2548
3296
3909
4288
4656
5158
5526
5721
5826
5951
6000
5748
5368
5164
5297
5656
6075
6505
6969
7251
7617
8153
8770
9894
11636
13662
15392
16268
15266
11872
7195
3673
1590
-243
-1752
-2496
-3044
-4699
-7722
-10963
-13058
-13406
-12300
-10521
-8131
-5916
-4634
-3920
-3025
-2030
-1707
-1553
-773
600
1914
2721
2856
2617
1944
704
-900
-2187
-2772
-3053
-3146
-3307
-3682
-4716
-6105
-7260
-7490
-6933
-6135
-5258
-4194
-2951
-2118
-1795
-1624
-1445
-1317
-1065
-695
-263
-98
-276
-671
-1299
-2130
-3112
-3963
-4395
-4356
-4227
-4236
-4356
-4597
-5009
-5271
-5142
-4655
-4097
-3517
-2777
-2170
-1760
-1583
-1440
-1099
-742
-362
-47
199
382
338
116
-57
-155
-268
-529
-638
-533
-431
-334
-157
145
478
857
1335
1887
2514
3143
3695
4217
4710
5282
5734
6059
6329
6529
6548
6379
6405
6653
7099
7536
7877
8297
8780
9305
9924
10377
11205
12566
14447
15665
14347
11027
7456
5151
3297
1069
-1229
-2616
-3680
-4980
-6924
-9116
-11009
-12584
-12788
-11491
-9196
-7346
-6410
-5567
-4208
-3013
-2309
-1941
-1164
175
1506
2748
3475
3543
2792
1609
770
399
-153
-1062
-1845
-2218
-2580
-3516
-4845
-6015
-6665
-6835
-6662
-5991
-4953
-4130
-3592
-3082
-2604
-2372
-2408
-2122
-1335
-512
-29
35
-81
-460
-1043
-1649
-2039
-2323
-2679
-3035
-3129
-3149
-3543
-4174
-4722
-4894
-4897
-4810
-4487
-3930
-3506
-3158
-2750
-2208
-1708
-1405
-986
-378
407
850
1036
1184
1399
1478
1319
1193
1160
1090
853
794
940
1030
927
829
1026
1531
2160
2801
3364
4027
4483
4797
5124
5598
5958
6130
6367
6926
7611
8022
8089
8181
8431
8859
9409
10603
11773
12551
13696
14953
16239
14654
11096
7364
5778
5062
3583
1303
-843
-2500
-4870
-7000
-9136
-10782
-12761
-13432
-12224
-9722
-8223
-8047
-7997
-7109
-5517
-4601
-3559
-2378
-406
1264
2786
3742
3714
2605
1457
1573
2279
2515
1771
921
60
-863
-2170
-3541
-4768
-5668
-6133
-6122
-5703
-5376
-5485
-5861
-5729
-5146
-4604
-4276
-3628
-2407
-1193
-565
-380
-397
-604
-892
-898
-450
-111
-327
-859
-1273
-1730
-2507
-3524
-4186
-4324
-4277
-4318
-4470
-4563
-4777
-4952
-4842
-4409
-3841
-3287
-2548
-1639
-735
-121
99
339
732
1182
1534
1896
2261
2534
2524
2265
1987
1800
1566
1405
1630
2092
2450
2498
2487
2667
2847
2922
3298
3931
4649
5080
5341
6066
6814
7524
7747
8322
8875
9552
9968
11255
12871
14039
15364
16092
15802
12473
9135
7309
7256
6105
3819
1166
-976
-3278
-6276
-8881
-11240
-12535
-13562
-13003
-11686
-10573
-10782
-11056
-10065
-8496
-7254
-6451
-4532
-2095
345
1934
2736
2789
2370
2130
2817
4118
4972
4699
3573
2732
1537
-90
-1821
-3118
-3708
-4251
-4624
-5126
-5785
-6494
-7019
-7031
-6576
-6139
-5650
-4968
-3939
-2874
-2222
-1928
-1859
-1636
-1419
-900
-322
262
483
161
-326
-1001
-1637
-2412
-2824
-2905
-2892
-3071
-3568
-4219
-4897
-5422
-5529
-5270
-4946
-4465
-3947
-3285
-2600
-1953
-1471
-1028
-462
306
1103
1756
2275
2643
2858
2942
2876
2675
2537
2513
2688
2901
2941
2824
2627
2638
2830
2982
3077
3273
3913
4619
5041
5232
5660
6201
6705
7254
7900
8915
9414
10285
11176
12644
13901
15016
16373
15526
13167
10342
9573
9724
8566
6166
3246
1032
-1382
-3988
-6418
-8574
-10344
-11726
-12215
-11729
-11783
-12464
-12800
-11905
-10291
-9690
-8937
-7564
-5234
-2760
-1066
261
716
1041
1815
3092
4770
5597
5517
4973
4328
3783
2602
1373
482
-136
-723
-1782
-2925
-4427
-5661
-6201
-6326
-6226
-6602
-6720
-6503
-5813
-5157
-4910
-4672
-4423
-3754
-3036
-2314
-1603
-1151
-663
-320
-45
-10
-338
-495
-478
-279
-454
-1005
-1689
-2441
-2979
-3429
-3718
-4014
-4268
-4439
-4441
-4167
-3971
-3751
-3458
-2853
-2160
-1481
-830
-122
590
1278
1828
2283
2569
2674
2858
3213
3707
3932
3927
3842
4002
4149
4286
4343
4434
4432
4385
4512
4482
4581
4674
5251
5876
6473
6779
7115
7854
8852
9910
11235
12746
14014
15424
15448
13728
11238
10060
10688
10321
8294
5471
3086
993
-1304
-3623
-6001
-8315
-10132
-11079
-11348
-11754
-12757
-13463
-13112
-12027
-11612
-11558
-10683
-8709
-6230
-4193
-2740
-1978
-1499
-392
1399
3345
4721
5270
5423
5407
5369
4781
3896
3328
2807
2270
1169
-270
-1910
-3269
-4073
-4537
-5239
-6194
-6980
-7079
-6823
-6523
-6389
-6541
-6409
-6202
-5499
-4727
-3933
-3164
-2305
-1497
-1051
-938
-919
-635
-42
561
774
501
-71
-591
-1042
-1329
-1814
-2386
-2901
-3338
-3588
-3927
-4182
-4341
-4274
-4132
-4000
-3731
-3304
-2609
-1855
-1115
-551
-114
394
1027
1828
2535
3072
3580
3964
4370
4529
4641
4899
5228
5468
5397
5296
5284
5227
5116
5146
5471
5868
6047
5911
6300
7208
8376
9304
9743
10965
12318
14316
14599
12655
10603
10018
11390
11041
8980
6031
4010
2600
871
-1254
-3777
-6372
-8261
-9057
-9668
-10583
-12455
-13105
-12715
-11903
-12151
-12921
-12395
-10697
-8361
-6676
-5544
-4853
-4023
-2543
-438
1357
2562
3311
4144
5108
5373
5119
4464
4284
4358
4084
3109
1691
516
-348
-840
-1508
-2635
-4017
-5099
-5457
-5489
-5528
-6052
-6565
-6817
-6749
-6505
-6354
-5803
-5067
-4237
-3518
-3078
-2759
-2324
-1540
-527
328
633
508
383
464
446
367
4
-435
-884
-1434
-1830
-2248
-2688
-3078
-3211
-3266
-3480
-3649
-3569
-3110
-2459
-2003
-1725
-1374
-856
-190
596
1269
1880
2385
2901
3536
4082
4604
4930
5344
5689
6021
6244
6268
6404
6500
6753
6581
6772
6987
7083
7756
8067
9059
9533
10191
11137
12380
14254
13405
11016
9465
10171
11465
10113
7694
5441
3638
2221
311
-1223
-3246
-5563
-7089
-8065
-8832
-10400
-12013
-12064
-11457
-11467
-12657
-13426
-12224
-10474
-8856
-7724
-7036
-6318
-5678
-3907
-1725
-248
928
1788
3023
3802
3856
3963
4070
4735
4851
4128
3241
2052
1362
914
640
76
-1396
-2737
-3652
-3863
-4065
-4596
-5133
-5751
-6196
-6581
-6791
-6592
-6233
-5729
-5228
-4972
-4705
-4474
-3660
-2640
-1579
-883
-649
-304
28
502
736
768
710
320
-157
-459
-741
-938
-1313
-1626
-2044
-2531
-2710
-2832
-2682
-2512
-2286
-2197
-2183
-2031
-1708
-1224
-665
-120
433
846
1380
2019
2662
3187
3521
3973
4530
5082
5401
5617
5962
6276
6647
6772
6834
7139
7731
8045
8547
9066
9580
10115
10762
12729
13971
14481
11930
10092
10086
11654
12019
9551
7019
4708
3602
2068
714
-1236
-3356
-5620
-6805
-8034
-9648
-11057
-11713
-11050
-11518
-12662
-14225
-13988
-12476
-10679
-9427
-8859
-8585
-8082
-6506
-4504
-2457
-1262
117
1230
2149
2697
3053
3875
4779
5270
4884
4144
3354
2970
2832
2765
2064
738
-674
-1675
-2073
-2501
-3118
-3896
-4648
-5445
-6239
-6878
-7005
-6903
-6649
-6468
-6560
-6488
-6229
-5389
-4307
-3423
-2928
-2557
-1832
-1085
-331
257
639
806
707
525
407
446
379
122
-161
-546
-1164
-1546
-1775
-1699
-1698
-1848
-1949
-2062
-1978
-1810
-1559
-1290
-1010
-680
-327
161
969
1606
2257
2796
3299
3849
4272
4979
5473
5885
6320
6746
7342
7224
7597
8013
8605
9381
9542
10320
10637
11746
12674
14125
14599
12408
10338
9692
11730
12097
10106
7083
5141
3939
2655
1066
-438
-2276
-4559
-5946
-7369
-8385
-10144
-10632
-10269
-10708
-12048
-13887
-13847
-12373
-10766
-9910
-9576
-9386
-8747
-7551
-5450
-3404
-2219
-948
98
1230
1716
2234
3277
4323
4889
4501
3768
3251
3253
3358
3445
2814
1754
343
-463
-654
-979
-1574
-2533
-3270
-4172
-5118
-5800
-6069
-6034
-5982
-6211
-6508
-6741
-6508
-5770
-4874
-4130
-3725
-3302
-2662
-1757
-912
-231
83
442
595
577
702
836
995
934
713
281
-257
-680
-732
-617
-654
-932
-1261
-1439
-1483
-1432
-1290
-1078
-1089
-1031
-821
-316
405
897
1336
1799
2384
2875
3278
4030
4672
5277
5823
6379
6901
7177
7721
8258
9080
9621
9998
10525
10997
12421
13554
14703
13756
11308
10354
11159
12913
11429
8619
6086
5190
4348
2476
533
-1193
-2800
-4649
-6074
-7853
-9281
-10609
-10372
-10219
-11420
-13473
-14588
-13407
-11770
-10924
-10890
-10588
-10122
-9110
-7687
-5767
-4174
-3002
-1685
-469
505
947
1854
3131
4068
4075
3559
3390
3586
3841
3858
3543
2825
1846
864
627
260
-256
-1004
-1866
-2524
-3609
-4533
-5015
-5123
-5296
-5967
-6609
-6811
-6793
-6145
-5843
-5461
-5029
-4895
-4220
-3572
-2594
-1805
-1198
-551
-254
44
261
697
1271
1507
1368
1129
796
729
669
543
365
-40
-394
-686
-717
-686
-761
-824
-936
-1160
-1124
-859
-263
372
696
989
1163
1798
2559
3136
3673
4067
4624
5354
5793
6129
6412
7207
8187
8681
8698
8918
9689
10854
12188
12726
13644
13234
12157
11152
10973
12554
11953
10189
7691
5993
5157
3655
2182
843
-1176
-3155
-5125
-6753
-7520
-9039
-9488
-9996
-11081
-12439
-13941
-13472
-12314
-11738
-11439
-11497
-11073
-10121
-9181
-7307
-5690
-4417
-3239
-2421
-1289
-382
677
2039
2880
2970
2863
2718
3289
3644
3712
3613
2998
2471
1665
1341
1313
1102
416
-468
-1346
-2221
-3015
-3562
-3782
-4412
-5193
-6070
-6385
-6374
-6157
-5959
-5827
-5584
-5335
-4990
-4249
-3353
-2619
-2013
-1550
-970
-664
-237
269
746
1035
989
903
938
1036
1246
1183
888
624
404
387
307
195
137
-23
-202
-409
-488
-477
-232
179
541
543
589
1005
1644
2409
3000
3374
3761
4279
5029
5804
6295
6942
7276
7942
8785
9252
10045
10723
11806
13122
13706
13178
11885
11122
12149
13288
12654
10631
8383
7562
6415
5004
3560
1897
176
-1941
-3863
-5447
-6910
-8047
-8512
-9375
-10671
-12524
-13510
-12915
-12144
-11779
-11911
-11803
-11384
-10635
-9466
-7745
-6510
-5463
-4387
-3217
-2093
-1216
119
1471
2232
2343
2374
2706
3421
3830
3990
3858
3441
3090
2563
2286
2169
1744
1077
261
-725
-1529
-2369
-2780
-3218
-4102
-4857
-5693
-6128
-6333
-6294
-6076
-6131
-6293
-6105
-5737
-5080
-4418
-3774
-3014
-2618
-2043
-1455
-832
-182
234
604
885
1053
1339
1488
1628
1733
1518
1373
1166
1112
946
777
732
507
293
3
-146
-88
47
246
372
363
562
963
1485
2002
2274
2599
2913
3630
4362
4838
5454
5995
6865
7576
8153
8901
9571
10443
11444
12442
13680
12955
11642
11041
11918
13341
12329
10231
8174
7026
6273
5045
3429
2048
-315
-2102
-3823
-5504
-6845
-8662
-8849
-9564
-11232
-13119
-14286
-13600
-12563
-12597
-12795
-13007
-12566
-11439
-10300
-8479
-7406
-6393
-5176
-3983
-2688
-1660
-304
1224
2105
2267
2212
2584
3568
4003
4137
3869
3439
2991
2594
2542
2412
1897
1112
232
-498
-1189
-1917
-2320
-2863
-3608
-4577
-5385
-5688
-5832
-5888
-5965
-6145
-6229
-6104
-5647
-4931
-4357
-3824
-3306
-2834
-2183
-1628
-974
-281
174
480
617
895
1346
1733
1930
1985
1865
1751
1756
1838
1862
1654
1416
1215
925
743
522
495
549
406
241
174
371
633
1049
1598
2025
2355
2598
3221
3891
4665
5341
5878
6635
7101
7679
8382
9366
10181
11115
11964
12872
12526
11749
11210
11644
12930
12108
10459
8210
7314
6632
5476
3947
2293
332
-1522
-3295
-4892
-5905
-7549
-8012
-9027
-10388
-11971
-13144
-12592
-12014
-11985
-12246
-12502
-12104
-11090
-10175
-8561
-7603
-6618
-5589
-4605
-3250
-2163
-790
552
1242
1497
1652
2089
3071
3608
3778
3441
2971
2870
2675
2719
2453
2058
1486
744
75
-534
-956
-1456
-1906
-2585
-3496
-4265
-4546
-4747
-4776
-5036
-5339
-5571
-5560
-5133
-4800
-4372
-4037
-3698
-3268
-2765
-2289
-1571
-901
-470
-176
-7
470
911
1355
1600
1638
1632
1745
1701
1741
1767
1725
1765
1562
1361
1167
1086
1157
1141
1007
878
777
936
1201
1403
1632
1976
2333
2608
3104
3704
4387
4948
5497
6244
6992
7665
8167
9033
9796
10906
11593
12520
12422
11449
11268
11155
12462
11989
10522
8842
7344
6727
5699
4138
2889
895
-868
-2332
-4373
-5332
-6774
-7445
-8076
-9832
-11324
-12517
-12568
-11832
-11955
-12272
-12295
-12314
-11243
-10365
-9294
-8017
-7333
-6048
-5108
-4019
-2678
-1559
-237
665
898
1261
1639
2404
3139
3217
3295
2942
2719
2742
2627
2553
2116
1546
999
279
-257
-873
-1428
-1861
-2700
-3356
-4165
-4708
-4849
-4904
-4974
-5370
-5635
-5571
-5255
-4829
-4519
-4265
-3989
-3650
-3182
-2712
-2138
-1566
-1168
-723
-460
-7
390
873
1335
1548
1685
1690
1860
2022
2121
2118
2033
1804
1628
1417
1337
1255
1155
1099
902
874
782
858
1155
1238
1742
1947
2100
2508
2945
3782
4226
4482
5157
5969
6841
7531
7896
8860
9572
10745
11990
12400
11912
11148
10891
11859
12575
11722
10144
8032
7477
6714
5433
4154
2262
716
-829
-2853
-4272
-5726
-6772
-7417
-8899
-10278
-11757
-12655
-12197
-12031
-12096
-12362
-12732
-12098
-11196
-10319
-9131
-8234
-7132
-6028
-5267
-3943
-2735
-1423
-234
273
660
1079
1516
2385
2983
3145
3083
2525
2551
2645
2498
2497
2032
1523
924
87
-286
-674
-1188
-1680
-2545
-3298
-3865
-4379
-4400
-4700
-4909
-5077
-5507
-5418
-5214
-4839
-4431
-4245
-3925
-3605
-3193
-2619
-2008
-1522
-1062
-783
-432
17
496
988
1267
1384
1473
1645
1756
2021
2181
2179
2078
1830
1711
1508
1397
1383
1356
1303
1097
883
957
1096
1418
1578
1708
1900
1972
2693
3176
3844
4345
4654
5544
6178
6947
7679
8330
9354
10307
11281
12353
12074
11354
11294
11586
12634
12169
10733
9346
7995
7443
6590
5122
3791
1731
-112
-1408
-3286
-4360
-5679
-6878
-7730
-9454
-10821
-11603
-11999
-11618
-11711
-12155
-12025
-12266
-11487
-10296
-9416
-8266
-7613
-6586
-5492
-4638
-3222
-1833
-796
126
422
912
1702
2244
3023
3488
3493
3386
3062
3148
3348
3158
2912
2377
1700
1128
468
97
-274
-1095
-1933
-2710
-3310
-3797
-4229
-4384
-4462
-4824
-5219
-5360
-5125
-4645
-4502
-4415
-4170
-3917
-3456
-3028
-2503
-1909
-1566
-1202
-797
-457
-8
389
793
1120
1123
1175
1340
1569
1876
1945
1905
1799
1564
1563
1615
1692
1743
1549
1467
1404
1411
1596
1706
1838
2028
2196
2297
2503
2928
3444
3851
4090
4558
5365
5962
6682
7309
8092
9330
9796
10842
11390
11116
11266
10826
11755
11946
11012
10086
8478
7762
7027
5538
4593
2961
945
-412
-2373
-3346
-4642
-6003
-6753
-8346
-9637
-10690
-11497
-11366
-11538
-12040
-12107
-12352
-11910
-11186
-10380
-9250
-8521
-7666
-6596
-5580
-4324
-3084
-1947
-890
-264
144
766
1440
2070
2618
2750
2840
2822
2794
2923
2895
2719
2423
1899
1448
948
444
-62
-553
-1176
-1915
-2689
-3297
-3583
-3862
-4235
-4616
-5082
-5249
-5189
-4979
-4627
-4594
-4493
-4287
-3971
-3383
-2945
-2571
-2142
-1909
-1559
-1183
-734
-112
289
571
800
920
1078
1270
1467
1689
1694
1473
1440
1376
1456
1509
1448
1399
1202
1039
1205
1338
1339
1455
1387
1654
1729
1789
2240
2526
3053
3352
3567
4233
4912
5606
6261
6806
7654
8602
9400
10319
11021
10905
10737
10736
11350
11708
11005
9874
8831
7824
7160
5986
4540
3498
1577
196
-1487
-3032
-4116
-5482
-6436
-7496
-8970
-10101
-10839
-11243
-11069
-11419
-11546
-11536
-11526
-10818
-10108
-9289
-8308
-7541
-6619
-5691
-4828
-3535
-2301
-1302
-453
7
567
1268
1900
2442
2700
2785
2815
2720
2666
2716
2625
2358
1920
1465
919
488
-57
-548
-1075
-1831
-2312
-3025
-3505
-3748
-4141
-4321
-4720
-5006
-4938
-5011
-4716
-4524
-4419
-4120
-3988
-3450
-2991
-2541
-2049
-1719
-1375
-977
-608
-189
158
492
821
889
964
1079
1325
1544
1556
1475
1398
1355
1375
1535
1647
1715
1555
1420
1481
1579
1694
1809
1894
2158
2175
2232
2543
2829
3350
3648
4013
4561
5066
5802
6532
7309
7985
8847
9731
10729
10847
10314
10437
10848
11699
11414
10102
9089
8238
7540
6846
5438
4277
2659
792
-361
-1994
-3141
-4358
-5627
-6496
-7913
-9475
-10226
-10486
-10547
-10770
-11594
-11667
-11543
-11051
-10209
-9543
-8687
-7897
-7187
-6256
-5024
-4022
-2655
-1762
-1023
-322
86
929
1700
2278
2658
2664
2628
2810
2756
3020
2984
2468
2246
1566
1222
768
174
-134
-691
-1331
-2066
-2854
-3245
-3446
-3811
-4124
-4662
-4867
-4879
-4735
-4511
-4458
-4320
-4204
-3968
-3573
-3213
-2758
-2310
-2006
-1727
-1398
-948
-437
26
338
519
618
826
1085
1393
1544
1571
1509
1328
1329
1332
1368
1331
1182
1059
1020
921
975
1075
1102
1280
1413
1635
1853
2031
2417
2927
3281
3731
4162
4689
5422
5996
6607
7312
8035
8950
9781
10332
10186
9958
10232
10875
11172
10669
9776
8857
8128
7386
6578
5443
4188
2612
1052
-383
-1827
-3057
-4058
-5071
-6340
-7891
-9226
-9705
-9997
-10181
-10601
-11109
-11106
-11127
-10666
-9833
-9158
-8481
-7802
-7079
-5999
-5044
-3865
-2601
-1803
-1032
-487
123
978
1599
1997
2354
2339
2432
2447
2513
2807
2647
2418
1845
1380
1198
787
380
-209
-753
-1366
-2116
-2707
-3235
-3457
-3648
-4094
-4494
-4867
-4885
-4704
-4601
-4385
-4499
-4404
-4064
-3724
-3165
-2908
-2533
-2106
-1878
-1423
-1052
-650
-201
92
466
618
731
979
1346
1616
1596
1481
1448
1521
1653
1698
1718
1617
1421
1392
1342
1529
1548
1598
1626
1731
1957
1915
2345
2619
2896
3317
3595
4141
4618
5048
5985
6704
7250
8031
8573
10112
10365
9829
9842
10269
11330
10965
10024
9225
8587
7960
7066
5960
4866
3568
1958
682
-775
-2165
-3463
-4410
-5383
-6745
-8219
-9228
-9529
-9897
-10231
-10746
-10990
-10967
-10648
-10090
-9414
-8892
-8269
-7313
-6426
-5463
-4572
-3343
-2171
-1384
-794
-167
496
1152
1786
2106
2405
2399
2416
2637
2720
2689
2410
2068
1806
1366
800
481
94
-377
-1011
-1774
-2239
-2772
-3237
-3498
-3918
-4220
-4534
-4720
-4451
-4411
-4244
-4109
-4064
-3692
-3464
-3049
-2582
-2238
-1845
-1546
-1225
-782
-415
-26
365
537
659
776
973
1183
1390
1457
1409
1442
1461
1569
1675
1663
1682
1598
1555
1634
1629
1652
1783
1900
2036
2189
2238
2540
2677
3002
3359
3804
4224
4530
5010
5436
6078
6752
7404
8073
8737
9489
9801
9203
9340
9812
10583
10194
9109
8343
7686
7161
6278
5304
4132
2834
1226
98
-1330
-2508
-3610
-4626
-5406
-6951
-8257
-9149
-9358
-9581
-10108
-10664
-10918
-10834
-10567
-10001
-9264
-8609
-8169
-7380
-6466
-5470
-4476
-3396
-2306
-1515
-984
-362
301
1036
1666
1903
2052
2043
2080
2196
2325
2241
1922
1608
1333
961
524
96
-356
-734
-1427
-2040
-2606
-2970
-3123
-3393
-3782
-4134
-4485
-4594
-4325
-4346
-4149
-4201
-4130
-3798
-3521
-2987
-2708
-2374
-2069
-1838
-1524
-1106
-736
-294
26
286
457
584
921
1137
1312
1369
1419
1489
1565
1638
1677
1708
1706
1576
1462
1492
1573
1652
1685
1807
1930
2135
2232
2548
2840
3184
3443
3755
4424
4863
5445
5823
6371
7228
8049
8884
9374
9190
9084
9247
10019
10575
10049
9256
8221
7871
7425
6687
5682
4516
3314
1966
694
-637
-1767
-2800
-3565
-4799
-6159
-7538
-8273
-8509
-8912
-9355
-10062
-10295
-10393
-10145
-9555
-8949
-8551
-8096
-7490
-6719
-5689
-4740
-3606
-2829
-2132
-1561
-935
-21
732
1324
1647
1808
1953
2190
2361
2512
2428
2118
1916
1568
1209
897
479
76
-412
-1128
-1604
-2074
-2406
-2565
-2976
-3415
-3839
-4091
-3917
-3873
-3891
-3798
-3902
-3635
-3390
-3048
-2567
-2366
-2134
-1849
-1549
-1074
-778
-492
-118
97
349
579
729
1005
1206
1343
1489
1460
1469
1523
1590
1679
1704
1702
1683
1711
1740
1832
1877
1877
1991
2160
2248
2379
2552
2733
3072
3413
3761
4085
4499
5011
5567
6173
6850
7490
8249
9189
8822
8754
8862
9788
10421
9710
9115
8071
7891
7348
6602
5569
4598
3295
2063
1019
-355
-1300
-2560
-3251
-4495
-5750
-6911
-7709
-7950
-8389
-9019
-9707
-9896
-10089
-9662
-9310
-8764
-8574
-8142
-7268
-6572
-5524
-4717
-3518
-2708
-2104
-1491
-842
41
909
1304
1617
1848
1955
2292
2359
2629
2470
2195
2054
1764
1408
1072
762
433
-109
-942
-1451
-1901
-2210
-2567
-3047
-3539
-3883
-4073
-4041
-4067
-4176
-4058
-3978
-3797
-3508
-3238
-2865
-2478
-2298
-2038
-1853
-1458
-981
-693
-318
-80
76
216
543
920
1255
1313
1397
1505
1476
1679
1673
1732
1762
1656
1572
1589
1582
1627
1685
1776
1965
1892
1882
2161
2455
2941
2960
3275
3842
4078
4834
5110
5641
6373
6977
7718
8512
8131
8090
8366
8911
9687
8735
8263
7537
7025
6670
5948
5207
4107
2906
1626
707
-498
-1493
-2500
-3367
-4455
-5953
-7078
-7542
-7774
-8439
-8998
-9693
-9842
-9881
-9793
-9234
-8894
-8601
-8141
-7505
-6806
-5941
-5190
-4038
-3168
-2743
-2105
-1416
-479
331
695
1033
1320
1429
1773
1922
2169
2222
1789
1717
1555
1225
1008
761
420
-58
-804
-1275
-1558
-1988
-2297
-2779
-3241
-3547
-3767
-3827
-3746
-3903
-3897
-3850
-3748
-3337
-3254
-2913
-2562
-2351
-1989
-1740
-1393
-876
-610
-246
60
216
490
763
1107
1292
1333
1397
1540
1624
1646
1658
1686
1718
1643
1666
1681
1734
1769
1756
1925
1959
2063
2206
2414
2710
2973
3164
3410
3895
4450
4895
5238
5876
6211
7080
7920
8517
8345
7806
8336
9037
9584
8995
8307
7730
7220
6731
6054
5304
4276
3070
1889
918
-330
-1400
-2199
-2966
-3680
-5251
-6396
-6878
-7237
-7450
-8166
-8871
-9188
-9361
-9184
-8750
-8549
-8203
-7956
-7292
-6495
-5888
-4989
-4130
-3324
-2790
-2185
-1399
-639
8
420
717
972
1210
1494
1734
1902
1879
1668
1523
1363
1177
1066
814
421
-135
-773
-1195
-1469
-1741
-2040
-2591
-3095
-3402
-3688
-3628
-3616
-3740
-3693
-3785
-3605
-3302
-3034
-2619
-2358
-2097
-1853
-1689
-1242
-777
-374
-83
19
191
417
804
1159
1387
1377
1354
1408
1526
1653
1708
1713
1608
1529
1420
1439
1508
1601
1592
1692
1764
1851
2011
2168
2588
2926
3076
3231
3589
4068
4682
5106
5711
6069
6599
7279
7887
8267
7753
7957
8306
9008
8793
8017
7453
6792
6585
5924
5271
4261
3006
1892
1001
12
-978
-2081
-2929
-3597
-4870
-5826
-6709
-7080
-7288
-8087
-8436
-8770
-9080
-8975
-8709
-8272
-8080
-7999
-7382
-6637
-5969
-5271
-4481
-3630
-3049
-2498
-1822
-1116
-422
86
578
803
998
1277
1493
1825
1813
1524
1343
1260
1218
1103
740
447
66
-451
-818
-1108
-1355
-1754
-2232
-2559
-2915
-3071
-3127
-3069
-3149
-3327
-3351
-3293
-2917
-2696
-2506
-2197
-2016
-1754
-1544
-1296
-804
-530
-391
-176
4
269
464
726
992
1048
1107
1263
1392
1558
1630
1774
1859
1820
1807
1826
1923
1900
1955
1964
2003
2099
2151
2413
2628
2899
3096
3372
3882
4239
4467
4841
5477
6005
6475
6938
7747
7767
7438
7810
8052
8503
8124
7714
7526
6760
6165
5690
5053
4444
3150
1811
1070
-7
-852
-1800
-2602
-3508
-4769
-5680
-6116
-6484
-7004
-7611
-8004
-8178
-8561
-8429
-8099
-7746
-7598
-7533
-6945
-6402
-5804
-5040
-4190
-3556
-3158
-2638
-1866
-1190
-656
-173
28
328
534
620
1027
1244
1235
1039
818
933
836
605
372
138
-171
-598
-920
-1097
-1452
-1799
-2048
-2449
-2738
-2992
-2971
-2944
-3022
-3130
-3064
-2906
-2621
-2348
-2180
-1915
-1690
-1437
-1235
-885
-550
-305
-80
105
378
484
733
1062
1261
1388
1429
1500
1673
1733
1833
1952
1856
1793
1792
1805
1804
1733
1780
1884
1833
1875
1942
2063
2339
2513
2725
3066
3463
3958
4381
4785
5348
5687
6250
6818
7603
7772
7393
7570
7860
8546
8275
7770
7266
6649
6281
5767
5143
4362
3222
2110
1210
195
-577
-1563
-2465
-3208
-4425
-5343
-5898
-6270
-6590
-7164
-7689
-8104
-8332
-8314
-8018
-7755
-7713
-7588
-7279
-6767
-6060
-5420
-4630
-4017
-3505
-2914
-2276
-1591
-914
-422
-114
187
342
738
927
1185
1314
1152
1038
940
890
756
602
366
24
-458
-862
-999
-1367
-1646
-1883
-2276
-2548
-2818
-2878
-2799
-2883
-3066
-3139
-3114
-2828
-2538
-2344
-2076
-1929
-1614
-1364
-1032
-665
-379
-81
132
317
455
770
1070
1262
1347
1455
1576
1656
1699
1825
1931
1919
1867
1832
1916
1880
1877
1995
2089
2229
2154
2280
2472
2653
2950
3287
3482
3695
3901
4402
5087
5055
5555
6087
6924
7281
6668
7031
7166
7659
7575
7095
6861
6283
5776
5430
5132
4147
3259
2200
1591
827
-549
-1251
-1926
-2517
-3531
-4606
-5197
-5623
-6184
-6638
-6962
-7587
-7927
-8101
-7825
-7590
-7645
-7483
-7036
-6532
-6200
-5618
-4973
-4212
-3690
-3253
-2646
-2167
-1558
-1015
-519
-238
-91
113
371
589
525
494
430
451
409
217
102
-71
-289
-482
-725
-982
-1237
-1515
-1711
-2017
-2302
-2573
-2627
-2557
-2566
-2627
-2695
-2553
-2366
-2145
-1916
-1680
-1463
-1209
-908
-633
-392
-279
44
315
500
631
670
868
1071
1312
1503
1574
1664
1765
1921
2050
2090
2117
2133
2166
2150
2229
2322
2411
2493
2532
2556
2698
2893
3054
3292
3467
3879
4247
4567
4943
5133
5678
6207
6646
6828
6313
6388
6860
7110
7113
6571
5888
5707
5101
4791
4388
3369
2717
1485
692
104
-927
-1636
-2367
-3183
-3931
-4921
-5582
-5774
-6253
-6595
-6995
-7349
-7466
-7525
-7367
-7061
-6852
-6760
-6387
-6061
-5588
-5017
-4446
-3848
-3345
-2862
-2366
-1758
-1295
-768
-429
-265
98
198
393
554
551
493
413
308
268
135
-146
-306
-579
-754
-1023
-1232
-1426
-1668
-1898
-2168
-2254
-2417
-2424
-2523
-2598
-2539
-2531
-2366
-2204
-2042
-1779
-1485
-1310
-1004
-724
-414
-143
73
287
530
794
1036
1260
1376
1496
1635
1804
1897
1948
2039
2158
2254
2227
2167
2220
2256
2359
2369
2468
2624
2611
2707
2802
2965
3119
3348
3642
3807
4037
4319
4680
5111
5443
5853
6304
6183
6293
6445
6674
6868
6458
6365
6098
5557
5072
4575
4058
3424
2494
1605
847
-190
-1000
-1744
-2440
-3209
-4139
-4960
-5403
-5790
-6323
-6601
-7107
-7313
-7457
-7488
-7174
-7130
-7094
-6809
-6400
-6045
-5549
-5091
-4493
-4017
-3632
-2939
-2287
-1791
-1316
-932
-626
-273
-126
186
409
342
356
284
275
257
159
24
-91
-336
-519
-711
-855
-1033
-1277
-1522
-1808
-1955
-2044
-2086
-2185
-2364
-2369
-2302
-2221
-2003
-1899
-1721
-1467
-1337
-1105
-879
-609
-294
-86
122
335
491
713
948
1144
1344
1468
1539
1678
1846
1959
2057
2110
2188
2237
2195
2261
2353
2344
2435
2473
2508
2601
2615
2745
2846
3000
3255
3486
3647
3791
4064
4468
4887
5230
5518
5804
6046
5843
6142
6206
6220
6199
5665
5630
5192
4729
4375
3868
3282
2666
1641
933
356
-626
-1208
-2093
-2782
-3434
-4275
-4692
-5030
-5543
-5978
-6278
-6551
-6561
-6701
-6637
-6455
-6478
-6256
-5976
-5640
-5284
-4814
-4426
-3859
-3475
-3097
-2520
-2046
-1475
-1142
-909
-545
-226
-89
138
278
308
288
172
183
92
-190
-356
-429
-703
-845
-1123
-1356
-1488
-1764
-1778
-1957
-2167
-2209
-2242
-2190
-2211
-2287
-2212
-2127
-1940
-1729
-1557
-1409
-1300
-1033
-749
-464
-251
-17
198
461
657
929
1178
1368
1576
1672
1827
1910
2011
2206
2290
2386
2331
2273
2337
2389
2480
2578
2654
2662
2744
2775
2988
3236
3367
3655
3858
3970
4223
4438
4740
5221
5421
5755
5638
5255
5659
5752
5940
5685
5160
5115
4707
4373
4063
3497
2896
2189
1282
715
-123
-958
-1481
-2180
-2771
-3653
-4428
-4848
-5181
-5519
-5924
-6286
-6493
-6565
-6548
-6398
-6228
-6078
-5913
-5560
-5192
-4877
-4358
-3908
-3445
-3068
-2748
-2229
-1715
-1326
-899
-661
-415
-134
16
233
279
245
205
143
103
-4
-163
-324
-408
-656
-970
-1089
-1156
-1249
-1431
-1615
-1681
-1831
-1900
-1783
-1800
-1812
-1822
-1760
-1560
-1438
-1267
-1046
-858
-701
-434
-168
86
271
500
690
915
1133
1365
1572
1688
1860
1980
2128
2241
2426
2499
2553
2686
2649
2677
2710
2730
2819
2788
2778
2836
2783
2922
3065
3178
3291
3385
3585
3788
4032
4331
4502
4851
5129
5333
5478
5183
5622
5649
5519
5473
4928
4919
4506
4029
3734
3114
2478
1873
1046
463
-249
-1228
-1657
-2380
-3067
-3697
-4425
-4700
-5077
-5511
-5786
-6086
-6246
-6277
-6332
-6210
-6013
-5916
-5653
-5318
-4970
-4629
-4120
-3660
-3270
-2807
-2386
-1850
-1454
-1110
-666
-315
-144
74
188
363
440
327
293
228
106
-8
-221
-480
-686
-981
-1158
-1319
-1539
-1706
-1842
-1956
-2047
-2161
-2135
-2060
-2093
-2094
-1999
-1857
-1720
-1602
-1429
-1166
-961
-756
-536
-316
-62
211
462
671
851
996
1207
1397
1542
1683
1775
1820
1966
2075
2091
2153
2114
2137
2141
2152
2162
2174
2211
2250
2289
2267
2355
2472
2674
2888
2972
3177
3409
3600
4009
4252
4421
4751
4829
5219
5200
4907
5365
5161
5291
5025
4316
4466
3903
3593
3389
2519
2083
1420
557
303
-477
-1292
-1761
-2641
-2983
-3562
-4310
-4545
-4949
-5342
-5583
-5837
-5942
-5795
-5828
-5685
-5510
-5467
-5075
-4641
-4316
-3966
-3612
-3242
-2757
-2347
-2005
-1561
-1286
-933
-664
-511
-284
-62
63
74
136
66
42
-23
-111
-214
-447
-652
-834
-1030
-1175
-1370
-1641
-1774
-1924
-2030
-2026
-2152
-2113
-2130
-2101
-1900
-1815
-1673
-1515
-1323
-1075
-880
-723
-465
-234
-26
157
344
512
617
801
977
1133
1224
1246
1391
1511
1543
1642
1687
1742
1767
1772
1893
1988
1974
2000
2030
2048
2166
2268
2316
2470
2526
2706
2914
3067
3279
3438
3688
3896
3998
4178
4346
4581
4792
4818
4836
4607
4730
4904
4746
4555
4104
3745
3605
3230
2819
2272
1580
1124
583
43
-510
-1186
-1673
-2085
-2561
-3108
-3597
-3916
-4079
-4272
-4554
-4787
-4869
-4781
-4693
-4497
-4456
-4323
-4091
-3753
-3303
-3149
-2916
-2528
-2144
-1784
-1528
-1312
-1003
-796
-591
-425
-379
-199
-142
-136
-94
-233
-301
-337
-417
-512
-709
-891
-1013
-1160
-1274
-1403
-1558
-1670
-1803
-1883
-1892
-1879
-1841
-1817
-1736
-1632
-1574
-1418
-1212
-994
-818
-704
-560
-352
-121
42
199
336
439
571
686
783
839
917
1006
1088
1077
1112
1101
1134
1214
1275
1283
1204
1234
1302
1378
1405
1428
1450
1518
1601
1710
1851
1963
2023
2216
2392
2571
2747
2844
3184
3355
3546
3705
3798
4014
4066
4185
4130
3979
3919
3828
3682
3478
3057
2688
2363
2066
1787
1203
718
251
-251
-615
-1088
-1608
-2054
-2486
-2795
-3001
-3420
-3666
-3814
-4011
-3973
-4140
-4173
-4046
-4016
-3863
-3671
-3523
-3314
-3105
-2826
-2458
-2261
-2019
-1817
-1581
-1286
-1079
-861
-747
-661
-583
-457
-333
-323
-350
-423
-488
-537
-643
-758
-929
-1037
-1131
-1309
-1417
-1529
-1630
-1686
-1676
-1701
-1754
-1728
-1675
-1570
-1491
-1389
-1269
-1129
-1011
-824
-666
-485
-329
-188
-1
126
298
390
485
580
623
674
762
792
802
814
765
777
743
740
766
706
697
712
706
743
822
883
930
1035
1180
1319
1466
1576
1789
1952
2137
2284
2456
2639
2763
2895
2978
3190
3324
3355
3465
3416
3392
3424
3354
3401
3236
2989
2851
2645
2422
2212
1844
1582
1223
771
561
118
-228
-504
-922
-1141
-1488
-1898
-2026
-2251
-2404
-2485
-2730
-2834
-2857
-2842
-2694
-2646
-2661
-2567
-2499
-2309
-2036
-1983
-1858
-1709
-1582
-1361
-1220
-1116
-1034
-959
-821
-758
-746
-749
-754
-710
-709
-757
-853
-942
-997
-1031
-1072
-1171
-1316
-1354
-1417
-1431
-1448
-1509
-1524
-1533
-1510
-1443
-1336
-1302
-1214
-1122
-1056
-900
-798
-668
-476
-330
-204
-97
35
152
296
389
435
428
427
504
540
554
478
468
423
314
414
413
390
416
468
559
587
603
746
850
915
1065
1188
1364
1502
1616
1768
1944
2062
2230
2370
2501
2626
2670
2796
2841
2880
2934
2935
2914
2831
2681
2643
2608
2487
2303
2080
1853
1673
1476
1252
976
648
371
155
-60
-290
-651
-946
-1114
-1328
-1455
-1714
-1923
-2013
-2097
-2176
-2229
-2328
-2339
-2255
-2203
-2134
-2084
-2035
-1887
-1723
-1599
-1491
-1441
-1317
-1163
-1073
-952
-901
-856
-774
-749
-702
-642
-692
-707
-706
-736
-764
-821
-852
-880
-893
-936
-1022
-1101
-1103
-1072
-1075
-1110
-1091
-1120
-1049
-995
-983
-897
-822
-788
-703
-631
-523
-417
-334
-265
-193
-94
-32
50
79
126
127
157
167
190
214
231
251
267
279
291
322
345
443
504
553
603
670
765
898
1053
1153
1230
1369
1495
1628
1747
1827
1895
2003
2047
2140
2205
2193
2233
2181
2213
2218
2159
2059
1956
1873
1815
1730
1596
1407
1255
1200
1067
873
679
429
330
210
7
-193
-451
-605
-696
-827
-1037
-1245
-1376
-1416
-1490
-1610
-1729
-1774
-1796
-1736
-1784
-1832
-1889
-1887
-1749
-1731
-1684
-1670
-1662
-1536
-1459
-1428
-1369
-1331
-1234
-1192
-1162
-1125
-1130
-1075
-1042
-1016
-1051
-1091
-1067
-1039
-1021
-1024
-1052
-1048
-1013
-1005
-985
-992
-942
-851
-793
-716
-686
-641
-572
-479
-435
-390
-343
-326
-236
-162
-123
-70
-11
21
54
76
123
188
232
281
320
321
343
349
367
426
403
434
421
415
498
531
609
633
664
737
808
904
1003
1090
1208
1313
1390
1486
1544
1632
1752
1850
1889
1875
1858
1898
1954
1974
1871
1768
1724
1667
1649
1524
1357
1196
1106
1046
929
768
578
468
390
321
183
22
-111
-200
-284
-376
-487
-586
-612
-666
-701
-805
-887
-897
-882
-873
-860
-894
-918
-813
-775
-789
-730
-757
-716
-698
-703
-659
-677
-696
-674
-687
-728
-715
-763
-746
-767
-786
-797
-794
-776
-819
-831
-819
-778
-740
-725
-719
-699
-670
-630
-575
-541
-524
-522
-499
-488
-467
-452
-434
-429
-400
-406
-400
-349
-358
-296
-259
-253
-244
-224
-211
-139
-126
-156
-156
-163
-112
-49
-53
-46
-16
-6
37
67
82
131
177
178
258
300
320
392
456
566
650
695
779
841
920
986
1072
1130
1176
1200
1187
1167
1142
1126
1122
1105
1007
944
883
842
835
758
637
522
468
442
389
348
251
216
172
123
82
-17
-67
-93
-83
-130
-186
-211
-221
-201
-189
-229
-243
-257
-249
-242
-255
-256
-270
-305
-284
-290
-332
-385
-423
-425
-450
-472
-520
-570
-606
-656
-693
-686
-694
-688
-705
-720
-711
-647
-593
-546
-535
-519
-445
-349
-255
-213
-174
-142
-112
-46
18
19
50
70
65
91
72
77
76
77
77
42
-7
-25
-9
-1
-47
-53
-74
-76
-79
-85
-96
-108
-79
-59
-53
-63
-72
-37
-19
14
51
63
124
160
210
299
314
341
362
372
467
494
523
554
568
640
725
734
728
733
740
791
818
774
749
731
718
721
675
604
548
506
489
442
358
298
225
184
153
72
40
20
-24
-10
-29
-69
-68
-78
-95
-93
-123
-142
-129
-97
-75
-92
-128
-128
-98
-81
-88
-109
-141
-141
-76
-70
-85
-73
-72
-51
-37
-39
-68
-81
-50
-41
-77
-106
-127
-139
-95
-117
-131
-137
-157
-128
-82
-42
-36
-20
-17
3
48
53
36
56
67
82
94
64
40
45
49
61
58
20
-23
-42
-47
-35
-48
-81
-79
-72
-78
-72
-57
-68
-55
-56
-66
-93
-112
-90
-56
-61
-83
-120
-131
-93
-49
-42
-63
-74
-82
-47
-31
-33
6
30
35
97
132
128
167
196
235
260
241
224
211
235
244
242
218
198
185
218
227
225
207
197
176
166
153
123
131
157
182
178
137
129
163
149
185
180
127
113
94
73
97
89
91
76
39
51
57
69
47
47
67
45
40
51
16
19
46
24
9
4
-30
-16
-9
-17
-16
-12
-4
-4
15
14
40
49
65
101
118
129
144
167
189
213
212
222
241
253
243
220
208
199
183
152
133
109
95
62
46
20
-12
-40
-64
-65
-96
-125
-139
-153
-146
-139
-165
-165
-169
-205
-185
-180
-221
-250
-260
-257
-255
-243
-260
-238
-219
-225
-224
-211
-211
-218
-206
-214
-198
-183
-151
-107
-81
-45
-37
-10
14
53
70
88
97
80
86
132
152
144
138
126
126
105
112
97
84
79
53
46
16
-6
18
14
-9
-1
-16
-28
-29
-46
-52
-59
-62
-73
-64
-50
-38
-31
-58
-43
-28
-50
-49
-44
-58
-89
-98
-80
-77
-76
-75
-69
-58
-48
-31
-30
-34
-13
24
36
42
61
56
98
143
160
172
187
194
220
223
224
250
227
256
277
281
289
292
288
291
295
270
235
198
181
197
196
186
210
204
209
215
200
196
186
150
148
140
131
136
128
109
96
72
48
17
-23
-41
-68
-111
-145
-173
-188
-181
-182
-185
-190
-177
-156
-151
-128
-109
-93
-52
-42
-16
11
58
85
109
124
117
121
98
90
77
62
68
78
75
82
66
62
69
59
41
27
7
-12
8
3
10
33
44
68
79
75
69
69
51
30
