929
948
946
920
1074
1073
1033
1054
1081
1015
1086
1033
1102
1113
1079
1159
1118
1073
971
904
907
924
908
870
628
611
673
592
628
458
389
250
262
114
39
67
35
-12
-168
-219
-308
-298
-442
-351
-427
-464
-435
-507
-493
-536
-573
-576
-627
-704
-760
-854
-796
-709
-798
-900
-900
-912
-800
-819
-921
-855
-757
-667
-611
-603
-601
-579
-534
-453
-436
-329
-172
-76
-39
-129
-50
-68
-129
-121
-91
11
128
204
271
378
416
396
422
648
694
690
853
971
976
964
1059
1114
1203
1225
1243
1368
1437
1506
1496
1503
1597
1662
1651
1842
1914
1900
1954
1854
1906
1958
2010
2027
1880
1691
1630
1415
1448
1323
1100
918
748
543
403
197
184
42
-214
-205
-190
-388
-410
-485
-529
-515
-572
-578
-619
-735
-725
-826
-845
-697
-752
-870
-798
-819
-850
-822
-826
-918
-1007
-961
-872
-851
-895
-930
-857
-901
-835
-768
-738
-597
-565
-457
-329
-269
-182
-174
-205
-210
-187
-124
-41
60
14
-29
-18
-3
-46
-121
-215
-164
-123
-107
-60
-208
-107
-82
-151
-135
-215
-221
-270
-172
-279
-184
-246
-281
-297
-317
-330
-460
-410
-591
-657
-530
-417
-815
-714
-406
-504
-695
-625
-460
-375
-295
-454
-611
-487
-188
-204
-388
-268
-97
-343
-356
-126
111
277
263
228
153
131
337
313
259
560
564
693
709
779
979
1017
1152
1198
1284
1387
1418
1741
1480
1356
1358
1381
1490
1360
1411
1269
1069
954
789
851
839
751
587
404
437
303
294
128
-11
-17
-97
-29
-142
-271
-295
-440
-506
-422
-310
-418
-404
-487
-583
-430
-512
-638
-749
-755
-674
-749
-702
-609
-633
-631
-699
-795
-580
-568
-510
-277
-328
-286
-283
-385
-407
-361
-227
-169
-93
-227
-205
-156
-256
-170
-174
-163
-191
-135
-4
15
36
-4
-8
35
85
100
97
114
103
106
84
377
409
335
352
394
479
411
394
337
435
554
627
677
758
850
762
783
925
1024
1063
1094
1381
1450
1570
1704
1751
1860
1826
1800
1834
1797
1713
1745
1710
1501
1356
1296
1206
1139
908
722
616
491
351
397
280
-21
-106
-248
-136
-278
-349
-470
-480
-450
-535
-494
-500
-657
-731
-695
-813
-735
-769
-833
-846
-834
-891
-787
-761
-728
-895
-931
-766
-873
-796
-810
-866
-848
-831
-909
-862
-829
-880
-696
-622
-572
-535
-533
-509
-491
-407
-352
-252
-272
-218
-120
-54
-24
31
-56
-1
0
-74
-110
-71
15
-65
-157
-285
-196
-189
-141
-206
-124
-323
-179
-280
-531
-286
-435
-332
-335
-514
-498
-536
-492
-407
-467
-407
-328
-414
-377
-265
-255
-148
-126
-208
-68
-43
-85
-108
71
87
66
23
127
168
86
147
273
349
274
442
410
569
580
659
810
685
803
943
873
902
938
996
1113
1188
1314
1416
1374
1471
1564
1570
1619
1542
1496
1471
1513
1481
1392
1209
1080
979
794
686
557
429
328
-50
177
-50
-217
-298
-652
-525
-670
-637
-627
-726
-781
-865
-884
-872
-1042
-883
-1187
-962
-948
-1056
-1051
-1172
-1264
-1223
-1226
-1078
-1144
-1205
-1066
-1173
-1137
-1243
-1103
-1091
-1108
-973
-958
-893
-827
-873
-849
-838
-884
-803
-745
-682
-500
-447
-660
-699
-485
-485
-506
-525
-465
-400
-480
-424
-370
-371
-423
-321
-183
-125
-114
26
31
37
19
89
114
183
187
84
252
175
240
420
514
354
423
547
476
585
535
579
569
819
791
974
1131
1176
1338
1545
1700
1774
1775
1817
1767
1838
1937
1812
1693
1551
1400
1145
1120
984
882
764
622
581
360
391
252
54
-25
-186
-155
-129
-259
-285
-251
-270
-297
-376
-472
-553
-609
-483
-505
-616
-734
-886
-868
-898
-926
-913
-942
-908
-930
-941
-860
-825
-940
-955
-832
-846
-770
-730
-735
-699
-747
-746
-646
-663
-539
-479
-568
-385
-263
-311
-274
-353
-226
-130
-147
-35
-102
-97
-246
-225
-144
-174
-153
-228
-142
-101
-128
-184
-182
-195
-327
-270
-284
-314
-467
-455
-420
-520
-572
-642
-604
-648
-583
-437
-517
-488
-548
-590
-446
-504
-529
-430
-331
-399
-522
-459
-435
-478
-379
-346
-204
-169
-152
-90
-79
-147
-34
173
78
160
336
418
525
597
761
929
911
992
1283
1335
1398
1507
1610
1625
1696
1592
1615
1477
1369
1397
1412
1462
1320
1192
1005
760
606
575
296
312
143
21
-59
-260
-362
-536
-616
-655
-651
-692
-644
-807
-865
-1053
-1126
-1226
-1269
-1074
-1019
-1112
-1129
-951
-932
-1093
-1136
-1037
-1028
-1028
-1028
-1021
-971
-954
-1004
-1001
-1008
-989
-941
-821
-752
-657
-709
-774
-585
-619
-655
-576
-487
-456
-297
-258
-281
-187
-189
-229
-159
-194
-151
-117
-189
-204
-195
-150
-226
-384
-166
-96
-303
-264
-376
-148
-386
-497
-268
-543
-326
-75
-251
-334
-131
-122
-297
-122
-54
-225
201
101
1
259
-112
162
27
213
406
337
693
702
825
973
1263
1145
1290
1637
1719
1861
2044
2127
1955
1992
2105
1931
2021
1865
1605
1776
1536
1413
1118
793
956
857
600
437
458
365
87
105
108
-30
-252
-205
-136
-235
-287
-314
-347
-413
-445
-333
-312
-455
-529
-670
-816
-802
-856
-886
-747
-920
-979
-912
-884
-1048
-1092
-1038
-1145
-1119
-878
-768
-779
-667
-679
-645
-567
-526
-585
-178
-61
-91
55
188
205
156
143
101
264
343
288
306
330
283
357
260
234
338
178
202
186
212
111
-12
-86
-92
2
-104
-129
-264
-296
-307
-328
-247
-351
-477
-430
-439
-438
-357
-383
-373
-372
-361
-357
-429
-288
-293
-186
-121
-132
-170
-139
-106
-199
-134
-58
14
-76
6
11
24
27
-4
132
278
313
452
478
489
717
731
798
854
985
1132
1208
1349
1400
1479
1428
1437
1589
1529
1392
1319
1231
1287
1394
1248
1037
819
622
429
451
428
392
187
67
105
-9
-194
-319
-459
-451
-509
-570
-445
-511
-537
-701
-668
-820
-888
-862
-831
-884
-884
-799
-970
-920
-957
-877
-753
-784
-761
-678
-640
-684
-609
-618
-510
-487
-535
-527
-446
-366
-377
-493
-434
-451
-622
-405
-556
-551
-215
-7
-55
15
-47
29
11
108
235
72
209
223
125
76
84
-51
-65
-82
33
106
29
-102
-169
-170
-149
-241
-169
-146
-48
-151
-176
-193
-161
-74
-57
46
30
98
201
267
305
371
563
655
633
622
693
1005
1225
1403
1398
1471
1547
1688
1702
1713
1879
2011
2062
2015
1882
1771
1746
1742
1639
1442
1319
1251
1022
861
729
484
455
210
-139
-149
-358
-495
-713
-626
-837
-985
-699
-939
-904
-751
-1152
-941
-985
-1028
-929
-1206
-848
-1116
-953
-1280
-1130
-1162
-1343
-1175
-1423
-1120
-1312
-1168
-970
-1059
-1026
-1011
-1245
-901
-774
-780
-544
-627
-399
-354
-302
-68
-120
-45
140
43
28
290
174
114
40
59
35
-75
124
-87
-72
-59
-166
-25
-126
-59
62
-76
5
-139
-181
-110
-184
-177
-291
-299
-291
-405
-418
-463
-580
-488
-520
-580
-493
-439
-452
-354
-330
-376
-375
-350
-410
-327
-270
-254
-131
-77
23
-67
-67
38
-23
75
-60
-42
209
223
248
283
432
461
509
497
526
666
689
887
988
1019
1147
1224
1365
1701
1755
1884
1886
1958
2048
1824
1666
1380
1324
1587
1616
1501
1209
994
688
684
656
571
401
226
212
180
37
-149
-394
-563
-613
-587
-497
-524
-596
-782
-758
-715
-920
-1079
-1106
-1099
-948
-1003
-1019
-1080
-1131
-1210
-1173
-1143
-1064
-1161
-1118
-1007
-1029
-931
-949
-1050
-1064
-1017
-969
-909
-911
-801
-638
-657
-801
-850
-911
-808
-692
-590
-374
-390
-582
-472
-618
-642
-609
-524
-510
-494
-523
-458
-395
-583
-567
-577
-538
-535
-523
-672
-565
-561
-705
-715
-679
-519
-480
-344
-372
-444
-387
-347
-255
-182
-233
-252
-94
71
91
68
41
110
246
269
449
471
610
858
909
1063
1096
1046
1143
1248
1595
1827
1702
1694
1831
1852
1761
1805
1696
1611
1489
1294
1232
1145
977
828
611
401
344
331
188
-86
-293
-431
-535
-526
-581
-642
-523
-530
-625
-752
-770
-760
-848
-787
-789
-836
-747
-906
-928
-946
-1116
-1134
-1038
-1080
-1050
-1206
-1240
-1094
-1063
-1057
-1090
-1094
-1009
-893
-929
-818
-729
-613
-638
-573
-521
-513
-414
-324
-360
-209
-123
-77
-24
-128
-196
-231
-260
-317
-318
-280
-367
-379
-423
-575
-348
-523
-666
-486
-561
-648
-561
-712
-788
-517
-784
-979
-783
-1002
-942
-1204
-946
-1294
-1358
-1370
-1417
-1315
-1300
-1176
-1145
-792
-1006
-781
-1008
-727
-873
-794
-452
-619
-316
-375
-326
-246
-290
-310
-162
-223
-1
-21
224
161
244
339
545
536
611
813
1030
1053
1081
1395
1512
1847
1867
2016
2065
2177
2081
1832
1691
1578
1828
1819
1669
1396
1186
877
763
709
638
596
428
502
325
68
8
-284
-493
-701
-652
-530
-498
-550
-712
-557
-645
-849
-958
-1071
-1217
-1086
-1040
-1100
-983
-977
-1138
-1202
-1113
-1132
-1150
-1066
-1118
-1116
-1040
-973
-972
-1008
-1015
-1008
-739
-685
-591
-645
-587
-502
-528
-505
-464
-364
-458
-404
-383
-217
-84
-162
-240
-221
-268
-278
-206
-148
-169
-173
-53
-106
-173
-256
-309
-444
-359
-297
-442
-451
-446
-605
-700
-666
-706
-677
-608
-584
-583
-515
-477
-573
-552
-542
-506
-517
-423
-273
-237
-196
-305
-263
-287
-160
42
51
203
211
301
347
484
517
596
891
1115
1325
1427
1634
1803
1984
1915
1946
1981
2007
1954
1954
1941
1878
1787
1588
1384
1184
1077
867
773
726
545
265
25
-142
-185
-239
-437
-507
-568
-564
-550
-571
-669
-749
-752
-753
-871
-865
-821
-808
-824
-886
-928
-1080
-1089
-1044
-1240
-1177
-1148
-1080
-1120
-1059
-1100
-1081
-1068
-1169
-992
-810
-713
-639
-561
-336
-532
-469
-230
-274
-227
-372
-129
-50
-27
21
8
-108
-178
-116
-127
-236
-284
-420
-416
-348
-383
-338
-395
-451
-576
-578
-676
-743
-591
-696
-760
-673
-623
-785
-833
-803
-708
-663
-771
-658
-672
-734
-802
-1058
-1027
-844
-812
-758
-785
-749
-689
-590
-456
-435
-420
-131
73
46
149
230
286
362
568
628
721
832
956
1267
1265
1342
1431
1485
1985
2030
2333
2586
2664
3070
2884
2934
2474
1771
1420
1189
1114
1572
1821
1218
974
501
-77
16
-451
-709
-728
-719
-334
143
386
150
-296
-548
-476
-696
-453
-312
-235
286
371
281
88
-599
-729
-931
-768
-718
-762
-466
-618
-677
-1040
-1377
-1362
-1573
-1682
-1273
-1006
-916
-724
-816
-784
-809
-840
-726
-540
-198
62
440
504
545
498
377
412
347
486
556
494
703
711
476
143
-69
-118
-276
-109
-51
-84
-128
-154
-296
-595
-571
-587
-331
-311
-219
-235
-281
-318
-214
-245
-337
-185
-186
-105
160
218
76
39
-60
47
2
91
242
384
533
612
766
670
596
584
854
1141
1208
1171
1428
1746
1858
1941
2106
2370
2656
3329
3848
4041
4085
4241
4705
5197
5415
4919
3552
1953
859
348
110
-240
-236
126
-50
-803
-1451
-1642
-1708
-1651
-1336
-472
705
1263
1276
1005
696
590
500
437
642
921
1132
1090
446
-328
-1190
-1805
-2140
-2180
-1797
-1465
-1510
-1701
-2132
-2542
-2801
-2909
-2617
-2149
-1494
-1029
-626
-224
-120
-285
-222
50
669
1302
1604
1860
1870
1496
900
442
115
-81
-199
-209
-323
-696
-1277
-1872
-2425
-2670
-2480
-2375
-2023
-1641
-1237
-957
-1004
-982
-988
-773
-375
-230
107
289
177
-44
-373
-804
-1043
-1055
-1120
-1125
-1354
-1581
-1707
-1912
-2079
-2078
-2012
-1666
-1223
-1020
-722
-610
-444
-153
-12
197
605
838
1097
1269
1121
967
804
759
894
1260
1262
1241
1365
1646
1807
1898
1822
1869
2185
2424
2749
3017
3512
3898
4094
4291
4716
5145
4829
3234
1341
300
165
-57
-867
-1670
-1307
-299
-114
-952
-1886
-1918
-1346
-580
-56
513
1150
1545
1568
1166
689
316
110
185
528
783
745
366
-441
-913
-1207
-1307
-1355
-1218
-775
-494
-629
-996
-1394
-1465
-1529
-1587
-1347
-564
-36
211
524
483
717
452
722
979
1836
1905
1922
1754
1617
1231
484
142
-581
-443
-810
-834
-1132
-1474
-2045
-2095
-2559
-2397
-1972
-1457
-970
-597
-249
-197
-217
-267
-102
-112
162
144
306
96
-297
-746
-1146
-1524
-1864
-1739
-1537
-1360
-1110
-1113
-1498
-1956
-1951
-1624
-1116
-738
-266
-41
218
338
228
177
154
553
935
1412
1514
1279
1039
849
735
717
927
1179
1400
1493
1583
1582
1317
1541
1757
2205
2715
3243
3674
3862
4027
3901
3987
4398
4989
4754
3576
1585
-361
-1448
-2053
-2656
-2614
-1500
-448
-155
-978
-1551
-1415
-1097
-805
-334
743
1777
2536
2442
1774
843
-20
-442
-670
-593
-169
134
215
-122
-719
-1363
-1830
-1961
-1699
-924
-337
1
-24
-485
-934
-1308
-1550
-1177
-270
472
892
1278
1476
1311
789
438
572
987
1400
1793
2104
1855
1074
98
-789
-1398
-1658
-1625
-1542
-1347
-1485
-1847
-2220
-2408
-2246
-2019
-1413
-686
2
319
356
210
-181
-433
-633
-575
-417
-220
-211
-514
-932
-1478
-1992
-2098
-2020
-1869
-1542
-1276
-1099
-1012
-1175
-1323
-1209
-1025
-696
-133
327
553
656
675
468
477
133
271
826
1134
1267
1185
1188
958
817
765
760
970
1357
1558
1737
1925
2174
2505
2758
3019
3383
3782
4355
4737
5029
5040
3846
1808
-306
-1251
-1766
-2782
-3418
-3000
-1238
-204
-805
-1884
-1992
-1314
-520
-260
181
1035
1951
2272
1749
868
-121
-715
-1129
-1319
-1288
-752
-391
-547
-1034
-1384
-1457
-1335
-1401
-1215
-871
-334
-282
-460
-822
-1299
-1657
-1779
-1431
-970
-425
9
460
704
388
335
659
952
781
775
1059
1151
837
50
-664
-1204
-1658
-1779
-1749
-1767
-1926
-1854
-1775
-1806
-1816
-1950
-1595
-1259
-743
-173
136
219
-7
-330
-595
-763
-1108
-1392
-1442
-1303
-1189
-1525
-1918
-2237
-2469
-2563
-2492
-2170
-1672
-1251
-1080
-995
-913
-927
-1038
-966
-611
-321
35
361
426
136
34
-100
-57
107
390
666
960
1098
889
559
341
552
973
1293
1761
2217
2459
2779
2742
2810
3015
3571
3846
4022
4402
4832
5037
4551
2833
344
-1426
-2208
-2983
-4012
-4105
-2538
-359
165
-361
-1348
-1197
-401
98
127
538
1834
2609
2812
1962
810
-54
-662
-1136
-1289
-992
-453
-44
-129
-445
-605
-795
-1097
-1297
-1081
-446
-9
150
-57
-375
-975
-1438
-1682
-1285
-578
99
795
1190
1527
1719
1339
923
587
571
947
941
824
715
192
-310
-1079
-1690
-2055
-2077
-1905
-1724
-1470
-1289
-1198
-1207
-1161
-993
-604
-98
266
527
602
547
226
-219
-677
-1076
-1217
-1259
-1050
-994
-936
-1038
-1485
-1903
-1964
-1763
-1383
-1036
-648
-366
-231
-265
-493
-499
-605
-567
-256
221
471
608
573
500
256
154
359
540
589
754
780
881
851
912
941
887
1170
1515
1871
2172
2650
2916
3304
3948
4215
3911
3834
4369
5019
4695
2948
107
-2196
-3284
-4114
-5302
-5321
-3408
-873
622
302
-338
-288
258
5
-680
-376
1021
2414
2633
1871
838
31
-889
-2084
-2866
-2646
-1573
-706
-320
-14
81
-248
-772
-1416
-1601
-1358
-982
-808
-621
-476
-783
-1231
-1579
-1520
-1296
-1014
-471
533
1373
1495
1198
1037
1044
887
370
-164
-102
-50
-370
-953
-1562
-2125
-2365
-2459
-2629
-2633
-2249
-1867
-1442
-1079
-1025
-842
-809
-767
-513
-227
-158
-270
-398
-563
-806
-1044
-1616
-1835
-1752
-1867
-1859
-1781
-1819
-1947
-1879
-1793
-1722
-1635
-1483
-1301
-939
-723
-605
-529
-408
-430
-347
-238
-186
1
157
387
669
821
756
620
439
509
317
361
484
718
1184
1568
1876
1870
2021
2101
2456
2898
3424
3699
3684
3745
4214
4891
5023
3930
1604
-528
-1884
-2709
-3897
-5297
-5293
-3016
-362
485
-226
-585
-21
868
205
-749
-732
481
1700
1435
1160
470
-87
-955
-2587
-2899
-2357
-1975
-1420
-1090
-685
254
172
-761
-1295
-1428
-1253
-1348
-1410
-1224
-1443
-1471
-1384
-1488
-1362
-1043
-911
-713
224
1189
1451
1189
935
781
490
-17
-526
-999
-861
-1003
-1486
-1685
-2051
-2081
-2201
-2433
-2289
-2010
-1634
-1440
-1122
-606
-167
79
-61
-69
-138
-107
-300
-392
-482
-699
-803
-976
-1178
-1385
-1579
-1771
-1915
-2027
-1869
-1789
-1627
-1197
-852
-760
-840
-783
-755
-696
-746
-425
-95
146
529
457
552
644
754
885
987
1121
1158
1247
1539
1761
1542
1141
1243
1643
2013
2416
2691
2993
3365
3849
3995
4276
4763
5121
5298
5680
5717
4487
2157
-278
-1720
-2703
-3746
-4798
-4628
-2156
504
1201
791
738
1398
1682
848
-121
163
1530
2326
2056
1526
1331
728
-545
-1814
-2323
-1867
-1248
-887
-520
288
1152
1006
138
-540
-860
-969
-1272
-1502
-1363
-1069
-908
-1067
-1101
-1087
-941
-818
-463
257
741
1203
1567
1642
1583
1132
449
-210
-645
-868
-1318
-1643
-1786
-1643
-1747
-1941
-2207
-2447
-2322
-2171
-1809
-1437
-954
-564
-117
71
14
-230
-542
-738
-1001
-1096
-1122
-1222
-1275
-1479
-1814
-1865
-1880
-2100
-2180
-1967
-1727
-1375
-1148
-1142
-1055
-948
-944
-825
-856
-675
-560
-341
-138
51
223
228
614
942
1266
1292
1122
985
1048
990
1077
1125
1138
1529
1724
1739
1547
1550
1971
2655
3229
3668
4067
4538
4834
4915
4866
4403
2958
699
-1296
-2489
-3285
-4496
-5247
-4414
-2107
-167
172
-135
205
1010
1109
304
-461
-120
815
1177
848
597
378
-225
-1321
-2268
-2328
-2052
-1809
-1494
-796
298
909
657
-7
-626
-886
-1166
-1623
-1848
-1762
-1582
-1208
-910
-653
-439
-555
-439
10
600
978
988
997
1209
1345
1035
233
-463
-766
-1152
-1515
-1700
-1899
-2062
-2091
-1986
-1953
-2095
-2132
-1720
-1285
-1021
-652
-473
-155
-135
-380
-344
-695
-1187
-1316
-1313
-1892
-1817
-1838
-1768
-1397
-1577
-1556
-1292
-1435
-1571
-1423
-1424
-1261
-956
-701
-840
-627
-505
-567
-319
-428
-228
275
340
673
860
942
1294
1436
1661
1366
1431
1573
1529
1776
1899
1896
1763
1422
1194
1750
2771
3105
3613
4617
5397
5931
5716
5297
5378
4871
3022
832
-808
-1844
-2986
-4406
-4895
-3564
-1320
-3
-14
292
1146
2054
1575
622
215
677
1201
1312
1231
977
824
80
-1005
-1395
-1510
-1617
-1426
-1063
-26
896
1190
1000
749
562
116
-413
-1022
-1241
-1179
-1132
-1014
-716
-455
-175
63
287
761
1315
1690
1569
1644
1824
1780
1473
733
270
-91
-617
-1198
-1552
-1646
-1542
-1514
-1471
-1528
-1428
-1357
-1412
-1002
-538
-401
-183
97
321
182
-19
-386
-865
-900
-1140
-1421
-1425
-1240
-1130
-986
-862
-918
-1110
-1141
-1128
-1255
-1190
-1124
-889
-716
-634
-528
-502
-377
-249
-84
84
287
605
861
961
1011
1110
1169
1336
1441
1281
1185
1392
1354
1454
1683
1585
1619
1803
2031
2418
2959
3476
3874
4293
4753
4827
4757
5138
4982
3892
2038
87
-1535
-2820
-4191
-5388
-4986
-2937
-905
-96
47
607
1506
1581
750
-215
-168
697
1141
981
913
1082
449
-644
-1566
-2199
-2245
-2293
-1967
-1361
-140
525
499
308
-226
-527
-987
-1501
-2011
-2050
-1690
-1836
-1340
-705
-401
-147
-325
-91
492
1028
1136
1047
1330
1778
1595
872
182
-257
-771
-1437
-1846
-1976
-1887
-1724
-1749
-1798
-1721
-1654
-1552
-1223
-838
-524
-176
94
266
210
-117
-526
-976
-1365
-1551
-1755
-1951
-1741
-1490
-1320
-1150
-1171
-1184
-1319
-1227
-1235
-1190
-1021
-905
-899
-819
-639
-623
-591
-444
-215
98
341
710
833
875
934
1068
1368
1651
1554
1463
1473
1685
1814
1702
1350
1593
2117
2043
2195
2547
3256
3802
4238
4488
4700
4845
4935
4954
4479
3706
2044
192
-1165
-2725
-4419
-5328
-4362
-2333
-722
75
519
1383
2056
1492
768
57
-157
575
785
1102
1115
1157
701
-147
-1028
-1847
-2010
-2251
-1711
-1160
214
924
971
749
514
162
-586
-1105
-1490
-1411
-1197
-857
-471
-133
180
298
94
144
592
1272
1512
1461
1565
1951
1712
945
164
-501
-778
-1214
-1722
-1826
-1612
-1482
-1261
-1236
-1101
-1125
-1363
-1180
-626
-209
-41
292
494
771
532
54
-354
-824
-914
-1473
-1501
-1393
-1365
-1132
-1112
-995
-917
-991
-1071
-1078
-975
-785
-534
-520
-382
-219
-164
-63
56
57
443
804
914
1093
1226
1254
1273
1406
1453
1412
1395
1339
1477
1695
1646
1595
1572
1747
2003
2204
2597
3350
4055
4705
5346
5517
5402
5396
5621
5553
4255
2159
384
-1021
-2372
-4062
-5578
-5202
-3015
-937
-208
-65
798
1883
1875
836
-336
-406
429
803
787
1024
1250
800
-206
-1298
-1890
-2136
-2152
-2062
-1467
-334
636
860
545
100
-338
-952
-1735
-2040
-2153
-1790
-1423
-930
-402
-12
-26
56
342
384
563
797
1463
1928
2019
1679
1011
465
-65
-932
-1702
-2102
-2090
-1953
-1878
-1722
-1696
-1436
-1435
-1325
-1060
-920
-844
-522
-108
305
383
53
-226
-612
-1053
-1416
-1668
-1859
-2036
-1939
-1747
-1571
-1363
-1464
-1658
-1579
-1454
-1513
-1604
-1639
-1299
-1051
-1038
-880
-737
-628
-441
-258
-177
238
405
687
1001
1036
1187
1020
864
738
703
716
697
767
1218
1672
1959
1960
1950
2239
2750
3403
4004
4532
4879
5204
5210
5217
5136
4143
2549
804
-714
-2199
-4003
-5576
-5696
-3701
-1343
-398
-451
355
1876
2448
1219
-585
-1000
30
774
514
345
900
1237
247
-1030
-1817
-2072
-2296
-2698
-2127
-591
541
729
144
-164
-293
-1009
-1902
-2612
-2630
-2283
-1707
-1421
-786
-346
-70
-206
27
292
468
786
651
1450
1956
1732
1023
137
-334
-803
-1614
-2250
-2446
-2126
-1860
-1845
-1807
-1715
-1599
-1601
-1390
-1030
-709
-407
-192
214
274
149
-181
-559
-838
-1206
-1381
-1624
-1724
-1645
-1394
-1289
-1262
-1359
-1485
-1486
-1458
-1454
-1352
-1235
-1214
-1031
-909
-814
-622
-406
-153
72
367
654
851
927
1122
1391
1459
1472
1252
1149
1209
1232
1049
1107
1087
1302
1683
1838
2048
2404
2762
3137
3988
4639
5179
5395
5654
5855
5905
5745
4548
2378
272
-1440
-2897
-4337
-5499
-4661
-1919
415
881
704
1279
2290
1956
258
-861
-248
1026
1502
1228
1341
1824
1223
-283
-1694
-2107
-2096
-2182
-1875
-899
452
1417
1148
353
-151
-595
-1165
-1793
-2048
-1768
-1304
-851
-407
114
479
388
53
151
828
1368
1464
1526
1767
2149
1834
863
7
-435
-838
-1514
-1971
-2085
-1926
-1827
-1926
-1913
-1624
-1403
-1385
-1298
-963
-534
-310
-184
80
22
-228
-444
-889
-1103
-1342
-1703
-1695
-1729
-1367
-1247
-1234
-1432
-1615
-1477
-1677
-1778
-1717
-1567
-1326
-1151
-999
-831
-710
-551
-441
-287
-37
246
488
715
860
1119
1271
1375
1357
1228
1243
1387
1496
1478
1291
1329
1638
1862
2070
2161
2575
3472
4190
4744
5227
5338
5360
5401
5101
4113
2469
796
-711
-2293
-3846
-5036
-4573
-2521
-541
39
-116
368
1452
1645
480
-721
-460
693
1258
933
828
1054
667
-626
-1785
-2174
-2086
-2105
-2006
-1171
-1
751
605
-86
-630
-858
-1324
-1723
-1915
-1814
-1385
-1113
-994
-893
-580
-367
-255
91
683
1256
1572
1734
1623
1509
1206
562
-126
-623
-813
-1046
-1500
-1837
-1954
-2026
-2104
-2389
-2370
-1992
-1807
-1455
-1050
-512
-291
-199
-253
-330
-497
-857
-1167
-1499
-1533
-1653
-1740
-1753
-1709
-1713
-1559
-1785
-2009
-1930
-1759
-1681
-1591
-1604
-1454
-1451
-1473
-1368
-1365
-1035
-784
-560
-313
35
247
518
534
699
1011
1043
1065
962
1036
1269
1343
1253
878
1081
1345
1556
1601
1917
2473
2935
3507
4004
4712
5296
5478
5574
5879
6006
4939
2634
41
-1568
-2579
-3981
-5030
-4564
-2061
161
701
247
348
1216
1239
83
-580
-150
1448
1988
1606
1340
1266
714
-851
-2220
-2552
-1994
-1642
-1315
-455
559
854
552
-381
-733
-828
-1201
-1320
-1201
-741
-519
-518
-858
-430
-338
-384
-42
305
1016
1820
2510
2705
2480
1908
1440
895
268
-231
-544
-521
-689
-862
-1068
-1256
-1636
-1974
-1978
-1647
-1175
-587
-91
308
636
809
711
234
-272
-437
-545
-624
-845
-959
-929
-1168
-1287
-1426
-1302
-1100
-1127
-1276
-1162
-836
-726
-775
-872
-848
-642
-765
-710
-451
-64
239
469
586
828
998
1009
1110
1292
1645
1698
1613
1696
1767
1742
1495
1321
1448
1688
2002
2494
2640
2778
3293
3594
3933
4459
5100
5468
5748
6087
5982
4672
2592
520
-856
-1927
-3330
-4496
-4157
-1987
-77
137
-461
-356
293
566
80
-523
176
1337
2005
1689
1298
1034
309
-882
-1942
-2066
-1653
-1234
-1085
-699
38
372
-190
-797
-1163
-1200
-1082
-1241
-1062
-977
-793
-824
-1088
-958
-789
-507
-112
567
1407
2046
1955
2055
2068
1762
1203
463
114
118
50
-465
-970
-1321
-1616
-2009
-2315
-2518
-2286
-1929
-1461
-872
-515
-369
-295
-266
-107
-103
-588
-883
-841
-1028
-1165
-1469
-1599
-1591
-1698
-1649
-1664
-1502
-1298
-1188
-1077
-1000
-922
-987
-1141
-1004
-799
-736
-519
-342
-55
213
335
301
472
798
1066
1170
1476
1853
1962
1886
1669
1893
2194
2411
2190
1951
2057
2397
2511
2451
2668
3336
4149
4835
5316
5594
5827
5367
4115
2266
915
116
-959
-2486
-3653
-3336
-1834
-785
-738
-1128
-1003
-371
82
-207
-522
94
695
1277
1029
907
526
-533
-1109
-1418
-1549
-1193
-1146
-1535
-1485
-827
-476
-809
-1388
-1381
-878
-923
-1092
-948
-795
-854
-1235
-1415
-1430
-1087
-398
-66
458
907
1219
1415
1583
1657
1465
1226
849
768
760
269
-299
-866
-1082
-1390
-2035
-2506
-2355
-2132
-2061
-1938
-1535
-1154
-1059
-880
-520
-131
162
148
-55
-243
-425
-675
-1365
-1865
-2010
-1647
-1442
-1542
-1424
-1361
-1295
-1265
-1332
-1039
-779
-608
-530
-440
-107
-182
-215
-452
-174
111
386
663
730
1010
1298
1579
1510
1504
1783
2165
2346
2471
2490
2541
2460
2403
2417
2549
2895
3264
3698
4332
4899
5431
5708
5797
5573
4468
2892
1545
724
-255
-1721
-2918
-3058
-1833
-588
-412
-1068
-1119
-350
113
-147
-282
209
988
1461
1374
1083
837
332
-443
-833
-745
-432
-558
-711
-931
-744
-574
-846
-1403
-1506
-1124
-748
-532
-779
-831
-1045
-1225
-1252
-1015
-645
-178
301
642
1130
1604
1738
1327
1213
1474
1691
1438
980
635
541
188
-407
-1161
-1696
-1838
-2047
-2226
-2186
-2096
-2018
-1892
-1798
-1452
-1077
-912
-682
-264
113
280
117
-144
-454
-630
-917
-1474
-1833
-1970
-1949
-1894
-1954
-1955
-1894
-1764
-1621
-1246
-1052
-906
-808
-659
-402
-156
-251
-402
-313
-74
248
382
589
766
997
1150
1068
1108
1230
1433
1771
2106
2063
1959
1904
1889
1921
1887
2016
2596
3421
4000
4271
4372
4773
5095
5103
4572
3388
2148
1344
482
-626
-1953
-2692
-2618
-2075
-1482
-1371
-1593
-1633
-1142
-761
-571
-310
120
487
864
869
594
225
-269
-759
-1036
-909
-773
-851
-1155
-1339
-1476
-1472
-1558
-1644
-1643
-1628
-1362
-1221
-1259
-1343
-1764
-2103
-1899
-1133
-339
-127
-277
-24
638
1196
1039
721
988
1333
1531
1226
689
378
-80
-608
-1286
-1533
-1635
-1871
-2209
-2475
-2510
-2627
-2780
-2627
-2531
-2135
-1730
-1162
-512
-393
-444
-403
-500
-640
-935
-1206
-1144
-1506
-1832
-1899
-2146
-2618
-2538
-2486
-2516
-2025
-2078
-1743
-1294
-1331
-1171
-979
-1074
-983
-650
-626
-569
-50
316
313
548
722
684
1109
1356
1505
1900
1834
2150
2167
1892
1898
1860
2234
2165
1976
2494
3034
3255
3476
3734
3961
4436
4813
4695
3923
2803
1815
993
94
-950
-1876
-2181
-1584
-833
-891
-1663
-1914
-1466
-1000
-438
-298
212
734
1080
939
666
429
107
-360
-606
-385
-231
-293
-795
-1184
-1416
-1204
-1337
-1470
-1373
-1325
-1075
-964
-901
-1151
-1505
-1435
-1090
-542
-52
-42
74
498
954
1092
1213
1196
1348
1555
1600
1630
1317
888
415
68
-268
-513
-749
-1032
-1418
-1772
-2034
-2137
-2253
-2313
-2057
-1642
-1211
-867
-492
-356
-352
-318
-349
-292
-272
-285
-233
-374
-716
-1155
-1552
-1797
-1847
-1853
-1779
-1603
-1382
-1166
-1116
-1094
-990
-942
-721
-424
-232
-101
-19
164
354
592
598
691
899
1032
1289
1459
1856
2047
1975
2027
2178
2395
2287
1997
2385
3112
3652
3765
3666
3854
4071
4335
4434
4202
3605
2612
1374
380
-293
-669
-1094
-1472
-1204
-906
-1036
-1561
-1976
-1675
-1094
-469
-43
340
746
775
500
219
149
165
253
172
-22
-64
-286
-709
-1312
-1593
-1469
-1144
-978
-991
-1175
-1622
-1703
-1890
-1901
-1724
-1602
-1146
-547
-353
-260
-467
-328
29
430
1178
1432
1516
1771
1746
1098
773
553
138
-38
-281
-523
-831
-1454
-2032
-2295
-2373
-2575
-2621
-2512
-2324
-1847
-1573
-1499
-1333
-979
-723
-593
-343
-354
-269
-304
-517
-722
-788
-860
-1077
-1300
-1598
-1843
-1987
-1985
-1939
-1805
-1684
-1533
-1413
-1215
-1179
-1072
-882
-776
-453
-165
71
251
456
632
660
741
1002
1339
1526
1772
1718
1618
1700
1700
1719
1679
1923
2265
2559
2918
2908
2931
3335
3497
3646
4094
4294
3375
1830
768
458
468
27
-1068
-1619
-1282
-834
-1340
-2493
-2926
-2159
-1198
-759
-547
-484
-432
-511
-430
-283
88
243
105
56
57
-534
-851
-1030
-1417
-1421
-1276
-1127
-1008
-1100
-1704
-2045
-2198
-2165
-1843
-1812
-1571
-1226
-1070
-914
-1104
-1005
-438
156
702
1021
1242
1476
1444
1270
1093
1013
1021
854
540
282
-29
-614
-952
-1359
-1687
-1652
-1930
-2180
-2104
-1962
-1879
-1727
-1481
-1122
-863
-709
-816
-854
-493
-449
-287
-346
-143
-97
-322
-489
-790
-859
-1367
-1347
-1225
-976
-834
-931
-921
-1012
-1073
-843
-660
-318
-8
95
241
391
567
806
967
1212
1591
1775
1957
1989
2005
1955
2044
2247
2491
2685
3007
2943
2913
3002
3200
3670
4031
4217
4243
4416
4214
3616
2683
1900
1522
1422
910
116
-573
-685
-405
-578
-1272
-1685
-1422
-914
-675
-505
-315
-158
-54
-46
258
570
774
626
460
381
258
64
-112
-232
-398
-587
-870
-1117
-1230
-1449
-1741
-1890
-1867
-1682
-1621
-1646
-1453
-1306
-1347
-1228
-1018
-546
-91
288
587
916
1108
1339
1265
1132
1249
1248
1140
832
502
41
-160
-544
-849
-1086
-1308
-1594
-2001
-2200
-2126
-2061
-1988
-2056
-1981
-1737
-1594
-1446
-1336
-1167
-856
-581
-409
-239
-348
-208
-129
-484
-462
-563
-689
-708
-1076
-1097
-1198
-1189
-1102
-1052
-901
-874
-923
-812
-715
-603
-381
-195
45
321
642
865
1129
1287
1441
1771
1735
1775
1978
2093
2328
2603
2734
2874
3147
3390
3563
3383
3393
3609
4215
4621
4116
2874
1391
657
903
930
312
-209
-395
-642
-1622
-2405
-2121
-1117
-415
-496
-700
-590
-488
-643
-646
-223
540
963
905
432
10
-271
-359
-286
-22
49
-232
-638
-1035
-1402
-1650
-1840
-1890
-1746
-1671
-1596
-1775
-1943
-1954
-1796
-1474
-1053
-678
-344
-128
-110
-139
418
858
1060
1304
1016
1048
770
272
422
84
149
24
-588
-864
-1066
-1890
-2262
-2160
-2183
-1908
-2391
-2348
-2781
-2663
-2353
-2174
-1368
-1152
-1145
-1037
-1191
-1074
-819
-672
-265
-457
-456
-389
-654
-679
-805
-682
-793
-884
-929
-1147
-917
-958
-977
-709
-594
-494
-561
-310
-9
300
422
541
875
1156
1558
1764
1841
1779
2023
2165
2386
2747
2969
3371
3504
3504
3622
3830
4251
4595
4301
3271
2228
1487
1561
1918
1409
510
-149
-345
-775
-1659
-2145
-1678
-864
-601
-984
-1229
-1002
-827
-723
-495
-80
575
554
220
-55
-70
190
317
424
378
146
-326
-719
-786
-842
-1034
-1180
-1334
-1495
-1752
-1779
-1852
-1818
-1660
-1484
-1272
-1063
-789
-601
-347
-110
316
1110
1530
1722
1687
1825
1856
1723
1591
1455
1357
964
674
194
-187
-538
-917
-1180
-1322
-1453
-1727
-1951
-2068
-2118
-1976
-1938
-1767
-1500
-1246
-1230
-1024
-874
-764
-495
-374
-268
-196
-124
-189
-188
-107
-197
-193
-249
-405
-402
-546
-549
-571
-584
-589
-356
-284
-305
-144
148
331
438
768
1283
1803
1712
1546
1525
1673
2123
2329
2525
2749
3000
3206
3076
3131
3450
3891
4297
4571
4363
3573
2457
1814
2064
2305
1780
992
525
385
-162
-1131
-1721
-1278
-563
-568
-1276
-1636
-1354
-1193
-1002
-831
-245
263
115
-227
-352
-215
129
334
405
270
77
-282
-638
-782
-807
-876
-1114
-1364
-1527
-1690
-1995
-2182
-2205
-1795
-1601
-1580
-1867
-1773
-1419
-1217
-783
-415
-30
391
431
505
858
1236
1354
1396
1352
1334
965
573
427
84
-226
-634
-930
-1231
-1390
-1656
-1870
-1900
-1877
-1993
-2106
-2356
-2477
-2209
-2028
-1560
-1397
-1428
-1423
-1379
-1140
-1027
-883
-712
-635
-611
-744
-757
-766
-801
-785
-744
-763
-922
-1021
-1078
-916
-718
-721
-693
-681
-561
-388
-59
144
331
465
484
657
578
1013
1226
1625
1518
1570
1782
2152
2410
2598
2686
2837
3090
3409
3697
3526
2714
1830
1417
1929
2234
1479
291
-371
107
30
-444
-1323
-1416
-1250
-1163
-1760
-1878
-1556
-1255
-1142
-1120
-858
-620
-430
-643
-716
-517
-231
-117
10
-288
-136
-531
-574
-401
-414
-588
-998
-1189
-1343
-1361
-1343
-1324
-1426
-1507
-1718
-1699
-1567
-1542
-1182
-865
-674
-395
-180
111
491
680
800
1257
1395
1171
1220
1175
1188
1140
894
567
195
-103
-346
-502
-702
-1035
-1126
-1158
-1456
-1358
-1575
-1748
-1621
-1467
-1290
-1172
-1203
-1190
-1128
-1032
-879
-663
-520
-395
-387
-319
-261
-187
-249
-315
-308
-298
-172
-170
-199
-140
-41
-79
-172
-124
-24
-22
271
567
807
1119
977
952
1105
1430
1547
1710
1903
2024
2120
2144
2471
2788
3065
3139
2990
3053
3295
3571
3582
2993
2201
1945
2182
2533
2071
1139
543
367
363
-12
-369
-502
-444
-641
-1158
-1535
-1385
-1143
-1154
-984
-975
-846
-733
-807
-834
-680
-401
-314
-237
-357
-451
-556
-483
-366
-233
-375
-737
-840
-999
-963
-983
-1029
-1177
-1227
-1057
-1330
-1256
-1270
-1275
-1061
-942
-700
-401
-124
102
290
313
375
582
723
732
804
690
606
669
515
242
-66
-192
-282
-494
-611
-961
-1204
-1325
-1336
-1307
-1493
-1534
-1446
-1511
-1509
-1408
-1265
-1311
-1273
-1171
-1211
-871
-892
-867
-697
-743
-416
-417
-554
-387
-432
-284
-353
-211
-209
-180
37
-184
-39
112
58
-13
219
462
818
882
735
712
681
1030
1369
1445
1512
1655
1955
2301
2363
2568
2775
3021
3071
3225
3585
3622
3257
2408
2048
2431
2862
2487
1394
768
956
950
266
-383
-328
-20
-419
-1285
-1736
-1516
-1147
-1180
-1233
-1165
-936
-827
-1067
-1149
-803
-449
-392
-527
-658
-708
-875
-907
-721
-574
-868
-1302
-1531
-1543
-1585
-1503
-1162
-1471
-1601
-1647
-2012
-1834
-1927
-1619
-1620
-1614
-1574
-1523
-1013
-890
-299
-346
-60
-120
71
56
301
321
400
372
115
-34
-297
-294
-495
-514
-825
-1003
-1445
-1389
-1606
-1871
-1701
-1967
-1682
-1933
-2208
-2058
-1891
-1785
-1877
-1579
-1520
-1509
-1471
-1230
-1113
-932
-920
-857
-967
-955
-694
-547
-525
-411
-310
-314
-290
-206
-137
48
85
-1
-60
93
324
424
520
606
760
897
1028
1005
1245
1551
1509
1790
2017
2180
2364
2474
2666
2920
3340
3321
3159
2430
1996
2413
3035
2745
1765
899
824
1297
1037
231
-311
-66
-149
-658
-1127
-1109
-600
-577
-898
-1130
-991
-798
-803
-858
-734
-565
-629
-602
-528
-577
-619
-611
-527
-421
-443
-650
-958
-936
-637
-453
-543
-788
-1055
-1002
-916
-1015
-988
-982
-885
-922
-1067
-992
-626
-343
-160
-143
-99
125
257
417
488
680
736
762
596
433
408
314
318
73
-105
-497
-697
-851
-928
-990
-1276
-1327
-1386
-1393
-1386
-1380
-1287
-1287
-1276
-1256
-1183
-1014
-880
-691
-548
-585
-491
-552
-570
-530
-527
-451
-463
-378
-347
-170
-177
-138
32
68
155
183
152
128
311
532
703
742
690
664
820
997
1345
1480
1666
1897
2026
2095
2179
2460
2737
3012
3155
3236
3031
2666
2295
2460
2864
2980
2384
1564
1272
1602
1484
701
211
344
448
12
-696
-872
-421
-453
-549
-903
-1077
-774
-938
-1029
-975
-723
-515
-643
-647
-606
-550
-668
-570
-415
-330
-505
-731
-762
-675
-391
-519
-868
-1027
-1050
-773
-821
-949
-965
-902
-816
-917
-910
-696
-451
-274
-267
-214
-129
57
175
249
366
438
503
284
295
265
252
130
-69
-172
-360
-541
-741
-775
-840
-966
-1091
-1291
-1162
-1020
-1171
-1246
-1307
-1154
-1099
-1160
-1022
-997
-977
-1033
-1014
-998
-912
-839
-833
-811
-790
-711
-505
-471
-399
-331
-270
-304
-215
-99
-170
-19
-169
-9
34
149
311
232
232
388
715
925
1024
1136
1420
1516
1607
1781
2146
2400
2496
2531
2624
2799
2518
1954
1970
2420
2814
2396
1427
1101
1187
1385
1142
617
166
207
84
-308
-564
-527
-301
-505
-816
-973
-908
-925
-748
-816
-706
-699
-942
-842
-793
-792
-779
-580
-686
-610
-718
-793
-824
-807
-406
-338
-619
-830
-965
-702
-647
-836
-966
-981
-957
-1032
-946
-842
-535
-298
-230
-349
-161
-17
131
360
471
471
495
440
404
480
421
273
111
56
-235
-379
-389
-394
-436
-612
-836
-931
-870
-758
-737
-710
-834
-898
-846
-828
-673
-555
-620
-527
-491
-601
-576
-482
-295
-222
-217
-238
-140
-20
61
10
68
198
120
192
293
249
344
400
469
537
617
728
905
898
1019
1248
1457
1584
1573
1823
2098
2290
2238
2489
2689
2853
2878
2807
2818
2581
2344
2359
2631
2885
2430
1536
1422
1604
1664
1176
653
781
862
491
-218
-494
-171
-204
-507
-823
-1022
-863
-865
-971
-792
-771
-694
-689
-784
-894
-791
-655
-826
-690
-715
-949
-948
-790
-746
-736
-897
-888
-715
-886
-865
-828
-843
-879
-877
-734
-649
-705
-568
-474
-448
-411
-298
-135
-112
-22
265
233
280
246
196
166
129
90
20
-33
-303
-392
-481
-574
-614
-921
-1019
-1015
-999
-898
-1013
-928
-799
-710
-730
-779
-786
-685
-608
-703
-607
-574
-634
-726
-653
-558
-494
-484
-597
-562
-519
-286
-312
-350
-361
-207
-6
95
121
100
131
196
379
439
483
479
692
851
1102
1267
1376
1528
1615
1620
1819
1981
2051
2243
2288
2287
2331
2232
2008
2043
2394
2635
2128
1500
1200
1486
1588
1164
624
662
706
232
-287
-431
-267
-337
-581
-987
-1011
-948
-1023
-946
-893
-810
-744
-1069
-1162
-1187
-1015
-950
-1041
-1205
-1222
-1375
-1513
-1275
-1040
-819
-929
-1097
-949
-947
-802
-946
-813
-830
-865
-1082
-1158
-810
-594
-479
-564
-752
-655
-348
-262
-298
-206
64
131
-165
-160
137
33
46
-133
-269
-266
-323
-422
-544
-427
-375
-642
-778
-898
-845
-587
-714
-669
-472
-626
-723
-556
-296
-372
-550
-532
-625
-609
-577
-378
-328
-392
-420
-630
-416
-494
-354
-213
-428
-198
-159
-44
69
206
253
332
401
396
599
499
723
1021
1094
1115
1086
1224
1317
1602
1786
1861
1924
2010
2034
2186
2362
2388
2409
2246
2008
1915
2122
2359
2247
1665
1500
1477
1449
1366
1117
927
956
786
416
157
150
66
-97
-359
-522
-592
-677
-679
-664
-593
-778
-919
-1048
-1099
-1010
-934
-845
-789
-946
-946
-946
-912
-819
-891
-959
-991
-1031
-987
-1078
-990
-839
-891
-926
-1004
-1019
-928
-711
-700
-686
-707
-728
-552
-509
-356
-318
-249
-278
-401
-350
-355
-356
-374
-435
-609
-712
-695
-942
-860
-940
-1111
-1030
-1090
-1058
-1093
-1121
-963
-829
-907
-903
-915
-795
-729
-739
-753
-689
-666
-740
-765
-697
-659
-639
-723
-767
-703
-732
-501
-532
-569
-466
-374
-316
-271
-149
-137
54
94
241
238
213
380
541
657
820
853
993
1013
870
1147
1303
1386
1434
1498
1644
1698
1822
1835
1725
1586
1621
1907
1849
1352
1157
1080
1089
1226
1000
740
581
419
169
86
88
-10
-255
-517
-634
-608
-794
-955
-934
-808
-820
-922
-1057
-1088
-972
-891
-987
-1038
-994
-1074
-1133
-1180
-1058
-839
-822
-1022
-1180
-1230
-1128
-1110
-1156
-1100
-1077
-1043
-1077
-1079
-822
-797
-738
-755
-703
-670
-647
-508
-489
-333
-199
-271
-451
-351
-206
-229
-404
-522
-469
-522
-632
-908
-1068
-989
-868
-799
-936
-1176
-1142
-1049
-770
-642
-569
-597
-778
-752
-600
-436
-476
-724
-602
-399
-635
-705
-594
-408
-425
-330
-566
-573
-299
-253
-317
-452
-309
-172
-94
-165
44
245
70
318
491
452
496
651
464
713
1223
1062
1134
1139
1220
1441
1400
1386
1605
1699
1766
1807
1761
1692
1556
1740
1888
1685
1320
1217
1227
1325
1288
1016
804
667
442
240
-34
36
-92
-267
-412
-642
-680
-885
-659
-787
-757
-697
-811
-705
-954
-765
-729
-829
-860
-606
-523
-566
-692
-724
-584
-629
-665
-685
-718
-639
-792
-790
-728
-655
-658
-657
-672
-511
-467
-464
-260
-274
-265
-147
-125
-60
102
188
206
121
174
120
307
232
-26
-59
-103
-252
-273
-236
-369
-273
-461
-526
-412
-390
-202
-202
-290
-95
-114
-54
9
-15
6
-6
91
103
19
-1
-1
-12
89
159
44
107
148
174
134
222
245
255
288
369
457
541
627
790
829
869
960
1021
1221
1177
1145
1308
1383
1586
1611
1541
1810
1917
1883
1768
1720
1717
1615
1670
1712
1661
1403
1230
1190
1246
1126
1111
997
831
724
502
457
327
194
-36
-231
-203
-180
-383
-443
-378
-437
-583
-527
-523
-594
-594
-762
-753
-717
-758
-791
-813
-812
-882
-837
-800
-792
-852
-922
-860
-922
-873
-821
-757
-791
-775
-645
-594
-441
-413
-409
-515
-480
-308
-253
-273
-154
-246
-156
24
-58
-52
69
21
-189
-142
-278
-417
-388
-396
-496
-506
-508
-578
-586
-617
-498
-566
-454
-424
-329
-181
-140
-139
-152
-199
-161
-73
-119
-85
-188
-138
-29
-26
-7
16
35
124
112
110
202
191
344
427
328
424
604
607
634
724
848
905
1036
1150
1142
1227
1270
1453
1480
1545
1490
1424
1511
1537
1706
1558
1316
1570
1568
1278
1329
1072
1110
807
833
836
792
643
434
496
196
308
-32
-185
-174
-401
-577
-426
-736
-396
-596
-866
-661
-1036
-785
-860
-871
-846
-900
-712
-823
-751
-888
-686
-863
-779
-797
-980
-677
-897
-941
-896
-937
-760
-946
-735
-720
-551
-577
-519
-430
-437
-180
-176
-115
-98
64
9
83
90
206
127
98
353
121
95
-161
-237
-157
-64
-149
-287
-252
-444
-475
-577
-433
-683
-528
-513
-418
-240
-170
-254
-237
-146
-180
101
7
80
107
75
213
206
230
266
200
265
210
181
200
217
232
365
384
453
493
527
642
715
866
934
1001
1104
1098
1181
1311
1386
1411
1417
1408
1424
1585
1658
1517
1359
1301
1355
1382
1255
1143
1117
982
962
882
832
750
631
601
446
465
340
101
111
73
-89
-165
-301
-358
-383
-591
-603
-637
-876
-886
-856
-894
-842
-782
-773
-814
-924
-1094
-1031
-921
-974
-897
-945
-976
-880
-821
-840
-833
-832
-892
-881
-716
-547
-532
-584
-617
-493
-446
-467
-280
-326
-285
-213
-125
15
1
100
-5
-99
-54
-48
-95
-134
-33
-89
-114
-249
-346
-330
-425
-386
-454
-468
-434
-457
-449
-385
-264
-243
-188
-83
-29
-169
-36
156
194
140
82
224
256
289
345
407
450
456
322
494
526
449
602
423
728
684
823
850
855
936
953
1188
1123
1196
1310
1273
1461
1342
1285
1424
1361
1308
1237
1103
1075
1025
879
795
680
633
657
558
460
420
247
113
201
147
29
154
-47
9
46
-11
-163
-261
-310
-440
-429
-519
-527
-577
-707
-798
-756
-724
-837
-912
-952
-890
-963
-855
-859
-904
-778
-812
-768
-776
-763
-757
-739
-689
-704
-690
-536
-636
-533
-484
-579
-610
-563
-556
-211
-571
-360
-262
-454
-216
-455
-231
-414
-269
-361
7
-310
-103
-93
-242
-14
-274
-228
-278
-480
-420
-507
-448
-190
-285
-8
-345
-276
-356
-296
-353
-212
-146
-30
78
85
134
96
307
411
322
474
470
580
606
520
501
674
677
536
469
672
725
775
799
804
947
810
909
967
1045
1046
974
933
987
915
922
959
855
864
622
614
656
496
553
415
353
389
192
133
68
-156
-147
-217
-254
-199
-109
-211
-37
-72
-180
17
-91
-150
-353
-166
-160
-332
-407
-298
-284
-361
-371
-528
-453
-526
-566
-615
-546
-426
-437
-457
-510
-483
-360
-321
-349
-326
-286
-261
-124
-71
-158
-144
-132
-38
49
20
219
127
13
60
57
161
141
166
140
122
260
278
228
189
244
135
261
382
317
305
330
401
207
195
135
137
216
141
122
108
126
96
218
325
343
345
574
623
750
602
648
826
796
961
986
1056
1069
1109
1129
1111
1064
936
858
936
970
968
943
847
820
623
515
490
445
407
333
264
253
121
57
116
22
10
-116
-108
-196
-269
-289
-288
-408
-421
-385
-393
-421
-572
-488
-445
-433
-375
-387
-372
-339
-313
-207
-175
-183
-205
-184
-226
-133
-246
-176
-165
-247
-198
-214
-213
-331
-208
-298
-144
-196
-287
-123
-173
-17
33
205
294
227
371
330
227
241
286
444
416
482
379
398
417
501
539
467
628
639
567
591
567
621
537
516
489
473
541
494
495
554
499
368
354
373
362
395
348
408
348
308
197
154
159
138
192
66
195
118
157
220
148
141
137
236
302
319
301
329
327
340
332
380
380
328
275
208
225
170
86
90
61
-114
-23
117
-54
-255
-79
-228
-287
-36
-275
-434
-84
-254
-299
-177
-511
-276
-302
-435
-318
-581
-429
-594
-604
-637
-607
-583
-530
-497
-425
-424
-677
-568
-691
-533
-442
-350
-194
-281
-207
-193
-135
-268
-230
-330
-241
-292
-207
-180
-256
-266
-72
-49
-2
-119
47
49
134
132
100
167
183
252
375
534
488
449
434
493
591
558
590
600
530
525
461
558
574
674
722
734
695
775
856
653
690
461
588
647
635
518
486
547
545
730
595
669
718
726
464
499
474
394
500
404
285
251
243
224
218
142
132
103
91
34
65
-104
41
85
-81
-20
1
-47
-65
-143
-233
-192
-309
-359
-469
-561
-460
-303
-358
-421
-482
-443
-401
-395
-487
-485
-408
-349
-350
-498
-466
-551
-531
-461
-482
-414
-533
-618
-539
-493
-409
-465
-410
-345
-346
-379
-274
-210
-201
-64
-19
160
170
224
351
402
365
364
446
462
489
426
533
635
627
598
621
624
523
541
588
664
491
562
505
550
682
630
538
525
555
616
695
719
716
678
746
695
640
709
735
717
626
565
598
599
486
452
464
393
389
274
224
304
237
158
197
139
154
61
114
-2
-134
-64
-108
-240
-315
-318
-365
-410
-311
-339
-309
-506
-477
-491
-476
-409
-390
-298
-392
-261
-321
-176
-206
-281
-310
-126
-256
-261
59
-124
-131
-74
-204
-204
-136
-126
-227
-217
-214
-202
-173
-165
-166
-130
-102
-29
-65
-157
-101
-34
-127
-57
-6
-13
88
117
85
102
137
103
154
129
21
73
169
148
194
167
169
277
244
272
282
205
151
208
302
340
345
387
285
311
258
324
369
275
196
117
188
150
90
98
-39
-27
11
-30
-23
-212
52
-94
-149
78
19
-215
3
49
-132
-23
94
-24
18
115
-218
20
173
-89
-100
-37
-335
-255
-214
-314
-80
-39
-205
-224
-119
-447
-245
-109
-362
-208
-362
-435
-413
-681
-607
-492
-843
-722
-644
-840
-689
-776
-914
-750
-680
-876
-756
-694
-672
-542
-660
-526
-544
-494
-472
-565
-599
-573
-583
-537
-600
-575
-659
-611
-451
-435
-640
-543
-627
-508
-297
-461
-406
-301
-230
-293
-247
-304
-160
-51
-4
-85
-63
-16
24
33
80
89
103
141
122
181
274
201
240
314
231
333
344
423
479
419
513
575
508
613
771
744
621
679
713
736
745
605
535
576
547
476
536
377
392
368
304
449
489
327
135
241
268
264
325
296
268
261
224
108
15
72
-4
-27
-76
-200
-176
-252
-329
-305
-275
-454
-494
-461
-400
-402
-322
-291
-293
-308
-264
-316
-263
-268
-397
