-2
-1
-13
-15
8
5
11
22
5
0
-18
-19
-23
-32
-44
-37
-47
-67
-40
-31
-36
-29
-19
-26
-10
12
8
16
25
32
24
19
-3
22
18
13
24
1
-8
-6
-4
3
6
5
-2
-13
-4
-2
1
-17
-21
-9
-9
-21
-20
-7
-8
-2
0
-3
-6
-10
-6
-6
15
25
9
-7
-8
-7
-8
15
33
44
37
34
24
34
25
25
15
7
28
37
33
35
22
8
24
5
12
13
34
32
30
23
7
27
24
12
4
1
-7
5
-4
-35
-29
-36
-34
-36
-63
-53
-67
-87
-86
-79
-87
-90
-56
-58
-64
-50
-24
-11
-30
-40
-27
-25
-34
-12
-16
-19
-14
-50
-63
-61
-37
-15
-27
-18
2
-1
-2
-3
-2
6
-13
-14
6
2
0
-19
-35
-13
-15
-16
-14
1
-3
-11
-8
-18
-3
-5
-27
-23
-22
-12
-20
-22
-37
-29
2
-3
6
3
-3
-7
-10
0
2
24
14
5
7
8
-1
15
14
4
33
-2
4
8
-16
-12
-13
4
6
-14
-24
-40
-37
-13
-30
-36
-32
-19
-20
-23
-4
-13
6
5
2
-1
-15
-38
-35
-33
-40
-35
-42
-32
-11
-21
-27
-22
-32
-22
-8
-2
-2
3
5
7
27
13
22
40
14
33
43
31
20
8
-8
-42
-35
-39
-45
-44
-49
-38
-20
-23
-3
11
5
9
-12
-6
4
6
5
7
32
38
40
45
29
20
9
-10
-10
-1
-9
2
2
7
10
2
12
13
25
36
18
9
8
21
19
13
29
-7
-19
-40
-85
-90
-113
-108
-103
-90
-76
-59
-38
-37
-48
-41
-52
-76
-95
-112
-140
-187
-229
-259
-269
-270
-274
-261
-221
-191
-118
-35
52
146
215
255
274
257
247
217
172
124
113
57
-20
-190
-364
-776
-1313
-1900
-2482
-2901
-3499
-3793
-3996
-3869
-3642
-3292
-2751
-2213
-1651
-1226
-903
-627
-368
-238
-258
-245
-13
221
524
854
1254
1734
1988
2291
2323
2356
2044
1447
820
52
-413
-1134
-1627
-2045
-2139
-2036
-1913
-1556
-1248
-848
-663
-481
-302
-51
121
245
414
675
1175
1650
2190
2616
3177
3557
3869
4044
4112
4148
3942
3702
3468
3437
3394
3353
3396
3551
3865
4145
4558
4866
5289
5622
5916
6052
6126
6294
6022
5502
4535
3897
2850
1625
63
-1120
-2324
-3468
-4508
-5245
-5693
-6205
-6466
-6717
-6720
-6618
-6362
-6289
-6215
-5685
-5006
-4368
-3759
-2684
-1593
-624
303
1388
2396
3103
3692
4015
4250
4254
4287
3941
3483
3128
2763
2252
1502
1038
515
-138
-978
-1650
-2206
-2981
-3659
-4250
-4579
-4958
-5055
-5097
-4945
-4662
-4168
-3710
-3333
-2788
-2184
-1636
-1327
-943
-379
-152
94
85
294
32
-498
-975
-1700
-1864
-2684
-2808
-3369
-3291
-3291
-3164
-2823
-2758
-2218
-2215
-1978
-1960
-1649
-1563
-1610
-1492
-1111
-541
19
683
1361
2173
2751
3446
3725
4154
4291
4183
4024
3834
3942
3757
3732
3631
3860
4119
4378
4674
4921
5191
5395
5541
5771
6039
6584
6905
7512
8060
8975
9200
8924
8401
7526
6413
4217
2379
144
-1903
-4168
-5773
-7062
-8153
-8707
-9031
-9116
-9141
-8601
-8405
-8383
-8283
-7711
-7319
-7038
-6167
-5127
-3858
-2670
-882
701
2238
3665
4840
5662
6100
6503
6439
5981
5429
4989
4369
3517
2816
2343
1752
935
300
-325
-1132
-2201
-3137
-4085
-5145
-5868
-6388
-6747
-7005
-6765
-6246
-5753
-5054
-4135
-3344
-2793
-2166
-1526
-1000
-723
-393
-43
198
538
936
1392
1611
1919
1980
2082
1688
1529
503
-568
-1840
-2728
-3352
-4559
-4839
-5513
-5107
-5132
-4489
-4000
-3602
-3082
-2804
-2393
-2213
-1824
-1757
-1643
-1379
-701
-134
573
1254
2152
2867
3377
3851
3971
4058
3738
3492
3049
2725
2508
2248
2081
2035
2304
2523
2627
2888
3208
3465
3567
3732
3928
4064
4218
4568
5043
5691
6620
7455
8460
9355
10465
11454
11421
11007
9803
8773
6987
4706
2407
-20
-2190
-4208
-5646
-6718
-7433
-8030
-8274
-8705
-8704
-8767
-8927
-9383
-9668
-9377
-9078
-8521
-7651
-6269
-4617
-3055
-1083
735
2435
3825
4805
5528
5916
6096
6048
5524
5110
4762
4390
3970
3381
3165
2695
1935
1189
371
-490
-1730
-2979
-4134
-5165
-5894
-6444
-6699
-6763
-6513
-5981
-5426
-4800
-4036
-3385
-2870
-2497
-1956
-1582
-1438
-1239
-977
-571
-164
358
772
1070
1324
1367
1256
782
-132
-960
-2193
-2837
-3960
-4600
-5121
-5340
-5087
-4948
-4255
-3801
-3097
-2730
-2188
-1833
-1539
-1355
-1245
-994
-579
-28
653
1421
2150
3058
3678
4322
4728
4836
4789
4405
4138
3689
3340
3092
2922
2906
3059
3388
3828
4198
4580
4886
5196
5372
5714
6215
6580
7284
7848
9295
10220
11979
12759
12706
11835
10450
9500
6907
4056
1063
-1509
-4129
-6500
-7840
-8431
-9231
-9619
-9602
-9616
-9190
-9119
-9114
-9809
-9886
-9334
-9205
-8748
-7779
-5952
-4458
-2595
-258
2034
3902
5302
6454
7098
7323
7312
6816
5834
5108
4502
3912
3185
2641
2513
1846
1120
466
-150
-1199
-2728
-3844
-4991
-6049
-6891
-7330
-7510
-7529
-6911
-6167
-5507
-4677
-3565
-2711
-2379
-2021
-1435
-1286
-1348
-1277
-1035
-823
-693
-262
-182
-60
-135
-14
-312
-792
-1098
-1694
-2301
-2954
-3142
-3377
-3668
-3716
-3458
-3206
-2985
-2561
-2193
-1975
-1611
-1148
-745
-340
161
730
1156
1677
2369
2876
3297
3643
3981
4249
4254
4223
4131
3992
3862
3754
3614
3699
3863
4063
4270
4471
4885
5088
5324
5556
5825
6171
6388
6979
7510
8273
9168
10185
11407
12355
12518
11767
10389
8800
7258
4224
1447
-1426
-3667
-5909
-7842
-8536
-9171
-9552
-9709
-9599
-9416
-9133
-9017
-9298
-9655
-9355
-8711
-8369
-7566
-6098
-4201
-2667
-713
1538
3436
4909
5800
6550
6840
6880
6663
5909
5100
4532
4008
3443
2839
2505
2225
1620
841
307
-477
-1628
-3062
-4143
-5115
-6063
-6735
-7218
-7344
-7197
-6454
-5848
-5134
-4243
-3340
-2782
-2484
-2013
-1578
-1515
-1654
-1563
-1427
-1329
-1310
-1174
-1015
-817
-729
-769
-906
-1144
-1297
-1751
-2178
-2555
-2788
-2984
-3266
-3211
-2965
-2702
-2539
-2152
-1713
-1333
-977
-602
-84
332
784
1177
1599
2071
2633
2978
3358
3645
3945
4141
4253
4389
4403
4502
4536
4600
4651
4787
5028
5209
5352
5710
5891
6200
6434
6899
7445
7911
8735
9617
10525
11750
12861
13490
12288
10800
9278
7890
4979
1548
-931
-3474
-5715
-7917
-8584
-9178
-9766
-10097
-9962
-10035
-9683
-9427
-9942
-10438
-10298
-9396
-9266
-8603
-6957
-4996
-3418
-1477
1067
3135
4582
5678
6664
7113
7178
7002
6240
5203
4627
4210
3457
2642
2172
2006
1180
236
-331
-1055
-2359
-3865
-4955
-5911
-6825
-7616
-7828
-8119
-7767
-7032
-6149
-5446
-4515
-3423
-2802
-2373
-1877
-1385
-1523
-1723
-1678
-1469
-1582
-1371
-1131
-693
-427
-160
42
-212
-378
-810
-1382
-2121
-2587
-2886
-3345
-3692
-3654
-3247
-2867
-2579
-1965
-1277
-812
-478
-93
275
496
709
906
1192
1544
2078
2495
2912
3435
3998
4221
4375
4501
4635
4654
4485
4403
4349
4342
4521
4690
4889
5277
5618
6103
6370
7013
7638
8246
8910
9570
10579
11491
12537
12979
12020
10796
9053
7704
5085
1891
-659
-3227
-5435
-7602
-8639
-9238
-9962
-10434
-10197
-10240
-9831
-9728
-9787
-10118
-10082
-9145
-8934
-8281
-7045
-5145
-3464
-1902
542
2539
4072
5238
6124
6838
6919
6735
6207
5202
4661
4141
3454
2676
2038
1858
1142
320
-251
-797
-1970
-3347
-4420
-5158
-6061
-6781
-7085
-7262
-7137
-6647
-5850
-5385
-4660
-3901
-3423
-3238
-2895
-2504
-2548
-2742
-2604
-2205
-2043
-1763
-1512
-1084
-753
-451
-296
-349
-563
-949
-1303
-1868
-2179
-2420
-2633
-2826
-2774
-2291
-1894
-1556
-1100
-559
-95
231
553
835
953
1230
1481
1662
1995
2461
2934
3190
3605
4140
4498
4541
4573
4652
4713
4631
4506
4554
4731
4892
5007
5254
5613
6040
6477
6930
7660
8469
9450
10063
11090
12165
13644
13307
11821
10310
8633
7345
3550
747
-2067
-4233
-6623
-8625
-9314
-9783
-10430
-10784
-10690
-10679
-9992
-10290
-10539
-10995
-10168
-9389
-9357
-8410
-6759
-4636
-3320
-1300
1236
3165
4645
5742
6769
7458
7570
7310
6497
5525
5270
4539
3584
2675
2220
1855
660
-297
-867
-1695
-3105
-4582
-5508
-6349
-7357
-8044
-8351
-8252
-7862
-7095
-6226
-5684
-4705
-3827
-3342
-3001
-2567
-2033
-2230
-2392
-1995
-1488
-1327
-1195
-700
-192
153
264
260
179
-205
-688
-1344
-2061
-2476
-2849
-3220
-3389
-3153
-2641
-2324
-2091
-1637
-1032
-658
-426
-68
248
503
689
983
1369
1742
2378
2850
3332
3875
4439
4849
4898
5082
5194
5203
4968
4811
4831
4913
4879
5056
5286
5654
6059
6685
7328
8186
8940
9817
10676
11689
13216
13544
12641
10947
9560
8286
5541
2249
-167
-2726
-4871
-7256
-8338
-8979
-9980
-10359
-10612
-10676
-10493
-10456
-10849
-11520
-11215
-10310
-10258
-10019
-8696
-6522
-4959
-3318
-683
1562
3253
4668
5978
7029
7237
7324
6934
6001
5559
5191
4435
3421
2895
2712
1983
891
320
-254
-1411
-3065
-4157
-5029
-6144
-7163
-7858
-8128
-8236
-7934
-7384
-7077
-6405
-5312
-4648
-4236
-3709
-2760
-2417
-2501
-2121
-1487
-1150
-1032
-605
-77
208
405
533
540
269
-2
-265
-971
-1416
-1768
-2159
-2583
-2782
-2472
-2233
-2232
-1935
-1404
-1024
-882
-618
-250
13
311
647
1022
1425
2009
2632
3048
3620
4413
4866
5054
5282
5724
5841
5661
5573
5628
5520
5367
5425
5456
5830
6083
6743
7318
8269
9345
10178
11064
12306
13768
14242
12979
11369
10050
8426
5687
2268
-212
-2722
-4962
-7014
-8143
-8883
-9446
-9829
-10074
-10257
-10124
-10232
-10942
-11597
-11395
-10832
-10749
-10432
-8830
-6879
-5095
-3277
-750
1536
3176
4644
5994
6841
7231
7212
6797
5989
5525
5268
4374
3372
2834
2698
1970
927
342
-290
-1690
-3161
-4285
-5117
-6389
-7441
-8075
-8447
-8355
-7997
-7413
-7052
-6319
-5321
-4750
-4385
-3981
-3307
-3112
-3174
-2778
-2248
-1951
-1735
-1238
-524
-17
397
635
647
511
242
-162
-895
-1481
-1837
-2297
-2721
-2927
-2596
-2417
-2368
-2046
-1548
-1131
-1015
-839
-580
-423
-232
25
261
769
1346
2048
2561
3237
3972
4409
4746
5057
5517
5529
5329
5327
5398
5565
5639
5795
6041
6374
6926
7311
8030
8839
9842
10642
11455
12519
13671
13622
12092
10460
8949
7667
4240
1383
-1209
-3322
-5674
-7643
-8270
-9152
-9797
-10219
-10224
-10452
-10194
-10349
-10831
-11480
-10889
-10155
-10256
-9543
-7977
-5792
-4412
-2392
215
2227
3800
5119
6467
7145
7334
7234
6758
5875
5535
4972
4108
3162
2679
2680
1679
752
146
-417
-1832
-3465
-4322
-5283
-6486
-7567
-7991
-8191
-8180
-7864
-7247
-6895
-6056
-4950
-4287
-3865
-3363
-2489
-2401
-2477
-2100
-1543
-1332
-1299
-738
-50
346
555
738
699
539
177
-233
-1003
-1648
-2166
-2748
-3288
-3586
-3303
-3298
-3285
-2954
-2243
-1738
-1540
-1130
-588
-224
-33
295
712
1199
1673
2298
2716
3383
4060
4558
4848
5066
5551
5656
5485
5460
5514
5487
5389
5334
5624
5864
6319
6706
7411
8403
9277
10360
11199
12510
14131
14231
13148
11500
10075
8850
5537
2498
-202
-2561
-4815
-7252
-8272
-8952
-9747
-10105
-10294
-10278
-10149
-10372
-10886
-11590
-11228
-10818
-10910
-10535
-9024
-6685
-5141
-3293
-576
1702
3595
5075
6478
7548
7644
7483
7042
6245
5948
5324
4500
3482
3029
3009
2201
1346
664
222
-1059
-2787
-3857
-4750
-6082
-7275
-8063
-8227
-8280
-8003
-7224
-6832
-5847
-4846
-4043
-3750
-3331
-2616
-2627
-2853
-2668
-2126
-2027
-1956
-1414
-620
-130
242
508
752
668
468
88
-687
-1299
-1873
-2346
-2903
-3028
-2735
-2524
-2478
-2126
-1415
-964
-734
-396
55
276
444
672
1051
1375
1789
2400
2889
3526
4185
4758
5049
5394
5749
5929
5818
5616
5679
5606
5505
5552
5801
6044
6523
6857
7672
8511
9473
10513
11493
12756
14032
14116
12991
11262
9672
8224
4942
1874
-896
-3154
-5484
-7623
-8564
-9221
-9940
-10167
-10262
-10306
-10144
-10403
-10820
-11517
-11166
-10702
-10846
-10385
-8979
-6816
-5243
-3289
-542
1749
3659
5117
6603
7682
7892
7750
7253
6539
6182
5451
4591
3672
3139
3019
2146
1338
665
91
-1213
-2802
-3824
-4883
-6334
-7563
-8298
-8472
-8628
-8447
-7823
-7244
-6257
-5222
-4299
-3696
-3057
-2330
-2053
-2194
-1888
-1505
-1286
-1208
-688
26
438
714
1030
1385
1268
1070
701
122
-589
-1297
-1861
-2479
-2899
-2960
-2882
-2891
-2530
-2001
-1520
-1336
-954
-412
-140
120
396
892
1231
1627
2162
2647
3277
3930
4534
4879
5273
5692
5944
5859
5913
5898
5842
5746
5588
5867
5986
6394
6810
7618
8303
9591
10214
11614
12760
14253
14518
13257
12256
10502
8995
5592
2703
-232
-2679
-5406
-7428
-8708
-9524
-10066
-10477
-10485
-10637
-10244
-10619
-11159
-11772
-11605
-11359
-11695
-11138
-9883
-7956
-6362
-4301
-1611
894
3007
4924
6515
7508
8012
8002
7690
6897
6492
5819
4876
4123
3680
3550
2756
2121
1626
915
-349
-1818
-3014
-4264
-5759
-7153
-8067
-8645
-8877
-8826
-8364
-7808
-6959
-5971
-5313
-4593
-3932
-3212
-3068
-2961
-2590
-2223
-1919
-1723
-1079
-357
196
699
1192
1617
1741
1522
1272
725
236
-380
-1049
-1644
-2056
-2056
-2235
-2333
-2124
-1638
-1313
-1098
-733
-333
-140
-47
261
626
970
1312
1852
2428
3143
3845
4500
5016
5372
5828
5969
6026
6018
6071
6043
5953
6099
6292
6529
6902
7430
8158
8889
9698
10595
11539
12664
13818
13797
13271
11575
10183
8509
5437
2947
-310
-2558
-5158
-7240
-8621
-9652
-10323
-10576
-10856
-10866
-10839
-11025
-11206
-11828
-11474
-11498
-11252
-10774
-9526
-7552
-5943
-3743
-1376
1039
3202
4886
6485
7747
8157
8353
7981
7513
7062
6199
5427
4543
3975
3603
2900
2169
1472
907
-209
-1521
-2684
-3864
-5456
-6875
-8026
-8486
-9034
-9141
-8806
-8390
-7462
-6701
-5617
-4909
-4054
-3382
-2879
-2661
-2355
-1933
-1672
-1394
-849
-183
331
932
1378
1866
1923
1826
1621
1071
531
-139
-732
-1418
-1991
-2311
-2474
-2562
-2453
-2102
-1779
-1423
-1082
-661
-352
-178
82
437
786
1127
1682
2166
2681
3243
3968
4524
5000
5352
5614
5713
5799
5811
5850
5760
5666
5810
5906
6199
6516
7154
7782
8689
9507
10751
11822
13303
13840
13563
12655
10859
9696
6800
4181
1156
-1500
-3957
-6418
-8058
-9158
-9923
-10334
-10402
-10585
-10453
-10640
-10751
-11214
-11354
-11253
-11445
-11135
-10455
-8712
-7149
-5343
-2935
-538
1834
3766
5506
6995
7715
7943
7952
7360
6910
6149
5333
4438
3644
3370
2752
2154
1530
1015
70
-1184
-2325
-3387
-4702
-6152
-7237
-7917
-8463
-8487
-8282
-7828
-7118
-6220
-5160
-4516
-3726
-2978
-2370
-2271
-2004
-1613
-1400
-1256
-1017
-454
103
529
1034
1541
1690
1761
1562
1165
596
-101
-669
-1395
-1997
-2327
-2500
-2689
-2681
-2276
-1923
-1649
-1188
-681
-209
50
411
821
1107
1458
1989
2397
2856
3434
4045
4617
4999
5564
5905
5948
6068
6041
5986
5779
5701
5758
5724
5827
6180
6584
7073
7757
8635
9548
10562
11526
12981
12843
12740
11175
9999
8136
5011
2953
-413
-2617
-5323
-7190
-8702
-9774
-10491
-10484
-10802
-10829
-10679
-10865
-10996
-11599
-11200
-11408
-11285
-10977
-9875
-8281
-6862
-4614
-2458
-193
2054
4061
5830
7124
7717
8245
7975
7432
7040
6285
5578
4599
4006
3633
2877
2355
1837
1334
253
-918
-1921
-3167
-4507
-5755
-6704
-7549
-8087
-8164
-7970
-7711
-7008
-6020
-5323
-4669
-3749
-2904
-2504
-2227
-1897
-1467
-1314
-1151
-678
-307
193
549
997
1222
1386
1449
1251
919
383
-8
-611
-1276
-1777
-2073
-2294
-2399
-2242
-1852
-1530
-1202
-759
-330
165
474
836
1113
1418
1811
2158
2481
2867
3408
3849
4211
4596
4995
5226
5298
5411
5410
5568
5463
5525
5633
5760
6050
6287
6909
7380
8431
9043
10092
11100
12406
13103
12559
11900
10368
9220
6178
3776
784
-1742
-4414
-6876
-8415
-9719
-10410
-10897
-10880
-11180
-10842
-10938
-11026
-11540
-11489
-11278
-11592
-11331
-10508
-8906
-7572
-5752
-3381
-934
1271
3498
5456
6972
7883
8373
8516
7987
7601
6933
6026
4881
4094
3663
2846
2136
1517
1094
180
-927
-1919
-2964
-4267
-5525
-6536
-7319
-7963
-8261
-8091
-7928
-7168
-6279
-5267
-4495
-3607
-2670
-2113
-1813
-1565
-1161
-1025
-1046
-859
-487
-160
53
389
722
977
1050
969
660
210
-346
-854
-1532
-2125
-2496
-2843
-3147
-3220
-2827
-2413
-2039
-1594
-889
-276
104
551
1040
1434
1804
2118
2470
2817
3272
3761
4129
4484
4972
5426
5549
5523
5634
5733
5575
5463
5417
5503
5622
5822
6219
6704
7360
8141
8983
10080
11138
12447
12369
12150
10897
9778
7962
5038
2812
-171
-2530
-5345
-7328
-8736
-9663
-10555
-10597
-10891
-10860
-10643
-10841
-10821
-11373
-11092
-11323
-11468
-11191
-10256
-8830
-7624
-5605
-3282
-1014
1202
3308
5244
6721
7334
7862
7821
7423
7008
6097
5240
4264
3500
3080
2273
1634
1135
643
-301
-1330
-2152
-3205
-4491
-5780
-6653
-7483
-8170
-8441
-8328
-8070
-7400
-6461
-5534
-4624
-3776
-2807
-2292
-1957
-1483
-1214
-1104
-1080
-750
-349
-46
180
598
932
1106
1147
1063
786
330
-162
-788
-1467
-2046
-2388
-2734
-2935
-2896
-2589
-2387
-2061
-1455
-873
-283
112
622
1103
1367
1701
2108
2344
2666
2983
3307
3557
3852
4221
4512
4660
4805
5009
5094
5065
5087
5141
5113
5363
5495
5906
6261
7003
7773
8811
9963
11157
12536
12460
12659
11320
10389
8436
5652
3437
305
-2158
-4989
-6999
-8468
-9610
-10581
-10518
-10942
-10873
-10681
-10746
-10710
-11274
-10894
-11250
-11307
-10913
-9935
-8612
-7559
-5388
-3131
-942
1361
3589
5470
6845
7563
8218
8156
7632
7321
6393
5400
4351
3622
3016
2137
1471
1013
450
-454
-1297
-1991
-2968
-4320
-5322
-6372
-7166
-7823
-8034
-7832
-7781
-7030
-6089
-5200
-4343
-3434
-2457
-1919
-1670
-1186
-905
-864
-779
-411
-142
12
293
656
1011
1063
1187
1178
796
419
0
-497
-1116
-1761
-2098
-2499
-2818
-2821
-2623
-2308
-2072
-1427
-816
-356
165
628
1145
1436
1745
2183
2478
2753
3170
3487
3855
4046
4394
4756
4872
5078
5222
5256
5284
5204
5188
5224
5153
5426
5663
6087
6713
7510
8423
9302
10313
11569
11647
11543
10818
9743
8272
5441
3504
815
-1767
-4325
-6456
-7741
-9123
-10048
-10178
-10470
-10645
-10433
-10512
-10528
-10956
-10663
-10731
-11056
-10542
-9712
-8432
-7540
-5609
-3132
-1130
950
3116
5138
6522
7264
8000
8159
7679
7286
6484
5603
4557
3828
3277
2308
1631
1257
727
-233
-1120
-1764
-2596
-3932
-5045
-5806
-6622
-7375
-7698
-7500
-7468
-6858
-6100
-5204
-4479
-3603
-2503
-2020
-1515
-1096
-561
-605
-613
-254
-26
25
89
469
811
939
869
1007
737
371
-63
-564
-1111
-1749
-2151
-2437
-2762
-2918
-2645
-2462
-2172
-1687
-1053
-545
-231
375
986
1359
1567
2029
2374
2587
2814
3252
3571
3781
4077
4398
4680
4745
5032
4989
5020
4923
4933
4926
4819
4968
5154
5716
6024
7033
7730
8993
9887
11187
11635
11465
11128
9907
8919
6036
4022
1409
-1081
-3848
-5943
-7523
-8808
-9977
-10418
-10397
-10815
-10571
-10686
-10557
-11008
-10897
-10931
-11185
-10872
-10195
-8942
-8039
-6446
-4143
-2064
-73
2092
4110
5745
6628
7335
7860
7540
7093
6406
5554
4569
3657
3028
2188
1519
1109
740
43
-741
-1228
-1839
-2967
-3887
-4635
-5402
-6241
-6896
-6811
-6898
-6692
-6177
-5487
-4698
-3960
-2885
-2163
-1602
-1038
-554
-253
-267
37
387
343
386
593
896
940
812
1034
922
681
383
-39
-438
-993
-1376
-1664
-2007
-2158
-2169
-1999
-1785
-1468
-903
-452
-91
389
884
1338
1567
1806
2228
2445
2717
3000
3332
3590
3792
4195
4538
4718
4959
5227
5325
5512
5515
5734
5677
5752
5996
6251
6835
7336
8077
8865
9742
10893
11564
11600
11447
10657
9779
7609
5191
3053
461
-2209
-4661
-6471
-7832
-9243
-9937
-10066
-10386
-10265
-10225
-10091
-10342
-10332
-10020
-10370
-10374
-9771
-8865
-8052
-6974
-4848
-2860
-1089
994
3087
4834
5976
6936
7651
7596
7247
6876
5975
4967
3952
3251
2350
1475
918
554
-39
-853
-1369
-1980
-2915
-3993
-4713
-5532
-6321
-7145
-7228
-7333
-7195
-6716
-5972
-5134
-4438
-3344
-2534
-1922
-1391
-674
-359
-309
-156
275
382
332
506
748
930
835
908
789
546
296
-84
-573
-1106
-1534
-1881
-2227
-2461
-2363
-2224
-2021
-1714
-1143
-499
-101
399
914
1414
1691
1909
2254
2422
2534
2748
3024
3240
3472
3763
4079
4354
4557
4899
5045
5141
5180
5195
5206
5191
5315
5514
5920
6361
7274
7973
9175
10005
11448
11922
11963
11711
10761
9869
7288
5396
3053
559
-2294
-4575
-6374
-7688
-9267
-9798
-9944
-10442
-10179
-10307
-10064
-10353
-10151
-9918
-10283
-10086
-9349
-8426
-7750
-6499
-4342
-2443
-843
1298
3335
4957
5947
6903
7560
7247
6881
6335
5429
4373
3368
2748
1807
987
638
294
-373
-1106
-1445
-1946
-3013
-3954
-4523
-5228
-6158
-6775
-6775
-6857
-6806
-6204
-5408
-4746
-4052
-2939
-2115
-1606
-1052
-435
-173
-189
24
277
154
51
226
358
288
141
314
337
115
-189
-405
-640
-1154
-1438
-1739
-2031
-2235
-2335
-2165
-2011
-1715
-1140
-626
-201
342
995
1452
1662
1966
2367
2539
2525
2776
3012
3083
3159
3509
3821
4006
4301
4568
4871
4867
5069
5146
5101
5112
5104
5206
5455
5908
6425
7031
7828
8829
9929
10343
10587
10449
9980
9213
7036
5247
3048
1006
-1596
-3937
-5608
-6905
-8326
-9189
-9459
-9719
-9665
-9841
-9508
-9725
-9437
-9359
-9372
-9285
-8827
-7775
-7292
-6246
-4512
-2716
-1148
568
2452
4254
5179
6119
6843
6887
6613
6063
5396
4494
3589
2712
1889
1052
507
191
-322
-988
-1313
-1646
-2345
-3153
-3892
-4332
-5121
-5989
-6105
-6237
-6259
-6087
-5550
-4692
-4121
-3249
-2328
-1598
-1068
-507
-82
-20
72
261
199
36
-17
179
166
-98
46
162
117
-127
-327
-365
-685
-1048
-1313
-1540
-1750
-1921
-1892
-1819
-1679
-1369
-994
-513
-103
523
1076
1314
1625
2017
2273
2359
2443
2692
2927
2982
3238
3622
3980
4294
4706
5021
5289
5593
5709
5981
5945
6046
6267
6425
6770
7244
7817
8536
9271
10277
10636
10774
10452
10018
9128
6922
5126
2972
937
-1815
-4111
-5807
-7295
-8862
-9648
-9955
-10247
-10249
-10193
-9837
-9910
-9472
-9206
-9282
-9091
-8472
-7569
-7179
-6151
-4363
-2662
-1233
515
2588
4210
5203
6162
6938
7018
6683
6127
5366
4389
3361
2605
1609
780
311
25
-514
-1203
-1379
-1763
-2400
-3360
-3858
-4324
-5223
-5962
-6174
-6229
-6315
-6180
-5614
-4892
-4288
-3296
-2448
-1697
-1105
-353
-10
0
147
306
222
-7
53
208
175
6
164
281
231
60
-42
-175
-512
-871
-1210
-1459
-1725
-1806
-1824
-1770
-1585
-1199
-805
-520
-133
411
910
1149
1380
1822
2112
2052
2257
2485
2782
2893
3032
3383
3664
3903
4180
4415
4573
4811
4876
5047
5026
5229
5334
5566
5901
6402
6939
7642
8416
9453
10055
10154
10269
9583
9393
7292
5609
3484
1478
-762
-3529
-5225
-6796
-8098
-9288
-9596
-9931
-9747
-9859
-9359
-9349
-9139
-8769
-8863
-8688
-8609
-7692
-7313
-6614
-5165
-3505
-1964
-514
1336
3209
4308
5232
6098
6405
6319
5797
5220
4379
3387
2588
1701
840
174
-270
-645
-1310
-1643
-1800
-2324
-2923
-3573
-3824
-4389
-5203
-5550
-5665
-5742
-5830
-5514
-4841
-4189
-3593
-2729
-1886
-1230
-664
-54
221
415
666
673
545
363
462
439
160
82
164
152
-16
-135
-167
-317
-574
-725
-867
-1034
-1189
-1216
-1191
-1170
-962
-718
-468
-244
122
578
792
1042
1370
1747
1898
2080
2342
2673
2851
3091
3367
3701
3958
4177
4435
4537
4759
4792
4899
4999
5106
5204
5437
5726
6177
6870
7524
8281
8980
9892
9957
10248
9622
9484
8211
6189
4731
2485
778
-1858
-3764
-5336
-6732
-8016
-8632
-9061
-9106
-9181
-9011
-8699
-8827
-8294
-8250
-8004
-7973
-7423
-6669
-6345
-5274
-3920
-2425
-1105
321
2164
3481
4356
5265
5856
5961
5697
5217
4713
3791
2998
2253
1324
626
-70
-371
-1014
-1524
-1829
-2161
-2693
-3349
-3766
-4108
-4776
-5389
-5486
-5708
-5699
-5629
-5060
-4504
-3969
-3197
-2402
-1749
-1167
-478
-55
128
369
562
519
357
363
503
363
179
286
443
331
156
53
14
-246
-545
-807
-1013
-1225
-1388
-1383
-1397
-1299
-1033
-721
-369
5
427
812
1139
1459
1806
1994
2157
2367
2562
2767
2928
3195
3450
3760
3986
4291
4563
4706
4869
4940
4985
5078
5055
5198
5335
5699
6161
6653
7323
7984
8894
9030
9287
8921
8719
7873
6047
4643
2684
906
-1457
-3459
-4945
-6249
-7568
-8213
-8615
-8768
-8730
-8730
-8419
-8489
-8105
-8070
-8129
-8032
-7573
-6971
-6739
-5926
-4449
-3106
-1952
-474
1294
2836
3694
4591
5393
5535
5450
5058
4495
3669
2827
2168
1288
574
86
-270
-732
-1269
-1422
-1784
-2387
-3035
-3420
-3819
-4709
-5185
-5435
-5522
-5859
-5742
-5209
-4660
-4208
-3395
-2422
-1773
-1146
-485
125
221
484
644
627
406
382
476
251
171
283
477
377
315
372
373
98
-110
-281
-543
-849
-1095
-1161
-1245
-1213
-1039
-785
-564
-282
185
605
838
1194
1565
1823
1957
2148
2433
2616
2749
3020
3308
3521
3652
3998
4197
4411
4592
4800
5056
5102
5374
5652
5937
6317
6789
7393
7896
8588
9244
9366
9394
9013
8674
7472
5689
4214
2268
225
-2092
-3922
-5435
-6873
-8010
-8640
-9004
-9213
-9201
-9042
-8948
-8885
-8457
-8446
-8350
-8148
-7581
-6931
-6591
-5608
-4173
-2899
-1729
-250
1372
2694
3515
4431
5137
5258
5135
4810
4288
3451
2639
1898
1029
299
-276
-678
-1287
-1696
-1877
-2163
-2727
-3227
-3561
-4005
-4627
-5168
-5371
-5516
-5631
-5539
-5033
-4564
-3864
-3180
-2411
-1627
-1021
-283
165
420
679
909
843
683
628
698
532
374
377
408
320
122
145
-21
-160
-380
-664
-877
-1188
-1353
-1454
-1582
-1562
-1442
-1256
-1009
-709
-289
177
540
840
1252
1563
1773
2028
2321
2570
2730
2907
3235
3425
3650
3915
4123
4429
4612
4805
4989
5129
5397
5504
5695
5987
6355
6860
7255
7871
8550
8847
9026
8733
8472
7890
6346
4892
3178
1549
-500
-2544
-3946
-5184
-6352
-7216
-7645
-7818
-7919
-7946
-7794
-7881
-7688
-7608
-7689
-7621
-7463
-6818
-6555
-5982
-4784
-3561
-2389
-1181
334
1855
2851
3662
4501
4775
4785
4485
4034
3415
2577
1953
1071
346
-222
-654
-975
-1563
-1772
-1914
-2337
-2831
-3339
-3700
-4155
-4899
-5244
-5454
-5669
-5670
-5456
-4988
-4500
-3775
-3011
-2247
-1531
-809
-127
235
427
775
825
682
527
546
565
318
264
302
386
255
132
105
45
-178
-386
-631
-888
-1100
-1312
-1408
-1571
-1483
-1381
-1224
-962
-563
-157
172
554
1028
1453
1713
2045
2393
2605
2777
2981
3253
3422
3521
3794
3944
4199
4252
4481
4638
4669
4905
5077
5348
5606
6102
6508
7164
7594
8510
8527
8683
8523
8166
7547
5787
4634
2901
1324
-824
-2515
-3954
-5218
-6559
-7302
-7748
-8200
-8324
-8515
-8303
-8566
-8286
-8290
-8345
-8267
-7929
-7312
-7115
-6420
-5183
-3945
-2925
-1515
141
1616
2563
3570
4496
4959
5010
4754
4530
3841
3109
2416
1579
771
154
-297
-769
-1331
-1688
-1765
-2262
-2836
-3162
-3413
-3969
-4607
-4846
-5014
-5300
-5430
-5141
-4722
-4393
-3772
-2908
-2250
-1655
-914
-218
171
387
800
921
810
726
779
713
447
369
455
354
128
146
134
-34
-317
-450
-634
-1009
-1277
-1407
-1543
-1641
-1580
-1449
-1250
-978
-520
-41
293
725
1238
1603
1892
2219
2579
2823
2968
3195
3477
3687
3787
4028
4261
4401
4616
4734
4948
5103
5161
5452
5611
5835
6353
6675
7228
7593
8271
8535
8422
8440
8043
7624
6148
4969
3644
2043
234
-1478
-2851
-4117
-5343
-6217
-6708
-7195
-7342
-7563
-7567
-7673
-7552
-7440
-7594
-7515
-7223
-6742
-6471
-5910
-4825
-3689
-2820
-1650
-195
1122
2039
2843
3777
4133
4194
4087
3772
3255
2573
1953
1175
439
-114
-493
-1071
-1589
-1808
-2065
-2576
-3045
-3347
-3634
-4105
-4623
-4817
-4921
-5136
-5139
-4882
-4529
-4077
-3554
-2823
-2200
-1601
-963
-372
25
332
640
759
689
685
716
599
412
283
282
145
-47
-185
-276
-407
-602
-811
-999
-1192
-1423
-1554
-1680
-1725
-1675
-1590
-1449
-1118
-716
-234
175
634
1162
1616
1964
2242
2628
2821
3002
3201
3358
3519
3691
3832
4077
4242
4446
4606
4728
4955
5042
5197
5252
5364
5623
5791
6156
6449
6918
7389
7280
7512
7225
7093
6161
5185
4120
2757
1271
-396
-1704
-3063
-4231
-5271
-5870
-6503
-6734
-6982
-7074
-7114
-7204
-6999
-7101
-7128
-6925
-6630
-6330
-5989
-5221
-4245
-3299
-2273
-1009
234
1254
2125
2985
3550
3661
3713
3464
3079
2445
1865
1284
446
-51
-550
-896
-1441
-1768
-1921
-2145
-2579
-2891
-3118
-3440
-3877
-4217
-4381
-4661
-4741
-4680
-4354
-4055
-3533
-2827
-2192
-1447
-798
-51
457
840
1233
1439
1466
1356
1326
1267
987
824
719
585
417
240
233
114
-157
-316
-508
-727
-973
-1190
-1286
-1435
-1410
-1336
-1142
-871
-536
-127
328
763
1212
1700
2121
2448
2762
3033
3179
3351
3404
3541
3604
3573
3707
3766
3893
3950
4147
4361
4500
4783
4976
5312
5700
5963
6393
6725
7220
7243
7218
7091
6761
6398
5161
4207
3029
1753
231
-1213
-2391
-3568
-4674
-5571
-6168
-6675
-6979
-7290
-7363
-7605
-7574
-7498
-7619
-7463
-7160
-6688
-6323
-5762
-4719
-3732
-2819
-1780
-540
681
1508
2306
3060
3539
3715
3680
3507
3127
2570
2058
1430
751
156
-290
-800
-1378
-1714
-1975
-2351
-2933
-3149
-3381
-3753
-4222
-4350
-4432
-4581
-4537
-4209
-3784
-3398
-2839
-2075
-1355
-833
-82
533
896
1171
1491
1560
1445
1334
1297
1138
772
569
550
418
170
88
64
-80
-294
-432
-593
-776
-988
-1067
-1131
-1225
-1176
-1006
-868
-585
-218
164
558
942
1379
1843
2166
2440
2826
3101
3279
3409
3653
3874
3945
4070
4163
4329
4375
4386
4441
4481
4514
4528
4589
4684
4940
5198
5636
5915
6460
6749
6875
6815
6573
6327
5356
4406
3311
2213
826
-487
-1644
-2530
-3564
-4396
-4866
-5375
-5633
-6019
-6058
-6392
-6484
-6521
-6666
-6726
-6716
-6346
-6144
-5837
-5121
-4224
-3431
-2547
-1431
-249
635
1352
2091
2592
2758
2739
2578
2274
1769
1282
807
254
-177
-603
-859
-1281
-1605
-1716
-2019
-2357
-2642
-2827
-3036
-3412
-3582
-3560
-3623
-3570
-3368
-2944
-2670
-2232
-1639
-1097
-535
-94
433
825
1095
1357
1569
1586
1555
1522
1515
1317
1079
996
830
576
288
160
-112
-469
-704
-939
-1078
-1293
-1423
-1386
-1361
-1175
-953
-701
-343
-16
478
824
1193
1672
2037
2398
2573
2859
3111
3195
3358
3410
3529
3611
3608
3748
3836
3925
4031
4079
4191
4375
4577
4742
4903
5265
5532
5785
6235
6331
6594
6455
6339
6149
5386
4812
3828
3021
1839
623
-378
-1418
-2390
-3249
-4004
-4581
-5142
-5628
-5825
-6238
-6408
-6597
-6700
-6732
-6767
-6470
-6280
-5940
-5416
-4709
-4000
-3278
-2336
-1383
-614
74
827
1422
1751
1870
1961
1863
1526
1228
876
429
-49
-484
-817
-1241
-1607
-1826
-2096
-2390
-2627
-2741
-2842
-3075
-3079
-3078
-2999
-2968
-2765
-2335
-2075
-1730
-1290
-675
-224
193
705
1138
1487
1739
1922
2037
2005
1913
1825
1631
1393
1170
929
702
469
324
134
-52
-140
-219
-318
-414
-440
-437
-403
-376
-264
-91
115
398
724
1083
1450
1832
2187
2467
2700
2934
3092
3162
3208
3220
3299
3280
3321
3311
3312
3449
3444
3628
3759
3989
4267
4492
4801
5018
5330
5417
5421
5270
5011
4613
3989
3232
2486
1618
749
-185
-1018
-1767
-2587
-3201
-3847
-4326
-4807
-5178
-5546
-5845
-6075
-6196
-6293
-6342
-6148
-5934
-5620
-5249
-4577
-3895
-3200
-2486
-1597
-810
-135
428
976
1401
1615
1746
1781
1722
1549
1361
1097
788
455
183
-237
-643
-946
-1330
-1743
-2136
-2422
-2623
-2932
-3152
-3210
-3165
-3147
-3101
-2849
-2493
-2116
-1743
-1272
-770
-249
230
680
1060
1395
1681
1818
1895
1935
1957
1871
1672
1561
1453
1265
1019
782
571
342
87
-161
-324
-439
-573
-653
-662
-620
-486
-348
-131
123
427
693
964
1301
1584
1905
2068
2287
2478
2633
2794
2876
3020
3128
3220
3289
3352
3443
3515
3616
3687
3832
3964
4099
4333
4454
4734
4760
4837
4717
4592
4263
3683
3216
2414
1793
844
-3
-771
-1579
-2330
-3055
-3721
-4211
-4675
-5164
-5488
-5892
-5999
-6283
-6426
-6507
-6499
-6323
-6223
-5835
-5399
-4858
-4205
-3525
-2745
-1947
-1290
-543
33
529
953
1170
1340
1362
1328
1169
949
790
525
234
-86
-492
-710
-1132
-1549
-1917
-2300
-2566
-2973
-3219
-3353
-3404
-3403
-3345
-3178
-2899
-2565
-2195
-1798
-1326
-905
-422
17
405
822
1103
1402
1596
1838
1993
2070
2053
2008
1947
1766
1560
1296
1055
742
459
128
-104
-332
-525
-668
-766
-751
-734
-598
-461
-201
21
293
586
856
1169
1397
1599
1789
1967
2115
2285
2355
2513
2671
2775
2914
2993
3195
3279
3387
3482
3630
3767
3835
3962
4091
4115
4318
4165
4081
3944
3521
3280
2587
2034
1426
648
-150
-901
-1630
-2202
-2942
-3486
-3872
-4314
-4640
-5067
-5253
-5551
-5704
-5809
-5960
-5901
-5819
-5621
-5384
-5135
-4616
-4057
-3568
-2941
-2259
-1568
-1029
-545
-4
391
618
801
935
1032
907
852
794
614
508
238
60
-204
-489
-684
-1076
-1448
-1711
-1963
-2302
-2654
-2762
-2797
-2876
-2887
-2725
-2401
-2147
-1822
-1384
-955
-546
-174
210
555
780
1012
1228
1370
1488
1624
1737
1790
1851
1903
1886
1810
1706
1681
1538
1288
1107
949
764
546
383
287
236
204
205
345
473
680
910
1125
1406
1667
1954
2133
2296
2468
2628
2688
2752
2796
2927
2977
2996
3198
3308
3511
3541
3680
3877
3983
4060
4197
4205
4282
4263
4078
4032
3595
3360
2897
2355
1858
1222
609
-58
-696
-1277
-1848
-2433
-2848
-3344
-3708
-4096
-4449
-4709
-5046
-5188
-5420
-5504
-5501
-5495
-5284
-5090
-4743
-4324
-3929
-3393
-2841
-2305
-1793
-1378
-902
-513
-272
-41
83
228
279
254
265
180
158
74
-86
-256
-471
-637
-872
-1185
-1373
-1587
-1856
-2043
-2257
-2300
-2404
-2496
-2429
-2349
-2206
-2045
-1810
-1470
-1191
-889
-553
-203
120
444
730
944
1164
1368
1537
1607
1671
1740
1751
1652
1580
1516
1410
1219
1000
873
690
489
355
239
176
103
91
162
211
308
472
589
747
939
1121
1323
1503
1690
1961
2086
2300
2485
2628
2836
2877
3069
3162
3241
3341
3494
3623
3736
3843
3926
4018
4064
3976
3862
3678
3343
2973
2452
1864
1379
680
75
-579
-1208
-1686
-2312
-2738
-3176
-3525
-3850
-4196
-4455
-4703
-4914
-5066
-5255
-5283
-5296
-5242
-5074
-4883
-4502
-4105
-3697
-3150
-2624
-2079
-1526
-1053
-589
-245
28
226
364
444
409
419
382
329
308
181
122
13
-156
-265
-456
-664
-861
-1059
-1279
-1466
-1604
-1717
-1779
-1810
-1718
-1606
-1508
-1315
-1073
-828
-610
-338
-25
231
454
668
908
1103
1257
1395
1503
1600
1693
1754
1793
1782
1776
1732
1644
1551
1455
1335
1163
1049
930
848
768
706
747
810
903
1020
1151
1332
1509
1667
1804
2000
2172
2325
2454
2559
2705
2758
2813
2796
2814
2770
2744
2687
2657
2637
2650
2691
2727
2838
2899
3051
3021
3048
2976
2755
2514
2144
1751
1233
709
168
-421
-968
-1435
-1915
-2321
-2692
-3019
-3287
-3594
-3804
-4024
-4259
-4433
-4616
-4755
-4861
-4888
-4831
-4716
-4528
-4240
-3857
-3498
-3060
-2632
-2207
-1824
-1504
-1200
-946
-770
-680
-557
-524
-472
-439
-399
-355
-308
-291
-240
-273
-322
-343
-459
-574
-713
-869
-1044
-1210
-1331
-1387
-1413
-1451
-1388
-1284
-1149
-1015
-837
-615
-393
-200
-8
188
316
510
676
804
934
1037
1148
1224
1271
1363
1395
1423
1398
1372
1340
1263
1239
1150
1093
1032
987
966
918
902
945
968
1011
1039
1109
1230
1298
1403
1545
1689
1829
1951
2086
2203
2347
2438
2481
2591
2619
2632
2581
2579
2541
2493
2405
2369
2403
2407
2435
2441
2541
2615
2660
2557
2473
2289
2042
1695
1255
827
403
-108
-556
-988
-1360
-1679
-2045
-2276
-2555
-2744
-3007
-3209
-3422
-3675
-3859
-4098
-4236
-4325
-4365
-4355
-4229
-4060
-3788
-3540
-3222
-2851
-2485
-2104
-1804
-1512
-1264
-1089
-969
-871
-772
-734
-729
-684
-639
-577
-561
-509
-469
-446
-467
-492
-575
-697
-813
-950
-1119
-1216
-1323
-1415
-1449
-1463
-1371
-1243
-1123
-935
-695
-503
-296
-107
78
271
400
507
631
737
851
990
1053
1168
1290
1379
1438
1458
1508
1462
1401
1288
1203
1086
926
828
714
620
560
516
501
524
563
638
728
799
956
1083
1193
1302
1419
1517
1604
1676
1709
1787
1861
1916
2014
2108
2150
2292
2356
2426
2501
2487
2537
2483
2455
2413
2343
2252
2129
2020
1902
1747
1550
1373
1146
882
564
288
-43
-354
-674
-960
-1226
-1517
-1761
-1995
-2237
-2448
-2623
-2841
-3006
-3159
-3258
-3330
-3398
-3382
-3281
-3184
-3082
-2891
-2689
-2453
-2254
-2011
-1780
-1564
-1324
-1160
-936
-782
-594
-443
-373
-268
-150
-92
-90
-105
-92
-118
-194
-252
-342
-430
-511
-599
-649
-761
-792
-825
-856
-868
-870
-766
-760
-714
-630
-494
-409
-327
-207
-70
62
152
309
399
529
672
783
891
969
1085
1160
1159
1162
1144
1149
1057
962
962
885
831
771
745
740
712
718
749
809
889
981
1086
1169
1298
1443
1513
1576
1678
1755
1815
1831
1879
1932
1982
2022
2063
2105
2148
2184
2172
2164
2110
2122
2053
1931
1896
1867
1794
1773
1717
1696
1674
1584
1506
1395
1315
1143
964
689
457
236
-70
-354
-597
-855
-1110
-1349
-1596
-1742
-1948
-2124
-2287
-2445
-2566
-2696
-2794
-2873
-2862
-2868
-2782
-2713
-2563
-2363
-2193
-1968
-1737
-1500
-1330
-1147
-1017
-875
-795
-756
-680
-654
-602
-585
-554
-546
-523
-434
-430
-442
-441
-435
-476
-531
-585
-642
-722
-784
-812
-848
-804
-792
-707
-629
-505
-357
-238
-58
78
216
316
418
519
638
723
781
850
909
974
991
1024
1020
1027
1007
961
919
832
780
686
654
565
487
490
432
420
396
400
455
467
490
540
570
600
647
684
731
773
820
853
907
975
1045
1079
1109
1198
1252
1268
1259
1293
1331
1326
1340
1318
1373
1396
1382
1396
1404
1422
1417
1385
1346
1274
1210
1108
962
817
635
443
229
25
-148
-352
-553
-761
-907
-1050
-1204
-1311
-1432
-1533
-1646
-1753
-1813
-1864
-1948
-2019
-2066
-2065
-2055
-2005
-1911
-1829
-1674
-1552
-1405
-1217
-1085
-966
-856
-763
-698
-661
-674
-677
-709
-738
-732
-757
-755
-763
-793
-769
-789
-794
-778
-803
-823
-839
-856
-821
-838
-833
-778
-744
-699
-584
-458
-345
-211
-54
101
249
418
529
652
700
775
836
857
875
868
849
823
805
755
724
675
632
633
647
614
589
556
540
526
527
507
474
488
521
537
554
608
684
745
786
832
870
872
878
902
876
850
833
828
832
846
860
917
959
976
1061
1066
1103
1140
1191
1217
1191
1197
1197
1192
1132
1099
1035
970
912
821
723
604
489
360
233
74
-95
-287
-437
-598
-712
-825
-950
-1005
-1123
-1195
-1269
-1314
-1363
-1429
-1508
-1548
-1553
-1580
-1563
-1570
-1482
-1417
-1363
-1251
-1138
-1030
-954
-902
-842
-746
-684
-707
-704
-688
-696
-688
-706
-698
-655
-656
-650
-654
-627
-605
-633
-632
-680
-637
-639
-645
-584
-590
-539
-453
-374
-247
-172
-62
71
130
230
299
363
425
464
509
547
592
601
632
608
607
628
586
571
547
562
576
527
515
534
541
559
582
618
678
725
798
866
921
997
1052
1085
1098
1139
1131
1081
1043
997
973
923
882
895
881
883
902
902
950
938
910
930
916
907
872
803
777
755
725
700
685
645
598
608
589
579
575
547
511
440
364
293
166
9
-126
-309
-488
-621
-737
-835
-944
-1015
-1087
-1106
-1116
-1124
-1121
-1158
-1171
-1154
-1145
-1138
-1119
-1107
-1079
-1079
-1017
-948
-924
-864
-803
-756
-698
-638
-566
-534
-500
-446
-428
-425
-431
-414
-378
-391
-396
-357
-337
-283
-259
-237
-171
-164
-116
-83
-81
-29
3
20
35
40
57
84
93
118
163
152
163
191
223
273
295
325
348
351
380
400
407
427
419
434
438
426
446
456
464
476
492
543
560
568
608
653
691
711
735
777
768
755
770
766
788
766
721
717
677
673
641
594
582
533
513
503
484
473
455
411
407
381
365
338
309
309
272
262
241
226
203
137
86
38
-12
-84
-171
-268
-392
-469
-537
-644
-697
-753
-799
-778
-810
-776
-724
-724
-677
-638
-605
-568
-567
-567
-551
-581
-583
-580
-592
-571
-579
-563
-552
-558
-558
-552
-566
-583
-578
-598
-614
-611
-579
-555
-555
-547
-511
-471
-430
-398
-405
-352
-333
-341
-310
-283
-277
-243
-238
-226
-169
-156
-109
-58
-15
14
25
34
64
73
70
78
68
88
87
98
94
123
142
149
192
199
230
256
247
285
275
260
273
278
293
277
290
323
348
403
420
407
435
420
442
463
443
460
406
363
367
307
282
301
263
270
277
293
355
376
431
481
516
545
587
595
571
547
527
464
373
343
299
256
188
143
115
60
51
38
24
14
3
-26
-53
-69
-73
-85
-88
-71
-72
-54
-25
-4
-13
-8
-25
-56
-64
-119
-174
-220
-313
-421
-501
-604
-736
-929
-1046
-1057
-1039
-998
-966
-832
-755
-706
-653
-554
-471
-467
-505
-518
-527
-569
-540
-538
-467
-411
-400
-341
-316
-311
-350
-407
-464
-502
-564
-619
-654
-632
-571
-523
-412
-321
-244
-184
-144
-50
-36
-20
-19
-36
-18
5
22
51
89
126
163
177
208
244
246
237
228
208
201
158
81
58
34
-1
-33
-54
-42
-19
25
40
63
109
119
111
107
96
127
88
111
114
117
194
188
270
342
382
424
448
450
476
451
418
433
375
346
299
260
220
195
198
178
154
137
134
114
131
147
160
186
192
228
229
242
255
289
323
324
325
366
410
383
372
370
327
301
241
189
154
101
43
-33
-110
-142
-182
-234
-278
-322
-305
-341
-317
-329
-364
-362
-358
-316
-273
-234
-203
-188
-148
-97
-87
-53
-13
4
3
-21
-42
-56
-74
-95
-89
-47
-30
-31
-31
-13
4
4
-13
6
-10
-72
-74
-90
-79
-25
-3
49
52
44
64
62
40
27
9
-11
-24
-32
-48
-42
-51
-44
-28
-62
-48
-57
-77
-88
-111
-128
-150
-170
-171
-173
-168
-217
-192
-164
-142
-99
-63
20
85
142
183
206
265
298
308
308
297
302
279
251
276
301
307
273
233
234
209
207
188
205
212
214
227
243
272
275
318
353
383
411
422
442
447
462
487
526
494
509
498
479
456
367
279
99
60
99
106
146
177
209
178
124
107
111
70
-38
-137
-158
-171
-229
-231
-203
-165
-150
-163
-137
-172
-221
-260
-329
-318
-338
-361
-400
-408
-372
-334
-290
-222
-127
-112
-119
-108
-124
-132
-129
-118
-114
-136
-183
-173
-175
-174
-133
-98
-67
-79
-58
-59
-83
-113
-211
-239
-231
-209
-201
-206
-184
-201
-205
-189
-186
-193
-207
-245
-283
-320
-350
-356
-336
-340
-339
-373
-412
-400
-390
-411
-413
-368
-333
-309
-264
-204
-154
-100
-108
-155
-160
-150
-161
-172
-172
-188
-179
-183
-159
-117
-94
-63
-65
-68
-68
-73
-69
-20
13
50
135
187
251
298
330
353
368
383
400
412
472
476
455
450
405
356
314
292
249
228
200
170
145
136
129
144
152
120
122
93
64
59
23
18
-17
-14
11
-21
-23
-36
-36
-13
-34
-45
-62
-88
-103
-117
-104
-68
-57
-42
-9
22
42
67
120
98
83
62
63
88
55
39
65
78
47
34
-24
-63
-83
-127
-166
-169
-176
-213
-217
-228
-244
-277
-316
-339
-360
-373
-393
-415
-410
-398
-441
-433
-417
-432
-419
-408
-388
-391
-378
-373
-372
-343
-335
-285
-232
-225
-208
-219
-238
-256
-265
-244
-242
-260
-267
-257
-269
-311
-287
-278
-267
-263
-279
-266
-244
-216
-166
-120
-56
-11
36
73
117
178
190
248
311
313
324
325
327
361
371
376
397
377
389
353
331
338
311
300
255
237
236
227
226
196
174
142
118
113
98
96
71
40
33
53
86
121
110
161
154
125
108
78
84
61
71
60
47
45
42
34
9
37
32
46
76
75
66
59
61
37
34
47
50
60
61
61
100
120
121
138
151
138
107
98
85
59
38
-32
-66
-110
-167
-213
-249
-277
-299
-338
-381
-400
-451
-464
-478
-482
-487
-510
-528
-507
-538
-564
-526
-517
-466
-460
-450
-439
-436
-431
-432
-397
-392
-395
-372
-362
-323
-310
-320
-305
-306
-292
-262
-268
-246
-239
-203
-167
-107
-51
-15
32
76
140
190
222
243
270
265
282
316
361
395
406
399
400
361
318
318
297
302
313
307
299
286
269
245
258
248
230
224
202
190
200
207
190
208
206
187
192
224
241
287
338
350
361
353
358
351
360
349
317
316
305
282
269
298
286
274
273
233
170
142
143
107
116
102
75
50
31
37
30
32
39
56
73
54
52
58
54
4
-26
-50
-111
-156
-188
-208
-252
-267
-299
-323
-329
-360
-390
-362
-341
-366
-348
-353
-329
-310
-320
-296
-313
-309
-298
-302
-303
-313
-324
-339
-343
-353
-366
-381
-376
-370
-362
-374
-362
-328
-311
-276
-264
-226
-187
-145
-97
-67
-20
32
61
107
138
153
166
192
224
255
311
321
310
320
285
270
275
259
234
217
190
162
141
116
97
65
73
69
53
53
43
45
22
32
31
33
40
22
25
24
36
34
28
23
31
38
46
73
78
99
109
125
147
150
155
153
129
135
143
123
143
135
152
185
199
200
225
235
268
306
316
319
335
338
305
309
284
278
226
171
121
41
-1
-48
-97
-127
-157
-191
-188
-185
-214
-225
-216
-214
-197
-175
-189
-211
-200
-194
-188
-202
-187
-184
-209
-200
-223
-236
-226
-226
-217
-215
-239
-254
-254
-272
-273
-253
-244
-247
-235
-245
-189
-172
-148
-98
-89
-32
-3
15
41
75
104
159
186
219
244
252
272
294
335
370
397
412
415
415
436
452
465
460
455
470
456
472
447
425
417
421
407
409
405
358
353
350
328
309
306
275
235
218
192
151
165
144
112
111
99
78
72
98
72
89
134
133
123
144
152
160
184
181
167
190
201
190
201
206
239
248
242
262
231
237
225
220
244
236
239
230
226
202
197
171
147
123
101
90
62
25
-2
-32
-55
-68
-79
-84
-95
-109
-125
-132
-138
-146
-148
-153
-169
-186
-217
-234
-233
-228
-252
-255
-240
-256
-252
-250
-254
-250
-238
-255
-233
-226
-228
-218
-186
-142
-147
-116
-83
-54
-41
-15
7
24
55
86
106
119
180
191
222
238
246
269
269
279
272
281
286
279
282
285
293
305
309
279
272
286
260
252
240
202
182
190
179
157
148
146
119
106
115
117
99
106
94
51
61
48
57
40
19
21
-13
-4
-13
-22
-34
-53
-37
-42
-42
-55
-35
-27
-21
-6
-2
10
31
31
39
59
86
79
73
84
84
78
67
80
51
27
-5
-45
-70
-72
-73
-108
-160
-195
-228
-250
-256
-260
-267
-285
-278
-292
-292
-295
-292
-279
-290
-280
-289
-310
-319
-320
-313
-320
-333
-342
-364
-357
-357
-370
-344
-346
-316
-312
-306
-279
-251
-240
-245
-215
-190
-165
-155
-135
-145
-137
-106
-89
-66
-48
-32
-11
29
41
50
67
95
134
141
150
141
152
146
141
125
121
108
107
104
77
83
98
73
63
57
46
50
24
15
2
7
-13
-10
-4
-10
-20
-11
-20
-34
-49
-62
-63
-72
-104
-108
-102
-123
-116
-116
-110
-122
-116
-106
-84
-48
-24
-20
1
31
70
115
116
155
199
216
230
249
257
265
240
230
227
236
223
222
218
189
161
141
130
98
79
73
52
28
20
-23
-65
-59
-99
-125
-129
-146
-186
-193
-199
-231
-230
-244
-238
-241
-245
-252
-270
-274
-282
-287
-284
-307
-300
-296
-292
-293
-313
-291
-271
-241
-254
-244
-222
-194
-172
-152
-100
-49
-28
-4
17
25
65
84
110
121
119
147
175
194
201
208
223
225
225
224
218
229
207
199
208
172
165
168
177
188
204
205
195
184
175
182
190
193
206
193
202
183
154
166
172
157
143
128
118
117
98
96
81
91
81
62
53
48
39
33
25
39
18
29
39
61
69
80
89
76
107
120
135
136
145
150
159
171
177
165
166
138
107
106
102
80
54
44
43
34
5
1
-14
-8
-30
-48
-71
-64
-67
-94
-101
-141
-138
-161
-179
-208
-247
-261
-283
-299
-310
-338
-324
-321
-329
-326
-301
-302
-286
-281
-275
-264
-253
-253
-230
-216
-214
-191
-179
-134
-118
-90
-69
-56
-52
-49
-43
-33
-36
-24
-36
-28
-12
-1
21
25
25
54
64
77
71
75
100
115
123
97
83
71
50
34
33
24
17
-6
-7
-27
-37
-30
-33
-20
-11
-7
-4
5
-1
-13
-4
-8
-22
-20
-25
-14
-15
-62
-59
-43
-28
-15
-21
-11
1
39
46
47
70
92
115
99
82
99
88
78
64
52
60
38
38
28
20
14
-2
-6
-24
-35
-26
-17
-14
-21
-29
-44
-54
-80
-111
-130
-132
-136
-151
-170
-201
-214
-216
-214
-219
-226
-232
-232
-243
-231
-229
-227
-227
-240
-235
-243
-240
-240
-246
-253
-272
-258
-284
-294
-305
-309
-316
-335
-339
-329
-340
-335
-307
-293
-267
-236
-203
-161
-156
-129
-87
-85
-66
-60
-63
-74
-58
-58
-72
-90
-87
-102
-120
-132
-140
-122
-106
-71
-73
-70
-26
-34
-18
13
11
25
7
3
-9
-6
0
-9
-18
-7
-15
-6
0
0
-1
9
25
24
10
33
36
36
51
37
42
37
47
39
26
55
80
60
73
69
95
100
101
103
96
108
110
86
59
63
45
24
16
22
25
30
28
9
-3
-10
-13
-20
-34
-52
-41
-42
-60
-91
-84
-91
-107
-144
-173
-157
-177
-172
-183
-193
-204
-191
-195
-203
-212
-225
-227
-242
-244
-246
-243
-219
-220
-240
-233
-228
-202
-183
-182
-168
-130
-126
-139
-140
-130
-112
-100
-123
-122
-125
-119
-89
-119
-109
-104
-98
-102
-124
-136
-138
-128
-117
-146
-155
-158
-169
-162
-169
-170
-156
-160
-122
-94
-79
-49
-51
-22
-18
8
26
27
67
63
67
91
85
120
129
132
145
145
145
154
151
155
158
167
181
182
192
163
169
170
144
139
126
120
121
108
100
85
104
93
68
101
112
115
122
120
133
113
117
83
48
32
3
2
-32
-50
-32
-60
-54
-63
-69
-58
-48
-21
-27
-25
-9
-12
-36
-45
-49
-61
-82
-98
-117
-117
-140
-153
-156
-153
-138
-142
-150
-158
-163
-166
-166
-170
-185
-196
-191
-191
-188
-202
-201
-187
-185
-194
-196
-200
-174
-164
-162
-123
-99
-71
-58
-33
-35
-22
0
-11
4
18
37
56
39
56
54
61
68
58
69
61
61
69
63
45
46
63
68
65
69
60
56
83
98
109
107
130
152
127
135
138
116
101
76
74
93
73
87
56
47
36
51
63
37
51
59
44
46
48
47
43
40
42
31
16
-3
-6
-19
-31
-44
-58
-43
-32
-25
-18
-19
1
-4
0
16
16
11
0
-8
-15
-26
-7
-19
-14
9
9
22
11
35
49
39
48
43
31
43
30
34
25
16
26
-9
-11
-35
-61
-44
-63
-49
-78
-70
-50
-54
-56
-59
-39
-60
-57
-51
-46
-50
-78
-96
-78
-98
-91
-87
-98
-95
-119
-105
-97
-101
-110
-122
-115
-114
-105
-99
-101
-102
-92
-98
-80
-95
-89
-77
-70
-64
-67
-47
-26
-12
-6
11
40
64
95
86
92
94
86
91
103
128
116
142
129
133
152
139
156
153
166
184
163
181
178
181
179
157
156
138
136
120
100
90
72
77
76
86
120
147
151
168
145
152
151
138
159
126
134
123
100
113
75
76
76
67
65
55
62
83
108
103
102
105
97
88
72
61
57
53
45
32
32
17
6
3
6
19
8
12
9
-19
-10
-29
-52
-42
-48
-51
-72
-93
-76
-82
-89
-112
-119
-103
-131
-135
-126
-136
-129
-176
-166
-179
-197
-186
-189
-164
-180
-188
-159
-158
-149
-125
-119
-94
-93
-59
-51
-73
-69
-74
-55
-36
-39
-26
-29
-29
-4
5
8
17
21
45
51
54
70
89
99
101
99
100
109
115
93
103
108
110
118
94
89
90
98
114
102
110
111
122
127
118
114
109
90
64
77
83
92
88
122
102
97
98
113
133
115
132
112
110
117
117
134
122
112
111
92
121
112
104
123
107
119
121
109
106
118
113
111
101
91
87
69
70
61
70
46
55
42
35
51
33
46
24
19
34
25
40
53
38
16
19
16
4
22
21
15
19
24
21
35
53
49
54
62
71
76
77
93
87
56
46
45
49
33
27
30
1
3
1
2
9
7
11
4
-3
-10
-6
-14
-39
-25
-40
-55
-55
-64
-43
-44
-24
-19
-32
-17
-27
-21
-18
21
56
53
80
72
96
105
103
126
140
144
145
155
190
206
197
213
217
224
233
221
223
214
211
218
204
203
181
176
184
189
175
153
157
153
168
162
149
156
112
98
83
82
98
74
57
50
32
18
12
26
28
31
38
40
41
41
37
43
60
49
65
52
60
55
65
56
38
45
42
49
54
75
79
82
78
80
60
47
55
53
62
58
54
51
40
18
2
0
-4
-11
-1
-1
-11
-31
-21
1
5
-15
-11
-30
-26
-35
-37
-19
-26
-12
-23
-3
-14
-17
-11
