335
630
944
932
690
430
619
788
625
89
-243
-502
-796
-1015
-1387
-1607
-1916
-2047
-1697
-1585
-1499
-1203
-1160
-1126
-967
-830
-479
-43
363
588
952
1148
1374
1241
520
412
749
1193
1136
826
615
914
1633
1492
1270
1014
1302
1508
1493
1486
889
505
115
-137
-407
-657
-1247
-1804
-2322
-2462
-2320
-2187
-1714
-1910
-1954
-1700
-1263
-570
-462
-371
-124
256
220
-72
-265
-413
-391
-714
-852
-990
-1212
-1196
-1269
-1158
-934
-767
-572
-269
-53
365
794
1092
1282
1259
898
802
800
1004
1260
1215
1235
1358
1475
1421
1080
875
812
1069
887
838
566
209
51
-364
-800
-1383
-1966
-2456
-2327
-1919
-1327
-1247
-1274
-1197
-1006
-819
-677
-603
-813
-1257
-1367
-1013
-629
-366
-231
-607
-500
91
287
99
-284
-462
-512
-401
-68
84
177
209
630
825
746
556
-223
-621
-728
-651
-612
-542
-366
-308
-278
-426
-226
-55
172
419
482
582
419
201
132
-56
-58
-99
1
52
-245
-407
-498
-306
-120
-84
-238
-898
-1436
-1764
-1849
-1701
-1619
-1059
-290
502
718
767
509
320
360
176
47
-521
-767
-722
-388
-251
-179
-461
-679
-641
-497
-160
-248
108
109
191
129
-489
-1019
-1632
-1752
-2011
-2504
-2578
-3035
-3223
-3194
-2582
-2132
-2289
-2392
-2446
-2289
-2093
-1887
-1871
-2014
-2189
-2404
-2563
-2189
-1822
-1680
-1438
-1503
-1436
-1414
-1394
-1526
-1606
-1753
-1968
-1568
-1271
-1294
-1259
-1806
-1831
-1706
-1760
-1530
-1366
-1134
-939
-763
-943
-1050
-1623
-1895
-1804
-1377
-896
-598
-230
158
484
737
885
992
1000
1181
1536
1757
1810
1664
1105
622
63
-358
-109
166
210
346
812
1253
1411
1528
2070
2149
2536
3197
3655
3893
3528
3161
2824
2431
2379
1936
1544
1584
1664
1520
1395
1515
1995
2430
2808
2963
2689
2469
2008
1573
1146
642
461
683
1000
1201
1300
1402
1554
1618
1264
924
1397
1720
2025
2189
2269
2280
2152
1844
1560
1408
1098
1138
1011
952
858
810
766
922
1165
1243
1252
1221
1479
1373
1438
1213
981
787
521
535
748
1412
1447
1048
725
543
918
1044
807
566
249
318
525
586
378
199
306
312
66
-19
114
197
507
522
566
504
516
701
701
591
659
763
533
276
328
391
433
166
-82
-324
-146
354
624
540
106
-119
-101
9
-49
-365
-494
-386
51
57
-57
-429
-952
-1302
-1476
-1068
-937
-624
-660
-1181
-1061
-1084
-1102
-1120
-1317
-1529
-1335
-936
-508
-301
-801
-609
-428
-153
129
-108
-97
424
907
965
774
568
839
828
571
475
276
-39
-408
-440
-561
-588
-415
-468
-183
-676
-796
-629
-398
-390
-880
-945
-943
-742
-403
-443
-314
468
823
1645
1739
1756
1950
2018
2000
1836
1742
1494
1281
1143
1151
998
1229
1287
1175
880
540
132
87
26
-461
-886
-993
-996
-643
-115
-87
165
431
918
1627
1731
2049
2256
2015
1772
1509
1180
1193
1278
1471
1012
615
649
380
157
19
108
204
484
745
443
164
163
264
177
-523
-1166
-1510
-1790
-2012
-2172
-2559
-2609
-2858
-2908
-2984
-2941
-2783
-2469
-1941
-1747
-1675
-1830
-1539
-1446
-1173
-1004
-1198
-1563
-1697
-1570
-1420
-1648
-1904
-1694
-1439
-1246
-967
-575
-618
-660
-652
-468
-417
-833
-979
-1200
-1330
-901
-810
-467
-551
-225
90
216
328
135
32
-177
-382
-695
-762
-937
-958
-1163
-1547
-1980
-2314
-2387
-2719
-2721
-2864
-3356
-3358
-3120
-2765
-2526
-2635
-2324
-1961
-1450
-971
-1327
-1720
-1561
-1459
-1738
-1986
-1739
-1272
-1034
-904
-776
-1077
-1091
-782
-204
295
714
1290
1363
1551
1608
1603
1813
1979
2026
2102
1954
1900
1504
1111
1242
817
739
768
400
177
331
223
125
168
359
818
941
1222
1457
1554
1406
1017
631
312
99
-124
99
214
286
693
1188
1726
1562
1480
1433
1372
1291
1626
1536
1422
1623
1542
1597
1768
1736
1586
1851
2034
2245
2547
3027
3274
3312
3283
2771
2446
2681
2833
2561
2323
2249
2133
2095
2047
1670
1604
1444
1166
984
710
507
358
-77
282
319
186
204
120
218
346
215
183
144
-262
-669
-957
-1256
-899
-720
-764
-1014
-1177
-987
-815
-595
-867
-1152
-1404
-1213
-980
-517
-820
-1094
-1343
-1416
-786
-426
-235
-24
177
290
195
-74
-339
-647
-789
-969
-953
-1096
-1545
-1872
-2013
-2051
-1771
-2014
-2551
-2695
-2791
-2241
-2176
-2169
-1739
-1409
-993
-688
-228
-53
-98
-305
-645
-801
-1295
-2127
-2716
-3083
-3352
-3069
-2972
-3013
-2511
-1939
-1314
-1024
-722
-957
-1285
-1289
-884
-1071
-1488
-1777
-1821
-1674
-1548
-993
-949
-643
-325
-142
87
288
50
-349
-731
-1099
-1286
-1546
-2087
-2823
-3370
-3332
-3262
-3105
-2886
-2472
-1759
-1462
-1024
-1088
-1488
-1667
-1320
-1145
-950
-973
-1137
-1020
-624
-308
-587
-527
-537
-525
-773
-1042
-914
-1101
-1393
-1503
-1616
-1274
-888
-147
578
1439
2337
3343
3841
3769
3354
2218
1679
1575
1585
937
262
-355
-1010
-919
-540
224
697
1003
1179
1094
1191
1462
1342
1274
947
600
1122
1006
738
572
214
123
197
-202
-660
-861
-856
-542
-508
-378
-379
-219
-329
-635
-745
-669
-762
-839
-975
-1436
-1554
-1776
-1657
-1247
-547
-305
-61
61
-5
236
339
452
619
648
236
70
-281
-299
-280
-737
-1353
-1714
-1954
-2077
-1878
-1711
-1849
-1519
-1270
-1158
-754
-796
-1242
-1472
-1630
-1808
-2117
-2401
-2166
-2149
-2362
-2639
-2434
-2230
-2148
-1870
-1598
-1529
-1480
-1443
-1316
-1211
-849
-603
-602
-279
40
154
612
965
969
663
261
174
-53
-368
-396
-209
267
457
989
1479
1833
2149
1763
1388
944
836
577
671
671
723
949
1422
1824
1988
2110
2248
2540
2894
3116
3030
2785
2329
1930
1677
902
-93
-336
-546
-867
-1053
-1020
-936
-651
233
862
1080
1483
1863
2327
2770
3283
3868
3839
3399
2741
2227
1599
1067
490
-226
-570
-524
-265
376
744
1066
1824
2587
3794
4414
4759
4499
4207
4235
3859
3646
3252
3020
2417
1952
1390
871
972
962
981
1367
1727
2158
2307
1742
1324
1140
1324
821
229
-344
-1059
-1338
-1198
-1178
-1302
-1697
-1596
-1521
-1269
-1323
-1413
-1543
-1781
-1741
-1685
-1723
-1307
-671
-443
-143
-24
34
108
152
-114
64
135
110
611
1377
1828
2309
2534
2705
2720
2350
2133
1878
1675
1632
1915
1755
1660
1507
797
202
-319
-868
-1456
-1580
-1705
-1988
-2313
-2769
-2870
-2803
-2668
-3001
-3418
-3479
-3717
-3757
-3555
-3852
-4022
-4015
-4152
-3798
-3493
-3323
-3230
-3407
-3311
-3101
-2931
-2727
-2394
-2088
-1724
-1397
-693
-346
-319
-149
400
505
888
1372
1842
2607
3184
3383
3526
3468
2706
2511
2542
2860
3046
3117
2901
2510
1959
1552
1148
693
437
165
-161
-238
-315
-541
-1302
-1815
-2128
-2655
-2842
-3189
-3316
-3384
-3513
-3514
-3213
-2623
-2023
-1394
-839
-130
425
897
1371
1482
1403
1612
2079
2623
2948
3155
3425
3654
3428
3213
3236
3478
3917
3811
4049
4036
3592
3963
4141
4052
3673
2645
2103
1680
1415
1018
739
513
191
343
469
862
874
845
618
108
-281
-1028
-1547
-2215
-3190
-3717
-4074
-3758
-3818
-3619
-3519
-3268
-2546
-2173
-1581
-1413
-955
-1034
-567
77
462
652
39
186
-15
570
671
905
894
561
1154
1649
2560
2115
2205
2121
1898
1832
1117
1171
585
874
1112
791
595
-333
-365
-1056
-852
-1387
-1366
-1588
-1695
-1481
-1595
-1069
-1245
-611
-1237
-1102
-1729
-1645
-1558
-1871
-1584
-2092
-1450
-1836
-1183
-1178
-724
95
338
811
827
1259
1342
1689
1421
1603
1629
1500
1323
1238
867
464
454
555
96
117
-303
-506
-541
-692
-1016
-887
-419
-506
11
-614
-740
-1355
-1001
-1491
-1786
-1834
-1421
-1307
-1120
-1007
-849
-557
-269
429
616
868
683
446
-437
-1038
-2240
-2683
-2928
-2951
-2753
-2348
-1482
-621
-198
143
370
740
1592
2031
2638
2861
3187
2593
2435
1643
1155
946
86
235
259
361
1064
1324
1756
2396
2257
3021
2936
2514
2602
1962
1967
1773
1108
1529
702
1026
645
1198
1896
2351
3441
3503
3930
3614
2938
2623
2088
2043
1620
1481
1325
805
646
-160
249
-384
-711
-307
-753
398
741
895
1013
145
381
-290
-359
-237
-328
251
513
1430
738
533
-349
-1670
-1394
-2545
-2184
-2160
-2151
-1871
-1131
-35
-121
1095
698
1431
2116
2109
2567
1044
950
-73
-612
-1044
-1841
-1671
-2194
-2097
-1979
-2242
-1955
-3124
-1848
-2469
-1803
-2533
-2815
-3040
-3291
-2643
-3416
-2531
-3151
-3118
-3571
-4094
-4353
-5656
-5453
-6072
-5015
-4530
-3576
-2810
-2587
-1843
-2402
-1268
-2849
-1978
-2586
-2471
-2123
-2773
-2862
-3463
-2570
-3373
-1733
-1638
-734
-273
-412
-372
-350
-155
-360
243
-388
70
-23
-272
-135
-632
-468
-708
-141
-865
-169
357
567
631
430
-21
-487
168
-481
248
306
251
646
-221
-491
-1254
-1255
-1769
-1616
-2295
-3239
-3236
-3245
-3548
-2370
-2353
-1370
-900
-777
4
76
103
23
-286
-785
-1696
-1570
-2782
-2409
-2422
-2861
-1462
-1638
-132
47
593
597
958
648
1540
1492
1895
752
1266
556
1228
828
1022
1394
677
1646
876
560
939
741
501
1643
1684
2763
3206
3053
2435
2331
680
453
-1025
-1143
-742
-748
-33
1032
717
965
498
35
11
-116
-369
-413
-509
-305
185
-331
-83
-520
-1371
93
-712
258
-458
-252
-710
-805
453
568
1655
1728
2582
3000
2879
2942
2058
2329
1982
2497
2269
1897
1937
558
1122
631
637
1042
1302
904
1655
2100
1647
1949
1409
1668
1627
1648
1979
1792
1395
400
-892
-1757
-1367
-2315
-1155
-2127
-1713
-2098
-2912
-2812
-3552
-3007
-2149
-1487
-1059
-847
-1362
-1429
-1504
-1837
-1201
-1222
60
277
1444
1873
1610
2793
2014
2657
3297
2255
3520
3445
2833
3813
2192
3001
2837
2712
3646
3311
3568
2830
3452
3493
3949
3934
3414
3077
2471
1800
1169
575
408
105
-297
-308
-192
-363
243
-142
36
31
-721
-323
-1080
-1009
-1820
-1827
-1689
-1819
-801
-454
-936
-750
-2083
-1517
-1785
-1788
81
-251
1395
1830
2378
2676
2158
2510
1765
1537
2143
518
1381
1489
1473
2139
2049
3208
2357
2627
3080
2270
3258
2356
2958
3088
2241
3059
1189
1477
794
-494
-636
-2692
-1651
-2514
-1893
-1444
-2581
-1396
-2394
-1589
-777
-1242
-218
186
1166
1533
2203
1673
687
1025
25
634
883
-277
679
294
911
1224
1478
2409
1536
2168
2281
2830
2073
1786
1372
1320
1129
1960
1001
1119
737
965
1117
1921
2198
2731
2130
2980
2273
3167
2195
2480
1649
1256
-25
144
-1424
-1065
-1909
-1396
-2107
-1615
-2319
-984
-3244
-2011
-3933
-3445
-4097
-5432
-4426
-4718
-3716
-3380
-3779
-2438
-3280
-1644
-2931
-1811
-1967
-1688
-1021
-2083
-286
-1112
-771
-1174
-2838
-1663
-3214
-1689
-2574
-750
-2026
-1643
-1548
-2538
-2167
-3186
-3359
-2489
-2152
-1986
-1421
-2308
-2791
-2010
-2930
-2144
-1646
-1314
-1427
-291
-898
-553
-161
-2844
-832
-1857
-1706
-1894
-2338
-2851
-2248
-1182
-1055
932
-253
527
362
501
697
-754
251
-944
252
-720
133
-1165
449
-294
1010
2686
1033
4296
2186
3860
2990
2014
2872
996
2181
302
656
1043
845
1361
2181
2230
2536
2827
1596
2242
1414
1557
935
2130
-108
907
375
312
1351
-398
1866
270
2104
1006
2009
1637
1514
2950
404
2200
752
739
1328
-451
912
-854
1131
-342
664
1079
-816
1813
574
1927
668
997
763
842
578
1031
253
328
-457
-610
-990
-1399
-459
-1732
-678
-32
-710
191
228
224
-28
412
-293
-904
-1276
-2344
-1595
-2565
-1391
-2149
-1683
-1871
-592
-421
-146
-444
-398
-603
-1345
-492
-1678
-330
-463
396
1051
1171
1566
2454
2230
3347
1515
3317
1553
2141
1564
1020
604
788
346
1326
1535
464
1808
1204
328
2592
1284
1029
3566
188
3161
-874
552
-1379
-997
-1617
-102
-117
-1787
586
-1543
-825
-534
-964
-450
-1556
-1095
-1378
-1694
-567
-2660
-1837
-2342
-1179
-1695
-710
-1033
-294
-500
651
1641
325
1564
630
1301
1154
1326
299
-804
402
-812
-529
-837
1002
-1272
1361
497
683
2409
1194
3150
1858
1946
3070
1321
2033
1709
1621
1178
2370
724
2482
764
2354
1686
1001
2795
1
950
122
-680
-469
-1436
-1132
-1907
-1871
-2458
-1224
-2870
-238
-1474
-875
-708
-2105
-630
-2101
-816
-763
-356
-932
1508
-980
1912
699
714
2466
-5
1637
1077
-508
-65
-1175
-154
-502
-647
-1410
-1044
-694
-456
145
-228
1979
301
2559
653
1719
770
359
4
-869
297
-2005
318
-4242
416
-2502
-2098
-583
-3207
-1753
-1507
-1104
-855
-1618
-1911
-1612
-2760
-2385
-4022
-3547
-4536
-3803
-3846
-3922
-4543
-2244
-5100
-1086
-3652
-406
-2369
90
-1173
470
-373
-51
1227
-429
218
-881
-719
-2106
-1769
-2067
-3126
-3017
-1554
-2017
-1051
-908
-932
-872
-1049
-173
-1569
-737
-559
-30
-877
235
-1296
-1376
-1628
-1732
-3237
-2188
-3037
-2442
-4496
-1864
-2995
-3333
-461
-2237
-954
-1597
-963
-2703
-1414
-2342
-1820
-3312
-2815
-3196
-3085
-1178
-1529
-659
-49
-1149
-229
-401
-142
332
-969
340
-1290
-641
-1093
-798
-770
-216
-947
-948
669
-186
964
446
-1460
189
-857
-724
-57
14
-304
1181
-1050
830
292
18
753
797
443
1728
-1416
894
-2641
961
-1631
291
109
-345
1498
854
2204
2893
1002
1484
1663
1309
430
2154
284
620
2145
-44
2071
2101
322
3661
1524
3439
2899
1386
4311
2218
3887
1643
2984
2217
801
1115
1494
587
675
716
1311
2470
860
3250
637
1216
1308
-305
247
869
-22
447
-458
2131
-483
1149
-411
821
-201
110
1762
-610
1533
-1065
-1297
122
-530
-1598
-426
-1888
-111
-823
-1527
940
-429
-944
-1823
-2483
-1555
-1590
-2264
-443
-1780
1311
-572
1288
-491
-903
-1126
-1815
57
-1059
-839
-455
-962
190
-3107
-344
-2627
-1764
-942
-3345
-854
-4758
-1415
-1958
-1931
-279
-602
834
255
1613
-719
1712
-1239
411
-1483
-1129
-2051
-2684
-1505
-3409
-1248
-1588
-2535
-1003
-1036
-1956
-140
-1844
-416
-848
554
-724
480
541
-634
21
1745
-336
2820
601
2603
1947
2459
2696
1668
3387
975
3618
1858
2602
3059
1893
3313
2205
3981
2100
3270
985
2763
929
2103
2197
22
2435
695
3053
697
1668
457
1357
2206
-1479
2417
-2213
609
-521
-2838
-931
-3286
-1785
-3355
-1191
-2788
-1884
-1091
-1957
-1109
-2139
244
-3771
146
-3058
-514
-1280
-1658
279
-2568
594
-1982
1009
-1146
43
143
-1377
1515
-1830
2618
-1417
3253
-738
852
693
-1153
2932
-1986
1812
-1403
-1392
354
-2617
1899
-2086
1631
-858
1918
1751
-951
2996
-2022
1271
-717
846
-833
356
-556
-1918
335
-2278
-40
-1628
-1041
-763
-1010
-1106
-2177
522
-3482
1370
-1669
-768
-699
-2748
-1566
-2350
-2885
-1371
-2187
-878
-275
-377
-275
814
-2035
-281
-648
-1694
101
-2671
-859
-1299
-1062
-1829
-930
-2352
-2629
-1049
-4100
-1790
-2037
-3075
-1438
-2676
-1483
-1244
-1658
-149
-1244
-1163
-1646
-734
-2490
-1858
-1347
-3266
-2556
-1918
-3580
-1069
-1798
-1529
-934
1151
278
1150
479
984
1866
1412
1412
2226
1691
1105
3762
-2192
2446
-348
-1018
294
-2725
-1455
-1104
-2587
868
-693
-136
984
2346
-279
2520
1948
195
4647
322
2563
3250
2535
3432
5263
1910
4168
2576
3019
4272
3523
3598
2615
5111
2790
4400
4134
3956
3697
2118
4983
330
5108
1617
2490
4547
732
4672
1956
2989
2260
3786
3494
3626
5114
720
6222
1447
3792
4522
1693
4263
-33
1743
200
32
321
-1721
1171
-2049
1352
-930
1185
-619
175
3235
-1162
2992
-836
141
951
-592
452
-1056
-517
-1212
855
-1454
743
597
115
-292
428
390
-650
-269
-874
430
-1576
524
802
-858
3880
-1235
2060
79
-3
2176
-1628
2650
-1551
1299
-3012
1476
-2424
-2092
275
-4018
1141
-3715
1161
-3170
-47
-2513
435
-758
-1295
1164
-3015
1594
-1877
-5
256
-935
853
-1669
-154
-873
-448
-2164
-1639
605
-3454
1517
-4512
1056
-4431
-773
-2220
-2015
-1137
-3007
760
-3137
1046
-1846
2047
-1498
928
2510
453
4710
2094
658
3188
-2625
2768
-2987
275
-2389
67
-2612
37
-94
-132
-27
1343
1688
-342
2951
-2562
1562
-2921
-98
-2162
-917
-2759
-757
-2948
-739
-1798
-693
-1415
-462
-1384
-1035
-1144
-3679
-67
-3026
-570
-1523
-1406
-1416
-2570
-894
-2632
-1992
-2002
-1389
-1984
-1345
851
786
2174
2162
2331
3010
446
2956
1440
3028
2041
2408
2330
762
909
-467
948
-1266
880
-647
646
326
705
550
1466
-1494
3705
-3138
1558
-1797
-243
-1563
-703
59
-3232
717
-3180
-1044
-2125
-2277
-1896
-3007
-3296
-2195
-4292
-815
-4179
-977
-3993
-764
-3189
-1870
-476
-2831
709
-2659
-2056
-1199
-2899
-1064
-844
-1823
-528
-631
606
586
-522
-1415
2440
-1518
-424
319
-4450
528
-3986
-2670
-2126
-4594
-474
-3454
5
-1372
-896
-517
-1236
555
-802
-110
335
642
-2127
115
-1037
-1442
-721
-2314
-1615
-2562
-3478
-3763
-2278
-5017
-1022
-705
-1779
3642
-516
2391
1782
538
3608
-294
4212
428
2692
-598
423
2468
-696
1762
2415
375
2331
264
2731
-210
1471
532
-589
2378
-2792
1070
-2351
133
-88
-578
2068
-1081
1650
-373
1136
2045
922
1293
-428
3120
-1363
1530
47
-651
1386
-2387
2852
-19
-586
1205
-616
-56
-252
1600
-1420
2145
182
219
2493
1120
2226
756
2784
1423
1672
2047
-1768
2259
-489
-1432
1388
-3217
616
-2019
-913
952
-328
260
1307
645
3120
692
3711
719
3440
2011
3175
2713
3011
3238
2869
4321
1925
3584
1515
3941
737
3778
2533
4215
5342
3603
5978
3756
5216
3498
3432
4852
2753
3794
3609
2114
3810
1644
3778
3107
4129
3778
5946
1812
6591
1933
4157
2330
1359
3519
-1902
4197
-3146
1394
-1019
-1127
-287
-2157
1242
-1996
-889
-189
-1791
339
-2361
1561
-1983
1490
-1814
178
-1454
-1250
-766
203
-2081
-307
-1326
-1015
-897
-1335
-1302
-1597
-1895
-172
-3267
-50
-4487
1475
-5553
1739
-1791
-463
83
-2034
-959
-1687
-3541
17
-5559
-560
-4314
-2700
-2356
-1816
-1915
-2905
-1735
-1337
-3921
1057
-3245
-1370
169
-3540
2018
-4241
728
-3512
-894
-1802
-2202
-258
-2884
1830
-2036
-205
1236
-2780
1934
-1404
674
1774
-1425
8
-317
-2821
1076
-3251
1248
-719
706
553
-421
1830
106
794
2010
2830
163
3878
1653
3594
546
2225
726
-1770
1580
-317
-1905
2847
-1645
1803
1473
2167
1691
3649
953
2983
3067
440
2706
1065
128
1557
-18
-439
3165
-2797
-481
3173
-3047
2097
-289
93
1124
-3030
556
-3560
-327
-3224
-711
-2806
-1792
-1908
-1961
-3104
1069
-4896
-12
-3905
-243
-1354
-4436
951
-4531
-1155
-660
-1006
-1094
-601
19
-588
-927
526
-1649
-543
-2348
-1794
-2029
-754
-3152
739
-1858
-1816
615
-3604
570
727
-862
1132
-363
920
-741
592
690
-2162
1060
-2842
-1377
-1640
-2151
-3121
-2475
316
-3152
2617
-1346
1239
2038
-1284
3807
-1513
1022
136
-1807
-539
-618
-1466
-559
-4257
-407
-1465
-3299
3058
-3841
285
1668
-2743
3040
-2352
3986
-3992
3548
-2783
-383
2338
-6415
2680
-4454
-1426
-1309
-1034
-1452
-405
-826
-932
1275
-109
-927
2488
-2791
631
-3025
-1467
-1482
-920
-2625
-1648
-673
-3690
733
-4505
-1120
-3793
-888
-4739
-2159
-4189
-2785
-1717
-5127
732
-3398
-1948
51
-1078
-2427
-808
-14
-3793
1558
-332
-1488
526
-1883
849
-1435
1782
-1346
2622
-1905
2665
-539
1200
1846
-139
2148
98
2383
-355
2989
-250
1174
2102
-743
4890
-1150
2908
4159
-297
8075
1537
5415
3122
3672
3847
3232
2581
1330
1519
-1127
1238
19
2096
-786
3750
347
731
5353
1466
2692
2882
3681
1422
3885
518
141
1466
-3853
548
892
-4802
1661
-2661
-980
209
1489
-345
1659
2356
-1719
3494
616
894
1307
1071
2204
4517
-1459
2465
1461
-1538
2455
-44
-373
2216
-1402
648
1507
-3152
3214
-2024
1369
1384
-3832
3479
-4046
-700
2762
-3564
-72
491
-1860
632
-2042
-412
-400
-3734
1140
-2976
-437
-734
-2775
2297
-2123
-918
-1034
473
-3586
2466
-988
-1731
3059
-6475
3958
-660
-669
3083
-251
1066
1461
3077
761
3490
1678
2900
2342
4436
1423
297
3497
-3426
6403
-1334
2491
817
-550
992
183
1589
-3896
4822
-3399
1620
-1631
-3342
-1814
-3928
-2968
-3690
-2104
-3173
-1595
-3102
-1472
355
-2174
697
-2137
624
-3728
20
-2380
-3561
78
-4743
201
-6840
3310
-7506
2007
-2588
-3136
-1533
-1568
-542
-415
-234
-3253
2025
-5056
1265
-1416
867
536
-1994
4186
-967
3488
2092
1629
4886
2274
3747
5112
723
5983
-291
6001
-1979
3962
-1626
1637
-1243
32
308
-1985
1808
-2616
338
-1676
-1573
-179
1716
-2853
2848
-1588
-1611
457
2103
-600
3959
-612
4162
363
549
4943
-1457
4350
-867
2204
2899
-712
-175
1183
1015
1393
2900
3100
3833
409
4246
946
4854
-420
2037
1936
-217
2082
-2553
1055
-1882
-73
-350
-726
1774
-3831
1461
-1852
-2337
-13
-5419
-3138
-5135
308
-5516
-1210
-3123
-4349
-981
-3709
-745
-4273
-3942
-2240
-3294
-2346
-2412
-4688
-1723
-4790
-2076
-6103
-2183
-3900
-4860
-1588
-3904
-867
-3396
-1528
-2437
-3545
979
-2017
1213
-1703
-161
-428
-1633
2969
-2985
700
-1356
-1080
1492
-3530
2482
-3365
67
-1435
-3513
-309
-2506
-2546
-1884
290
434
-1781
669
-1001
-852
-1540
4257
-2921
3991
-888
1982
-943
-139
184
1741
733
3160
1145
2981
-1024
2825
889
2542
-68
915
519
-217
1553
-700
1781
-949
1005
1990
-917
3607
1419
-1632
7476
-453
3700
1583
2256
4037
465
4623
2006
-16
1692
296
3670
716
1099
3535
136
-384
4149
-2041
3679
-3205
2112
1225
1525
415
1164
-636
-104
1014
1719
2081
2139
-983
6715
-1750
3571
2634
156
6263
1317
4924
3731
2471
3612
5821
1048
3912
4160
-199
4545
264
5257
-2508
4393
-3474
5031
705
2644
2416
-74
1065
2263
-596
-818
2035
-1574
2026
1430
-1219
3074
-2501
496
1004
1365
2232
-1354
1636
-3836
4021
-2521
2853
880
3772
-314
2375
2830
-2342
2001
-15
3877
-287
2664
877
-1323
1591
-1651
434
1395
-1386
962
1182
-3892
3139
32
-1541
6570
-1229
1933
-786
457
-1365
757
1322
-4225
4207
-5490
1243
-2359
663
-1606
-916
-2161
-1457
-785
-2687
-2215
-1247
-3642
-1460
93
-5265
-1086
-3212
-5137
-84
-6892
-1802
-4640
-3129
-4621
-2323
-728
-665
1780
-2204
1759
1307
547
2665
112
3240
-1012
3237
4618
-177
1631
1754
-1857
1345
-1769
-104
-369
-1850
2943
-1624
633
-1084
946
-1962
2256
1204
-1266
2231
-2112
3638
266
-1245
871
-985
178
-1553
4057
-1216
887
4167
-466
4422
-222
2517
1158
2493
2629
1199
208
741
607
-2683
-400
-1008
-173
-1778
2913
-2625
1639
1137
-176
4048
138
4336
1075
1816
3223
815
2362
-2334
2231
-654
554
2313
-1212
-1724
-531
-1134
2675
-173
-476
-1136
214
1268
-616
169
-1246
-171
208
-3109
-850
-2163
-3996
-3364
-4878
596
-3224
-626
559
-3146
618
1539
-1287
2883
-501
1381
-44
-2883
1927
-2760
-3498
-1462
-691
-272
-1771
544
204
-480
1964
-561
4648
157
2683
4516
-157
2525
-99
-1088
1557
-1839
-255
-3552
-1217
-1811
-2439
-2330
-1729
223
-3167
68
-2325
1553
443
-362
-1320
-125
-3195
-1050
157
-1047
-475
-2560
203
2508
-296
1700
-1846
4546
613
1176
3419
-1540
2847
107
-722
3960
-1221
-230
1352
924
-1690
-1021
1354
-1042
-221
1132
-982
-895
257
-2963
2523
32
4129
-757
88
6583
-1878
2538
-3092
-1598
1137
-2226
-438
1110
-2762
571
-2514
-743
3859
671
2578
2550
1682
4031
1964
2928
227
651
2712
1648
3590
-1925
4477
334
4957
1817
852
2218
-518
1787
1416
3137
1269
-1939
1246
2168
1972
1996
-215
2719
654
4376
6891
2253
2772
4496
2599
5767
3633
1468
1995
3626
3824
5215
2390
-903
1883
1289
-183
3077
336
-326
3890
2431
3793
4263
943
3621
3977
2341
6050
1050
3363
764
3162
2504
1251
2179
-1120
1281
1204
1045
-161
-2045
-1544
1632
-1018
139
-1118
-1508
748
-180
1564
-893
-659
13
-3226
162
-3617
-2609
-3007
-3705
-2312
-2862
-98
-4614
-567
-5034
-2306
-1231
-2712
-1587
-2733
-1206
-1622
-2968
-1380
-1041
-1131
-1479
280
-1772
-346
-2194
-2254
-2887
-2052
-2980
-3237
-1943
-4979
-1932
-1436
-4890
-3252
-1880
-3401
-387
-1255
301
1107
-1182
-1274
-1882
-1551
-2435
-952
-3860
-3905
-3924
-4057
-4073
-3971
-4879
-4255
-3914
-3385
-3364
-2707
-1233
-1846
-1016
-323
-3385
-1170
-1805
-1947
259
-2247
-722
1007
-920
155
513
-1106
2213
1492
2113
2658
2723
863
401
872
-1458
-309
-1424
-1567
-1218
-992
-2068
-128
-513
-2183
-439
-2316
-1011
-155
-510
1690
1677
277
927
1795
67
1323
-72
-1017
-327
-1857
-1408
-2055
-1075
-1949
-1111
-1070
-1239
-662
-1224
-179
1333
395
143
331
-720
-1350
-763
-1215
-982
-160
-806
-257
-233
-1635
-1764
28
456
2867
2929
2778
4239
3166
2868
2345
2452
1550
1046
1765
869
1226
7
279
-81
89
-2171
-265
572
741
2019
974
1277
777
533
-287
111
-1544
-3062
-3059
-3588
-2499
-2614
-2140
-1591
-2290
-2047
-994
-150
-2
837
1136
588
124
-1031
-2378
-2334
-2476
-2998
-983
-444
-32
-416
-1646
-1807
-2951
-2547
-1409
-1425
422
167
688
1196
822
385
307
686
742
488
766
723
168
-279
-680
-570
-1209
-723
-666
602
869
1239
1781
1454
1256
1196
899
142
735
-396
-650
-724
-964
-1728
-1302
-1451
-801
-161
-252
1184
1137
1495
1579
1199
652
614
992
1137
1901
2175
2729
2548
2281
2456
3064
3049
2972
3518
2969
3093
3498
3519
3831
3673
2718
3271
2576
3391
3525
2151
2538
1598
1178
188
25
62
97
146
1133
1653
2124
2173
2627
2691
2357
2344
1629
1491
775
59
-551
-709
-950
-1597
-1542
-1268
-482
-491
488
303
472
1196
1445
1385
839
168
370
1317
837
1214
831
999
645
337
628
706
930
1399
1803
2213
1545
839
514
368
443
904
1198
1875
2957
2992
3462
2660
1775
1438
467
633
1190
739
1086
1374
1596
1534
1010
1444
1456
1056
1516
2101
1606
1548
2340
2427
2510
2527
3201
4136
3944
4866
5192
5433
5604
5105
5216
5158
4716
4324
4361
3345
2801
1581
455
-1349
-3542
-4982
-5970
-6441
-6457
-6593
-7364
-8120
-8427
-8745
-8664
-8911
-9207
-9458
-9156
-8963
-8641
-8876
-9144
-9183
-9188
-9082
-8937
-9359
-9503
-9416
-9558
-9339
-9175
-9358
-8746
-8512
-8045
-7561
-8067
-8253
-8501
-8014
-7413
-7071
-6643
-5211
-4439
-3437
-2052
-729
81
1173
2990
3672
3790
5070
6574
7833
9095
10146
10629
9659
9304
9543
9417
10339
10686
11586
13594
14869
15521
15123
14415
13465
13314
13915
14710
15098
14961
15422
14735
11016
5799
1836
-1703
-3660
-6714
-8152
-8264
-9356
-10567
-12122
-12192
-13035
-14867
-14675
-12815
-10949
-10504
-9596
-8600
-6416
-4177
-1436
2029
3584
4890
5440
6661
7121
6769
5581
5291
4923
4003
3014
2377
1450
-601
-3333
-4809
-6633
-8908
-11235
-12227
-12826
-12884
-12912
-12709
-12321
-13547
-13875
-12736
-11063
-9978
-9231
-7392
-4581
-2943
-1513
-1046
-354
232
700
1766
3272
4482
5017
6314
7389
8111
7540
7243
7193
6608
6092
5295
4029
2708
1524
411
28
-604
-104
542
1223
2307
2885
4034
5311
6845
9134
12038
14959
16743
18614
21725
24245
23052
18953
15080
12482
9532
4918
1000
155
-1203
-4270
-6803
-8750
-11095
-15408
-18335
-17675
-16422
-15853
-14451
-11630
-8551
-6034
-4065
-1505
1065
2114
4264
8153
11476
12737
12361
12622
13631
13530
12578
12888
13260
11648
8634
5830
3257
-975
-5841
-8470
-9640
-10871
-12015
-12492
-13572
-14797
-17256
-18355
-18253
-17976
-16987
-14425
-9519
-5056
-1997
-226
2013
3313
3927
4390
5568
6260
5750
5264
5565
4681
2385
424
-1472
-2528
-4128
-5672
-6875
-8302
-9727
-10511
-11218
-11822
-12513
-12915
-12488
-10785
-8251
-6720
-5142
-2487
1012
3683
6678
10193
14210
18307
22450
25912
27884
30578
32727
32767
32694
32767
32639
32767
28718
21675
14653
6075
-3511
-11741
-15701
-19456
-24079
-27909
-28801
-28785
-29845
-30514
-28198
-24188
-19876
-13385
-6105
1373
7140
11737
17755
22592
24801
26548
28267
29364
28888
26136
23111
20598
17696
14646
11482
8044
3297
-2999
-9190
-13924
-18868
-23657
-26044
-26681
-26191
-26240
-25818
-23894
-22962
-22034
-19149
-15654
-11659
-8637
-5208
-241
4958
8203
10395
12497
14312
14178
13435
12571
11286
8785
5378
2256
-954
-3838
-7266
-10121
-12952
-15704
-18591
-21067
-22619
-23163
-23051
-22384
-20669
-19335
-17538
-15157
-12520
-10222
-8118
-5162
-1449
3060
7543
13049
18016
22686
26621
29192
30473
31760
32096
32183
31872
29974
27158
24612
22646
19197
10065
-1299
-12369
-21374
-28025
-31947
-32493
-32768
-32682
-32768
-32438
-30337
-27813
-26595
-22366
-14885
-6238
2356
10338
16408
21622
26053
30677
32767
32652
32767
31613
29948
27519
22330
15450
8842
3195
-1815
-6098
-9987
-15530
-22265
-27520
-30372
-32183
-32768
-32472
-29489
-23896
-17755
-12390
-8070
-4921
-2509
1029
5011
8696
10956
12674
15297
17814
18875
18621
16761
13300
10101
7576
5157
2825
-38
-2808
-5019
-7162
-9591
-12795
-16588
-19314
-21202
-22046
-21710
-21328
-20766
-19365
-17384
-14803
-12137
-8807
-5381
-2037
940
3963
6763
8650
11231
14457
18278
20866
23140
25784
26496
25018
23961
23289
22049
21126
21018
21693
21436
19844
17739
16943
12953
2833
-9532
-18548
-23331
-26961
-28319
-27832
-26471
-25983
-24227
-21189
-18214
-16292
-14094
-8340
1361
11849
19518
24981
29423
32437
32767
32765
32724
32767
31210
27001
22500
16812
8023
-465
-5944
-10368
-14175
-17674
-20641
-24286
-28273
-30050
-29797
-29206
-27880
-23268
-15909
-8701
-3063
915
3579
6143
8189
10305
12546
14033
14554
14651
16004
16866
15226
11371
6958
3135
-1354
-5045
-7589
-9695
-12498
-15166
-17442
-19453
-21063
-22400
-23786
-24126
-22938
-20580
-18283
-16530
-14789
-12701
-9117
-4566
-310
3570
6636
8451
9754
11050
12601
12613
12577
14003
16302
18056
18240
18617
19358
19019
16494
14135
13535
13221
12624
12895
14261
14491
12174
10361
9538
3204
-8199
-18269
-22120
-22298
-23684
-23044
-20142
-18173
-17788
-16817
-13825
-9798
-8124
-4990
2728
11615
18463
21825
24610
26710
27858
28643
28706
27217
22893
17001
12154
8159
1961
-5905
-10852
-12812
-14690
-16577
-17989
-18676
-21046
-23161
-21775
-19080
-15839
-11071
-3542
4554
10919
14375
15868
16863
16662
15375
14489
14433
13106
10725
9054
8788
7073
2875
-1565
-5251
-8085
-11187
-13253
-14854
-16877
-18797
-19690
-20185
-21046
-21719
-21557
-19974
-17737
-15126
-12662
-10847
-9165
-6975
-4127
-1206
1618
3637
5150
6134
6679
5998
5223
5363
5091
5417
7183
10319
12397
12517
11824
12368
11782
10066
9725
10909
12225
13711
15699
18080
18365
17156
16664
14586
6299
-6860
-18868
-22784
-22305
-23147
-23186
-21026
-17504
-15837
-15670
-13285
-10708
-9938
-7889
-1069
7499
13843
15865
17867
21000
22676
23545
23328
21263
16786
10835
6460
3538
-805
-7222
-12766
-14474
-14137
-15021
-15110
-15111
-16017
-17826
-16861
-12012
-6891
-1914
3990
10898
16166
18408
18039
16366
13840
10975
8450
6694
4794
2033
-233
-1273
-2546
-6092
-10760
-13953
-15810
-16748
-17376
-17595
-16622
-15574
-14970
-13937
-13359
-13275
-12780
-12277
-10778
-9324
-7895
-7247
-7450
-6857
-5632
-3563
-2551
-1991
-1665
-2672
-4069
-4269
-5388
-6322
-5896
-3449
164
3227
5702
7144
8230
8956
9973
11193
13352
15517
18105
21910
25750
27887
27047
24482
23731
24328
21586
12325
427
-9992
-16261
-18299
-18143
-17577
-18056
-18247
-17164
-14390
-11949
-10529
-9673
-6332
624
9453
16737
21282
23997
25600
27959
30608
31057
27892
22135
16307
12161
8058
3554
-1916
-7626
-13340
-14935
-13144
-11294
-11954
-13770
-14404
-13165
-9333
-4222
849
5106
9720
14473
18059
18608
15393
10942
7727
5801
4894
3427
1137
-1619
-2956
-3543
-4830
-6714
-8602
-10274
-9893
-8377
-7682
-7472
-8383
-9483
-10029
-9919
-9410
-9531
-9777
-9265
-8458
-8045
-8851
-9948
-11098
-11526
-10711
-8994
-8097
-8817
-10503
-12091
-12934
-13331
-12928
-12541
-11094
-7752
-3168
343
3633
5869
7441
9863
13524
17011
19289
20295
21174
22859
25117
25588
23655
21266
20851
22596
21655
14203
1184
-11480
-19828
-22220
-21952
-20066
-19209
-18863
-17431
-14612
-10874
-8299
-7253
-4776
2490
12087
21030
26394
28954
29927
31897
32767
32767
32172
26129
18443
12448
7711
3828
-1150
-7570
-13552
-15293
-13626
-12149
-12466
-14352
-15801
-14875
-10497
-4917
51
3258
6309
10269
13994
15622
13135
8725
5005
3111
2025
590
-1369
-4356
-6761
-6803
-6192
-6768
-8471
-10212
-10188
-8500
-6878
-6000
-6529
-7752
-7902
-7068
-6044
-5995
-6849
-9039
-11110
-11536
-11903
-12741
-13649
-13816
-12915
-10916
-9088
-8985
-10808
-12948
-13485
-12540
-11112
-10269
-9834
-8068
-4619
-388
3464
5938
8009
9558
12313
15354
17491
17392
15193
14696
16532
18981
20416
20471
19353
18793
19610
18141
8885
-5892
-18335
-24170
-23385
-21644
-19999
-18819
-17637
-15650
-12276
-7939
-4182
-2138
-491
5468
14525
22453
25099
25120
26374
28702
31553
32386
29313
22257
13355
6624
2817
-91
-3815
-9474
-14548
-14700
-11166
-9636
-10230
-11523
-11608
-10871
-8240
-3817
-1020
216
2574
5979
9132
9627
6456
1643
-2033
-3853
-5109
-6803
-9388
-11806
-12896
-11853
-10055
-10118
-12501
-13917
-13681
-11718
-10069
-9827
-10169
-10837
-10391
-9372
-8692
-9286
-12289
-15541
-16990
-16846
-16692
-17928
-19198
-18520
-16682
-14480
-12090
-10949
-11442
-12843
-12409
-9824
-8424
-8268
-7913
-5717
-2910
890
5527
8424
8658
9581
11795
14160
16431
16790
16171
16664
18716
20398
20795
20674
20214
19877
21759
23674
18310
5592
-6835
-13870
-14787
-13591
-13215
-12806
-11879
-9785
-7157
-4710
-2755
-2562
-2264
1523
9127
17065
21333
22574
24490
27903
31483
32617
29985
24516
18666
14315
11271
8418
4469
-409
-5007
-6301
-4844
-4517
-5640
-7422
-7805
-7316
-5196
-1359
1493
3424
5583
8564
11346
11997
8894
3946
146
-1519
-3280
-5912
-8413
-10287
-10480
-8142
-4732
-3951
-5517
-7335
-7188
-5465
-4827
-5851
-7516
-8655
-9242
-9421
-9178
-10138
-12828
-16200
-17876
-17365
-17608
-19513
-21266
-21408
-19476
-17031
-14351
-11782
-10368
-10326
-9608
-7165
-5036
-5276
-6521
-5871
-3356
197
3002
5558
6981
8672
10341
12627
14918
16154
17179
18801
22255
25476
26953
26137
24540
24043
25819
24583
15224
290
-12620
-18686
-19353
-18985
-18271
-17317
-15501
-13753
-11984
-8878
-6075
-5341
-5019
-404
7840
15708
19891
20811
22141
25722
29256
30567
28833
24008
18321
13704
10580
8168
5321
1946
-2295
-6371
-6937
-4689
-3398
-4955
-6971
-7442
-6997
-5098
-2266
-115
1396
3097
5659
7264
6708
4360
679
-1546
-1280
-1102
-2022
-2362
-1884
-483
479
403
-739
-2797
-4027
-3538
-3282
-4918
-7185
-9911
-11740
-12282
-12399
-13371
-15218
-17817
-19571
-20050
-20247
-21058
-21972
-21772
-20147
-17768
-15579
-13905
-13554
-13676
-13378
-12106
-10506
-9571
-8948
-7619
-4466
661
4960
7291
8563
9752
11558
13194
14394
15255
15399
15971
18540
20805
21895
21627
20940
20752
21868
23246
19660
9332
-2098
-10212
-12693
-12445
-12948
-13678
-13844
-12495
-11470
-9956
-8726
-7812
-8152
-6577
-1055
5683
11612
14565
17114
21309
25558
28362
27748
24788
20382
14555
9824
6433
4050
2075
-1082
-5140
-7615
-7210
-6256
-7198
-9044
-9747
-8833
-7495
-5401
-2738
-878
1558
3405
4635
5441
3900
756
-2780
-4228
-4557
-5692
-6190
-5466
-3828
-2406
-1983
-2156
-2804
-4281
-5389
-6413
-8248
-10340
-12110
-13158
-13204
-12860
-14063
-16047
-17948
-19173
-19856
-19962
-19771
-19760
-18691
-17185
-15504
-13550
-12242
-11957
-12480
-12519
-11433
-10184
-9759
-9342
-8640
-7234
-5103
-3123
-660
2079
4969
7273
9647
12177
13660
14200
15148
17647
20296
22869
24168
23773
23364
24254
25477
24113
17545
6211
-3811
-9192
-10278
-10209
-10078
-9975
-9392
-7952
-5750
-3188
-1977
-1778
-1678
634
5778
11458
15072
16804
18822
21903
24943
25855
24044
20359
15556
10897
7646
5561
4336
2952
266
-1672
-884
1881
3213
2302
442
-481
-523
229
2225
4409
6698
8498
9624
10090
9710
7252
3261
304
-1330
-2463
-3487
-4128
-3833
-2926
-2295
-2509
-3781
-5345
-6744
-7531
-7958
-7980
-8732
-9383
-9008
-7876
-6463
-6537
-7776
-9675
-11213
-11950
-12630
-13974
-14932
-14936
-14442
-13250
-12380
-11847
-12057
-13229
-14276
-14176
-13328
-13383
-13794
-13740
-12396
-9848
-6240
-2504
260
2333
4042
6343
8906
10444
11326
12760
14973
17335
18754
19388
19000
18455
18729
20302
21344
18777
12238
5403
1148
-1569
-3088
-4308
-4640
-5536
-5989
-5165
-3560
-2400
-2381
-3041
-2678
-243
2115
3837
5035
7534
11220
15596
19939
22119
21124
18582
15514
12263
8937
6086
3929
2832
1447
-134
-117
1201
2614
2401
1000
-425
-942
-1194
-538
284
804
1393
1029
717
43
-1964
-5728
-8807
-10517
-10890
-10221
-9443
-8372
-7048
-5439
-4290
-3727
-3673
-4029
-5580
-7253
-8730
-9579
-9220
-8450
-8095
-8113
-8664
-9430
-10899
-12788
-14833
-17242
-18948
-19295
-18411
-17242
-16113
-14989
-14876
-15579
-16594
-17411
-17700
-17743
-17941
-17509
-15862
-13057
-9355
-5519
-2262
292
2838
5095
6579
7431
8033
9462
11254
12774
14299
16065
16853
16968
16623
16452
16699
16937
17259
15799
11940
7866
4651
1888
25
-1519
-2270
-2569
-2309
-1942
-1413
-398
447
845
1083
2087
3660
5531
7830
11037
14312
17850
21110
22898
22710
21082
18787
15640
12456
10083
8932
7443
5609
3478
2353
2800
3142
1249
-1086
-2520
-3666
-4071
-4250
-3767
-3029
-2700
-1897
-1058
-1128
-2619
-5430
-8676
-10746
-11681
-11961
-11457
-10540
-9212
-7627
-5314
-3358
-3041
-3933
-5030
-6323
-7518
-7901
-8187
-8870
-8809
-8715
-9161
-10220
-11605
-13452
-15641
-17315
-18403
-18308
-17116
-16070
-15038
-13705
-12600
-11671
-12157
-13078
-14234
-15141
-14818
-13801
-12432
-11415
-10027
-7868
-4907
-2122
267
1757
3160
4799
6634
8358
9677
11260
12457
13141
14136
15245
15446
15292
14989
15115
16009
16944
17786
17518
15633
13146
11044
9257
7613
6252
5823
5664
5840
6201
7289
8416
8878
8782
7857
7703
8456
9480
11175
12803
14655
16858
18430
19473
19012
17353
15201
12903
10550
9035
7851
6923
5424
4504
4631
5056
5551
5086
3608
1837
-44
-1272
-2121
-2203
-1070
369
1036
1364
1612
876
-1186
-3642
-5985
-8149
-8808
-8440
-7438
-6215
-4389
-3397
-3548
-3948
-5344
-6653
-7673
-8306
-8264
-7988
-7889
-7809
-8016
-8359
-9066
-10044
-11078
-12186
-12160
-11849
-11409
-11332
-11464
-12086
-12213
-12244
-12357
-12563
-13220
-14279
-14456
-13949
-13071
-12264
-11590
-10499
-9031
-6915
-4802
-2685
-1284
-41
1630
3413
5316
7411
9529
11761
13837
15682
16914
17068
16582
16315
16116
16294
17045
18639
19866
19629
17913
15801
14233
12793
11336
10051
10336
10631
10341
10058
9405
8916
7678
6091
5252
5219
5415
5965
6532
7810
9293
10094
10638
10973
10676
10128
8984
6727
4377
2926
1811
1217
608
252
504
525
335
-509
-1293
-2397
-3128
-3849
-4301
-4145
-4060
-4692
-4879
-4626
-5199
-6682
-8496
-9746
-11104
-11733
-11938
-11638
-10399
-9197
-8738
-7918
-6951
-7237
-8122
-8980
-9535
-9407
-9483
-10009
-10406
-10362
-10311
-10536
-11532
-12494
-13464
-14341
-15480
-16601
-16719
-16488
-16571
-16480
-16338
-15639
-15293
-15453
-15351
-15401
-15547
-15592
-14574
-13192
-11704
-9980
-7916
-5215
-2379
-841
401
1836
3214
4573
5648
6726
8147
9902
11498
13880
15681
16754
17372
18307
19121
19775
20886
22032
23334
24503
24358
22395
20177
18405
16342
13818
12021
11717
11400
10428
9422
8931
8767
8145
6778
5535
5125
5193
5445
6149
7480
8446
8809
8597
8267
7879
6847
5042
2764
475
-926
-2229
-3278
-3522
-3100
-2210
-1967
-2376
-2717
-2999
-3819
-5025
-5742
-5365
-4720
-4164
-3947
-3540
-3375
-4075
-5367
-6477
-7136
-7953
-8510
-8227
-7289
-5793
-4831
-4392
-4175
-3911
-4178
-5151
-6560
-8090
-9536
-11051
-11852
-12205
-12567
-12841
-13222
-13431
-13508
-13773
-14381
-15420
-15702
-15722
-15966
-15496
-14914
-14147
-13539
-13566
-13646
-13681
-13964
-14239
-14036
-13337
-11697
-9743
-8229
-6213
-4442
-2598
-1536
-625
115
1419
3096
4845
6772
8815
10621
12601
14578
16283
18070
19546
20775
21971
22900
23935
25119
26189
27178
26481
24593
22761
20581
18223
15058
12712
11326
9923
8308
7245
6891
6947
6661
5451
4305
3852
3397
2838
3082
3696
4815
5531
6145
6698
6920
6468
5024
2583
235
-1111
-1799
-2301
-2736
-2103
-941
-490
130
-205
-1148
-2127
-2989
-3408
-3671
-3515
-3279
-2661
-2055
-1743
-1946
-2900
-4104
-5717
-7070
-7965
-7797
-7096
-6309
-5422
-4793
-4754
-5002
-5688
-6558
-7575
-8694
-9392
-10237
-10990
-11938
-12799
-12941
-12914
-12823
-12633
-13276
-14014
-14677
-14486
-14007
-13592
-12674
-12099
-11173
-10422
-10031
-9927
-10040
-10521
-11455
-12244
-12279
-11726
-10771
-9554
-7994
-5955
-3868
-1890
-253
974
2380
3729
5486
7557
9178
11007
12491
13819
14908
15449
15931
16304
17361
18325
19120
20274
21513
22919
23241
21782
19231
16299
13593
11067
8215
6228
4982
4225
3304
2958
3275
3519
3514
2876
2943
3055
3448
3694
3996
5058
6354
7410
8012
7579
6777
5474
3599
1891
-10
-910
-1487
-2555
-3565
-4144
-3942
-4082
-4374
-4633
-5256
-6119
-6938
-7401
-7444
-7019
-6617
-6212
-6093
-6117
-6672
-8125
-9429
-10787
-11516
-11791
-11714
-11297
-11158
-10607
-10577
-10487
-10488
-11119
-12254
-13240
-13900
-13855
-13963
-14077
-13788
-13197
-12147
-11317
-11532
-11693
-11577
-11428
-11403
-11158
-10721
-10199
-10165
-10391
-10699
-11124
-11558
-12639
-13345
-13529
-13503
-12894
-11779
-10247
-8638
-6931
-4409
-2025
732
2914
5109
6786
8077
9490
11055
12865
14691
15973
17133
18047
19186
19933
20164
20722
21087
21984
23316
24160
24131
21820
18587
15306
12527
10675
8781
7822
7037
6302
6249
7027
7906
8488
8085
7463
7094
7661
8745
9525
10794
12171
13016
13966
14660
14026
11918
8940
5760
2504
-82
-1587
-2399
-3424
-3946
-4054
-3596
-2888
-2824
-3543
-4962
-5784
-6319
-6427
-6403
-5839
-5401
-5096
-4939
-5285
-5926
-7531
-9307
-11296
-12743
-13528
-13508
-13291
-12907
-12031
-11674
-11511
-11545
-11873
-11932
-11624
-11500
-11228
-11393
-10937
-10461
-10290
-10023
-10442
-11444
-12552
-13635
-14495
-15137
-14975
-14644
-14180
-13621
-12891
-12022
-11962
-12166
-12695
-13232
-13234
-12669
-11825
-10160
-7915
-5676
-3489
-1356
786
3040
5122
6562
7859
8924
10234
11836
13518
15391
16972
18502
19799
20955
21843
22688
23835
24874
26249
27539
26712
23547
20182
17246
14625
12021
10491
9645
8692
8201
7920
8246
8204
7796
7017
6782
7757
8493
9423
10986
12937
14359
15484
16141
15599
14329
12417
10001
7690
5555
4100
2664
1422
283
-117
187
125
-836
-2266
-4116
-5485
-6279
-6927
-7007
-6355
-5458
-5647
-5949
-6391
-7074
-8360
-10244
-11732
-13014
-13668
-13750
-13299
-12104
-11284
-10472
-9811
-9181
-8948
-8963
-8866
-8787
-8400
-8528
-8374
-8463
-8598
-8572
-9658
-11502
-13258
-14519
-15816
-17018
-17911
-17517
-16233
-14906
-13819
-13033
-11829
-11058
-10971
-11113
-11125
-10933
-10260
-8810
-6996
-5197
-3080
-570
1884
3815
5112
6423
7496
9219
11231
13420
15634
18488
21090
23076
24647
25511
26301
26450
26720
27007
26458
22762
16679
11114
6782
4764
3332
2253
2131
1700
1721
1637
1589
2155
2463
2518
3055
5021
7582
9765
11817
13577
15476
17125
17331
15750
13542
10562
7543
4043
1340
-465
-2065
-3751
-5871
-7344
-7435
-7155
-8028
-9128
-10433
-11101
-11318
-10553
-9452
-8068
-6757
-6135
-6490
-6949
-7598
-9533
-11503
-12916
-13981
-14531
-14068
-13052
-11646
-10310
-9701
-9477
-9165
-9339
-10315
-12156
-13660
-13827
-13589
-13486
-13752
-14376
-14982
-15656
-16869
-17524
-18551
-19156
-19586
-19082
-17951
-16779
-15667
-14670
-13777
-12980
-12523
-12120
-11470
-10818
-9345
-7875
-6142
-4015
-1984
398
3054
5368
7025
8437
9783
11294
13229
15659
18083
19897
21191
22980
25097
27213
28623
29160
29271
27289
21040
11981
5168
1009
-947
-2112
-2459
-1648
-1120
-1156
-796
372
2312
3284
3635
5974
9138
12295
14631
16855
19850
22349
23879
23235
20903
17287
12944
8236
3717
184
-2202
-3624
-5222
-7135
-8482
-8117
-7299
-6769
-7224
-7588
-7228
-6654
-4986
-2500
146
1603
1839
1306
305
-1261
-3735
-6920
-9888
-10901
-10630
-10017
-8699
-7660
-7350
-7122
-6727
-6846
-7452
-8755
-10273
-11975
-12901
-13255
-13353
-13544
-14296
-15458
-17342
-18752
-19846
-20633
-20880
-20989
-20550
-19068
-17175
-15439
-13517
-11663
-11144
-11422
-11305
-10936
-9925
-8920
-7788
-6380
-4207
-1247
1860
4730
7614
9602
11109
12934
14960
16665
17682
19945
22489
24509
26505
27937
29680
31112
30460
25297
15947
6265
-541
-4443
-5553
-4717
-3609
-3164
-2891
-2177
-385
2170
4147
5412
8217
13206
17815
21314
23381
24927
25852
26441
25777
23334
19352
14063
8207
2393
-1698
-4536
-6117
-7433
-9040
-10706
-11594
-10848
-8765
-6958
-5622
-4284
-1941
1538
5442
8956
11515
13011
12502
11009
8949
6088
2577
-1427
-4074
-5133
-5066
-4742
-4503
-4425
-4625
-5142
-5970
-6749
-7417
-7399
-7703
-7760
-7571
-7342
-7058
-7209
-7974
-9028
-10304
-11501
-12878
-14987
-16045
-16784
-16761
-16230
-15319
-14231
-13533
-13039
-12974
-12477
-11658
-10550
-9470
-7867
-5692
-4138
-2643
221
3760
6397
8390
10356
12397
14517
16520
17635
19125
21312
22739
24330
25955
27293
28750
28680
24337
14622
3481
-4956
-10000
-11494
-10803
-9026
-7965
-7058
-6166
-4456
-1817
1322
4258
7894
13462
18990
23195
25265
26456
26584
26366
25237
22071
16307
8647
903
-6254
-11621
-15397
-16995
-17491
-17980
-17669
-16692
-14498
-11514
-7784
-4449
-2311
-113
2714
5986
9393
12328
13583
13172
11689
9124
4852
751
-3090
-6493
-9206
-10620
-10735
-10815
-10774
-10740
-10579
-11122
-10749
-10003
-9162
-8548
-8632
-9595
-10481
-10722
-11357
-11774
-12771
-13890
-15117
-16010
-16784
-17615
-17992
-17890
-17140
-16456
-15522
-14829
-13947
-13769
-14245
-13904
-12433
-11358
-10539
-9643
-8612
-6398
-4039
-846
1666
3796
6057
8471
11253
13574
14861
15244
17189
19401
20455
21193
22542
24754
25699
23761
16803
6352
-3364
-10535
-12593
-10299
-6510
-4767
-4322
-3138
-837
1998
4607
7313
10322
14513
18456
21923
24557
24956
23920
22552
22472
21414
17934
12145
5438
-999
-6435
-9228
-10735
-11409
-12615
-13725
-13765
-13368
-10969
-7600
-4312
-1810
709
4345
8298
11154
12751
13339
12784
11808
9947
6967
2724
-1605
-6126
-9352
-10539
-10667
-10974
-10591
-9766
-9077
-8600
-8767
-8587
-7804
-6709
-6335
-6312
-6517
-6620
-7165
-7994
-8947
-10644
-12457
-14464
-16312
-16995
-16869
-16496
-16117
-15285
-14112
-12966
-12513
-12215
-11819
-11332
-10696
-10210
-8835
-6959
-5645
-5517
-5040
-2802
-232
2471
5569
8616
10517
12075
13000
13850
15359
16962
18454
19245
21578
24143
25919
25725
21732
12865
2207
-5997
-10235
-10379
-8191
-5458
-4877
-5007
-4433
-2982
-813
1866
4734
8482
13653
19227
23554
25301
24786
23453
22574
22548
20958
16262
9222
1944
-4457
-8604
-10520
-11179
-11548
-11648
-10808
-9689
-7438
-4020
-111
2681
4668
6462
8397
10255
11544
12126
11736
11232
9521
6435
2191
-2238
-6497
-10055
-11871
-11992
-11067
-9985
-8081
-6197
-5179
-4798
-5048
-4716
-3987
-3733
-4433
-5664
-6783
-8360
-9777
-10566
-12288
-14318
-16208
-17516
-18053
-17717
-17208
-16672
-15997
-14424
-12272
-10975
-9362
-9147
-8903
-8096
-7298
-7705
-7977
-7489
-6300
-4245
-1730
698
3501
6338
8817
11081
12785
14728
15913
16983
19072
21469
23866
25632
26542
26852
26633
26449
23413
15204
3367
-6980
-11653
-10161
-6794
-3813
-2211
-1546
-1097
-443
1553
4466
6935
8754
12145
16634
20439
21167
18764
16531
15519
15527
14142
10436
4938
-1126
-6033
-8782
-9490
-9826
-9966
-10312
-9958
-9339
-7745
-4498
-1268
215
1166
3139
4888
6828
8042
8596
8422
8421
7401
4650
922
-3256
-7481
-10523
-11781
-12282
-11881
-10526
-8875
-8296
-8378
-9262
-9919
-10247
-9107
-7646
-6993
-6646
-8009
-10062
-12001
-13198
-15181
-17631
-20038
-21333
-21352
-21394
-21276
-21285
-20217
-18752
-16756
-14448
-13057
-12893
-12732
-12238
-11179
-10234
-9944
-9773
-9623
-8479
-5761
-2843
-512
1512
3312
4879
6872
8475
9509
11308
13445
16501
18801
20947
22658
24458
25167
25291
25536
22121
12543
1052
-6193
-6887
-3465
-157
1734
2450
2334
2299
2564
3813
5918
8215
11011
15231
20094
22761
22027
19545
17595
17012
16673
14027
9389
2483
-3204
-6429
-8193
-8511
-8464
-7937
-7514
-6292
-3607
-268
1767
3189
4551
5824
7226
8754
10209
10608
10774
10726
9570
7341
3952
-590
-4599
-7127
-8437
-8682
-8541
-7411
-5823
-4407
-3673
-4074
-5020
-5729
-5840
-5739
-5453
-6186
-8087
-10166
-12193
-13348
-14054
-15441
-16875
-18235
-18578
-18396
-18209
-18280
-17860
-16777
-15078
-13273
-11962
-11065
-10921
-10652
-10153
-9021
-8149
-8030
-7950
-7268
-5470
-3009
-1196
23
1425
3840
6741
9657
11711
13360
15057
17580
20951
23728
25276
25847
25936
25795
26137
23587
14818
3948
-3036
-4290
-2491
463
3391
4791
4759
4883
5066
6312
7341
8023
9638
13176
17615
19536
18294
15560
13853
13702
14237
13432
10668
5864
1331
-1517
-3594
-5103
-5870
-6122
-6557
-5718
-3631
-1300
-837
-876
-602
573
2028
4056
5768
6791
8493
9614
9545
8153
4916
130
-3531
-5288
-5252
-5596
-6072
-5812
-5065
-4404
-3989
-4193
-5843
-7009
-7064
-6347
-5888
-6664
-8195
-10212
-11935
-12969
-13645
-14877
-17122
-18646
-19093
-19412
-19682
-20524
-21447
-21252
-20102
-18161
-16655
-15189
-14480
-14179
-13309
-11785
-10318
-9367
-8487
-7254
-5053
-2586
318
2133
2534
3478
5181
7593
9463
11375
12904
15027
17513
19101
20081
21431
23434
24356
25085
25578
24262
17864
8194
1233
-617
555
2034
3324
4415
4910
4379
4239
4759
5914
6832
7936
10459
14554
16535
15332
13111
12407
12385
11994
10758
8714
5422
1137
-2131
-4921
-6671
-7797
-7633
-6239
-4921
-3810
-2490
-977
31
66
-882
-1456
-178
2294
4385
6034
6536
5621
3369
1074
-1189
-3042
-4774
-5767
-6198
-6348
-5781
-5207
-5047
-6088
-7447
-8324
-8776
-9272
-10289
-12059
-13922
-15571
-16704
-17772
-18393
-19162
-20910
-22186
-22460
-22161
-21861
-22144
-22187
-21488
-20391
-19166
-18137
-17807
-17629
-17282
-16267
-15663
-15162
-14683
-13751
-11680
-9827
-7468
-4925
-2418
-74
1927
4091
5661
7432
8981
10324
11811
13559
15260
16509
17937
19252
20270
21202
21958
22758
22799
19014
12462
6581
4410
5108
6569
7870
8642
8983
8552
7116
6126
5654
5492
6649
8885
12327
14397
13660
11571
10051
10116
10271
9331
7721
5388
1974
-1417
-3907
-4875
-5143
-4395
-3160
-2192
-1615
-677
435
1228
855
-321
-270
1747
5073
7681
9604
9872
8809
6765
4576
2386
-486
-3031
-4143
-4225
-4150
-3905
-4555
-5415
-5875
-5433
-4869
-4763
-5080
-5644
-6553
-7568
-8898
-10507
-12243
-13614
-14435
-15612
-17000
-18215
-19278
-19735
-20364
-20483
-19741
-18847
-18081
-16801
-15420
-14829
-14628
-15016
-15000
-14530
-13498
-11919
-9796
-7523
-5365
-3135
-739
1413
3340
5500
7857
10410
11928
12944
13911
15252
17086
19012
20311
21136
22127
22629
22088
21554
22797
24989
25557
22688
17456
13803
13467
13691
13434
13056
13506
13236
12026
10624
9714
8803
7136
6761
8391
10851
11485
10253
8630
8141
8002
7923
7201
5264
2311
-239
-2215
-2950
-2977
-3093
-3390
-3743
-3395
-2079
-692
-17
-384
-1401
-1695
-604
1619
2962
3309
3242
2784
2199
1325
-223
-2656
-5008
-6240
-6583
-6829
-7669
-8309
-8428
-7613
-7078
-6627
-6460
-7389
-8348
-9410
-10112
-10451
-11113
-11959
-12706
-13246
-14366
-16054
-17972
-19550
-20391
-20806
-20661
-19890
-19051
-17931
-16640
-15423
-14395
-13840
-13778
-13688
-13301
-12923
-12347
-11065
-9398
-7714
-6255
-4709
-3015
-612
1395
3130
4782
6567
8186
9303
10577
12155
13614
14585
15827
17062
17648
17965
18585
19326
20758
22728
24496
24826
23244
21042
19454
18456
17002
15601
14934
14827
14537
13557
12486
11632
11047
10190
10009
10811
11445
11670
10765
9873
9319
8631
7502
5623
3349
1371
561
92
-225
-956
-1789
-2611
-3566
-4254
-4513
-4180
-4124
-4979
-5604
-4480
-3688
-3916
-4937
-5383
-5261
-4960
-4557
-4780
-5885
-7584
-9282
-10539
-10718
-10722
-10928
-11253
-10737
-9918
-9663
-9577
-10416
-11869
-13066
-13543
-13297
-12851
-12129
-12393
-13060
-14331
-15631
-16945
-18343
-19502
-19742
-18602
-17489
-16535
-16236
-15883
-15495
-14985
-14795
-15120
-15352
-15980
-15871
-15641
-15465
-15436
-14889
-13987
-12449
-10517
-8775
-6749
-3974
-1803
-511
1621
3500
5493
7254
9325
11612
13321
14354
15262
15478
15316
15650
16217
17366
18969
20163
20766
20578
20191
19761
19954
20336
20851
21918
22154
22220
21775
21400
20363
19033
18141
17634
18099
17707
16388
13954
11661
9396
7339
5155
2874
900
-986
-2268
-3000
-3078
-3624
-4190
-4710
-4723
-4602
-3583
-3119
-3650
-5041
-7214
-8884
-9692
-9602
-9843
-9261
-8527
-7729
-7217
-7289
-8012
-8830
-8733
-8200
-7089
-6804
-6900
-7298
-8127
-8673
-8868
-8923
-9046
-8994
-8993
-8635
-7763
-7234
-7343
-7759
-8141
-8645
-8762
-8666
-9021
-9564
-9679
-9383
-9096
-8993
-9602
-9819
-9873
-10411
-10464
-10427
-11124
-12007
-12135
-11861
-11308
-10653
-9990
-8749
-7613
-6140
-4709
-3332
-2114
-886
255
1664
3152
3888
4921
6111
7545
9122
10655
11920
13076
14612
16609
19000
21435
23718
24690
24447
23856
23691
24171
24828
25454
25385
24524
23898
23193
22657
21660
20725
19883
19111
18739
18603
17869
16234
14299
12508
11066
10068
8787
6818
5384
4603
3983
3190
2351
1146
168
-772
-1244
-1837
-2807
-3934
-5223
-6205
-7195
-7960
-9058
-10351
-10545
-10589
-10475
-10907
-11492
-12337
-12747
-11815
-10981
-10843
-11364
-11592
-11756
-12197
-12173
-12031
-12325
-12203
-11434
-10607
-10108
-10155
-10436
-10583
-10339
-10237
-10289
-10688
-11102
-11468
-11750
-11765
-11778
-11925
-12342
-12235
-11725
-11604
-12046
-12858
-13447
-14040
-14276
-14267
-14340
-14540
-14517
-13950
-12991
-11461
-9883
-8582
-7542
-5868
-4292
-2369
-705
321
1152
1951
3548
4770
5394
6094
7564
9389
11361
13708
15846
17615
19464
21945
24069
25848
26363
26189
26492
26854
27578
28112
27891
26485
24544
23922
23705
23159
21752
19853
18826
18736
19223
19329
18303
16368
14123
12985
12614
11593
9602
6778
4204
2515
1729
810
-677
-2325
-3594
-4347
-3939
-3821
-4821
-6113
-7273
-8016
-8753
-9240
-10142
-10945
-12030
-12547
-12117
-12220
-12836
-13462
-13932
-14098
-13667
-13529
-13185
-13258
-13420
-12895
-12383
-12168
-12630
-13146
-12935
-12131
-11337
-10786
-10649
-11139
-12124
-12906
-13072
-13653
-14795
-15466
-15524
-15273
-15399
-15911
-16862
-17483
-17181
-16400
-15210
-14641
-14928
-15117
-14887
-14900
-14529
-14262
-14320
-14062
-13849
-13238
-12318
-11366
-10393
-9574
-8614
-7067
-5247
-3270
-1441
-225
997
2643
4348
5995
7237
8606
10183
12690
15387
18051
20291
22265
24478
26109
27102
26964
26045
25444
25318
25423
25154
24320
23311
21999
20877
19957
19021
18627
18441
18333
18342
18087
17532
16048
14269
12412
10649
8948
7357
6259
4715
3161
1987
1154
337
-412
-1041
-1402
-1819
-2582
-2866
-3465
-4013
-4614
-5721
-6667
-7326
-7851
-8870
-9497
-10305
-11054
-11323
-11591
-11690
-12317
-12505
-12326
-11987
-11810
-11613
-11507
-11033
-10121
-9464
-9392
-9788
-9437
-9176
-9188
-8972
-9215
-10092
-10402
-10890
-11744
-12837
-14247
-15542
-16160
-15614
-14771
-13951
-13397
-12898
-12433
-12003
-11993
-11962
-12129
-12472
-12485
-11825
-11522
-11182
-11123
-11039
-10291
-9363
-8424
-7341
-6147
-4878
-2631
-880
232
1622
2752
3730
5147
7231
9419
11682
13869
15538
17271
19362
21267
22814
23686
24287
24762
25292
26381
26869
26615
25799
24848
24832
25376
25975
26668
26854
26585
26408
25971
25291
23825
21530
19923
18707
17774
16137
14155
12462
10957
9404
8260
7289
5964
4738
3347
2223
1469
840
-309
-1527
-2649
-3816
-4339
-4792
-5671
-6402
-7284
-8132
-9013
-10605
-11742
-12548
-13158
-13629
-14268
-14333
-14721
-14817
-14489
-14294
-14061
-14083
-13764
-13329
-13095
-13071
-13220
-12973
-12873
-12535
-12730
-13190
-13713
-13879
-14234
-14544
-14294
-14021
-13945
-13564
-14037
-14414
-14541
-14465
-14081
-13828
-13571
-13287
-13035
-13050
-12859
-13064
-12901
-13002
-13153
-12910
-12145
-11311
-9915
-9306
-8433
-7405
-6723
-5362
-4293
-3246
-2200
-1126
154
1125
2103
3259
4452
6190
7721
9667
11149
12776
14134
15407
16762
17983
19430
20601
21675
22644
23610
24159
25287
26220
26576
26863
27113
27363
27301
27110
26799
25879
24575
22940
21909
20444
19201
17919
16727
16408
16127
15782
15115
13898
12493
10898
9606
8602
7179
5491
3279
1691
219
-1334
-2555
-4466
-6539
-7990
-9204
-10072
-11318
-12528
-13352
-13809
-13890
-14134
-14595
-15116
-15503
-15452
-15242
-15115
-15546
-15746
-15541
-15295
-15272
-15953
-16773
-17260
-17526
-17452
-16839
-16150
-15273
-14830
-14600
-14122
-13731
-13660
-13396
-12939
-12388
-12159
-12206
-12310
-12355
-12271
-12222
-12262
-12129
-11808
-11497
-11162
-10755
-10802
-11059
-11057
-11029
-10678
-10390
-9833
-9313
-8320
-7435
-6860
-6949
-6716
-5983
-5674
-4891
-4287
-3390
-2621
-1788
0
1727
3259
4768
6236
8080
9984
11789
13666
15375
16509
17283
17714
18198
18729
19108
19537
19899
20349
20874
21221
21459
22476
23259
23814
24416
24823
24840
24505
24155
23179
22248
21169
20489
19744
18829
17562
16095
14627
13078
11336
9590
8002
6546
5865
5046
4345
3217
1498
101
-1468
-2917
-4567
-6237
-7536
-8970
-10335
-11216
-11921
-12717
-13434
-14164
-14885
-15237
-15051
-14277
-13578
-12954
-12546
-12100
-12094
-11832
-11403
-11170
-10962
-11252
-11833
-12241
-12416
-12081
-11683
-11444
-11069
-10877
-10249
-9664
-9226
-8828
-8277
-7348
-6468
-5878
-5704
-5948
-6199
-6487
-6837
-7391
-7937
-7844
-7636
-6881
-6222
-5737
-5421
-5539
-5390
-5012
-4608
-4355
-4280
-4475
-4560
-4349
-3766
-3536
-3746
-3165
-2080
-800
17
923
1704
3063
4907
6599
7674
8649
9766
11062
12478
13498
14032
14604
15215
15741
16184
16315
16733
16801
17043
17584
18021
18421
19157
19874
20345
20601
20883
20898
20650
20734
20695
20390
19195
17958
16403
14668
13112
11233
9198
7415
6174
5317
4592
3478
2306
1524
1389
1274
173
-1347
-2980
-4225
-5146
-6229
-7443
-9116
-10296
-11603
-12421
-12941
-13462
-13476
-13506
-13246
-12938
-12646
-12273
-12552
-13195
-13586
-13693
-13668
-13322
-13411
-13579
-13617
-13297
-12849
-12679
-12849
-12865
-12348
-11432
-10124
-9158
-8638
-8799
-8704
-7843
-6857
-6379
-6310
-6503
-6741
-6679
-6616
-6630
-6418
-6296
-6258
-6437
-6512
-6115
-6074
-6195
-6124
-5693
-4985
-4626
-4261
-3785
-3158
-2341
-1282
-1055
-862
-437
43
529
1026
1499
1755
2441
3028
3896
4921
5893
7693
9110
10481
11679
12392
13541
13819
13879
13727
13219
13256
12979
12902
13087
13118
13099
13456
14246
15077
15745
16695
17309
17689
17861
17511
17096
16087
14814
13731
12858
11996
11024
9758
8508
7546
6577
6003
5227
4408
3210
2060
1148
142
-800
-2004
-3604
-4802
-5793
-6391
-6996
-7493
-7951
-8894
-9679
-10368
-10792
-11115
-11279
-11489
-11487
-11519
-11582
-11464
-11265
-10946
-10641
-10349
-10238
-10522
-10818
-10685
-10648
-10739
-10711
-10921
-11233
-10606
-9989
-9243
-8970
-8831
-8580
-8432
-7955
-7654
-7780
-7660
-7511
-7353
-7562
-7571
-7630
-8267
-8652
-8309
-7893
-7260
-6626
-6291
-5712
-4972
-4064
-2882
-2133
-1577
-919
-138
670
1123
1455
1354
753
416
424
556
1112
1130
1693
2657
3497
4335
5027
5760
6753
7625
8222
8706
8437
8433
8466
8619
8519
8517
8760
9329
9846
10622
11595
11908
12354
12942
13645
14022
14331
14208
13935
13917
13936
13632
12800
11513
10030
8715
7807
6974
6282
5172
4436
3594
3056
2544
1997
1408
983
885
818
592
-38
-432
-1068
-1799
-2864
-3622
-4255
-4846
-5216
-5016
-5038
-5092
-5100
-5055
-5268
-5572
-5599
-6304
-6424
-6666
-6677
-6072
-5753
-5643
-5511
-5839
-6036
-5553
-5516
-5366
-5214
-4841
-4522
-4175
-3457
-3039
-2664
-2176
-1969
-1520
-1296
-1117
-828
-859
-954
-1098
-1292
-1541
-1823
-2208
-2143
-1884
-1521
-1389
-909
-709
-4
808
950
1070
1069
1382
1058
1014
1248
1355
1919
2422
2732
2841
3178
3196
3542
3561
3398
3422
3702
3729
3782
4004
4048
4399
4544
4732
4879
5243
5850
6421
6865
6728
6676
6910
7428
7662
7739
8005
7855
7451
7183
6716
6257
5681
4770
3946
3171
2850
2341
1752
1164
888
847
872
419
-255
-1080
-1231
-1354
-1626
-1670
-2216
-2682
-2747
-2816
-3169
-3334
-3226
-3484
-3799
-4321
-4671
-4792
-5046
-5218
-5494
-5606
-5960
-5877
-6250
-6370
-6024
-6030
-6054
-6028
-6032
-5810
-5364
-5326
-5194
-5335
-5302
-5666
-6006
-6173
-6221
-6010
-6152
-6246
-6058
-5859
-5736
-4873
-4170
-3554
-2721
-2402
-2803
-2858
-3004
-2929
-2586
-2221
-1970
-1739
-1358
-1407
-1130
-1131
-1153
-1113
-857
-931
-1056
-753
-428
-56
247
451
871
1435
1253
1174
905
455
532
713
977
1028
959
1177
1699
2439
3088
3562
4023
4168
4290
4910
4898
4697
4137
3468
2913
2406
2359
1954
2205
2295
2400
2882
3340
3724
3561
3810
3834
3808
3810
3699
3747
3512
3365
3035
2685
2545
2035
1306
1155
1217
1369
1227
1012
833
484
229
253
-106
-527
-610
-309
490
641
961
923
549
178
-165
-538
-939
-1327
-2060
-2863
-3410
-3788
-4080
-4148
-4464
-4385
-4097
-3902
-3407
-3293
-3572
-4049
-4270
-4325
-4305
-4241
-4044
-4289
-4058
-3938
-3608
-2796
-2293
-1530
-1378
-1625
-1904
-1651
-1169
-1117
-1072
-1149
-1425
-1557
-2009
-1954
-2006
-1934
-1999
-1980
-1588
-1423
-1280
-1258
-1282
-1270
-503
496
1331
1596
1535
1430
1640
1885
2042
1431
431
70
-367
-364
-394
-948
-1424
-1097
-897
-508
-310
-274
-91
557
1231
1421
1488
1803
2258
2048
2353
2382
2119
1996
1820
1931
2225
2765
3377
3189
2858
2409
2483
3162
3837
3937
3902
3848
4121
4378
4338
4148
4353
4403
4533
4569
4722
4697
4353
4149
3705
3248
3326
3545
3390
3093
2953
2876
2714
2812
2512
1969
941
305
131
-529
-1196
-1703
-1650
-1333
-868
-500
-490
-187
-335
-827
-1138
-1143
-1298
-1298
-1281
-1656
-1376
-1287
-1210
-1340
-1549
-1559
-1540
-694
-450
-90
177
371
568
499
245
-336
-426
-221
290
457
461
462
145
177
32
14
-92
-358
-217
-191
-75
134
19
230
-182
-816
-1037
-1474
-1748
-1741
-1869
-1800
-1543
-1980
-2340
-2892
-3688
-4009
-3677
-3074
-2729
-2713
-2528
-2074
-1563
-1291
-1355
-1246
-1347
-1376
-1750
-2058
-2097
-2011
-1761
-1227
-626
-485
-89
239
620
1176
1585
2156
2703
3243
3522
3644
3663
3367
3136
2412
2020
1354
1172
1223
929
1158
1114
1024
1174
1316
1686
2031
2020
2160
1740
1433
1436
1468
1075
291
-356
-864
-1241
-1517
-1858
-2074
-1896
-1749
-1651
-1754
-2085
-1834
-1611
-1948
-2090
-2214
-2122
-1889
-1368
-1220
-1505
-1897
-2327
-2263
-1981
-1467
-1058
-923
-1234
-1551
-1468
-1459
-1393
-1098
-681
-221
320
918
1112
1116
1035
708
362
-209
-664
-596
-781
-861
-995
-1197
-1065
-962
-1132
-1230
-1138
-851
-876
-1169
-1167
-1077
-1156
-889
-636
-691
-504
-364
-52
136
-152
-469
-611
-629
-382
-253
-270
-173
-129
324
672
749
612
628
1005
1097
1569
1995
1828
1427
1240
1450
1837
2228
2665
3141
3481
3442
3568
3707
3838
3886
3389
3115
2867
2430
2451
2541
2695
3147
3249
3117
3112
2947
2865
2590
2046
1598
1235
1030
755
578
420
-14
-588
-358
-248
-238
-40
-106
-346
-698
-717
-1182
-1404
-1544
-1939
-2116
-2126
-1985
-1981
-1634
-1479
-1756
-1848
-1790
-1778
-1910
-2059
-1947
-1745
-2017
-1855
-1708
-1832
-1883
-1548
-1371
-1218
-1074
-1165
-975
-1264
-1397
-1952
-2433
-2168
-1527
-902
-722
-526
-514
-472
-691
-1116
-1776
-2212
-2189
-2302
-1955
-1766
-1655
-1524
-1418
-1133
-1205
-971
-433
-101
238
385
358
444
303
361
211
138
986
1408
2180
2033
1736
1421
1564
1554
1290
1087
957
1202
1288
1512
1477
1655
1846
2423
2981
3694
4664
5532
5853
6201
6596
6563
6608
6202
6118
5648
5277
4936
4240
3702
3594
3381
3269
3261
3562
3421
3427
3942
3805
3564
3019
2375
2176
2469
2700
2544
2472
2224
1789
1737
1681
1158
1005
377
77
-142
-494
-773
-1331
-1836
-2108
-1992
-1869
-1550
-1734
-2068
-2611
-2765
-2637
-2553
-2967
-2778
-2432
-1846
-1026
-1330
-1080
-1121
-1566
-1658
-2091
-2484
-3260
-3765
-3881
-4007
-4068
-4216
-3893
-3564
-3654
-3368
-3369
-3541
-3675
-4280
-4281
-4521
-4115
-3574
-3289
-2962
-3072
-3069
-3174
-3308
-3275
-2878
-2985
-3028
-3257
-3400
-3431
-3345
-3426
-3679
-3862
-3926
-3535
-3445
-2979
-2595
-2040
-1294
-899
-439
-119
53
402
684
970
1170
1408
1489
1793
1812
1811
1540
1460
1405
1145
1085
836
612
368
260
-3
-187
-128
-123
-12
718
1118
1364
1334
1411
1633
1349
661
383
200
190
618
886
874
876
825
627
249
112
-286
-964
-1444
-1776
-1635
-1129
-1232
-1383
-1375
-1664
-1316
-890
-557
-493
-260
-259
-267
-336
-599
-665
-384
-408
-593
-622
-682
-482
-527
-840
-1393
-2108
-2700
-3017
-3212
-3124
-2836
-2765
-2666
-2630
-2687
-2535
-2349
-2370
-2788
-2994
-3100
-3121
-3094
-3511
-3855
-3743
-3419
-3167
-2927
-2675
-2315
-1456
-653
-25
336
562
662
726
610
620
441
-14
99
-22
-17
131
483
1036
1821
2212
2623
2839
2824
3315
3341
3422
3360
3011
2595
2390
2409
2649
2990
2883
2499
1906
1443
1304
1476
1550
1710
1749
1952
2303
2334
3009
2830
2565
2605
2193
2183
2006
1164
451
-285
-960
-1170
-1327
-1560
-1490
-815
-332
101
417
795
1116
1307
1269
975
488
-391
-891
-962
-1051
-1216
-1580
-1952
-2064
-1768
-1092
-343
-77
-138
87
123
-230
-941
-1739
-2526
-2838
-3404
-3607
-3839
-4822
-5676
-6336
-6206
-5858
-5241
-4491
-4097
-3536
-3034
-2244
-1765
-1921
-2261
-2224
-2555
-2531
-2140
-2132
-1607
-1724
-1487
-1410
-1329
-1453
-1579
-1544
-1299
-869
-170
536
1100
1758
2180
2786
3394
3954
4258
4045
4015
4188
4217
4457
4157
4038
4132
3940
3955
3869
3692
3924
3814
3736
3695
3706
4134
4386
4974
5270
5198
4718
3561
2916
2450
2122
2382
2407
2854
3670
4320
4956
5268
5005
4520
3882
3056
2420
2268
2072
1767
1542
1365
1178
1113
984
632
433
916
1525
2237
2719
2510
2603
2744
2460
2170
1686
1043
848
559
-4
-678
-1326
-2144
-2549
-2739
-2485
-2083
-2361
-2728
-3276
-3563
-3160
-3099
-3277
-3265
-3113
-2894
-2630
-2799
-3280
-3839
-4438
-4557
-5149
-5329
-5022
-5100
-4693
-4144
-3529
-3191
-3373
-3688
-3774
-3752
-3556
-3030
-2766
-2529
-1984
-1326
-711
-216
-750
-1144
-758
-189
652
1228
1761
1833
1937
2389
2371
1989
1582
999
918
1308
837
45
-542
-789
-1119
-1091
-1220
-1421
-1589
-1610
-1473
-803
-90
297
783
1175
1689
1808
2093
2034
1774
1405
582
-114
-484
-631
-424
115
491
1119
1519
1576
1647
1697
1738
1991
2141
1880
1737
1586
1835
1980
1811
1536
1030
610
722
616
755
1090
1661
1754
1481
1076
750
446
194
-105
-244
-560
-1087
-1526
-2135
-2507
-2323
-2479
-3024
-3613
-3968
-3954
-3665
-3582
-3315
-2976
-2810
-2373
-2043
-1799
-2051
-1980
-1868
-1785
-1437
-1199
-1170
-938
-652
-124
334
533
767
1331
1786
1775
2042
2257
2075
2493
2538
2502
3092
3061
3099
2568
1888
2011
2349
2739
2664
2700
3135
3646
4458
5082
4830
4759
5130
5212
4921
4002
3126
2525
2127
1507
797
223
-435
-344
-138
222
387
668
1221
2148
2977
3371
3737
3785
3282
2755
2611
2297
1786
1383
567
213
379
812
758
557
652
963
940
477
286
-102
-104
112
658
983
1275
1544
1483
1280
1203
863
389
-381
-960
-1210
-1540
-1442
-1638
-1164
-844
-594
-623
-654
-847
-1302
-1673
-2161
-2465
-3064
-4075
-4615
-4636
-4475
-4033
-3865
-3677
-3110
-2449
-1621
-1149
-897
-986
-1053
-1332
-1651
-1885
-2522
-2921
-3620
-3724
-3892
-3485
-2840
-2122
-1215
-769
-307
159
733
1657
2477
3172
3609
3699
3702
3337
2773
2446
2323
2073
1639
1652
1738
1868
2583
3304
3550
3747
3861
3920
4251
4547
4511
4316
4204
3942
3576
3321
2927
2085
1455
1078
794
555
395
653
961
1020
1509
1618
1539
1175
1260
1196
785
455
-154
-145
-52
-150
-401
-608
-893
-1083
-1361
-1068
-761
-466
375
829
1394
1642
1557
1464
960
613
291
-289
-1123
-1842
-2370
-2881
-3152
-2786
-2560
-2251
-1772
-1216
-668
-372
-391
-136
-42
-47
98
-140
-534
-880
-1359
-1747
-2261
-2555
-3117
-3206
-3163
-3573
-3702
-4122
-3923
-3865
-3706
-3638
-3429
-3325
-3115
-2967
-2742
-2838
-3024
-3403
-3657
-3631
-3891
-4053
-3994
-3400
-2874
-2359
-2072
-1309
-702
94
859
1301
1676
1452
1176
1044
762
433
331
-27
-265
-174
-195
-141
-29
415
737
675
634
562
551
847
1035
1303
1059
565
603
444
416
304
240
205
173
138
334
395
318
103
12
49
83
123
314
179
-60
301
220
-471
-1271
-1699
-2022
-2222
-2680
-2796
-2337
-1845
-1689
-1264
-607
-192
353
781
898
802
339
36
-292
-448
-275
-410
-350
-531
-460
-478
-176
245
441
831
899
1368
1830
1900
1910
1967
1758
1276
1029
507
-392
-1199
-1862
-2296
-2817
-3209
-3191
-3111
-3246
-3083
-2752
-2249
-1945
-1406
-1312
-1313
-1330
-1740
-1809
-1801
-1985
-2115
-2130
-2081
-2320
-1956
-1649
-1407
-857
-329
591
1694
2695
3555
4154
4428
4681
4507
4248
3984
4018
3757
3422
3440
3449
3420
3527
3799
3781
3563
3534
4100
4203
4200
4227
4116
3944
3847
3632
3350
2941
2377
1818
912
353
241
-61
-230
-475
-663
-747
-569
-118
-125
330
554
444
513
241
-45
-573
-1103
-1998
-2365
-2584
-2360
-1893
-1564
-1390
-1299
-780
-39
1061
2003
2570
2471
2190
2122
1669
1284
985
1198
937
448
165
-367
-365
-448
-668
-824
-1013
-1104
-1033
-1095
-1374
-2138
-2692
-3268
-3348
-3374
-3395
-3616
-3887
-4047
-3911
-3617
-3490
-2921
-2951
-2579
-1951
-1051
-793
-469
-618
-1138
-1163
-1076
-1224
-1641
-2437
-2846
-3023
-3134
-3127
-2925
-2506
-1774
-953
95
1162
1698
2307
2941
3517
3826
3908
3572
3263
3035
2972
2774
2169
1790
1297
1001
1137
1273
1516
1654
1927
2202
2579
2442
2302
2319
2793
3456
3901
3755
3580
3187
2942
3021
2384
1917
1777
1941
2422
2711
2985
3255
3233
3203
3366
3394
3206
2941
2822
2361
1202
573
-255
-1074
-1690
-2495
-3023
-3129
-2840
-2665
-2288
-1916
-1381
-698
31
746
1522
1920
1855
1763
1570
1186
222
-321
-1323
-1948
-2438
-2637
-2779
-3251
-3011
-2693
-2309
-2655
-3156
-3389
-3675
-3453
-3415
-3398
-3031
-2724
-2436
-2590
-2904
-3168
-3391
-3141
-2631
-2606
-2628
-2370
-1949
-1520
-1304
-1641
-1989
-2417
-2574
-3169
-3988
-4503
-4405
-4371
-4432
-4477
-4515
-4046
-3487
-3151
-2551
-1896
-1172
-882
-493
301
638
914
1000
1388
1710
2199
2241
1721
1124
524
208
233
351
580
700
464
308
209
-148
-164
-377
-413
-502
-332
-273
-430
-316
120
45
123
-255
-305
164
184
-318
-424
-250
-149
333
491
489
-322
-832
-1211
-1443
-1808
-2593
-3365
-4273
-4946
-5563
-5313
-4692
-4406
-3642
-2949
-2117
-1472
-1260
-912
-920
-289
858
1677
2064
2107
2064
2472
2327
2263
2025
1670
1352
941
633
317
-142
-405
-931
-1181
-1211
-860
-736
-662
-75
196
461
229
79
-527
-870
-1042
-1101
-146
412
759
1550
2354
2843
2977
2985
2841
2525
1956
1472
905
498
189
-460
-1240
-1696
-1683
-1797
-1813
-1682
-958
-259
540
1773
3040
3987
4863
5610
5841
6022
6094
6149
6113
5843
5575
5310
4875
4428
3889
3970
3662
3313
2876
2286
1660
858
947
926
890
657
592
926
1115
925
513
24
-52
-231
-248
-322
-221
105
160
273
-139
-503
-830
-795
-996
-1375
-2039
-2809
-3178
-3429
-3344
-3160
-3424
-3445
-3298
-3017
-2722
-2675
-2716
-2507
-1771
-1450
-452
303
811
1353
1916
3021
3590
4019
3995
3747
3371
3052
2461
1677
890
186
-564
-1121
-1208
-1434
-1543
-1461
-1082
-754
-614
-30
71
-182
-272
-517
-597
-716
-656
-468
-183
229
609
661
692
282
429
902
808
391
-422
-1227
-1922
-2198
-2694
-3133
-3494
-3962
-4062
-4024
-4145
-4376
-4023
-3857
-3465
-2271
-1185
-496
273
802
1332
1926
2616
3441
3881
4068
3907
3851
3745
3105
2514
1924
1438
786
134
-410
-900
-804
-661
-335
-266
-76
266
681
954
757
575
450
911
1329
1221
1228
1024
782
721
620
135
-203
-381
-979
-1231
-1315
-1398
-924
-894
-268
260
494
999
1175
1075
798
671
74
32
127
188
788
1530
1939
2212
2678
3276
3750
4498
4865
4640
4689
4361
3607
2802
1765
1420
911
16
-351
-1250
-1303
-1410
-1558
-1955
-2466
-2595
-2457
-2209
-1961
-1734
-1371
-1035
-808
-590
-581
-842
-1145
-1047
-1375
-2299
-3023
-3579
-4120
-4713
-5206
-5663
-5812
-5812
-6071
-6278
-6392
-6580
-6247
-6093
-6468
-6519
-6210
-5604
-5043
-4870
-4893
-4781
-4234
-3186
-2420
-1946
-1723
-1182
-445
-242
201
346
529
675
752
599
644
885
484
227
14
0
-434
-931
-1338
-1435
-1147
-871
-517
-526
-764
-797
-400
6
448
915
1459
1837
1802
1697
1785
1685
1608
1465
1044
657
596
712
593
574
600
369
468
653
690
553
379
493
407
437
464
986
1342
1410
1471
1965
2676
3129
3587
4186
4618
4974
5510
5877
5932
5645
5210
4841
4460
3879
3155
2535
1424
491
404
575
731
497
277
556
747
1047
1267
1558
1584
1119
1004
173
-273
-927
-1573
-1877
-2400
-2724
-2943
-2488
-2565
-2512
-2365
-2587
-2716
-3378
-3975
-4052
-3915
-3852
-3669
-3751
-3448
-2877
-2319
-1851
-1215
-558
-304
310
387
670
992
1319
1707
2130
2633
3020
3660
3942
4299
3674
3119
2696
2079
1569
959
141
-541
-1014
-1155
-1278
-1077
-568
57
618
1572
2146
2170
2342
2349
2285
2164
1699
888
201
-262
-386
-153
21
-507
-841
-799
-665
-857
-1415
-1515
-1811
-1758
-1586
-1560
-1532
-1680
-1495
-898
-432
-26
437
629
452
132
7
539
804
974
835
605
882
859
862
519
457
621
543
373
-275
-1309
-1505
-1454
-1340
-1291
-1396
-1708
-1999
-1879
-1603
-1971
-2329
-2293
-2088
-2014
-2034
-2086
-2474
-3038
-3244
-3389
-3484
-3170
-3369
-3503
-3618
-3788
-3930
-3438
-3055
-2868
-2411
-2225
-1477
-387
799
1621
1909
2122
2256
2350
2349
2523
2585
2718
2806
3016
3192
3375
3308
3162
3338
3674
3756
3843
3867
3683
3256
2541
2002
1152
595
647
1105
1454
1197
1321
1697
2337
2876
3121
3213
3690
4256
4445
4743
4755
4620
4550
4568
4770
4625
4319
3387
2624
2274
1838
1819
1248
549
-5
-239
128
464
961
1486
2045
2447
2623
2413
2129
1613
1816
1462
1210
951
296
64
-88
14
-8
250
368
492
282
295
-16
-496
-1058
-1727
-2399
-2986
-3223
-3746
-4183
-4786
-5138
-5055
-4775
-4743
-4508
-4137
-3680
-3131
-2934
-2378
-2140
-1790
-1715
-2238
-2602
-2921
-2785
-2741
-2741
-2818
-2933
-3185
-3242
-3516
-3888
-3917
-3464
-2588
-1447
-685
-493
-788
-705
-249
167
274
259
247
25
422
776
1086
1167
1124
1141
1414
1704
2136
2251
2253
2527
2596
2826
2648
2228
1438
1267
1046
457
104
-130
145
136
675
628
520
530
574
942
1380
1778
2465
3424
3896
4502
4813
4882
5362
5399
5152
4792
4403
3671
3212
2879
2614
2109
1417
1225
1114
1252
1523
1851
1908
1910
1844
2069
2597
2856
3025
3116
3084
2879
2884
2826
2519
2170
1735
1523
1359
1069
753
541
19
-183
-764
-1265
-1395
-2018
-2285
-2799
-3067
-2870
-2570
-2295
-2013
-1443
-968
-396
-178
-516
-556
-414
-156
270
407
112
80
196
367
532
145
237
444
494
245
-57
-661
-1007
-1065
-1014
-587
40
798
1127
1695
2482
2937
3245
3769
3834
3872
3813
3762
3119
2200
1498
1151
798
592
93
-776
-1044
-939
-732
-696
-679
-1228
-973
-808
-574
-512
-425
-218
-157
164
428
283
-256
-573
-920
-1215
-973
-624
-911
-931
-844
-871
-674
-420
-541
-822
-1209
-1451
-1083
-870
-1256
-1610
-1739
-1537
-1313
-1299
-1391
-1632
-1723
-1696
-1753
-1600
-1714
-1637
-1345
-959
-98
248
141
-127
-539
-762
-1006
-1138
-1134
-1073
-1091
-1372
-1376
-1639
-1877
-2166
-2058
-1632
-1567
-1343
-1261
-1553
-1292
-1284
-1466
-1866
-2216
-2436
-2544
-2236
-2034
-1952
-1891
-1575
-1246
-963
-952
-780
-934
-1131
-711
-539
-112
48
267
380
440
949
1348
1589
1446
1552
1368
1194
938
671
148
-162
-370
164
628
1513
2355
2326
2761
2728
2736
2480
1763
1322
1217
1304
1625
1760
1766
1547
1386
1538
1933
1928
1980
1846
1642
1502
1162
707
-148
-630
-524
-223
2
-6
-241
134
320
642
924
1142
1001
415
221
31
71
-332
-698
-1013
-1051
-912
-455
-90
131
288
505
455
140
-170
-651
-1073
-1338
-1429
-1710
-1804
-1720
-1419
-1118
-1154
-1082
-1126
-1312
-913
-641
-538
-219
-15
-246
-112
-272
-413
-585
-921
-1033
-1024
-1029
-1289
-1197
-1117
-1236
-1608
-2167
-2293
-2522
-2809
-2522
-2991
-3279
-2702
-1972
-1976
-2162
-2099
-2319
-2007
-1480
-882
-1052
-1061
-727
-147
615
661
90
-346
-105
-40
-140
-446
-621
-539
-292
173
604
1178
1395
1611
1498
1416
1141
995
1167
1252
1109
1320
1633
1592
1668
1653
1421
1422
1748
1588
1434
1417
1229
1133
1383
1333
1783
2061
2291
2214
2065
2097
2139
2389
2310
2281
2312
2552
2753
2754
2596
2270
2052
2058
2051
2475
2747
2899
2834
2576
2330
2356
2437
2367
2250
2095
2356
2697
3104
2900
2552
1949
2093
2232
2132
1909
1325
700
288
277
269
328
319
418
123
326
184
146
-16
-643
-1203
-1423
-1675
-2073
-2352
-2808
-3188
-3847
-3334
-2871
-2329
-1546
-830
-232
244
587
574
455
183
512
481
490
866
796
1002
904
986
817
552
495
710
801
972
922
480
410
186
-130
-182
-321
-670
-782
-868
-470
-304
-437
-598
-704
-870
-1010
-866
-775
-899
-1320
-1444
-1194
-760
-570
-451
-208
-145
17
92
-153
-314
-619
-945
-1067
-810
-407
-362
-212
-116
362
1038
1437
1502
1680
1556
1475
1915
1986
1489
963
559
465
350
283
239
297
819
1283
1668
2026
1780
1255
805
-83
-746
-939
-1472
-1760
-2255
-2788
-2994
-3482
-3755
-4171
-4441
-4483
-4961
-4939
-4838
-4927
-5294
-5395
-5207
-5352
-5555
-5559
-5235
-4818
-4322
-3880
-3605
-3056
-2585
-2572
-2614
-2504
-2297
-2111
-1599
-1435
-1640
-1580
-1519
-1417
-1282
-1062
-956
-908
-950
-883
-1060
-598
-488
-516
-328
37
225
537
1072
796
656
163
-128
-247
-238
64
105
39
-384
-495
-223
-209
140
298
290
372
523
1122
1319
1447
1408
1123
918
878
998
1407
1634
1770
1752
1832
1800
1720
1616
1338
1043
907
1167
1315
1541
1633
1598
1622
1899
1928
1837
1702
1558
1509
1392
905
57
-446
-916
-1183
-1598
-2133
-2199
-2170
-1985
-1640
-1367
-940
-257
123
-2
-436
-1273
-1834
-2248
-2838
-3219
-3466
-3699
-3620
-3625
-3184
-3137
-2940
-2472
-2137
-1522
-1159
-1050
-1220
-1210
-1464
-1951
-2205
-2103
-2255
-2317
-2204
-2330
-2169
-2262
-2324
-2338
-2318
-1523
-1003
-499
-288
72
257
504
479
332
408
232
426
106
137
106
62
179
-30
-4
-226
11
563
653
800
1319
2146
2286
2402
2393
2787
2938
2820
2999
2789
2800
3071
3075
2901
2306
1872
1982
1814
1759
1611
1804
2299
2899
3193
3319
3511
3515
3417
3323
2778
2112
1405
729
-218
-1390
-1823
-1974
-1898
-1767
-1540
-1622
-1365
-1357
-1427
-1706
-1931
-1553
-741
-298
-331
-439
-675
-476
-442
-642
-1044
-1291
-1051
-713
-108
-28
-195
182
627
1014
1363
1354
1336
1555
1059
573
301
441
257
-165
-676
-1204
-1140
-656
-160
-303
-90
-96
-160
-138
120
189
-152
-348
-551
-301
-198
18
-231
-387
-547
-778
-562
-686
-875
-987
-1042
-525
-360
-93
7
-258
-28
275
760
1091
1265
1208
977
983
789
583
604
837
1001
1235
1378
1454
1303
1469
2002
2142
2073
1937
1765
1294
723
169
-227
-954
-1143
-929
-423
-220
-12
-46
76
486
782
1073
1246
1241
1108
1172
1194
518
-41
-360
-962
-1223
-1732
-2209
-2684
-3108
-3136
-3535
-3640
-3739
-3583
-3527
-3472
-3124
-2967
-2717
-2401
-1748
-1619
-1087
-1305
-1201
-995
-951
-1071
-1243
-1110
-1062
-399
-52
292
487
484
333
12
-377
-790
-1207
-1266
-1327
-1603
-1890
-2004
-1997
-1886
-1711
-1628
-1140
-725
-464
61
431
813
918
942
1179
1466
1730
2034
2236
2314
2115
1494
771
81
-401
-1033
-1361
-1408
-1174
-441
221
938
1442
1717
2107
2207
2353
2266
2104
1908
1898
1623
1470
1402
1289
1146
1306
1953
2246
2673
2738
2639
2805
2799
2449
2292
2399
1928
1934
2000
1874
1747
1594
1435
1494
1589
1840
2332
2726
2784
2451
1943
1391
858
438
194
-113
-308
104
397
413
849
1015
949
991
932
802
433
486
978
1235
1352
1408
1403
1477
1278
675
395
316
332
496
379
135
-111
-99
163
282
569
291
157
363
28
-424
-865
-932
-906
-750
-1014
-1120
-941
-964
-1103
-1259
-1329
-991
-580
-787
-939
-799
-312
41
-70
-15
230
500
708
596
232
292
-43
-186
-113
-350
-524
-714
-707
-862
-835
-592
-669
-611
-560
-758
-577
-524
-602
-1100
-1314
-1182
-872
-549
-428
-445
-272
286
843
1463
1305
1433
1471
1330
977
762
802
722
1119
1183
655
630
955
794
866
1014
1160
1398
1532
1613
1579
1705
2132
2309
2671
2996
3168
3311
3610
3738
3113
2619
2103
1904
1702
1454
1029
713
771
590
284
170
17
171
606
683
525
306
122
-162
-212
-807
-772
-424
-619
-790
-1142
-1255
-1217
-1342
-1281
-1040
-1121
-967
-675
-414
-376
-348
-50
229
437
576
340
-15
100
198
223
190
-58
-327
-183
-110
-211
-435
-648
-530
-365
159
616
467
608
1055
1290
1334
1600
1402
658
100
-136
-385
-445
-922
-1320
-1409
-1166
-375
-34
189
19
-373
-691
-745
-679
-869
-910
-866
-657
-533
-174
-32
117
-154
-343
-486
-531
-89
58
36
-42
204
473
491
291
397
496
207
156
37
-432
-499
-440
-316
-335
-380
-229
174
979
1316
1357
1102
1270
1586
1757
1793
1427
1083
789
342
-135
-535
-896
-1078
-1475
-1911
-1969
-1910
-1990
-2180
-2336
-2208
-2004
-1692
-1501
-1323
-937
-870
-1126
-1693
-2073
-2403
-2539
-3126
-3542
-3857
-3727
-3446
-3184
-2659
-2373
-1785
-1668
-1638
-1540
-1226
-608
-181
-306
-549
-609
-827
-650
-967
-1728
-1632
-1131
-517
-24
295
533
825
986
1342
1589
1086
775
793
658
846
867
634
717
778
784
529
192
-30
124
106
555
1069
1465
1946
2035
2045
2406
2861
2824
2627
2251
2161
1819
1557
1414
1275
1182
1375
1938
2653
3077
3511
3952
4171
4121
4322
4878
4993
4869
4310
3897
3603
3415
3478
2965
2534
2138
1730
1263
834
349
-229
-378
-245
328
352
350
691
1015
1613
1984
1816
1484
1343
1324
1432
1407
1075
853
771
583
43
-338
-592
-589
-341
-166
-98
-224
-450
-949
-1058
-1089
-1414
-2071
-2507
-2471
-1954
-1590
-1811
-1853
-1625
-1484
-1257
-881
-751
-632
-456
-214
-32
-329
-792
-1158
-910
-571
-941
-1424
-1783
-2010
-2139
-1899
-1871
-2024
-2359
-2677
-2630
-2688
-2332
-2139
-2090
-1753
-1545
-1414
-1525
-1350
-1495
-1553
-1577
-1539
-1062
-848
-717
-420
-172
176
265
310
743
801
934
1101
1334
1269
1412
1171
953
1201
1449
1749
1908
1980
1608
1622
1638
1789
1659
1209
1168
1337
1758
1612
1208
963
1171
1187
1472
1848
1967
2148
1934
1567
1449
1444
1306
867
674
810
1170
1499
1700
1692
1543
1350
1575
1967
2205
2018
1560
1575
1316
1375
1605
1587
1629
1598
1605
1884
2202
2373
2261
1993
1572
1149
666
527
392
496
1037
891
1092
928
826
967
961
885
456
-154
-722
-1025
-1030
-1134
-1042
-764
-672
-297
-158
72
117
-109
-256
-579
-802
-1050
-1399
-1268
-1413
-1449
-1409
-1435
-1355
-1503
-1637
-1767
-1705
-1427
-1172
-908
-706
-795
-787
-1099
-1240
-1492
-1566
-1622
-1862
-2419
-2859
-2905
-2940
-2910
-3256
-3350
-3002
-2924
-2706
-2541
-2592
-1894
-1174
-756
-523
-467
-664
-449
-624
-777
-1090
-1459
-1105
-1114
-875
-1131
-1686
-2316
-2603
-2650
-2642
-2243
-1926
-1397
-1022
-579
-277
-144
-349
-678
-1082
-1495
-1736
-1734
-1750
-1902
-1877
-1600
-1095
-779
-697
-446
21
357
-11
-425
-937
-1179
-1164
-1491
-1729
-2208
-2261
-1837
-1472
-1257
-1044
-1063
-1014
-1008
-730
-788
-673
-415
-472
-576
-593
-648
-661
-514
-743
-783
-468
-510
-790
-665
-553
-379
-79
627
1056
1414
1994
1950
2176
2047
1748
1652
1345
1134
856
314
-160
-657
-1133
-1491
-1806
-1860
-1667
-1283
-1357
-1259
-932
-208
-232
-248
-285
-328
172
384
370
38
-462
-562
-763
-574
-229
-823
-1403
-1593
-1061
-666
-510
-379
-254
197
937
1682
2014
2072
1993
1775
1943
2106
2046
2219
2041
2054
2051
2077
2639
3088
3046
2871
2897
2780
2874
2376
1965
1275
591
96
-268
-520
-876
-1195
-1309
-1482
-1300
-839
-593
-379
-117
216
117
44
-82
-641
-1048
-917
-712
-257
-52
-158
-228
9
-2
-493
-412
-620
-521
-106
82
660
1046
1411
1849
1950
1741
1554
1156
830
735
408
367
588
561
362
-141
-606
-1073
-1203
-1401
-1622
-1408
-1058
-699
-483
-348
-670
-1160
-1739
-1925
-2151
-2348
-2340
-2429
-2529
-2806
-2654
-2664
-2304
-1808
-1231
-1187
-1253
-1336
-1483
-1393
-1188
-1217
-1212
-1097
-880
-777
-1248
-1426
-1347
-1342
-1230
-348
289
997
1556
1902
2260
2786
3290
3507
3594
3003
2791
2870
2796
3013
2633
2130
1625
1575
1565
1791
2007
2004
2100
2039
1852
1920
2112
1563
1056
658
170
-208
-233
-52
278
480
632
693
531
365
288
515
1190
1777
2045
2233
2502
3057
3391
3696
4016
3956
3779
3712
3274
2758
1984
1130
528
89
146
522
834
1198
1551
1793
2334
2317
2249
1925
1439
1232
1162
581
-252
-626
-1032
-1132
-1251
-1324
-1287
-1354
-1366
-1461
-1400
-1092
-1335
-1469
-1356
-1091
-1044
-1340
-1591
-2140
-2032
-2293
-2385
-2195
-2144
-2219
-2135
-1815
-1668
-1907
-1920
-1675
-1071
-488
-418
-369
-577
-671
-1155
-1615
-2071
-2373
-2337
-2566
-2532
-2732
-2655
-2360
-1933
-1713
-1788
-1380
-719
-658
-428
-1023
-1684
-1741
-2082
-2110
-2099
-1760
-1802
-2082
-2606
-2799
-2552
-2697
-2859
-2958
-2822
-2745
-1955
-1208
-1156
-587
175
935
1322
1559
1636
1749
1461
1246
1011
737
260
5
12
115
306
838
907
1107
1357
1400
1915
2068
1897
1917
1849
1502
1561
1377
959
684
714
655
668
1176
1324
1555
1422
1263
1203
885
707
854
1165
1191
1483
1516
1388
1173
434
-214
-255
-257
-402
-460
-277
-265
-364
-291
-4
562
1091
1285
1403
1588
1873
2004
1523
