14
-47
-69
-190
-164
-101
-20
-50
-59
-162
-207
-175
-107
-63
-181
-148
-313
-229
-47
-212
-208
-227
-212
-309
-222
-68
-153
7
-90
-144
-91
-90
-153
-356
-262
-208
-186
-221
-222
-173
-149
-309
-378
-282
-276
-199
-241
-131
-7
-208
-254
-329
-324
-256
-216
-113
-133
-188
-186
-139
-120
-118
-155
-131
-204
-202
-142
-232
-306
-222
-281
-204
-235
-376
-251
-172
-306
-400
-415
-94
-138
-168
-136
-293
-192
-308
-128
-136
-124
-84
-164
-102
-135
-197
-260
-193
-289
-297
-196
-186
-262
-238
-226
-286
-167
-159
-94
-235
-274
-280
-167
-111
-142
-164
-262
-102
-201
-167
-151
-245
-258
-297
-290
-288
-200
-253
-395
-276
-349
-115
27
-88
-112
-275
-186
-60
-28
-125
-250
-249
-195
-105
-124
-110
7
-69
-20
-83
-152
-144
-167
-138
-240
-130
-275
-286
-267
-302
-352
-535
-569
-499
-411
-479
-399
-435
-472
-594
-382
-478
-552
-476
-490
-381
-458
-521
-439
-348
-410
-534
-609
-503
-382
-404
-482
-283
-260
-345
-216
-121
-136
-38
-108
-133
-169
-168
-144
-249
-161
-177
-232
-466
-264
-288
-489
-227
-161
-207
-300
-215
-317
-133
-48
-316
-171
-235
-204
-169
-135
-152
-139
-83
-152
-120
-81
-127
-94
-138
-105
18
-150
-144
85
-67
-63
53
-8
24
123
117
-64
-84
-71
-81
-118
-69
52
-14
-52
-241
65
12
-81
53
89
192
95
162
81
235
244
248
296
273
202
197
27
50
164
110
195
126
242
115
145
92
96
149
247
220
216
204
373
423
333
346
159
76
178
550
274
157
139
112
116
76
107
139
321
295
245
315
382
400
429
484
368
290
276
333
326
288
177
200
212
115
166
224
358
183
130
100
108
138
160
232
87
78
42
111
64
46
93
77
53
9
-56
-109
-74
-7
-13
-1
-125
-192
-197
-142
18
26
-79
-52
132
-46
-21
-65
-106
-126
-145
20
27
-20
-31
26
-95
-126
-73
-74
-21
-47
-11
-206
-223
-107
-232
-260
-184
-225
-171
-167
-232
-102
-55
-267
-170
-25
-93
-76
-15
-13
-14
-15
-85
-4
63
-102
-32
-88
-2
-61
-204
35
-83
12
-79
-161
-57
-10
-184
-261
-147
-200
-199
-433
-204
-181
-185
-31
-166
-92
-116
-127
-67
2
-105
-59
-53
-1
21
-32
-74
-59
-112
-83
-81
-101
5
-38
43
32
148
5
-29
-118
-27
-17
-152
-145
-88
-106
-173
56
72
2
-72
-22
100
15
-15
52
-59
-7
-28
-115
-46
-60
-21
13
-34
-117
-28
-104
-120
-16
-86
19
-93
-142
-5
-43
-201
-324
-276
-385
-235
-195
-173
-87
-214
-287
-288
-314
-397
-386
-404
-511
-490
-471
-528
-336
-606
-573
-452
-415
-409
-563
-325
-198
-120
-199
-191
-156
-151
-66
-139
-178
-157
-228
-225
-259
-221
-232
-361
-390
-261
-462
-374
-122
-192
-237
-366
-113
-128
-260
-316
-209
-192
-56
6
-236
-74
-126
-133
-106
-155
-174
-138
-116
-148
-77
-74
-127
-87
-229
-224
-215
-113
-175
48
77
-78
-21
-141
104
12
75
152
-27
20
-38
-12
-52
55
145
102
-62
-126
55
18
166
99
159
140
163
181
241
200
82
54
109
60
153
143
111
243
125
188
143
90
8
123
178
250
192
204
280
274
332
162
29
252
460
275
-89
-10
189
71
20
25
208
209
46
170
223
154
132
186
195
228
172
58
167
77
33
82
270
178
139
110
75
155
-36
11
-24
-17
46
0
-4
-30
96
76
78
-50
-160
-107
-85
-9
-101
-101
-142
15
16
-114
-3
-118
-168
-97
20
85
-17
25
-13
-63
-16
59
-34
45
-9
-39
10
-37
-188
-121
21
-83
-71
-121
-79
-5
-25
-20
-98
-99
-54
-45
-37
-79
-117
-130
-101
-143
-72
-89
-144
-96
-115
-122
-42
-64
-39
78
-37
8
-27
-6
-50
38
79
-40
-72
-9
-11
33
-47
-123
-47
-30
3
53
47
9
-66
-59
8
-16
-50
-59
-54
-33
-116
-42
22
-56
-39
38
19
-64
-70
-66
6
73
88
-4
61
-43
-62
-23
-35
139
66
37
63
130
123
88
148
115
0
-50
-45
44
189
96
-123
-132
-12
34
65
1
-28
-123
-20
-65
-59
113
35
180
32
4
104
-124
-139
-5
-89
28
-105
-160
-106
-52
12
-330
-187
-166
-250
-202
-281
-263
-241
-267
-220
-307
-130
-178
-303
-357
-365
-315
-348
-492
-549
-481
-417
-396
-338
-407
-415
-316
-56
-120
-35
-59
-103
-68
-155
-82
-152
-56
-96
-113
-223
-193
-187
-226
-209
-299
-311
-125
-66
-69
-105
-76
-117
-90
-59
-112
65
-22
94
103
43
245
219
213
100
97
250
372
211
50
142
-57
109
-19
92
156
129
-42
-117
227
102
174
61
-75
121
100
156
141
-22
-22
75
95
-55
-112
-179
-116
-61
-154
75
47
184
167
119
79
70
175
129
128
102
151
233
196
146
108
120
142
147
130
196
144
110
171
198
381
415
363
249
383
248
-31
290
410
496
111
42
270
371
362
105
190
300
246
155
218
394
487
417
501
350
157
283
207
222
152
109
185
207
141
86
173
11
-29
-31
38
6
-49
-59
-81
-36
9
-12
-71
-84
-132
-193
-342
-305
-264
-299
-425
-455
-312
-232
-288
-375
-306
-209
-181
-143
-216
-187
-227
-341
-270
-490
-493
-290
-332
-255
-152
-126
-144
-163
-140
-129
-130
-58
-86
-111
-137
-124
-124
-192
-144
-132
-126
-211
-193
-264
-319
-253
-261
-141
-169
-80
-206
-42
31
2
66
-7
115
-76
-6
-63
65
109
97
85
-95
-8
71
211
26
7
-148
-125
-136
-152
22
-208
-83
11
-112
-77
-138
-234
-214
-151
-261
-187
-92
-86
-183
-150
-39
-120
-114
-202
-179
-182
-135
-105
-198
-186
-45
-55
-75
41
-22
5
-30
-46
-71
-216
-151
-109
-92
-51
-214
-128
-628
-1721
-919
899
775
-1174
-1571
-588
-523
-834
-372
119
-422
-865
-394
-13
-297
-401
-475
-397
431
623
89
-554
-287
125
32
-75
104
-270
-1008
-657
-174
-157
-643
-873
-754
-607
-376
-537
-864
-783
-643
-735
-846
-918
-764
-1069
-1058
-755
-599
-690
-942
-1055
-903
-799
-567
-472
-567
-308
-463
-460
-460
-588
-651
-617
-514
-555
-667
-725
-747
-778
-698
-640
-822
-937
-699
-757
-765
-646
-762
-722
-614
-484
-614
-644
-537
-424
-415
-517
-467
-414
-432
-603
-570
-514
-565
-532
-582
-538
-472
-563
-508
-311
-400
-614
-355
-442
-473
-465
-449
-391
-268
-263
-424
-401
-510
-386
-376
-301
-127
81
-64
-155
10
75
83
202
364
209
357
346
503
504
530
685
698
701
699
847
1008
1201
1310
1420
1461
1511
1515
1562
1609
1784
2007
1943
1987
1998
2091
2124
2014
1720
1700
1802
2114
1636
747
460
580
719
308
-64
-252
-355
-693
-913
-728
-735
-810
-905
-922
-827
-867
-957
-875
-780
-667
-511
-417
-306
-336
-369
-289
-220
-117
-249
-340
-276
-173
-270
-504
-401
-380
-433
-528
-729
-764
-898
-1119
-1053
-1114
-1199
-1436
-1411
-1420
-1364
-1339
-1377
-1348
-1355
-1245
-1222
-1173
-1096
-1105
-1095
-955
-993
-918
-918
-765
-611
-716
-473
-293
-329
-274
-29
39
249
489
399
449
641
672
836
1051
1324
1441
1470
1491
1621
1777
1795
1916
2005
2204
2547
2607
2497
2450
2525
2599
2345
2083
2245
2627
2242
1627
994
515
420
133
3
-77
-706
-1298
-1382
-1740
-1870
-1839
-1865
-1833
-1799
-1420
-1431
-1543
-1383
-1010
-691
-422
-105
124
235
541
887
1183
1091
833
974
1139
1199
1138
1118
956
758
556
383
118
-174
-276
-518
-737
-929
-1068
-1350
-1683
-1768
-1538
-1142
-1510
-2109
-2260
-1812
-1357
-1342
-1368
-1536
-1445
-1172
-990
-1106
-1173
-1194
-1277
-1062
-894
-1105
-1370
-1541
-1566
-1382
-1494
-1445
-1643
-1881
-1857
-1884
-1652
-1763
-1911
-2129
-1817
-1650
-1750
-1627
-1628
-1297
-1041
-922
-625
-501
-315
-27
258
408
362
458
559
727
791
763
812
823
972
1121
1176
849
820
1037
1415
1694
1334
1331
1522
1711
1755
1734
1676
1756
1910
2226
2425
2418
2490
2421
2554
2922
3186
2789
2056
1721
1790
1515
930
738
458
-91
-859
-1169
-1140
-1505
-1932
-2031
-1919
-1984
-2134
-2268
-2313
-1931
-1492
-1348
-1207
-928
-645
-451
-247
276
713
706
943
1062
1190
1406
1116
1089
1194
1162
923
802
508
168
127
-148
-382
-559
-914
-1341
-1154
-888
-1153
-1460
-1771
-1597
-1615
-1793
-1503
-1405
-1688
-1836
-1578
-1363
-1466
-1436
-1509
-1329
-1215
-1372
-1417
-1663
-1519
-1584
-1547
-1461
-1548
-1633
-1712
-1405
-1174
-1136
-1303
-1396
-1075
-701
-469
-400
-266
-147
166
364
413
625
949
1051
1236
1587
1708
1631
1581
1835
1954
1955
2063
1986
1925
1928
2102
2359
2295
1955
1884
1931
2012
2146
2042
2019
1965
2064
2266
2481
2654
2802
2762
2897
3226
3267
3295
3412
3012
1990
1483
1730
1713
1019
443
302
-93
-967
-1456
-1502
-1576
-1949
-2304
-2232
-2075
-2319
-2559
-2430
-2032
-1721
-1384
-1166
-991
-595
-165
113
453
752
895
1048
1095
1360
1544
1446
1309
1343
1319
1011
806
585
210
-51
-220
-411
-758
-1217
-1691
-1868
-1527
-1492
-2053
-2398
-2400
-2434
-2592
-2377
-2254
-2240
-2306
-2012
-1934
-1913
-1688
-1716
-1422
-1083
-1062
-1332
-1279
-1128
-853
-966
-857
-815
-812
-889
-945
-602
-762
-763
-708
-506
-403
-304
-310
-141
89
291
482
419
535
763
1113
1318
1479
1484
1414
1326
1432
1852
1954
1844
1738
1636
1589
1681
1888
1775
1603
1695
1814
1566
1266
1401
1696
1812
1704
1789
1750
2074
2223
2005
2052
2373
2499
1917
1734
3268
4209
2166
-463
-161
1891
1906
511
76
181
-245
-567
-617
-1187
-2019
-1922
-1456
-997
-1230
-2034
-2672
-2580
-1327
-317
-398
-881
-1024
-974
-588
277
524
-101
-572
-223
369
627
261
-51
-116
222
433
-282
-708
-931
-840
-735
-274
-272
-1269
-2347
-2687
-2244
-1743
-1706
-2418
-2829
-2899
-2517
-2421
-2460
-2728
-2914
-2333
-1632
-1543
-1893
-2056
-1805
-1365
-977
-1117
-1457
-1578
-1330
-835
-657
-605
-886
-1030
-867
-484
-221
-408
-630
-635
-234
95
104
179
360
515
735
1031
1288
1080
978
1652
2130
2182
1899
1827
2031
2422
2423
2038
2176
2647
2570
2531
2590
2273
2020
2239
2671
3027
2921
2775
2707
3065
3475
3502
3555
3677
4377
5107
4871
3736
1976
1148
2028
3189
3104
1436
138
-472
-721
-738
-771
-1034
-1660
-1945
-2102
-2052
-2166
-2686
-2535
-2018
-1379
-1108
-1469
-1543
-1263
-398
330
673
748
538
757
1209
1687
2250
2100
1853
1633
1461
1448
1260
1172
900
556
322
-184
-898
-1591
-1658
-1419
-1672
-2107
-2600
-2975
-3058
-2761
-2570
-2501
-2530
-2437
-2165
-1906
-1734
-1841
-1808
-1441
-1103
-998
-1047
-1100
-923
-836
-719
-651
-664
-792
-904
-770
-555
-550
-682
-826
-797
-666
-595
-548
-415
-195
21
85
361
639
665
789
1060
1294
1593
1686
1632
1991
2181
2101
2046
2222
2700
3013
2864
2463
2283
2448
2548
2483
2504
2490
2136
2015
2365
2586
2582
2341
2315
2459
2993
3172
3467
3790
3913
3980
3873
2916
632
12
2105
3653
2382
-104
-1071
-918
-1187
-1585
-1255
-1384
-2500
-2934
-2494
-2085
-2353
-3120
-3023
-2052
-1178
-1160
-1562
-1549
-764
-314
-56
389
436
34
120
1018
1659
1464
753
385
748
1012
820
350
9
-187
-634
-982
-1266
-1634
-2222
-2265
-1879
-2038
-2454
-2983
-2961
-2414
-2299
-2444
-2588
-2441
-2022
-1774
-1580
-1525
-1544
-1681
-1322
-590
-591
-1120
-1163
-1083
-825
-846
-1024
-1047
-1144
-964
-912
-921
-997
-1165
-1288
-960
-634
-672
-792
-588
-137
63
282
260
287
401
609
796
1347
1565
1357
1454
1639
2059
1981
1932
1913
2346
2540
2625
2347
2222
2496
2552
2706
2584
2312
1997
2048
2384
2544
2567
2525
2400
2767
3295
3479
3564
3247
3531
4212
3233
-46
-992
2089
4028
1694
-1292
-1378
-894
-1522
-1698
-853
-1560
-3121
-3400
-2379
-1677
-2347
-3331
-3277
-2137
-1239
-1365
-2062
-1790
-726
-105
28
361
329
-382
-183
1139
2031
1327
293
84
754
1112
604
-68
-551
-738
-967
-1005
-1349
-1869
-2589
-2845
-2360
-1920
-2307
-3175
-3231
-2575
-2239
-2475
-2584
-2303
-2052
-1864
-1407
-1005
-1283
-1611
-1087
-260
-284
-643
-946
-734
-354
-152
-252
-396
-344
-298
-182
-31
-23
-551
-707
-120
398
280
-215
-126
334
598
883
860
1019
1068
1084
1684
2203
2373
2153
2109
2547
2793
3043
2914
2786
2930
3407
3390
3150
3070
3045
3282
3344
3400
3197
3197
3379
3567
3681
3892
3807
3799
4224
4407
4310
4194
4464
2988
-29
-356
2977
4142
1058
-1497
-1215
-657
-1638
-1853
-1319
-2017
-3521
-3325
-2140
-1953
-2868
-3717
-3179
-1860
-1303
-1876
-2285
-1744
-617
-153
-183
309
205
-293
64
1338
2024
1265
322
342
853
799
254
-9
-294
-618
-1070
-1464
-1961
-2349
-2419
-2161
-2064
-2474
-2927
-3166
-2892
-2454
-2272
-2616
-2782
-2465
-2204
-1804
-1592
-1689
-1967
-1904
-1229
-730
-1050
-1167
-1066
-967
-853
-731
-991
-891
-837
-665
-353
-587
-930
-955
-738
-493
-301
-418
-593
-543
-13
209
142
138
217
410
623
938
1015
908
1043
1300
1446
1622
1682
1755
1941
2188
2169
2240
2153
2353
2432
2466
2648
2674
2460
2274
2536
2674
3064
3254
3058
2847
3284
3932
4159
4158
4014
4143
4643
4251
1487
-504
1864
4512
2861
-391
-959
-558
-1284
-1886
-1251
-1665
-3215
-3757
-3126
-2447
-2946
-4051
-4153
-3019
-2247
-2553
-3206
-2838
-1580
-1024
-1058
-514
-45
-579
-476
763
1603
1208
286
224
766
1120
931
452
206
138
-173
-713
-1333
-1355
-1364
-1539
-1839
-2185
-2637
-3113
-3141
-2686
-2553
-3085
-3313
-3005
-2661
-2764
-2544
-2515
-2668
-2486
-2066
-1498
-1505
-1680
-1778
-1408
-810
-867
-1009
-1028
-635
-389
-524
-380
-468
-244
-116
131
450
305
130
140
394
628
849
771
817
985
737
879
1397
1614
1513
1389
1410
1857
2174
2219
2194
2132
2394
2416
2361
2428
2393
2532
2971
2643
2252
2476
2731
3102
2984
3273
3410
3464
3617
3993
4113
4030
4324
4827
4541
1844
-351
1743
4659
3313
101
-782
-65
-695
-1529
-961
-1021
-2595
-3391
-2683
-2265
-2561
-3522
-3812
-2833
-1780
-1994
-2890
-2658
-1469
-679
-835
-238
276
-375
-487
768
2107
1829
887
645
1360
1782
1437
893
580
483
109
-221
-775
-996
-1090
-1078
-1329
-1719
-2202
-2609
-2535
-1969
-1861
-2501
-2788
-2381
-1960
-1856
-1775
-1783
-2021
-2119
-1818
-1180
-1020
-1346
-1364
-1124
-947
-1047
-1092
-1164
-931
-466
-403
-509
-725
-717
-583
-304
36
-113
-477
-539
-48
528
890
661
325
496
875
946
1092
1231
1146
1057
1323
1493
1555
1602
1725
2124
2252
2237
2041
2064
2248
2344
2540
2625
2368
2338
2449
2607
2834
2922
3170
3153
3336
3582
3606
3752
3947
4161
4806
4386
1403
-868
1554
4673
3236
-329
-1440
-462
-685
-1360
-932
-1302
-2925
-3735
-2983
-2401
-3029
-3848
-3922
-2935
-2111
-2372
-3232
-2912
-1597
-889
-815
-642
-720
-1039
-591
952
2025
1463
474
559
1386
1992
1601
991
770
827
813
517
-148
-979
-1280
-841
-749
-1791
-2971
-3167
-2450
-2036
-2257
-3139
-3570
-3316
-2688
-2395
-2408
-2567
-3039
-2919
-2221
-1631
-1723
-2338
-2032
-1295
-1046
-1159
-1267
-1056
-670
-396
-180
-368
-711
-570
-79
326
270
-145
-259
-1
263
387
416
561
476
435
370
812
918
636
594
682
1089
933
784
1054
1292
1138
1453
1676
1450
1353
1327
2192
2560
2265
2032
1973
2300
2465
2415
2558
2908
3017
2979
3166
3499
3642
3494
3836
4505
3161
25
-127
3338
4515
1281
-1330
-855
-356
-1213
-1434
-1098
-2164
-3817
-3658
-2604
-2403
-3300
-4140
-3580
-2440
-2245
-2894
-3338
-2315
-1053
-896
-869
-598
-820
-1173
-367
1364
1841
807
116
392
1323
1447
1087
576
448
507
307
-152
-725
-922
-1128
-1028
-798
-1512
-2338
-2597
-1945
-1295
-1752
-2605
-2723
-2253
-2036
-1738
-1774
-1978
-2170
-2059
-1396
-1003
-1200
-1622
-1469
-932
-828
-1067
-1094
-904
-543
-255
-178
-81
-161
-256
41
228
440
349
80
396
608
820
968
1023
777
796
1047
1268
1623
1390
1104
1288
1635
1862
1869
1837
1887
1807
1700
1769
1625
1853
2420
2322
2008
2000
1919
2117
2312
2326
2362
2748
3007
2746
2737
3172
3647
3783
3899
4013
3800
4328
4663
2386
-538
686
4466
4232
432
-1388
-567
-410
-1243
-901
-868
-2583
-3865
-3328
-2291
-2295
-3528
-4510
-3627
-2402
-2266
-3247
-3417
-2190
-1239
-1182
-1091
-946
-1242
-1198
151
1789
1540
84
-273
631
1538
1512
932
464
389
542
86
-513
-465
-330
-673
-1039
-1132
-1501
-1897
-1866
-1558
-1440
-2046
-2652
-2478
-1990
-1897
-1897
-1943
-2368
-2388
-1821
-1367
-1328
-1659
-1757
-1515
-1363
-1034
-1062
-1253
-896
-644
-652
-918
-906
-774
-499
-179
-44
-5
-203
-254
226
706
559
274
275
419
572
954
1157
1108
908
928
1127
1301
1523
1525
1450
1537
1820
1793
1630
1585
1667
2140
2134
2041
1822
1871
2049
2517
2686
2494
2626
2570
2964
3189
3392
3439
3469
3667
4224
4686
2867
-418
-399
3653
4880
1251
-2073
-1251
-132
-955
-1279
-1267
-2271
-3683
-3573
-2482
-2421
-3445
-4439
-3892
-2660
-2562
-3428
-3769
-2517
-1342
-1419
-1549
-1313
-1476
-1448
-493
991
984
-169
-667
102
1136
1124
353
-65
-66
-367
-546
-409
-550
-740
-1197
-1364
-1431
-1933
-2348
-2290
-1805
-1788
-2386
-3115
-2860
-2299
-2192
-2150
-2316
-2295
-2490
-2202
-1520
-1087
-1279
-1930
-1548
-1129
-1069
-1082
-1081
-741
-492
-462
-398
-506
-489
-127
132
373
359
-217
-119
465
749
593
536
609
643
649
907
1282
1105
888
1063
1206
1167
1437
1507
1686
1945
1625
1588
2070
2184
2042
1924
2248
2340
2205
2068
2613
2986
2805
2668
2875
3144
3335
3415
3468
3833
3984
4199
4474
5034
3862
695
-452
3054
5713
2695
-1268
-1286
468
35
-857
-846
-1425
-2830
-3142
-2134
-1925
-2682
-3659
-3228
-2192
-1846
-2492
-3397
-2619
-1243
-690
-931
-1152
-1067
-943
-128
1308
1544
533
-248
257
1154
1156
984
747
417
202
115
8
-114
-181
-432
-521
-767
-1033
-1412
-1475
-1093
-963
-1486
-2114
-2255
-1762
-1473
-1493
-1696
-1952
-2184
-2046
-1449
-1104
-1344
-1683
-1473
-1041
-1030
-1107
-1056
-730
-501
-339
-338
-493
-347
-165
202
189
121
159
43
267
608
672
751
633
368
377
797
1000
1036
1034
1004
965
836
1069
1370
1532
1365
1153
1485
1732
1746
1561
1795
1915
1967
2059
2065
2246
2381
2545
2832
2936
2939
2744
3070
3593
3765
3736
3998
4412
4945
4213
933
-503
2498
5419
3001
-975
-1468
193
44
-995
-1171
-1839
-3250
-3778
-2856
-2473
-3200
-4410
-4452
-3098
-2602
-3441
-4068
-3194
-1807
-1430
-1912
-1805
-1392
-1580
-916
597
1311
107
-819
191
1538
1733
1093
732
594
386
508
663
284
-495
-760
-458
-375
-1014
-1749
-2117
-1635
-1175
-1720
-2536
-2733
-2216
-1969
-1966
-1911
-2353
-2907
-2429
-1553
-846
-1324
-2087
-1698
-1040
-755
-939
-1071
-764
-490
-327
-125
-269
-470
-363
112
463
276
-241
-282
313
831
806
321
135
219
579
838
692
428
552
574
663
942
851
904
817
1114
1226
1257
1191
1443
1510
1723
2072
1936
1698
1601
1700
1817
2358
2744
2482
2420
2678
2978
3296
3222
3194
3509
4040
4818
3513
441
-709
2728
5070
2397
-1346
-1715
170
45
-839
-1151
-1941
-3182
-3386
-2495
-2236
-3095
-4284
-3848
-2774
-2568
-3705
-4170
-2979
-1561
-1507
-2324
-2086
-1641
-1338
-767
451
709
-472
-829
-25
1203
1290
450
298
430
544
353
87
74
413
69
-467
-672
-807
-1028
-1116
-970
-922
-1606
-2314
-2237
-1256
-975
-1637
-1920
-2163
-2186
-1938
-1590
-1403
-1538
-1992
-1746
-1278
-1250
-1182
-1075
-836
-514
-431
-515
-439
-216
166
460
468
484
302
400
776
1117
927
533
666
965
1124
1048
985
1215
1211
1080
1174
1052
1156
1310
1524
1425
1212
1284
1606
1762
1853
2047
1948
1753
1796
2180
2269
2283
2269
2533
2810
2781
2758
3086
3341
3339
3399
3675
4098
4544
4685
2596
63
965
4618
4705
639
-1657
-249
733
-245
-863
-1242
-2222
-3170
-2853
-2226
-2560
-3615
-4175
-3444
-2703
-3040
-3904
-3740
-2270
-1412
-1694
-2148
-2119
-1552
-1077
-429
277
2
-693
-715
684
1241
366
-176
251
733
585
14
-350
-87
217
42
-511
-989
-1169
-1188
-1028
-706
-1039
-2153
-2583
-1800
-1266
-1505
-2102
-2363
-2103
-2151
-1988
-1675
-1752
-2013
-1928
-1389
-1155
-1222
-1176
-701
-532
-447
-620
-721
-464
-150
206
194
-15
-45
337
470
587
766
736
506
643
836
766
830
868
970
852
985
921
850
1108
1490
1317
1104
1200
1349
1416
1539
1716
1664
1705
1782
1959
2145
2434
2383
2353
2493
2954
3228
3036
3126
3168
3633
4075
4418
4868
4012
1455
138
2885
5682
3481
-507
-1117
706
1187
-41
-923
-1510
-2441
-2790
-2264
-2384
-3207
-3969
-3967
-3046
-2961
-4071
-4772
-3745
-2068
-1716
-2865
-3295
-2624
-1843
-1314
-698
-621
-1249
-1618
-841
195
416
-63
-514
-150
145
130
-260
-339
-43
169
-295
-1077
-1235
-1107
-953
-917
-1046
-1662
-2467
-2401
-1445
-1238
-1919
-2307
-2352
-2172
-2064
-1841
-1620
-1954
-2181
-1882
-1674
-1615
-1496
-1260
-1051
-963
-905
-668
-493
-86
423
376
37
95
376
688
882
1018
1002
813
1000
1056
1089
1213
1125
1162
1201
1182
1114
1101
1262
1497
1484
1370
1192
1073
1285
1596
1639
1705
1451
1652
1852
1947
2338
2356
2281
2409
3023
3557
3453
2998
3241
3758
4159
4374
4638
4590
2801
454
1607
4999
4929
1136
-1191
265
1624
772
-335
-809
-1554
-2059
-1600
-1689
-2393
-3152
-3269
-2725
-2390
-3024
-4187
-3814
-2033
-1078
-1892
-2962
-2668
-1406
-636
-159
16
-337
-671
-375
1170
1621
617
-214
280
1077
1031
423
-179
-20
619
720
-115
-823
-870
-547
-303
-405
-930
-1851
-2094
-1382
-855
-1236
-2146
-2440
-2169
-1803
-1557
-1659
-1918
-2157
-2103
-1745
-1345
-1511
-1677
-1404
-898
-638
-830
-746
-478
211
384
98
37
245
643
745
902
989
912
846
1096
1287
1281
1253
1266
1391
1372
1250
1143
1341
1595
1678
1597
1363
1401
1799
1977
1687
1557
1716
2000
2153
2084
1862
1868
2296
2674
2909
2899
2771
2790
3335
3781
3880
3952
4103
4323
3004
998
1670
4180
4244
1276
-617
264
1314
718
-257
-487
-1416
-2085
-2003
-1700
-1960
-2956
-3314
-2863
-2539
-3137
-3966
-3714
-2459
-1855
-2387
-3119
-2715
-1890
-1446
-1070
-704
-740
-1268
-1060
-59
534
397
262
105
140
440
402
349
449
601
402
-50
-286
-387
-47
-40
-379
-818
-1193
-1104
-896
-620
-958
-1609
-1895
-1845
-1751
-1656
-1518
-1526
-1843
-1946
-1778
-1571
-1220
-1290
-1166
-1080
-1072
-988
-1031
-452
83
-204
-552
-211
272
347
417
606
977
898
863
994
1108
1326
1326
1077
991
1145
999
923
1058
1159
960
1024
1110
1112
1215
1183
1343
1109
1011
1509
1774
1737
1590
1599
1998
2250
2259
2669
2958
2997
2900
3182
3741
4313
4228
2675
754
1518
4698
4917
1289
-863
547
1876
1021
-145
-687
-1380
-1963
-1648
-1201
-1769
-2950
-3404
-2823
-2199
-2793
-4212
-4011
-2605
-1837
-2496
-3445
-3083
-2239
-1539
-1297
-1090
-1156
-1436
-1090
-47
789
312
-454
-579
191
1048
702
37
-64
378
537
222
101
-114
-98
-92
-139
-255
-835
-1271
-849
-515
-748
-1523
-1790
-1439
-1309
-1380
-1534
-1735
-2045
-1878
-1688
-1620
-1703
-1768
-1506
-1224
-997
-888
-719
-477
25
394
473
166
455
998
1385
1435
1200
1310
1333
1465
1683
1909
1680
1566
1754
2046
2036
1845
1836
2137
2248
1954
1705
1761
2047
2025
1872
1655
1640
1752
2013
2237
2156
1932
2051
2314
2617
2965
2849
2902
3002
3270
3764
4194
4557
3021
804
1399
4643
5218
1674
-551
757
2290
1391
78
-463
-1007
-1363
-1093
-853
-1675
-2790
-3141
-2326
-1984
-2936
-4450
-4136
-2570
-1923
-2909
-4117
-3757
-2646
-1955
-1928
-1953
-2053
-1971
-1482
-486
18
-509
-892
-598
322
636
289
-42
67
836
911
427
-71
-60
286
401
183
-410
-809
-1003
-536
-295
-708
-1332
-1741
-1363
-1058
-1046
-1483
-1723
-1757
-1700
-1508
-1646
-1905
-1843
-1505
-1338
-1548
-1511
-1245
-1012
-721
-483
-301
-507
-367
86
525
493
668
864
973
1139
1467
1643
1568
1620
1747
1879
1767
1729
1959
1978
2002
1804
1457
1603
1781
1955
1793
1647
1608
1386
1484
1691
1879
1834
1838
2023
2188
2431
2516
2555
2598
2792
3323
3613
4050
3522
1561
731
2808
5168
3445
269
-138
1774
2261
1017
105
-512
-1012
-1068
-784
-1025
-1958
-2779
-2744
-2131
-2452
-3849
-4441
-3292
-2194
-2545
-3732
-4127
-3260
-2467
-2195
-2144
-2382
-2430
-2381
-1507
-658
-762
-1532
-1678
-845
-239
-329
-580
-681
-236
460
137
-107
-218
199
383
137
-74
-684
-977
-747
-324
-372
-917
-1520
-1477
-1353
-1463
-1552
-1865
-1917
-1921
-2122
-2052
-2102
-1955
-1966
-1922
-1902
-1939
-1986
-1818
-1224
-916
-969
-1040
-749
-164
254
224
472
665
827
981
1366
1622
1757
1746
1488
1903
2244
2163
1886
1947
1926
1892
1645
1828
1920
1728
1815
1662
1562
1632
1653
1749
1426
1544
1671
1801
2259
2050
2249
2218
2524
2628
3026
3346
3636
3520
1891
813
2625
4946
3678
537
-32
1959
2593
1335
352
-9
-577
-824
-514
-488
-1288
-2090
-2098
-1644
-1601
-2787
-3673
-2935
-1614
-1588
-3027
-3822
-3093
-2173
-2070
-2219
-2157
-2093
-2089
-1619
-750
-617
-1196
-1142
-341
225
-102
-564
-334
355
705
386
-100
-104
458
807
630
192
-165
-193
-117
147
76
-626
-1005
-981
-805
-911
-1158
-1331
-1385
-1490
-1720
-1713
-1796
-1832
-1723
-1540
-1758
-1887
-1834
-1657
-1304
-1213
-1276
-1310
-1055
-321
-45
-92
188
274
350
632
1119
1376
1587
1633
1624
1942
2222
2326
2067
2019
2207
2134
2028
2201
2221
2094
2053
1998
2006
1841
1841
1736
1825
1857
1663
1696
1912
2057
2115
2183
2242
2272
2584
2956
3393
2817
970
405
2714
4575
2480
-552
-219
1819
1960
719
-101
-403
-911
-854
-402
-750
-1687
-2382
-2182
-1615
-2016
-3372
-3924
-2686
-1682
-2505
-3902
-3782
-2813
-2404
-2565
-2625
-2706
-2931
-2793
-2037
-1329
-1470
-2023
-1727
-905
-510
-649
-847
-567
51
128
-181
-282
-29
194
186
88
-39
-157
-334
87
417
-46
-430
-603
-416
-354
-618
-765
-961
-1067
-1156
-1194
-1246
-1430
-1389
-1452
-1464
-1600
-1713
-1573
-1359
-1091
-1151
-1258
-1155
-740
-483
-191
72
68
300
340
530
1075
1324
1120
1012
1553
2055
1822
1806
2052
2235
2172
2240
2123
2073
2055
2085
2271
2043
1719
1676
2028
2410
2084
1488
1693
2122
2273
2158
2301
2565
2750
2977
3009
2162
573
642
3007
4068
1547
-1053
-430
1743
1527
-26
-633
-620
-735
-864
-910
-1325
-1639
-2109
-2321
-2157
-2457
-3249
-3254
-2378
-2063
-2870
-3826
-3750
-2607
-2100
-2736
-2851
-2798
-2820
-2565
-2147
-1591
-2028
-2416
-2022
-1249
-1033
-1405
-1591
-1106
-336
-374
-934
-942
-204
116
-83
-407
-566
-430
-664
-237
228
-86
-618
-705
-132
-114
-385
-637
-495
-565
-883
-1091
-886
-719
-1104
-1189
-1139
-1149
-1135
-1137
-1028
-738
-882
-1030
-933
-501
-357
-490
-207
198
354
503
864
1101
1252
1480
1540
1745
2147
2114
2078
2151
2521
2345
2141
2323
2655
2924
2711
2399
2438
2432
2761
2885
2557
2476
2443
2499
2572
2709
2705
2498
2490
2597
2770
2937
2951
2450
879
375
2703
4040
1776
-695
-75
2094
1947
121
-550
-347
-530
-662
-574
-775
-1358
-1800
-1711
-1501
-2000
-2844
-2937
-2145
-1506
-2365
-3414
-3238
-2303
-2053
-2598
-3039
-2795
-2478
-2519
-2327
-2100
-2030
-2149
-2111
-1668
-1323
-1433
-1458
-1109
-663
-538
-806
-877
-420
-10
49
-204
-367
-128
143
169
100
-104
-236
-341
-183
-60
-153
-368
-578
-566
-664
-776
-860
-865
-1086
-1166
-1398
-1595
-1106
-1289
-1333
-1178
-1282
-1168
-1268
-975
-872
-738
-763
-533
-195
-1
355
534
619
823
1120
1323
1612
1579
1610
1796
2177
2327
2173
2159
2398
2574
2634
2506
2370
2388
2395
2391
2375
2412
2400
2324
2315
2499
2370
2348
2306
2229
2414
2672
2837
1854
349
416
2813
3558
900
-1038
23
1877
1253
-34
-424
-496
-583
-823
-660
-989
-1482
-1738
-1820
-1402
-1747
-2456
-2538
-1869
-1300
-2223
-3427
-3157
-2074
-1678
-2217
-2777
-2604
-2381
-2375
-2175
-2168
-2288
-2561
-2156
-1652
-1556
-1653
-1732
-1580
-1026
-1002
-1452
-1557
-1052
-582
-814
-894
-1139
-913
-652
-498
-279
-578
-828
-706
-281
-250
-431
-290
-456
-605
-734
-931
-809
-853
-783
-1068
-1231
-1365
-1418
-1521
-1576
-1413
-1677
-1621
-1496
-1036
-970
-945
-768
-673
-438
-367
-50
158
177
420
744
1012
1127
1100
1265
1526
1754
1743
1879
2077
2266
2477
2309
2208
2276
2453
2487
2600
2323
2330
2569
2546
2502
2506
2582
2590
2535
2681
2667
2707
2627
1595
256
1048
3329
2837
-242
-1068
1032
1888
555
-586
-599
-340
-545
-853
-847
-990
-1175
-1388
-1256
-1631
-1983
-2174
-1830
-1124
-1439
-2394
-2927
-2244
-1533
-1607
-1996
-2029
-1765
-1609
-1681
-1385
-1470
-1813
-1893
-1319
-913
-1213
-1503
-1353
-879
-825
-898
-1230
-887
-259
-134
-431
-488
-182
-8
-83
100
138
-85
-213
-179
81
92
-45
-155
-196
-286
-326
-188
-180
-303
-483
-552
-483
-544
-612
-675
-598
-612
-627
-840
-840
-469
-483
-565
-507
-253
-268
-166
-105
85
477
483
571
653
914
1082
1443
1636
1611
1644
1690
2038
2287
2421
2219
2242
2322
2453
2561
2597
2426
2389
2609
2611
2440
2433
2596
2499
2311
2330
2524
2599
1878
645
407
2237
3179
919
-1131
-264
1510
957
-652
-1203
-855
-724
-1077
-1136
-1316
-1559
-1670
-1728
-1617
-1938
-2281
-2301
-1582
-1239
-2033
-2755
-2633
-1807
-1472
-1996
-2282
-2054
-1878
-1939
-1821
-1790
-1947
-1969
-1944
-1648
-1588
-1743
-1871
-1606
-1296
-1178
-1463
-1540
-948
-670
-1068
-1380
-1200
-804
-604
-499
-520
-549
-608
-550
-404
-374
-307
-286
-285
-508
-606
-559
-403
-321
-585
-685
-862
-768
-445
-496
-553
-569
-609
-706
-730
-633
-479
-476
-403
-364
-416
-141
73
-19
-49
173
347
505
541
701
924
1120
1280
1325
1451
1610
1795
1928
1878
1962
1877
2026
2196
2286
2428
2442
2457
2241
2353
2412
2517
2366
2195
2256
2218
2248
2233
1531
290
413
2398
2815
176
-1648
-272
1365
430
-1065
-1271
-835
-1019
-1435
-1333
-1659
-1915
-2153
-2030
-2060
-2330
-2668
-2668
-1875
-1786
-2626
-3054
-2538
-1781
-1513
-2295
-2458
-1903
-1780
-1825
-1773
-1826
-1884
-1764
-1671
-1556
-1612
-1538
-1648
-1339
-1001
-1184
-1567
-1568
-853
-513
-988
-1236
-1170
-842
-692
-796
-488
-483
-691
-629
-524
-587
-467
-431
-371
-368
-527
-389
-333
-310
-419
-481
-502
-448
-404
-451
-115
-110
-53
-258
-187
201
228
15
125
346
272
227
494
719
525
486
791
1019
917
806
854
1130
1322
1276
1319
1542
1891
1913
1923
2000
2098
2263
2331
2575
2818
2875
2824
2809
2695
2790
2965
3155
3235
2938
3233
3014
1922
1278
2419
3974
2653
298
121
1847
2251
609
-212
-157
-261
-548
-628
-756
-1092
-1290
-1366
-1686
-2037
-2103
-2194
-1867
-1623
-1866
-2567
-2762
-2079
-1648
-1917
-2111
-1937
-1846
-1971
-1710
-1300
-1266
-1708
-1789
-1513
-1319
-1336
-1139
-1042
-973
-1032
-1240
-1253
-1082
-891
-912
-1232
-1336
-1060
-880
-771
-490
-522
-886
-767
-434
-348
-443
-546
-468
-458
-870
-802
-473
-392
-396
-555
-654
-449
-436
-408
-479
-434
-223
-140
-217
-96
35
15
136
286
453
357
385
382
772
785
608
491
659
903
976
972
868
956
1211
1365
1256
1416
1722
1614
1528
1682
1861
2041
1942
2129
2322
2378
2580
2561
2699
2661
2839
2938
3087
3196
2787
1764
1379
2699
3845
2488
210
381
2086
2046
541
-396
-76
-33
-430
-517
-662
-1283
-1598
-1358
-1498
-1904
-2308
-2226
-1871
-1625
-2103
-2758
-2680
-2076
-1624
-1919
-2299
-2263
-2165
-1940
-1409
-1421
-1762
-1839
-1532
-1250
-1373
-1222
-1226
-1219
-999
-879
-865
-1119
-1039
-667
-538
-940
-1111
-930
-608
-476
-393
-540
-735
-586
-180
-240
-469
-523
-369
-508
-766
-553
-353
-695
-756
-649
-703
-540
-651
-639
-593
-516
-357
-209
-252
35
5
74
205
146
38
160
444
411
280
422
563
512
546
546
380
657
824
819
779
1014
1125
1298
1143
976
1210
1519
1687
1672
1692
1754
2051
2152
2142
2078
2110
2506
2684
2640
2615
2706
2249
1445
1524
2924
3159
1304
89
1145
2345
1521
126
150
473
111
-138
-355
-396
-917
-1300
-1160
-1295
-1953
-2235
-1900
-1628
-1614
-2100
-2577
-2155
-1710
-1734
-1990
-2017
-1841
-1850
-1852
-1506
-1163
-1399
-1502
-1491
-974
-799
-1182
-1008
-821
-589
-562
-718
-536
-159
19
-37
-234
2
232
115
125
327
332
193
-60
154
176
-167
-213
-3
75
75
-19
59
204
44
144
313
133
158
457
547
347
271
286
469
504
517
636
460
406
570
891
728
434
597
693
926
870
775
680
700
915
1072
1003
963
688
778
1014
1134
1031
796
782
979
1290
1148
1022
1062
1218
1407
1436
1385
1407
1602
1683
1709
1621
1655
1697
1343
1116
1058
1575
1997
1623
674
625
1133
1203
728
156
287
349
-27
-114
-48
-416
-838
-887
-753
-771
-1303
-1449
-1138
-853
-1166
-1590
-1476
-1318
-1244
-1458
-1292
-1167
-1249
-1446
-1399
-1040
-837
-1013
-1103
-1104
-848
-803
-897
-824
-790
-772
-763
-616
-560
-419
-392
-419
-265
-316
-628
-236
-183
-216
-194
-117
-259
-295
-143
-189
-76
-34
-161
-359
-121
-15
27
16
-83
71
214
-16
-1
397
188
-17
221
213
120
207
303
383
384
299
209
246
252
445
463
532
345
177
429
345
173
241
381
337
194
314
284
233
122
45
142
162
251
167
159
371
248
151
246
433
609
551
530
421
587
477
339
454
470
479
450
480
508
596
572
253
349
357
268
177
330
206
8
-116
-299
-229
-314
-493
-638
-668
-569
-609
-591
-538
-818
-812
-813
-780
-885
-1015
-1100
-1115
-1141
-1112
-1293
-1287
-1089
-1297
-1240
-966
-1060
-1069
-835
-832
-879
-824
-867
-785
-629
-717
-594
-567
-472
-466
-354
-448
-407
-434
-352
-191
-233
-277
-431
-435
-279
-217
-107
-154
-104
9
43
5
17
172
47
216
210
360
266
298
319
333
278
163
0
247
187
90
222
61
123
33
85
129
276
161
54
42
34
-60
-95
-103
-184
-114
-159
-195
-74
-211
-273
-136
-338
-288
-189
-98
-88
120
340
403
414
462
546
370
556
884
834
658
471
751
802
764
816
761
871
699
583
761
607
532
623
460
415
311
286
140
57
-25
-54
-138
-354
-414
-449
-471
-566
-563
-649
-582
-628
-673
-578
-582
-617
-585
-409
-479
-589
-478
-440
-366
-411
-488
-396
-369
-325
-257
-226
-235
-319
-237
-217
-237
-102
-191
-202
-224
-223
-343
-344
-312
-284
-252
-380
-312
-185
-78
-167
-230
-145
-73
-16
-121
-55
81
76
-33
-52
52
-55
-79
11
-17
56
-14
-19
89
153
125
33
-18
-66
44
184
104
-24
-119
-209
-105
25
-6
-248
-234
-265
-433
-418
-356
-400
-537
-495
-406
-373
-183
-355
-295
-471
-316
-92
-231
-88
-165
-35
-32
74
180
313
361
412
330
239
312
246
339
321
194
309
317
257
180
133
251
102
-9
28
-112
-144
-210
-369
-390
-346
-378
-474
-474
-523
-579
-701
-421
-477
-492
-500
-483
-216
-204
-202
-244
-369
-172
-140
-46
78
-77
97
115
77
20
-58
93
64
105
189
140
107
55
-42
-16
-114
-287
-235
-296
-312
-420
-377
-353
-322
-231
-284
-281
-249
-331
-304
-418
-311
-299
-383
-119
-64
-140
-150
-58
-117
-83
42
41
250
206
265
369
217
162
58
72
-2
-12
17
-17
-193
-245
-305
-427
-389
-633
-500
-400
-297
-548
-498
-502
-514
-280
-426
-441
-398
-225
-163
-47
-87
-60
58
64
106
241
241
284
294
137
161
196
324
430
407
354
180
317
396
389
397
285
184
9
-11
18
81
-197
-323
-286
-323
-216
-467
-474
-387
-455
-337
-494
-557
-310
-92
-194
-191
-266
-222
-178
-199
-27
133
133
235
382
297
373
350
422
535
504
479
433
493
517
505
511
711
715
514
483
397
338
306
543
312
192
163
208
266
141
161
298
317
332
289
250
533
405
343
328
415
532
318
376
325
355
363
266
324
370
265
113
291
170
33
137
99
56
-69
-109
-146
-46
-80
-239
-358
-355
-357
-375
-293
-302
-259
-321
-358
-340
-337
-312
-408
-276
-251
-301
-179
-70
55
64
13
75
94
47
77
76
230
207
234
303
289
385
313
311
197
164
256
99
93
39
30
19
-12
-88
-168
-167
-204
-254
-261
-289
-191
-307
-316
-362
-322
-249
-341
-255
-289
-146
-186
-222
-66
-53
-72
83
144
120
182
231
340
253
148
118
174
265
264
-8
145
-19
96
149
-102
74
99
181
-75
124
328
122
-6
-49
-56
43
21
-170
-128
16
-45
-85
104
237
62
58
302
307
178
147
87
83
266
109
136
109
100
190
181
77
36
205
92
161
-11
-209
-99
-62
-35
-134
-191
-189
-230
-242
-283
-286
-227
-298
-196
-49
-245
-141
-193
-322
-128
-65
-127
1
-1
-52
-232
-199
-31
-115
-151
-134
-43
127
89
20
-72
-60
81
-27
-29
-172
-256
-233
-538
-482
-384
-370
-480
-600
-713
-676
-638
-527
-405
-462
-318
-242
-336
-491
-488
-513
-383
-434
-472
-564
-532
-529
-502
-293
-347
-318
-166
46
-40
-52
96
38
115
54
17
-48
253
230
186
185
116
319
307
205
42
-93
-26
-59
47
0
80
99
68
112
145
-179
-204
114
62
88
-2
-5
-25
75
6
-51
-116
-100
-94
-164
43
-48
-76
102
22
-58
171
323
121
59
66
-12
74
-33
-77
53
111
29
-164
-119
-84
-265
-120
-149
-283
-288
-267
-240
-293
-174
-250
-156
-147
-54
-26
4
87
160
-65
110
518
591
394
134
351
317
356
178
313
352
134
276
237
350
355
273
258
203
249
320
121
213
178
79
176
162
30
-87
40
-62
-68
-90
-160
-242
-123
10
-22
-99
-34
45
71
2
42
149
164
100
227
250
180
114
131
89
59
19
-42
81
233
73
-38
-43
-19
-19
11
29
-2
-117
-250
-150
-156
-208
-278
-249
-297
-357
-412
-456
-383
-347
-365
-330
-427
-543
-395
-389
-324
-239
-319
-344
-269
-294
-283
-211
-264
-314
-153
-231
-148
-175
-246
-285
-253
-111
-319
-325
-491
-239
-168
-293
-430
-355
-384
-318
-244
-415
-457
-382
-289
-370
-289
-237
-206
-418
-257
-296
-304
-99
-238
-261
-81
-127
-45
-63
-131
52
74
20
26
-93
25
21
59
41
-149
-32
7
41
-3
0
-189
-152
-110
-168
-229
-267
-272
-193
-266
-354
-309
-159
-39
-184
40
-218
-175
-77
-98
12
-121
-66
-49
62
31
0
-33
-19
100
73
84
122
117
66
57
51
144
140
174
256
330
224
-106
-111
-69
-206
-355
-343
-334
-300
-325
-331
-366
-429
-386
-419
-591
-625
-712
-824
-804
-694
-592
-739
-562
-575
-671
-559
-527
-307
-331
-182
-101
-144
-173
-284
-304
-303
-260
-341
-282
-293
-269
-368
-389
-353
-483
-354
-362
-437
-397
-420
-384
-387
-330
-277
-328
-437
-310
-184
-145
-200
-135
-27
27
-89
-139
-123
-14
60
-9
203
203
86
304
370
231
150
114
154
211
202
140
162
179
272
174
82
59
26
-35
-148
-68
-249
-224
-100
47
-9
-125
49
67
106
18
165
198
192
195
130
252
360
291
348
418
347
408
320
349
421
402
372
334
451
466
472
570
472
696
632
679
530
338
488
709
723
392
335
321
225
181
152
56
173
6
113
15
78
188
104
241
46
84
121
151
145
104
217
149
130
141
152
114
74
94
81
137
256
210
129
68
35
213
260
130
36
13
-78
7
-91
-40
2
-57
129
11
-109
-106
-86
-67
-64
4
100
83
65
59
7
59
76
62
15
129
42
139
248
109
109
71
198
141
60
59
193
114
-13
-77
-11
61
70
53
10
-154
-107
-143
-156
-160
-153
-141
-173
-240
-317
-181
-74
-123
-202
-44
-154
-105
-104
-81
11
82
-55
-104
-114
-19
235
120
-43
12
223
132
187
262
209
236
215
200
205
90
141
-3
-86
43
-15
3
31
-81
-71
-148
-149
-152
-255
-223
-114
-172
-71
-239
-206
-88
-232
-240
-233
-122
-176
-154
-146
-208
-150
-112
-48
24
10
-53
-29
-24
33
33
-1
161
113
36
90
189
224
53
113
219
110
175
114
20
-40
17
128
21
-70
-23
-38
42
-62
-118
-30
-17
-139
-219
-293
-295
-138
-135
-31
-120
36
-84
40
138
76
119
97
-44
-9
-94
-290
-165
-114
-149
-300
-137
-240
-296
-436
-224
-85
-265
-166
-171
-57
-242
-261
-211
-329
-260
-309
-331
-334
-228
-283
-133
-82
-334
-369
-201
-16
17
-142
10
-3
-34
-109
108
135
88
167
9
252
284
189
195
50
44
-11
159
219
-67
18
-76
-167
-119
-168
-254
-223
-151
-116
-107
-141
-125
-52
-144
-48
-6
-191
-199
-213
-138
-54
-76
151
69
53
57
28
65
200
330
324
218
246
352
173
166
231
238
289
289
183
217
240
38
92
96
129
142
160
174
143
88
102
346
307
183
271
238
254
315
400
618
503
476
513
655
476
407
440
470
413
271
376
417
445
508
449
416
449
375
381
252
158
236
252
245
114
89
78
79
46
-3
-21
49
-8
-27
10
-51
-37
12
80
153
33
89
205
203
172
131
123
208
269
305
364
256
171
130
185
242
226
95
71
123
30
-57
-95
-32
-95
-22
-42
-163
-120
-181
-283
-337
-290
-347
-274
-171
-217
-165
-145
-200
-228
-119
-14
-41
15
39
-35
25
13
45
252
185
298
282
369
324
261
354
328
316
366
418
170
57
208
200
194
85
45
330
176
148
49
-96
-111
42
1
-49
-89
10
19
20
143
119
220
54
231
102
184
233
246
119
145
323
252
238
198
217
246
333
306
358
253
249
254
289
217
227
134
54
90
-4
-40
26
-8
2
-121
-120
12
90
111
-113
-122
152
121
-4
-44
-38
-40
62
45
30
181
289
347
367
405
392
440
528
374
343
458
405
93
118
196
212
-110
-187
-70
-34
-296
-270
-147
-252
-130
-202
-330
-294
-266
-321
-419
-453
-306
-401
-380
-487
-541
-379
-469
-450
-391
-387
-332
-113
27
-92
71
141
88
-25
118
61
137
139
99
137
-9
-120
-85
-73
-357
-369
14
-108
-184
-27
50
-100
19
35
-32
-96
-75
57
-40
-96
34
134
41
-27
108
36
69
112
172
221
233
215
231
285
263
115
114
286
244
355
161
188
208
245
189
163
119
131
-54
77
136
73
124
-89
-48
27
123
240
292
215
295
261
211
219
190
107
194
271
250
336
286
275
296
237
311
362
183
207
307
340
363
456
460
557
591
531
517
437
351
333
527
435
276
119
182
248
176
216
88
259
296
117
186
268
354
463
305
370
350
363
380
370
484
387
386
397
563
456
454
417
391
371
410
462
357
398
414
396
251
272
334
163
175
125
-34
-20
-97
-21
41
-45
-32
-45
-50
-174
-175
26
66
82
13
137
192
223
184
122
81
155
194
283
297
254
342
285
167
255
216
188
286
375
306
129
237
152
100
167
126
111
61
123
115
159
87
39
25
-53
-5
-96
-87
82
79
34
86
12
56
34
24
75
138
214
192
106
199
201
347
446
321
328
220
289
227
179
92
9
137
138
183
-45
1
154
39
121
45
39
49
5
81
32
56
-106
85
175
30
13
143
256
204
159
39
79
215
315
177
197
235
288
293
267
301
243
233
254
354
471
345
254
285
453
468
410
372
276
247
356
246
310
301
241
287
177
423
346
369
370
209
374
250
257
393
276
226
110
58
97
131
184
144
127
81
169
59
36
180
96
90
187
134
113
35
-181
-183
-119
-238
-196
-235
-106
-151
-206
-96
97
-9
-104
51
-81
-99
-189
-221
-186
-40
-96
-113
-126
-148
-275
-193
-306
-384
-183
-113
-64
-247
-213
-213
-156
-9
-109
-187
135
139
171
54
29
140
156
270
215
142
26
169
160
90
37
36
164
41
35
-13
-109
3
87
141
100
-29
161
139
393
378
311
454
236
235
144
263
372
341
454
403
465
484
461
631
529
537
608
628
572
496
465
579
440
442
483
383
379
301
282
318
296
378
304
210
333
379
342
357
490
569
648
546
434
314
608
778
681
465
440
596
471
456
337
497
505
437
452
446
597
595
665
473
420
242
338
348
124
211
64
112
101
133
236
151
8
-103
-129
-20
79
-50
-10
-90
-75
-119
-178
-36
-144
-120
-123
-111
-124
-140
-90
-159
-125
-46
73
22
90
-78
-89
28
49
79
-149
-74
-105
23
-103
-111
-149
-102
-11
-103
-70
0
-22
-18
-119
-108
7
-42
114
153
99
0
-27
98
75
-18
29
66
220
221
194
246
182
226
199
199
115
70
163
210
330
268
32
-34
52
138
-34
-14
-26
-115
-35
-80
-33
16
-141
-151
33
-222
-198
-26
82
59
-102
-64
-16
3
14
-3
101
254
318
175
131
250
189
115
183
166
133
156
112
154
122
127
125
124
136
105
118
55
54
-7
232
35
-1
4
-42
-126
-186
-259
-206
-48
46
-42
-128
-115
22
85
77
64
43
53
172
149
98
187
147
233
52
135
190
180
161
208
309
192
155
149
229
149
8
-63
85
118
-19
6
-34
33
7
74
97
39
101
-2
-87
-232
-224
-229
-243
-196
-217
-408
-256
-220
-246
-401
-195
-48
-48
38
-4
30
-53
-61
-175
-234
-250
-126
-24
-130
-140
-149
-339
-151
-260
-625
-226
-245
-466
-452
-522
-347
-366
-405
-508
-440
-394
-328
-161
-154
-105
-222
-61
-83
-160
-76
31
14
30
104
12
175
151
162
69
165
187
25
-6
-13
43
89
9
-62
5
-240
-280
-97
-195
-151
-70
-262
-262
-53
-220
-197
-126
-226
-192
-147
14
-22
-40
27
-88
-42
21
51
94
18
89
213
150
92
87
55
87
132
175
249
236
319
371
389
425
370
422
221
273
173
447
434
262
141
244
471
277
301
233
324
372
243
451
421
376
509
509
551
430
410
396
376
466
324
383
385
382
342
325
426
201
200
248
261
325
308
355
288
308
272
317
368
73
93
109
72
-8
-39
-136
-120
-82
-58
-51
-54
-39
-114
26
-37
114
36
-8
8
-87
-95
-143
61
-34
96
130
97
146
229
408
163
1
74
53
199
182
213
130
-92
-36
23
3
-39
-99
-103
-90
-111
44
-27
-154
-4
-137
-211
-73
-97
-42
19
57
20
-24
28
68
-18
132
129
-11
-28
-34
-20
57
-31
-50
40
110
37
106
92
171
161
60
261
-32
-15
306
187
189
160
139
216
125
79
43
-16
-118
-152
-58
24
110
197
224
183
168
174
235
156
99
20
106
138
90
121
125
154
157
207
117
125
156
129
191
-15
31
42
120
40
-35
-8
14
136
91
89
72
21
65
216
78
90
102
82
199
41
10
-35
-3
23
59
-32
-200
-240
-249
-223
-306
-45
34
144
234
64
31
46
98
-58
-96
21
-159
-145
-168
-247
-328
-266
-303
-300
-361
-536
-222
-79
-141
-68
50
27
21
-4
-24
-23
-125
84
-7
-74
-56
-330
-236
-104
-291
-337
-83
-49
-65
-35
-44
89
132
170
73
36
295
162
98
74
57
115
274
106
20
215
74
207
244
179
132
306
73
140
131
55
180
234
236
228
251
102
45
125
160
11
83
251
102
109
-31
32
164
100
92
-29
2
155
258
335
343
289
361
263
298
198
173
316
313
228
78
109
85
118
157
40
72
-11
-91
-27
7
155
218
333
244
333
428
282
265
271
667
528
283
281
319
422
195
208
265
288
267
139
351
396
233
306
411
261
224
272
228
306
250
166
70
97
130
113
112
5
18
-158
-131
16
40
80
22
11
75
66
82
-14
-75
-52
-49
-6
-59
-35
20
39
48
111
169
54
96
95
210
317
400
413
294
233
270
167
178
183
186
379
454
337
165
151
142
79
50
5
-69
-49
-32
-93
-188
-164
-146
-148
-169
-52
-28
-71
-58
-129
-57
121
106
121
88
128
118
17
20
-24
67
82
60
45
-9
-27
92
30
-201
-134
-64
-84
93
37
12
115
113
116
118
52
44
113
-34
48
-143
-3
32
139
19
-14
127
33
135
141
114
43
48
9
15
18
144
47
28
110
65
97
-105
-88
-61
-144
-46
-78
-73
-126
-127
-41
58
-5
-198
-88
-46
55
13
-40
8
63
210
110
114
173
208
268
164
191
250
99
233
277
127
161
95
143
136
183
185
158
62
132
79
-40
-71
84
-51
6
49
-102
23
-91
-91
-53
52
-113
-95
-95
-108
-100
-302
-237
-321
-385
-249
-362
-371
-314
-304
-311
-148
-128
-96
52
-23
-15
-16
-73
32
14
-178
-40
-78
-248
-108
-243
-181
-166
-409
-326
-216
-123
-269
-227
-293
-311
-231
-128
-155
-61
-38
-12
54
37
82
116
160
63
142
74
92
3
-55
43
82
26
-100
44
-195
-47
-94
-94
209
-5
-65
-41
-89
99
3
7
-150
-156
-75
-218
-46
-162
-165
-119
45
7
-57
91
5
212
177
150
220
212
135
42
72
172
175
109
79
84
153
125
147
217
160
84
143
138
223
250
269
283
326
278
331
160
189
432
574
372
157
122
107
220
73
225
136
98
112
111
251
155
204
319
231
206
266
173
258
243
174
237
126
113
101
170
88
56
274
131
139
59
151
192
58
41
130
12
-86
-80
-167
-88
-30
-114
-167
-168
-140
-125
-119
-78
-119
-215
-172
-168
-50
98
-15
37
132
120
4
-87
-9
35
52
164
165
126
13
35
72
-6
-20
79
105
120
86
-55
38
8
-3
17
-21
7
41
42
-28
0
10
12
64
18
21
16
-20
12
2
55
69
86
-100
83
112
248
206
-86
-116
-11
6
45
261
117
119
177
199
440
335
290
191
204
73
-8
251
109
210
152
160
242
152
132
92
40
-9
-13
18
28
37
54
159
163
48
140
155
115
82
84
66
91
152
190
128
43
139
181
152
75
136
277
270
310
201
180
165
262
272
57
140
236
205
224
285
245
234
188
186
266
138
221
128
203
324
313
251
190
129
279
222
-24
7
68
115
55
61
-2
104
166
175
163
133
240
106
-27
104
-59
88
-86
-24
-92
-67
114
-17
56
110
122
20
88
179
310
243
399
68
-22
70
-216
15
97
-34
-76
11
-137
-94
-254
-293
-239
-80
-50
-105
-186
-227
23
-117
-88
-103
-54
-33
-39
-25
13
61
44
15
43
125
90
-16
34
10
77
183
6
13
19
-90
72
125
195
235
8
-14
42
-73
48
54
50
73
-23
41
35
20
-70
-81
-80
-8
97
-36
-5
96
64
43
148
268
153
136
172
77
193
249
210
268
165
141
209
73
163
174
164
227
211
342
419
441
392
463
462
421
274
248
494
510
278
226
302
450
315
253
328
312
349
298
295
394
460
579
508
469
483
350
391
403
379
373
379
327
273
270
229
362
412
403
322
377
378
281
332
256
297
293
284
306
119
171
140
160
158
42
76
7
40
27
11
87
-48
192
144
19
36
53
100
75
20
-5
-14
-159
23
30
68
88
-38
10
-98
-39
-56
-24
52
55
38
145
76
-41
30
-1
132
135
-1
-88
-11
-58
-48
16
-22
-99
-74
-99
-190
-282
-488
-1073
-2241
-1088
1042
505
-1241
-888
736
830
-475
-876
-367
-168
-563
-531
-285
-254
-315
-197
6
-12
-520
-221
105
-351
-51
-89
8
-312
-392
-356
-288
-338
-259
-465
-434
-517
-641
-2211
-2322
-1035
-1557
-2313
-2023
-866
-827
-1321
-661
-230
-969
-1046
138
-225
-1561
-779
-357
-497
-1013
-494
-84
-873
-1048
-115
-359
-972
-797
-495
-595
-1218
-1010
-336
-426
-456
-182
-656
-697
-587
-473
-495
-408
-29
-580
-748
-676
-116
-676
-681
-405
-528
-429
-1115
-1160
-1248
-1304
-1132
-1421
-1794
-1453
-1305
-1660
-1801
-1309
-1637
-2326
-2011
-1651
-1860
-2713
-1954
-1306
-1142
-1201
-1207
-619
-510
-407
-427
-464
-96
-141
-394
-195
6
84
-265
-503
-188
-98
-324
-698
-688
-695
-978
-764
-380
-777
-937
-856
-978
-757
-890
-982
-396
-378
-388
-761
-469
-267
-599
-908
-488
252
-138
-466
-106
210
137
-605
-428
334
-204
-148
259
36
153
533
599
231
-2
253
883
438
373
482
571
163
32
687
693
124
105
230
276
186
-131
-53
-140
278
174
439
359
165
-66
-267
126
207
89
525
825
-9
-248
215
416
381
139
-135
411
1081
413
50
727
1107
870
760
1123
1090
766
539
496
623
992
1024
1056
1046
857
540
-136
182
883
965
343
664
394
54
650
664
445
228
467
357
536
751
116
-104
-167
146
263
224
-43
-260
334
636
-2
248
137
230
337
493
350
223
554
460
269
315
84
-537
232
464
361
253
221
-281
-209
-71
93
135
141
47
124
446
88
-264
-431
-519
-102
387
205
27
102
270
49
-370
-787
-685
-16
399
64
307
448
-130
53
-74
-9
-89
-154
175
-15
77
-21
-39
-284
-475
-310
39
369
513
87
-363
-203
457
427
-132
-568
142
259
348
244
64
215
-413
-899
-474
399
-7
-824
-605
358
179
-621
-678
-523
-1149
-1057
-10
367
-133
-60
-433
-592
-639
-790
-494
-136
367
1
-258
-465
-544
-642
-489
-376
-286
-645
-464
-330
-411
-824
-206
745
67
-313
-18
230
-209
-950
-513
344
477
95
-632
34
633
-27
-792
-142
47
-53
-101
-303
-7
151
-157
-868
-218
459
-37
-66
176
-2
-40
45
87
51
-328
-794
-563
-66
-550
-650
-60
-616
-796
-412
-430
-523
-589
-724
-703
-126
-65
-483
-215
204
-240
-734
-946
-788
-443
-495
-532
-430
8
-216
-1189
-971
-446
-468
-412
-247
-345
-154
-389
-980
-325
239
-446
-1034
-721
152
29
-823
-818
-748
-531
-882
-1245
-552
-152
-452
-278
398
359
-790
-1056
-676
-216
319
98
-133
128
138
-498
-304
-496
-29
184
281
-173
-392
-213
-548
-477
-224
-133
-42
-51
-343
-71
338
-343
-467
67
80
63
116
-97
-575
11
280
-229
-202
-259
-218
-219
427
439
-106
-219
-145
17
673
617
275
412
687
414
356
388
685
943
324
4
344
779
516
118
684
783
412
653
476
391
371
473
806
905
1102
639
345
467
740
983
865
682
528
1091
812
750
968
525
658
635
527
863
821
465
647
889
403
69
1124
1140
507
695
1071
826
770
913
306
227
827
949
325
197
418
391
205
724
788
637
575
755
797
452
456
946
742
618
1103
995
694
491
603
815
434
262
73
579
978
925
795
748
714
261
237
168
669
930
690
760
639
977
608
379
656
796
997
1067
841
665
883
712
243
401
686
956
1130
1035
944
1072
1080
768
627
1263
1138
954
1192
1186
1243
1341
969
974
1226
1089
775
712
1198
937
677
947
1196
1161
899
691
724
976
976
1125
952
1184
1523
891
639
1324
1688
1074
944
1018
962
1140
1422
1121
501
892
1052
626
966
1136
1140
1044
952
1276
1168
830
663
587
1107
1119
1014
768
621
1199
1191
837
719
335
493
903
788
794
1100
604
776
1203
1034
682
906
1111
983
1008
792
733
927
1401
1526
1144
632
790
916
996
979
1056
1081
946
847
924
1043
629
592
595
569
520
522
237
496
949
833
822
773
756
1042
828
373
191
213
583
941
616
385
982
1095
363
389
898
577
69
427
884
815
790
784
819
1217
1324
1006
1005
1085
1092
565
671
999
870
610
500
890
910
543
308
863
822
446
438
598
793
890
689
540
811
984
1037
1081
1409
1087
535
698
947
984
680
521
615
766
754
882
997
826
388
476
922
700
713
936
847
739
664
392
734
603
563
927
889
838
797
470
428
496
465
684
1093
1622
1596
919
808
921
953
927
1047
1125
1105
1275
1323
1153
957
888
733
770
1320
1315
1076
1059
1264
1343
681
683
1094
1225
955
972
1054
795
843
1082
943
640
682
764
836
908
982
931
725
735
1014
970
1212
1336
1136
993
1553
1718
915
730
728
789
778
1005
905
508
805
814
564
723
860
645
159
571
971
930
1001
854
725
621
764
329
166
284
332
565
412
590
383
-20
242
307
-5
-19
46
90
310
460
392
260
312
107
-61
161
217
312
412
467
590
566
767
576
170
241
38
86
321
-11
239
690
555
202
-34
-144
-468
-489
-294
-5
67
125
-346
-513
-196
-164
-382
-519
-331
-110
-8
51
-232
-412
-400
-387
-71
120
236
259
190
513
435
145
-108
-193
-140
263
700
644
831
748
171
-226
-322
-223
266
569
236
-183
-121
82
-110
-512
-216
91
55
6
34
100
140
-423
-682
-432
-90
50
57
164
189
128
-225
-377
-213
79
83
-421
-167
557
471
-198
-354
-5
146
305
219
221
43
24
50
-56
-33
-110
-331
-443
-119
43
-137
-487
-487
-311
-331
-373
-344
-334
-416
-303
-215
-423
-435
-253
-347
-776
-729
-230
-116
-563
-579
-269
-436
-608
-588
-249
22
-229
-680
-853
-361
-170
-650
-1020
-762
-432
-701
-1111
-1103
-603
-324
-413
-620
-520
-126
-331
-509
-315
-294
-730
-757
-570
-354
-315
-508
-632
-894
-617
-880
-1055
-714
-110
-128
-621
-671
-283
-326
-546
-514
-565
-315
-344
-367
-501
-508
-270
-508
-636
-177
-87
-313
-346
-250
0
-17
-178
-144
-135
120
182
-71
-174
70
157
-169
-583
-344
-22
-143
-321
-34
97
-214
-532
-594
-36
209
-384
-628
-311
-265
-168
-275
-177
65
50
27
-84
-58
183
30
-285
291
275
-63
-5
214
439
27
17
71
124
81
-35
-74
67
111
76
5
-84
248
185
-259
-150
245
408
155
-64
-82
218
641
520
232
141
330
415
140
279
461
652
770
485
434
210
184
488
413
650
815
448
340
470
188
174
373
571
530
389
276
42
114
247
286
284
163
61
114
211
199
108
-30
-8
326
377
170
204
278
356
364
169
189
350
557
668
645
598
341
214
245
351
350
442
559
602
736
631
504
313
323
680
817
653
604
634
686
630
491
419
467
697
767
557
696
784
753
589
570
657
649
715
752
1018
1015
728
586
695
711
922
1043
808
869
947
673
691
926
902
709
757
805
764
859
674
648
590
849
1152
964
678
526
440
691
561
669
930
1166
974
684
808
861
938
642
654
871
843
666
841
881
661
401
484
703
889
957
580
414
628
