-341
-301
-265
-199
-190
-281
-251
-305
-249
-328
-430
-467
-651
-529
-593
-649
-582
-468
-451
-478
-445
-190
-261
-283
-111
-200
-82
-282
-293
-270
-409
-338
-267
-182
-307
-406
-405
-328
-396
-527
-282
-310
-499
-414
-363
-364
-319
-417
-332
-239
-242
-218
-215
-100
-145
-162
-116
33
13
-82
-104
-19
-75
-254
-131
-80
-98
-150
-247
-32
-118
-15
92
-1
-101
-126
-274
-115
-67
-114
-78
-219
-242
-336
-177
-301
-198
-259
-130
-71
-140
22
76
157
147
93
169
160
158
41
38
73
38
146
36
127
101
-4
12
17
32
-37
42
1
216
318
278
313
267
312
330
222
174
103
444
403
52
78
108
138
94
40
18
60
-28
156
39
48
165
119
170
217
89
78
162
102
29
17
125
-17
-44
23
-36
-121
-138
-15
-28
-36
8
-118
-122
-168
-159
-64
-38
-142
-195
-209
-204
-241
-278
-278
-351
-191
-269
-159
-311
-314
-321
-374
-137
-237
-215
-265
-224
-291
-269
-246
-298
-256
-207
-94
-55
-90
-89
-59
-292
-276
-223
-265
-223
-230
-159
-130
-139
-118
-116
-105
-62
39
-11
-73
-14
29
-132
-131
-33
-86
-158
-62
-13
-53
-43
-82
-127
-177
-7
-86
-47
43
128
-17
35
-107
-144
-53
-137
-157
-90
-111
-225
-24
3
111
-85
-180
-117
-94
-53
-92
-97
-1
-4
-93
-54
-140
-57
96
-3
-120
-45
-110
-12
27
4
-30
22
-48
-190
-119
-98
-53
-45
-3
121
-2
-21
-104
-133
-55
-69
-110
-197
-147
-37
35
-96
-145
-55
-51
48
10
-126
-41
-81
27
52
-76
-121
-73
32
-27
-94
-107
-117
-75
-117
-29
-61
-173
-114
-196
-217
-335
-311
-268
-272
-219
-400
-159
-281
-349
-238
-399
-186
-235
-242
-286
-419
-279
-546
-477
-366
-451
-479
-480
-316
-431
-485
-452
-304
-211
-231
-138
-148
-97
-214
-227
-233
-215
-183
-173
-201
-232
-151
-410
-381
-345
-485
-412
-320
-275
-278
-459
-271
-162
-280
-116
-278
-231
-250
-292
-208
-125
-37
52
-30
-94
23
-59
-126
-65
-27
-97
-190
-234
-63
-35
-113
-45
-94
74
79
68
69
-78
-62
111
-16
-53
-13
-147
-166
-335
-345
-167
63
-57
85
13
-44
168
131
171
212
181
116
56
143
70
117
217
217
218
81
48
266
242
260
198
193
157
129
119
194
232
173
159
201
315
195
63
73
371
303
270
95
196
311
120
118
73
233
89
56
100
163
229
136
286
378
280
163
201
204
133
175
164
175
-50
23
93
196
132
24
92
158
241
136
4
40
56
-20
24
-50
-160
-210
-135
-197
-214
-96
-148
-178
-197
-218
-246
-272
-231
-292
-292
-113
-72
-147
-102
-86
-126
-145
-110
-155
-212
-142
-64
-92
-19
-65
-126
-268
-235
-119
-60
32
-20
-17
68
0
-29
-1
-4
14
15
40
98
71
-19
-50
-53
-112
-202
-201
-206
-127
-39
-26
-75
-186
-163
-71
-229
-163
-45
-157
-56
-213
-124
-52
-236
-190
-136
-124
-298
-206
-176
-331
-336
-208
-99
-161
-175
-237
-275
-212
-239
-163
-153
-221
-175
-95
-188
-186
-68
-104
-179
-215
-264
-193
-126
-91
-199
-236
-195
-284
-159
-61
-133
-191
-142
-212
-215
-74
-132
-249
-331
-381
-301
-172
-164
-277
-232
-175
-121
-166
-247
-210
-190
-234
-251
-134
-149
-294
-214
-233
-121
-119
-278
-237
-286
-122
-153
-318
-253
-232
-245
-250
-462
-424
-183
-276
-360
-277
-151
-217
-248
-310
-333
-231
-234
-104
-220
-263
-235
-322
-457
-490
-607
-515
-391
-354
-417
-460
-219
-84
-136
-52
5
18
84
-123
-52
23
-54
-192
-122
-80
-221
-187
-148
-136
-388
-366
-177
-204
-97
-275
-329
-282
-206
-231
-244
-85
-109
-113
-41
-51
-92
71
19
-189
-73
34
7
-125
-177
-175
-123
-126
-65
-25
27
-14
-123
120
-20
-74
56
-38
-47
42
-77
64
113
-121
-17
-121
-3
-108
-93
-8
-114
-109
-88
25
-17
0
32
49
72
107
47
70
151
132
78
78
161
158
65
10
-57
25
-7
68
7
-94
-8
34
140
111
171
321
289
237
-54
91
334
425
278
14
126
71
104
128
37
246
255
179
130
175
236
142
330
262
268
281
201
120
181
268
231
324
351
280
240
116
227
206
8
10
20
65
-37
-78
-94
-148
-100
13
-3
-49
103
23
-70
-163
-77
0
-8
-100
-216
-192
-249
-190
-84
113
38
-58
-5
14
3
-79
82
6
-61
51
66
99
93
34
77
186
117
79
105
50
42
100
96
35
-15
-2
90
164
121
154
216
147
221
242
121
143
30
73
102
49
167
99
114
45
86
122
39
-22
39
122
122
142
34
126
212
-21
105
128
-56
-66
30
3
51
-84
-116
-65
4
-5
-86
-71
-118
-40
-93
-69
-89
-23
18
-23
8
67
-2
-45
-25
5
53
-13
65
-3
-57
-79
-104
-61
-14
-51
-46
58
-69
-121
-64
-157
-172
-189
12
144
64
-78
-119
49
81
53
-12
-41
-47
-68
-172
-13
81
-96
-58
-13
-85
-108
-139
-9
-113
33
78
-147
-130
-190
-28
-122
-230
-202
-244
-326
-237
-52
-256
-313
-347
-280
-282
-283
-280
-307
-345
-324
-319
-450
-356
-460
-406
-355
-332
-246
-184
-225
-85
-50
-186
-114
-26
-137
-111
-16
-224
16
-30
-48
-91
-249
-271
-262
-117
-201
-361
-330
-178
-218
-249
-233
-286
-346
-105
-182
-207
-105
-11
25
-115
-107
6
96
4
-75
2
3
-68
-13
-114
14
-3
-22
81
-34
60
80
-169
-162
-26
-32
-6
-124
-198
-79
-236
-13
15
-94
15
59
114
181
-12
-18
-109
22
238
220
187
60
150
-2
208
233
84
-16
59
-40
-100
-30
50
107
61
79
52
115
75
6
14
89
33
183
273
231
199
218
228
197
76
177
398
298
82
35
80
66
84
89
92
98
10
33
13
2
113
85
-43
-132
-109
-260
-137
-221
-228
-10
-142
-160
-10
-90
-35
-93
-19
7
-82
-59
-74
-59
-152
-90
-151
-194
-245
-911
-1875
-2295
-1595
-918
-1028
-1824
-2343
-2175
-1743
-1378
-1309
-1506
-1652
-1597
-1210
-821
-602
-588
-616
-436
-335
-419
-457
-282
124
422
215
-224
-565
-515
-363
-150
12
-259
-670
-751
-649
-453
-440
-600
-709
-658
-651
-718
-705
-446
-300
-136
-132
-172
-29
164
484
790
803
810
911
1109
1166
1356
1585
1393
1523
1716
1676
1566
1464
1708
2026
1985
1999
2151
2206
1936
1146
931
1398
1664
1223
270
-223
-94
121
-204
-498
-824
-1210
-1112
-1033
-1045
-1120
-1143
-1200
-1063
-818
-703
-765
-585
-79
393
431
249
234
557
937
1212
1227
999
778
819
892
1094
868
613
311
127
133
33
-35
-374
-410
-648
-751
-980
-951
-1134
-1214
-967
-968
-1236
-1439
-1434
-1181
-880
-1018
-1046
-1075
-993
-928
-854
-844
-940
-825
-846
-866
-959
-1022
-1219
-1287
-1071
-1065
-1229
-1361
-1381
-1124
-946
-967
-1068
-1093
-1063
-1017
-759
-729
-750
-606
-641
-642
-511
-391
-322
251
386
231
440
766
982
1063
1385
1642
1673
1496
1587
1661
1826
2211
2414
2105
1849
1858
2125
2470
2129
2067
2448
3020
2319
1040
947
1565
1725
836
96
-14
-231
-615
-431
-401
-823
-1456
-1725
-1591
-1512
-1268
-1171
-1305
-1250
-995
-785
-857
-674
179
606
445
412
584
573
703
1199
1575
1446
1048
999
1073
970
900
817
542
392
147
19
-323
-380
-144
-386
-553
-835
-757
-917
-1110
-838
-803
-921
-1016
-989
-933
-830
-619
-585
-687
-800
-920
-868
-714
-754
-613
-694
-815
-998
-1013
-1049
-893
-827
-914
-964
-1165
-1381
-1299
-920
-825
-1048
-1231
-1121
-1023
-987
-909
-749
-498
-553
-421
-377
-195
-51
107
357
418
533
466
570
787
932
1126
1271
1412
1472
1574
1719
2013
2136
1905
1934
2155
2372
2292
2312
2466
2661
2797
2894
2904
2900
2967
2871
2654
2358
2410
2494
2211
1729
1005
682
598
324
124
-332
-610
-1052
-1352
-1304
-1265
-1574
-1993
-2058
-1897
-1734
-1649
-1456
-1213
-1072
-918
-672
-425
-229
-23
257
649
766
692
713
598
821
936
828
587
286
317
199
163
102
-160
-360
-471
-580
-730
-909
-1041
-1126
-1172
-1145
-1339
-1470
-1510
-1249
-1277
-1189
-1347
-1282
-1305
-1317
-1124
-1205
-1108
-1228
-1343
-1285
-1280
-1288
-1359
-1387
-1408
-1478
-1663
-1644
-1717
-1584
-1545
-1557
-1550
-1695
-1590
-1421
-1388
-1419
-1355
-1240
-1207
-1070
-970
-966
-664
-526
-476
-308
-241
-260
-108
246
352
475
606
712
716
828
1071
1262
1195
1179
1332
1606
1683
1432
1678
1764
1768
1958
2004
2122
2307
2571
2862
2888
3010
2892
2754
2859
2973
3199
2807
2400
2067
1357
940
971
801
357
-115
-732
-1277
-1587
-1639
-1453
-1695
-2303
-2415
-2233
-2273
-1993
-1569
-1537
-1485
-1312
-1097
-986
-612
-24
303
401
281
539
591
736
1114
1231
1258
1081
965
809
731
688
515
322
-55
-403
-578
-884
-887
-803
-1076
-1258
-1484
-1675
-1689
-1747
-1627
-1514
-1675
-1819
-1813
-1911
-1646
-1445
-1515
-1707
-1787
-1705
-1598
-1596
-1493
-1620
-1579
-1641
-1778
-1816
-1698
-1525
-1423
-1478
-1756
-1795
-1692
-1444
-1438
-1398
-1478
-1236
-1162
-915
-674
-517
-413
-613
-318
-169
3
126
95
279
465
476
690
856
1031
953
1207
1860
1815
1481
1398
1662
2193
2149
1916
1936
2148
2239
2200
2597
2928
3102
2932
2741
3298
3758
3214
2869
3285
3720
3273
2408
1676
1325
1220
1337
1579
797
-868
-1748
-1047
-443
-906
-1735
-2179
-2249
-2340
-1969
-1667
-1707
-1498
-1168
-851
-690
-534
-128
543
954
1543
1566
1010
757
1257
2178
2185
1813
1602
1311
938
1059
1127
913
489
92
-70
-436
-738
-848
-727
-834
-1113
-1325
-1827
-1953
-1734
-1666
-1643
-1772
-2097
-2013
-2083
-1834
-1561
-1636
-1858
-1934
-1831
-1853
-1823
-1774
-1523
-1707
-1775
-1787
-2031
-1968
-1830
-1652
-1547
-1668
-1930
-1765
-1612
-1353
-1154
-1235
-1070
-979
-669
-392
-232
-127
-39
173
207
228
418
566
921
1038
955
1119
1165
1301
1221
1556
1635
1950
1960
1758
1825
1867
2056
1987
2262
2395
2559
2364
2416
3041
3364
3211
3229
3187
3339
3462
3132
3376
3442
2806
1557
571
1003
1912
1547
-60
-1309
-1233
-836
-1266
-1814
-1862
-1956
-2534
-2657
-2090
-1827
-1988
-1879
-1532
-1150
-912
-884
-609
40
746
1020
887
675
936
1460
1901
1934
1740
1502
1146
1082
1183
986
602
191
33
-180
-701
-969
-1017
-1066
-1331
-1867
-2321
-2167
-2315
-2478
-2708
-2663
-2450
-2571
-2732
-2586
-2284
-2275
-2201
-2167
-2128
-2119
-2042
-2024
-1756
-1699
-1730
-1841
-1838
-1625
-1556
-1195
-1286
-1181
-1053
-1177
-986
-765
-583
-663
-631
-499
-249
-201
-140
175
157
211
378
527
611
724
929
1113
1413
1446
1594
1618
1718
2007
1911
1796
1878
1790
1790
2112
2228
2053
2116
2273
2555
2930
2775
2647
2798
3269
3680
3832
3420
2903
2627
2652
2389
1593
984
1163
1465
665
-720
-1120
-872
-967
-1540
-1899
-2026
-2393
-2718
-2428
-1871
-1990
-2287
-2237
-1849
-1278
-881
-666
-274
-72
403
549
517
743
1220
1534
1449
1325
1137
973
630
764
955
460
-198
-546
-494
-858
-1441
-1538
-1471
-1699
-2232
-2529
-2607
-2719
-2661
-2751
-2697
-2519
-2701
-2679
-2548
-2108
-1926
-2111
-2057
-1909
-1755
-1624
-1536
-1273
-1138
-1053
-1018
-983
-788
-945
-985
-672
-337
-495
-618
-719
-337
-121
-113
-76
29
128
226
451
525
872
1011
1000
1169
1428
1579
1468
1564
1720
1898
2098
2190
2302
2331
2362
2309
2583
2954
2943
2728
2786
3053
3061
3201
3410
3423
3565
3673
3833
4295
4727
4363
3189
2593
2691
2011
1215
1803
2633
1123
-1463
-1756
-358
-260
-1636
-2243
-2055
-2414
-3122
-2855
-2120
-2298
-2829
-2656
-2132
-1829
-1617
-1263
-677
-264
132
65
-265
237
1050
1647
1553
1339
1287
894
682
1144
1453
903
73
-220
-223
-512
-1391
-1996
-1867
-1458
-1894
-3347
-3744
-3198
-2745
-2932
-3144
-3163
-3499
-3384
-2807
-2058
-1906
-2508
-2556
-1954
-1467
-1279
-1718
-1555
-946
-780
-891
-1246
-1018
-846
-840
-772
-715
-975
-1126
-921
-496
-110
-221
-545
-491
-74
117
195
183
257
550
630
529
741
1003
1304
1326
1346
1632
1674
1682
1989
2362
2275
1911
1928
2384
2630
2506
2236
2231
2576
3065
3123
3220
2998
3045
3424
3831
4336
4381
4481
4016
2907
2123
1766
1965
2563
2670
1211
-957
-1520
-402
67
-899
-2062
-2425
-2569
-3015
-2683
-2145
-2265
-2848
-2961
-2559
-2537
-2411
-1901
-1001
-430
-233
-579
-974
-676
168
1266
1255
1071
596
209
451
961
1019
522
-54
-182
-406
-1059
-1451
-1529
-1479
-1561
-1742
-2637
-3129
-3064
-2852
-2629
-2849
-3023
-3370
-3338
-2689
-2131
-2244
-2571
-2581
-2552
-2065
-1734
-1631
-1670
-1614
-1339
-1222
-1401
-1362
-1159
-806
-526
-523
-713
-1052
-804
-288
-10
-31
-253
-293
29
274
569
671
726
904
992
1098
1208
1467
1356
1564
1552
1668
1634
1808
2075
1931
1961
1805
2013
2106
2007
2076
2155
2302
2457
2690
2968
3252
3435
3516
3661
3796
4260
4985
5052
4276
3134
2241
1993
2511
3522
3382
1016
-1275
-936
488
442
-1098
-2114
-2168
-2596
-2697
-2231
-1806
-2096
-2677
-2274
-1994
-2077
-2356
-1681
-401
111
-93
-881
-1126
-393
734
1442
1376
1054
754
514
998
1641
1620
901
482
530
140
-317
-802
-979
-680
-948
-1865
-2435
-2554
-2298
-2081
-2204
-2559
-2860
-3206
-3024
-2311
-1900
-2198
-2571
-2406
-2160
-1916
-1943
-2020
-1981
-1706
-1599
-1671
-1686
-1743
-1321
-1080
-988
-987
-1188
-1333
-880
-365
-185
-272
-536
-375
-38
371
445
320
349
646
956
1108
1251
1183
1464
1628
1494
1584
1674
1766
1841
1914
1860
1848
1862
1799
1866
2035
2063
2084
2089
2204
2534
2690
2657
2690
2980
3426
3774
4335
4749
4285
2671
1600
1806
2968
3794
2856
689
-772
-612
523
666
-687
-1631
-2162
-2344
-2388
-2027
-1913
-2380
-2623
-2389
-2099
-2455
-2475
-1617
-649
-340
-472
-1149
-1266
-546
632
1403
1131
665
252
203
820
1410
1249
573
361
342
63
-332
-827
-1076
-936
-914
-1570
-2389
-2674
-2429
-2049
-1979
-2304
-2879
-3067
-2770
-2104
-1854
-2064
-2204
-2289
-2019
-1776
-1679
-1689
-1685
-1410
-1327
-1281
-1563
-1668
-1329
-1022
-956
-961
-1196
-1263
-845
-395
-175
-358
-606
-462
-42
38
-160
38
561
230
314
577
841
1032
1253
1477
1431
1715
1919
2095
2188
2152
2254
2368
2494
2230
2033
2204
2620
2857
2739
2483
2427
2777
3100
3158
3125
3408
3956
4316
4555
4509
3470
1968
931
1880
3569
3329
570
-1779
-1208
398
455
-1381
-2397
-2548
-2552
-2575
-2277
-2140
-2606
-2849
-2425
-1942
-2034
-2103
-1604
-498
449
468
-357
-943
-252
1062
1967
1777
1156
590
436
865
1424
1412
766
72
-206
-59
-100
-576
-826
-880
-1135
-1916
-2561
-2222
-2004
-2165
-2429
-2116
-2402
-2894
-3102
-2332
-1519
-1614
-2158
-2357
-1924
-1462
-1254
-1239
-1242
-1419
-1511
-1338
-1064
-1018
-1036
-1117
-1016
-860
-1101
-1263
-1116
-761
-449
-652
-882
-817
-343
41
173
339
430
470
727
1384
1748
1594
1529
1922
2383
2196
2047
2425
2715
2785
2687
2879
3174
3295
3076
3006
3133
2908
2603
2870
3383
3535
3397
3044
2700
2981
3722
3880
3860
4161
4088
2768
1020
732
2132
3543
2748
51
-1465
-673
368
173
-632
-1391
-2212
-2757
-2567
-1862
-1707
-2029
-2109
-2075
-2031
-2068
-2021
-1462
-534
135
62
-748
-1266
-650
642
1790
1517
460
-96
262
925
1031
760
295
-20
-452
-889
-792
-701
-1000
-1602
-2137
-1998
-2142
-2568
-2808
-2408
-1843
-2212
-3065
-3306
-2665
-1872
-1633
-1855
-2177
-2375
-2043
-1486
-1286
-1376
-1556
-1549
-1223
-1036
-1078
-1079
-1081
-1063
-991
-996
-1172
-1206
-1025
-791
-771
-878
-718
-801
-745
-84
149
-73
-240
-134
482
895
868
919
962
1115
1353
1727
2114
2335
2162
2163
2311
2421
2393
2576
2831
2525
2186
2476
3110
3142
2385
2159
2727
3594
3695
3121
2726
3128
3897
4386
4658
3999
2488
778
948
3045
4350
2199
-1023
-1513
324
1083
-169
-1320
-1803
-1966
-2183
-2025
-1945
-2207
-2427
-2305
-1845
-1876
-2381
-2502
-1523
-44
387
-668
-1690
-1459
-223
1050
1298
917
251
-288
-125
652
858
318
-40
-115
-411
-749
-887
-993
-1074
-1593
-2071
-2581
-2830
-2540
-2277
-2558
-3088
-3138
-3140
-3102
-2664
-2162
-2210
-2176
-2161
-1947
-1658
-1535
-1386
-1521
-1387
-1308
-1352
-1387
-1223
-1084
-1008
-1109
-1037
-1209
-1219
-950
-864
-656
-700
-804
-713
-642
-138
148
130
114
-42
245
544
936
1286
1237
1193
1191
1455
1784
1888
1891
2217
2468
2316
2206
2231
2666
2741
2744
2548
2433
2612
2791
2903
2993
3193
3125
3212
3205
3525
3994
4285
4517
4422
3569
1831
912
2020
4313
3869
739
-1318
-377
1256
695
-500
-1165
-1660
-2303
-2374
-1869
-1666
-2206
-2616
-2292
-2112
-2354
-2596
-2133
-970
-112
-328
-1301
-1727
-814
526
1398
1366
711
195
335
1056
1476
1471
961
538
158
177
149
-629
-1068
-897
-796
-1152
-1856
-2111
-2177
-1813
-1418
-1731
-2412
-2863
-2664
-1752
-1370
-1628
-2163
-2366
-1890
-1445
-1222
-1479
-1488
-1203
-1125
-1056
-1031
-1130
-977
-727
-566
-714
-1026
-1029
-674
-221
-225
-383
-622
-666
-230
231
414
247
346
425
632
895
1185
1301
1247
1224
1461
1933
1936
1843
1928
2148
2180
2234
2173
2115
2480
2656
2541
2257
2164
2335
2609
2876
3125
3079
2718
2915
3387
3795
4071
4211
4209
3900
2781
1326
1390
3172
4395
2465
-710
-1231
242
886
-118
-1036
-1541
-2251
-2791
-2514
-1607
-1822
-2630
-2559
-2314
-2198
-2585
-2623
-1657
-551
-118
-1030
-1765
-1430
-298
702
907
646
232
-180
74
795
1298
1052
64
-443
-74
206
-205
-922
-876
-700
-1245
-1830
-2162
-2234
-2159
-2096
-2114
-2415
-2900
-3212
-2726
-1846
-1674
-2332
-2839
-2562
-1970
-1685
-1778
-1846
-1703
-1495
-1458
-1418
-1291
-1369
-1276
-776
-664
-804
-1085
-908
-282
-189
-273
-452
-653
-368
166
458
380
269
253
427
816
1277
1251
1182
1085
1247
1800
1839
1732
1862
2065
2014
1857
1855
1980
2113
2359
2379
2384
2238
2139
2239
2515
2861
2794
2622
2615
2967
3421
3563
3690
3890
4038
3728
2411
779
1063
3646
4523
1757
-1465
-1271
928
1119
-246
-1115
-1627
-2556
-3045
-2183
-1632
-2172
-3061
-3111
-2859
-2692
-3083
-2901
-1686
-676
-514
-1687
-2324
-1595
-189
664
866
474
-26
-214
319
1362
1787
1072
88
-199
327
440
-244
-829
-903
-858
-1195
-1647
-2087
-2102
-1947
-1763
-2002
-2244
-2727
-3027
-2278
-1489
-1490
-2282
-2592
-2125
-1571
-1484
-1715
-1855
-1667
-1420
-1271
-1132
-973
-1205
-1115
-559
-396
-480
-738
-477
18
276
110
-305
-399
-71
607
1026
747
415
526
906
1220
1440
1209
1029
1238
1756
2144
2004
1820
1914
2327
2582
2478
2280
2174
2524
2952
3000
2653
2198
2617
2927
3114
3028
2875
3301
3399
3884
4007
4076
4274
4640
5097
4687
3041
1039
1698
4413
5156
1799
-1190
-453
1177
983
-464
-1153
-1736
-2518
-2659
-1955
-1631
-2557
-3251
-3038
-2468
-2597
-2965
-2784
-1817
-600
-637
-1607
-2176
-1303
-92
676
973
528
-70
-298
327
1262
1655
781
-230
11
456
357
-518
-1086
-1062
-741
-895
-1793
-2340
-2367
-1852
-1710
-1964
-2470
-3256
-3415
-2260
-1665
-1876
-2689
-3057
-2490
-1760
-1487
-1867
-1839
-1534
-1256
-1091
-1076
-1142
-982
-630
-354
-258
-696
-796
-512
27
344
99
-262
-404
-34
559
878
368
111
503
913
1102
979
908
936
1163
1434
1031
1290
1466
1728
1939
1812
1759
1722
2155
2324
2528
2361
2268
2294
2593
2653
2945
3186
3055
3035
3196
3632
3730
3948
4218
4592
4829
4653
3280
1301
1021
3742
5321
2489
-1452
-1616
695
1149
-360
-1440
-1781
-2644
-3339
-2697
-1792
-2238
-3179
-3185
-2609
-2648
-3020
-3040
-1933
-566
-509
-1475
-2472
-1577
95
933
1111
720
283
86
568
1830
2384
1238
260
457
1023
902
-18
-842
-878
-615
-814
-1503
-2249
-2472
-2078
-1752
-1926
-2438
-3311
-3752
-2999
-1934
-2145
-3041
-3426
-3024
-2308
-2005
-2292
-2454
-1992
-1716
-1634
-1534
-1442
-1295
-1023
-461
-359
-640
-910
-688
-84
281
113
-371
-475
-110
548
743
413
166
7
514
1080
1171
971
804
1056
1286
1472
1439
1495
1589
1625
1805
1983
2116
2064
2223
2409
2644
2416
2192
2261
2685
3132
3098
3044
2981
3188
3348
3930
4279
4113
4146
4681
4880
4359
3229
1283
1501
3958
5041
2154
-1408
-1200
1180
1313
-395
-1296
-1586
-2539
-2967
-2051
-1354
-2255
-3183
-2969
-2349
-2320
-2847
-2552
-1406
-401
-637
-1572
-1865
-897
272
917
1003
660
287
89
935
2067
2154
875
269
869
1421
1132
275
-472
-648
-97
210
-838
-2064
-2199
-1617
-1237
-1528
-2229
-3115
-3015
-1942
-1143
-1579
-2705
-2766
-2091
-1264
-1297
-1843
-1797
-1448
-1082
-910
-855
-1112
-1057
-581
-209
-125
-541
-823
-494
151
533
60
-496
-373
382
905
820
365
279
654
956
939
830
904
1041
969
1013
1314
1327
1399
1345
1504
1798
1766
1767
1947
2388
2558
2343
2185
2226
2432
2491
2623
2927
3103
3105
3152
3525
3914
4045
4231
4398
4681
4466
2803
997
1799
4337
4939
1578
-1448
-656
1259
1052
-615
-1340
-1803
-2725
-3013
-2248
-1814
-2584
-3335
-3106
-2484
-2700
-3104
-2809
-1560
-577
-830
-1854
-2194
-1090
104
703
852
618
34
132
966
1748
1952
1110
377
478
1085
995
255
-347
-546
-373
-678
-1431
-1731
-1425
-1431
-1913
-2347
-2493
-2850
-2922
-2458
-2003
-2390
-3079
-3040
-2228
-1784
-1929
-2242
-2223
-1735
-1604
-1326
-1247
-1192
-1305
-1249
-733
-586
-619
-641
-325
18
-46
-251
-194
-62
312
593
394
359
298
613
876
852
1004
878
712
840
1218
1534
1258
797
1040
1508
2049
1817
1306
1532
2058
2229
2175
1862
1665
1905
2347
2670
2619
2612
2536
2874
3471
3828
3608
3216
3766
4348
4256
3075
851
484
2948
4727
2027
-1718
-1779
178
807
-558
-1758
-2058
-2807
-3270
-2472
-1820
-2525
-3591
-3448
-2862
-2779
-3367
-3455
-2466
-1204
-1094
-2105
-2894
-2169
-799
57
378
183
-446
-695
216
1370
1564
894
98
-6
576
914
603
129
-147
-365
-890
-1385
-1338
-1298
-1450
-1860
-2233
-2614
-2932
-2854
-2376
-2087
-2489
-3281
-3260
-2601
-2127
-1971
-2295
-2526
-2313
-2099
-1589
-1409
-1204
-1442
-1382
-1127
-1030
-906
-769
-412
-210
-407
-606
-597
-460
199
556
622
50
-85
292
918
1146
905
713
768
867
1007
1302
1300
1297
1318
1378
1699
1927
1832
1900
2246
2537
2278
2180
2400
2795
2770
2527
2448
2750
3164
3166
3273
3605
3645
3457
3806
4520
4765
3655
1589
836
2657
5100
4048
-35
-1736
229
1636
551
-1068
-1581
-1920
-2757
-2462
-1605
-1951
-3060
-3318
-2711
-2506
-3087
-3406
-2607
-1252
-693
-1486
-2454
-2274
-918
271
465
148
-322
-561
-25
1025
1525
867
276
358
681
822
563
487
30
-62
-198
-911
-1624
-1399
-767
-1191
-2189
-2872
-2811
-2531
-2240
-1814
-2230
-3083
-3327
-2877
-2152
-1915
-2527
-2832
-2514
-2164
-1880
-1809
-1670
-1678
-1424
-1301
-1305
-1194
-1053
-753
-520
-483
-501
-692
-590
-168
367
486
96
-110
6
488
873
722
389
531
759
831
1089
1123
1161
1383
1257
1163
1181
1175
1513
1799
1826
1770
1544
1612
2097
2271
2252
2366
2360
2572
2751
2643
2904
3179
3136
3199
3473
3860
4020
3526
1930
464
1405
4095
3977
287
-1811
-323
1261
485
-1164
-1604
-1711
-2651
-2762
-2062
-2227
-3184
-3601
-3175
-2889
-3469
-3683
-3048
-1877
-1403
-2168
-2894
-2593
-1459
-547
-332
-298
-418
-570
-262
642
1295
879
221
297
581
631
635
471
216
-16
-222
-765
-1262
-1246
-1101
-1381
-1639
-2216
-2830
-2856
-2577
-2051
-2199
-2944
-3524
-3209
-2421
-2303
-2588
-2974
-3031
-2581
-2385
-2209
-2000
-2016
-2240
-2188
-2002
-1742
-1786
-1485
-810
-584
-819
-874
-766
-398
72
24
-30
-256
-92
394
645
608
379
262
542
661
735
1064
1063
979
1051
1349
1384
1349
1550
1710
1931
1592
1500
1783
2044
2135
2016
2133
2206
2363
2546
2801
2858
2925
2852
3002
3576
4006
3929
3633
2523
977
1157
3591
4629
1651
-1357
-732
1535
1320
-562
-1171
-1205
-2006
-2668
-2104
-1955
-2577
-3047
-2913
-2727
-3146
-3539
-3042
-1974
-1280
-1617
-2516
-2606
-1688
-547
-43
-137
-5
42
-20
682
1503
1390
716
640
1026
1099
1091
922
736
689
473
21
-564
-666
-393
-531
-1074
-1386
-1745
-2060
-2167
-1704
-1524
-2141
-2915
-2927
-2206
-1811
-2014
-2294
-2473
-2421
-2153
-1815
-1590
-1706
-1642
-1518
-1505
-1380
-1397
-1255
-811
-345
-539
-800
-651
-191
272
256
184
122
279
435
802
1040
984
692
673
1114
1309
1208
969
1310
1626
1495
1214
1040
1324
1863
1982
1607
1403
1362
1739
2091
2199
2122
1989
1998
2158
2507
2662
2810
2817
2937
3435
3944
4206
3998
2835
1149
1234
3307
4703
2444
-869
-727
1389
1601
-147
-1277
-1371
-1719
-2414
-2162
-1890
-2433
-3050
-3108
-2789
-3136
-3698
-3450
-2314
-1590
-1826
-2774
-3091
-2161
-798
-326
-460
-516
-515
-388
8
965
1158
609
467
758
909
873
844
708
665
540
-160
-569
-509
-195
-608
-1302
-1752
-1691
-1812
-2148
-2050
-1916
-2350
-3109
-3041
-2533
-2227
-2592
-2834
-2847
-2640
-2489
-2381
-2070
-1850
-1867
-1956
-1883
-1797
-1571
-1474
-1208
-888
-817
-891
-842
-393
60
72
-57
4
307
505
629
735
717
872
770
808
1193
1225
1199
1077
1046
1334
1206
1155
1484
1636
1569
1464
1505
1552
1726
1898
1681
1658
1852
2185
2116
1904
2201
2368
2461
2618
2925
3405
3669
3601
3045
2046
902
1520
3500
3625
912
-1383
-395
1276
743
-636
-1364
-1853
-2262
-2617
-2241
-2003
-2768
-3253
-3195
-3084
-3386
-3572
-2938
-2312
-1888
-2460
-3108
-2751
-1830
-962
-778
-1027
-1010
-884
-666
128
805
693
123
108
534
569
398
573
499
414
-127
-827
-956
-271
-79
-737
-1607
-1844
-1579
-1771
-1835
-1757
-1924
-2557
-2863
-2547
-2086
-2178
-2576
-2838
-2670
-2448
-2341
-2248
-2013
-1708
-1902
-2082
-2015
-1548
-1179
-1148
-981
-918
-966
-867
-481
1
69
246
233
272
369
526
908
1002
1075
1048
1039
1107
1316
1456
1494
1547
1457
1408
1374
1606
1863
1989
1825
1601
1541
1801
2136
2152
2177
2390
2410
2520
2681
2751
3136
3513
3552
3318
3554
4120
4237
4021
3207
2076
1621
3246
4615
2981
296
-79
1758
1986
382
-555
-611
-1078
-1802
-1943
-1618
-2134
-2752
-2735
-2627
-2943
-3299
-3248
-2385
-1862
-1954
-2714
-2989
-2162
-1150
-712
-932
-762
-591
-483
32
766
928
495
419
604
909
1028
867
716
721
821
174
-525
-560
-10
224
-501
-1396
-1696
-1650
-1700
-1446
-1581
-2223
-2845
-2827
-2278
-1966
-2341
-2845
-2745
-2465
-2364
-2516
-2394
-2024
-1915
-1935
-2062
-1873
-1553
-1191
-965
-822
-901
-878
-621
-197
294
370
177
189
411
644
1088
1221
981
873
955
1116
1100
1322
1519
1473
1198
1227
1377
1248
1548
1858
1966
1526
1354
1556
2104
2398
2026
1970
1979
2253
2421
2259
2353
2686
2829
2831
2846
3315
3557
3551
3145
2051
885
1968
4188
3709
902
-656
889
1977
682
-539
-629
-771
-1625
-1909
-1512
-1871
-2673
-2859
-2730
-2908
-3335
-3330
-2887
-2052
-1801
-2583
-3099
-2535
-1496
-853
-872
-738
-691
-641
-272
460
1040
781
553
604
885
1046
797
640
934
989
322
-571
-621
474
561
-781
-1538
-1393
-1150
-1518
-1818
-1795
-1987
-2400
-2646
-2359
-2023
-2441
-2880
-2896
-2698
-2758
-2964
-2700
-2251
-2179
-2550
-2664
-2161
-1732
-1453
-1496
-1376
-1030
-948
-733
-192
121
233
193
218
345
712
920
1071
1047
1181
1259
1065
931
1161
1466
1179
1199
1350
1622
1451
1469
1901
1895
1536
1583
1527
1717
1813
1569
1736
2121
2239
2277
2268
2395
2705
3031
2899
3082
3470
3616
3683
2999
2185
1723
2764
3918
3114
787
-90
1176
2025
797
-132
-541
-948
-1427
-1515
-1410
-1788
-2299
-2715
-2599
-2754
-3153
-3297
-2430
-1822
-1843
-2596
-3017
-2370
-1296
-643
-809
-998
-843
-608
-55
671
830
618
532
759
931
955
529
466
1095
1406
498
-567
-95
873
983
90
-521
-646
-790
-796
-807
-548
-1156
-2033
-2052
-1657
-1480
-2035
-2281
-2002
-1975
-2176
-2432
-2161
-1630
-1584
-1858
-1849
-1706
-1246
-941
-867
-534
-559
-633
-324
70
480
549
507
657
863
1023
1145
1140
1214
1476
1230
1108
1265
1568
1860
1640
1469
1478
1650
1714
1597
1804
1871
1566
1353
1464
1705
1747
1744
1961
1967
2091
2267
2277
2379
2749
2871
2828
3114
3492
3752
3689
3255
2171
1504
2762
4496
3211
295
-24
1956
2475
676
-583
-579
-712
-1365
-1480
-1232
-1852
-2633
-2765
-2639
-2916
-3357
-3391
-2673
-2026
-2346
-3161
-3428
-2493
-1399
-1043
-1287
-1389
-1138
-797
-74
432
383
181
293
579
810
620
383
898
1077
810
345
-308
-232
670
912
-167
-1242
-1075
-650
-744
-1011
-1201
-1736
-2222
-2084
-1907
-1820
-2251
-2721
-2558
-2281
-2362
-2542
-2528
-2178
-1884
-2102
-2366
-2051
-1536
-1198
-1060
-1126
-1024
-865
-564
-152
257
292
342
487
640
927
1316
1394
1267
1372
1519
1360
1361
1678
1862
1884
1467
1431
1575
1679
1771
1600
1693
1599
1415
1453
1672
2007
1876
1601
1765
2005
1981
1925
2254
2475
2240
2160
2568
3098
3265
3184
2919
2131
1231
1833
3651
3468
911
-494
902
1902
707
-663
-859
-893
-1568
-1966
-1811
-2095
-2745
-2945
-2692
-2875
-3394
-3494
-2823
-2314
-2457
-3118
-3564
-3128
-2105
-1515
-1764
-1759
-1494
-1353
-1082
-509
-324
-478
-310
-69
225
220
-155
5
610
874
155
-662
-681
237
666
-147
-965
-993
-893
-994
-1082
-1040
-1326
-1842
-2168
-1942
-1741
-1999
-2285
-2310
-2251
-2310
-2671
-2550
-2017
-1784
-2170
-2345
-2111
-1682
-1397
-1293
-1140
-940
-936
-824
-207
45
265
433
442
708
918
1324
1404
1560
1756
1766
1595
1596
1769
1868
1982
2014
1852
1704
1762
1844
2077
2005
1693
1437
1468
1674
1865
1951
1899
1888
2044
2257
2363
2380
2736
2867
2831
3046
3543
3757
3455
3208
2367
1702
2398
4131
3717
966
152
1633
2677
1342
-137
19
39
-552
-1015
-996
-1212
-1959
-2280
-2327
-2660
-3024
-3091
-2537
-2010
-2174
-2980
-3375
-2712
-1744
-1386
-1763
-1792
-1567
-1178
-764
-291
-109
-265
-182
36
133
142
-75
-134
477
800
99
-734
-492
383
592
-177
-807
-790
-531
-881
-1241
-1125
-1209
-1840
-2162
-1993
-1971
-2201
-2489
-2425
-2347
-2410
-2783
-2708
-2365
-2125
-2292
-2492
-2187
-1738
-1538
-1486
-1221
-1048
-933
-853
-436
-36
233
218
344
492
1021
1187
881
1166
1416
1568
1316
1331
1567
1656
1628
1552
1738
1806
1602
1427
1517
1586
1616
1584
1500
1480
1700
1758
1742
1784
1719
1827
1742
1947
2502
2588
2518
2707
3063
3326
3303
2965
1913
1275
2876
4649
2991
160
67
2247
2866
731
-440
-266
-188
-747
-1122
-912
-1466
-2147
-2292
-2255
-2534
-3153
-3246
-2573
-1783
-2266
-3330
-3818
-2741
-1505
-1486
-1953
-2094
-1585
-1169
-660
-207
-213
-503
-447
188
386
213
90
461
989
960
340
-511
-143
820
1098
-20
-1058
-882
-344
-491
-833
-1149
-1664
-2003
-2080
-1746
-1739
-2191
-2733
-2696
-2479
-2387
-2804
-2844
-2293
-2150
-2313
-2699
-2368
-1965
-1611
-1623
-1682
-1576
-1162
-770
-324
-18
134
299
380
700
1153
1394
1162
1279
1348
1651
1590
1465
1720
1781
1728
1477
1546
1626
1602
1551
1724
1735
1341
1303
1662
1691
1653
1866
1626
1625
1797
1948
2179
2269
2092
2264
2518
2787
3222
3127
3133
2971
2025
1207
2615
4189
3000
536
-19
1711
2406
1052
-88
-80
-308
-797
-1182
-1030
-1133
-1643
-1966
-2276
-2426
-2882
-2805
-2102
-1798
-2016
-2891
-3097
-2461
-1430
-1258
-1732
-1625
-1300
-857
-660
-216
-96
-24
-35
-53
300
693
576
196
617
776
163
-354
139
889
579
-512
-875
-227
152
-293
-790
-753
-826
-1320
-1429
-1032
-1043
-1577
-2049
-1903
-1779
-1954
-2146
-2176
-1634
-1766
-2072
-2020
-1737
-1075
-1130
-1294
-1113
-807
-702
-380
-267
0
113
236
438
655
1142
1091
1183
1384
1456
1514
1505
1607
1828
1868
1727
1547
1707
1975
1877
1680
1669
1938
1728
1525
1607
1757
2023
1907
1648
1623
1894
2143
2138
2149
2426
2719
2787
2736
2893
3010
2493
1237
1045
2835
3972
2222
-279
-69
2098
2168
370
-594
-275
-181
-753
-1046
-1132
-1354
-1855
-2067
-2103
-2369
-2780
-2863
-2350
-1815
-2104
-3117
-3467
-2393
-1392
-1532
-2036
-2024
-1592
-1178
-1016
-675
-695
-711
-775
-373
13
47
-3
-263
216
456
33
-455
-300
721
691
-432
-913
-546
36
-356
-775
-1076
-1280
-1428
-1543
-1354
-1317
-1714
-2135
-2094
-1905
-1946
-2254
-2165
-2029
-1874
-2136
-2381
-1965
-1481
-1366
-1540
-1393
-1254
-1044
-764
-528
-332
-215
-109
16
560
1010
998
898
803
1317
1567
1428
1662
1699
1909
1654
1652
1836
1993
1944
1759
1857
1873
1709
1654
1792
1957
1940
1827
1619
1706
2016
2259
2296
2410
2583
2522
2840
2960
2980
2875
2043
1121
1479
3050
3630
1570
-432
437
2137
1694
-232
-738
-295
-352
-1028
-1424
-1502
-1753
-2138
-2309
-2372
-2908
-3180
-2814
-2278
-2236
-2719
-3348
-3252
-2288
-1485
-1845
-2141
-2111
-1653
-1493
-1176
-820
-966
-1075
-926
-401
-473
-351
-374
-453
-32
59
-385
-911
-498
468
276
-665
-1101
-1024
-530
-334
-569
-964
-1245
-1359
-1254
-1021
-1277
-1722
-2018
-1939
-1787
-1771
-2055
-2192
-1875
-1965
-2208
-2353
-2042
-1597
-1452
-1562
-1576
-1524
-1238
-716
-514
-387
-260
-204
-25
279
780
875
746
819
1149
1317
1531
1690
1743
1836
1970
1994
2025
2064
2057
2164
2173
2217
2105
1971
2149
2234
1995
1948
1998
2180
2183
2135
2194
2351
2463
2412
2461
2742
2956
3081
2507
1201
922
2692
4085
2037
-483
-12
2144
2088
151
-560
-88
-118
-761
-915
-868
-1273
-1626
-1678
-1841
-2158
-2540
-2472
-1893
-1618
-2134
-3144
-3292
-2197
-1456
-1764
-2222
-2172
-1768
-1568
-1327
-948
-1005
-1230
-1175
-769
-643
-664
-558
-326
-10
-249
-835
-966
-52
562
-264
-1140
-1124
-498
-204
-564
-989
-1062
-1060
-1298
-1297
-1197
-1264
-1666
-2074
-2048
-1972
-2115
-2323
-2074
-1824
-2046
-2315
-2286
-1887
-1562
-1544
-1643
-1684
-1626
-1258
-773
-710
-579
-414
-468
-225
108
487
376
548
907
1011
978
1138
1420
1757
1812
1528
1541
1757
1988
2030
1931
1928
1959
1888
1765
1972
2027
1808
1841
1918
1940
1982
2000
2045
2391
2684
2711
2543
2470
2696
2850
2028
764
1196
3255
3463
511
-897
946
2430
1327
-453
-697
-313
-424
-868
-1030
-1257
-1472
-1566
-1704
-1943
-2319
-2529
-2325
-1938
-1667
-2331
-3221
-2896
-1835
-1340
-1829
-2351
-2032
-1640
-1439
-1184
-968
-976
-1075
-870
-755
-501
-461
-330
-249
-170
-441
-713
-282
325
299
-320
-661
-397
-90
-286
-532
-660
-560
-764
-1102
-1078
-798
-861
-1294
-1567
-1545
-1693
-1857
-1951
-1764
-1716
-2083
-2120
-1891
-1662
-1601
-1526
-1713
-1600
-1578
-1283
-951
-978
-750
-753
-627
-302
-59
50
265
636
626
527
1005
1398
1717
1847
1651
1599
1756
1919
1997
2047
2125
2034
2051
1963
2026
2118
2232
2173
1854
1951
2007
2191
2130
2226
2249
2283
2394
2387
2506
2617
1587
19
852
3291
3272
-16
-1504
786
2473
830
-1007
-877
-263
-495
-868
-994
-1402
-1583
-1525
-1603
-2063
-2235
-2414
-2138
-1549
-1715
-2415
-3238
-2781
-1617
-1358
-2131
-2479
-1926
-1730
-1712
-1442
-1235
-1445
-1074
-960
-930
-1051
-969
-416
-212
-119
-529
-777
-406
180
410
-244
-637
-261
-38
-95
-204
-202
-284
-450
-551
-557
-453
-390
-653
-873
-870
-741
-974
-1171
-1058
-1005
-1129
-1249
-1268
-1044
-988
-1235
-1175
-1065
-981
-754
-574
-347
-387
-254
147
200
296
615
865
960
958
1031
1344
1565
1704
1728
1573
1795
1967
2035
2022
2090
2322
2399
2304
2255
2359
2338
2291
2167
2385
2466
2411
2289
2495
2677
2636
2629
2465
2600
2749
2651
1129
293
2229
3672
1884
-934
-689
1760
1735
-68
-981
-531
-446
-1092
-1291
-1238
-1481
-1584
-1599
-1921
-2373
-2567
-2280
-1773
-1524
-2170
-3027
-3126
-2233
-1548
-1970
-2521
-2312
-1890
-1920
-1856
-1551
-1494
-1611
-1416
-1233
-1376
-1300
-994
-777
-741
-923
-1166
-1130
-448
-63
-456
-875
-873
-501
-413
-667
-662
-440
-733
-843
-868
-800
-721
-729
-1002
-1274
-1229
-1196
-1261
-1211
-1114
-1397
-1712
-1481
-1101
-996
-1053
-1219
-1175
-1097
-1056
-895
-709
-588
-432
-323
-357
-200
152
453
588
540
678
930
1055
1194
1393
1468
1560
1510
1767
2044
2300
2155
2011
2156
2359
2435
2352
2394
2553
2657
2540
2677
2709
2851
2919
2970
3075
2915
2898
3218
2994
1574
791
2329
3978
2109
-744
-602
1670
2057
-25
-1042
-668
-508
-1152
-1437
-1414
-1946
-1956
-1715
-1972
-2532
-2700
-2397
-1850
-1780
-2188
-2785
-2911
-2000
-1540
-1911
-2333
-2142
-1864
-1923
-1823
-1552
-1458
-1662
-1715
-1365
-1243
-1331
-816
-492
-515
-839
-1192
-1045
-465
-157
-600
-1122
-919
-484
-556
-920
-704
-749
-763
-908
-827
-491
-514
-560
-802
-951
-832
-806
-932
-674
-701
-959
-1072
-850
-588
-413
-632
-650
-500
-481
-447
-424
-73
-20
12
-75
42
437
660
798
777
729
960
1215
1183
1232
1542
1793
1811
1692
1838
2195
2220
2424
2286
2187
2257
2422
2622
2753
2881
2869
2963
3089
3181
3159
3287
3336
3380
3322
3490
3669
2378
1080
1789
4217
3933
474
-888
1329
2855
1147
-587
-348
210
-366
-706
-624
-1057
-1348
-1285
-1222
-1660
-2113
-1881
-1493
-1233
-1368
-2169
-2738
-2157
-1133
-919
-1591
-1887
-1461
-1097
-886
-748
-1046
-962
-748
-833
-889
-992
-821
-480
-353
-447
-751
-1066
-784
52
21
-642
-1020
-620
-91
-236
-383
-240
-226
-472
-456
-527
-422
-385
-428
-539
-733
-597
-611
-490
-352
-489
-886
-1160
-928
-601
-357
-355
-525
-566
-415
-276
-223
-135
-103
19
108
80
361
851
869
526
554
859
1070
1198
1348
1303
1524
1483
1500
1708
1893
2073
2196
2248
2256
2277
2150
2453
2787
2693
2507
2639
2914
2968
2926
2902
2956
3080
3118
2630
1617
1218
2553
4164
2404
-414
-432
1787
2208
158
-873
-482
-140
-892
-1196
-906
-1236
-1737
-1567
-2002
-2563
-2517
-2185
-1709
-1749
-2173
-2726
-2833
-2037
-1317
-1790
-2450
-2285
-1826
-1625
-1658
-1513
-1336
-1437
-1510
-1315
-1248
-1168
-933
-945
-824
-845
-1222
-1329
-837
-41
-249
-1234
-1319
-729
-284
-788
-881
-504
-385
-837
-920
-452
-214
-425
-933
-970
-811
-736
-619
-538
-617
-673
-899
-828
-498
-348
-302
-388
-461
-272
-155
-1
216
233
203
284
307
501
761
840
673
712
995
1032
1267
1306
1446
1463
1462
1511
1597
1483
1485
1537
1642
1753
1728
1790
1695
1963
2065
1893
1873
2115
2460
2534
2680
2774
2903
2614
1312
494
2084
3712
2298
-517
-566
1728
1874
155
-983
-350
-160
-890
-1161
-1173
-1403
-1512
-1444
-1917
-2495
-2541
-2154
-1698
-1686
-2124
-2761
-3016
-2211
-1546
-1983
-2452
-2181
-1754
-1926
-1811
-1463
-1270
-1235
-1414
-1181
-1341
-1194
-708
-509
-520
-901
-883
-958
-674
-189
-405
-897
-864
-544
-342
-523
-478
-325
-699
-803
-814
-585
-544
-508
-545
-828
-937
-551
-565
-626
-556
-565
-712
-617
-382
-429
-399
-194
-153
-216
-179
-38
394
538
508
562
673
858
1040
1308
1477
1614
1575
1465
1637
1877
2181
2025
1799
1903
2071
2208
2157
2287
2411
2299
2273
2430
2601
2671
2746
3055
2763
2788
2836
2831
2998
3185
2953
1406
830
2425
3849
2259
-447
-117
2122
2061
-50
-586
115
138
-553
-789
-840
-1249
-1117
-971
-1367
-2058
-2255
-1622
-1430
-1615
-1994
-2629
-2698
-1927
-1449
-2004
-2460
-2018
-1662
-1958
-1961
-1335
-1191
-1505
-1529
-1271
-1225
-1230
-810
-636
-897
-1042
-745
-660
-393
-134
-461
-821
-609
-391
-461
-644
-433
-160
-446
-738
-649
-498
-532
-643
-861
-970
-794
-817
-811
-740
-668
-724
-790
-695
-565
-444
-501
-352
-219
-265
-293
-56
202
236
363
534
670
816
950
1126
1116
1126
1303
1565
1593
1780
1826
1892
1751
1813
2067
2052
2005
2039
2224
1999
2024
2207
2452
2351
2198
2220
2307
2325
2288
2279
2390
2302
1268
507
1280
2990
2176
-520
-956
1117
1891
20
-1110
-388
-12
-658
-987
-894
-1225
-1394
-1090
-1109
-1852
-2286
-1605
-1112
-1050
-1611
-2305
-2257
-1910
-1410
-1677
-1883
-1711
-1893
-1954
-1777
-1308
-1404
-1818
-1684
-1364
-1460
-1518
-1186
-933
-939
-1218
-1446
-1331
-968
-638
-963
-1269
-1125
-681
-670
-997
-805
-558
-625
-1068
-1230
-794
-642
-729
-880
-1136
-1320
-1075
-831
-874
-1060
-1155
-969
-905
-732
-541
-450
-310
-288
-353
-406
-296
29
166
300
366
249
337
540
940
817
765
917
1034
1186
1321
1397
1490
1606
1660
1746
1761
1827
2126
2223
2022
2123
2319
2430
2493
2450
2561
2787
2591
2467
2495
2608
2239
1284
1035
1912
2871
1532
-583
144
1975
1663
-109
-793
-109
-151
-756
-946
-918
-1180
-1328
-1064
-1253
-1822
-2093
-1654
-1076
-1133
-1613
-2084
-1839
-1064
-943
-1335
-1543
-1327
-1366
-1371
-1038
-664
-850
-1241
-1018
-920
-998
-1081
-960
-706
-613
-847
-1146
-877
-346
-150
-572
-973
-809
-360
-494
-735
-556
-138
-326
-840
-779
-610
-478
-599
-843
-817
-641
-565
-544
-344
-239
-362
-591
-392
-78
-44
-212
-171
26
-42
-37
122
272
427
615
504
442
674
790
950
841
1136
1105
1105
1275
1337
1507
1431
1396
1433
1578
1553
1671
1662
1728
1830
1866
1739
1892
2152
2047
2049
2157
2437
2513
2374
2388
2320
1686
1002
1551
2822
2156
7
-485
1066
1829
293
-1021
-534
-99
-573
-1361
-1232
-1443
-1614
-1555
-1608
-2096
-2607
-2227
-1667
-1544
-2012
-2392
-2368
-1887
-1264
-1390
-1954
-2046
-1595
-1230
-1410
-1560
-1298
-1061
-1132
-959
-1004
-967
-754
-598
-385
-645
-1084
-979
-411
-151
-219
-642
-793
-281
-277
-596
-639
-557
-311
-594
-1100
-927
-665
-531
-650
-822
-839
-862
-661
-520
-516
-678
-956
-847
-487
-432
-642
-373
62
46
29
94
279
368
433
538
482
541
632
824
890
818
839
979
1109
1253
1135
1223
1536
1526
1420
1265
1578
1664
1665
1734
1668
1677
1695
1770
1937
1960
1918
1954
1961
2047
1965
2185
2119
1527
1067
1432
2291
1801
301
-86
1036
1353
203
-666
-310
-110
-736
-1138
-915
-946
-1499
-1561
-1510
-1881
-2355
-2524
-2089
-2017
-2431
-2801
-2819
-2434
-2436
-2288
-2365
-2370
-2303
-2043
-1768
-1793
-1532
-1458
-1514
-1379
-1400
-1416
-1107
-812
-751
-911
-900
-733
-612
-496
-507
-693
-659
-294
-350
-339
-525
-486
-527
-750
-668
-563
-568
-491
-573
-611
-628
-562
-579
-555
-632
-733
-588
-621
-479
-524
-560
-435
-304
-257
-97
-62
32
200
258
459
743
500
652
934
869
958
1076
1296
1387
1172
1024
1441
1558
1381
1463
1433
1733
1675
1497
1683
1667
1511
1534
1845
1936
1881
1727
1810
1941
2031
1925
1791
1740
1748
1325
998
1140
1627
1405
477
224
705
1127
587
134
244
356
-105
-360
-343
-432
-659
-796
-808
-1098
-1399
-1466
-1238
-1232
-1416
-1681
-1811
-1708
-1704
-1490
-1443
-1604
-1430
-1296
-1231
-1130
-1151
-939
-1082
-1053
-702
-566
-621
-540
-212
-28
-203
-162
37
133
257
250
272
157
184
194
343
386
114
-43
-101
-76
-165
-117
-192
-420
-348
-485
-506
-484
-458
-423
-564
-631
-546
-462
-409
-455
-303
-294
-284
-187
-149
96
68
103
276
334
275
472
646
577
542
714
954
913
748
915
931
986
1126
1045
978
1081
1142
1102
1128
1108
1112
1069
1047
1178
1245
1090
993
1042
1260
1107
829
866
1072
826
765
676
466
604
625
645
380
243
144
88
-23
-78
-171
-284
-546
-651
-631
-814
-1065
-1025
-998
-928
-1024
-1219
-1260
-1225
-1070
-1257
-1388
-1454
-1311
-1184
-1094
-1120
-1079
-1042
-990
-802
-673
-808
-770
-567
-468
-416
-622
-534
-305
-303
-251
-348
-154
-47
-92
-190
35
164
25
136
-40
114
214
86
63
87
323
104
-77
-27
-126
-78
-226
-335
-118
-215
-326
-342
-279
-225
-362
-468
-342
-346
-427
-228
-319
-368
-249
-86
-41
-42
-14
79
382
365
332
294
299
478
507
527
455
528
555
481
551
558
401
571
597
463
551
685
609
592
763
707
666
607
543
501
477
447
423
463
254
121
128
148
15
-181
57
86
-24
-73
-101
-136
-11
-47
-218
-130
-163
-251
-180
-141
-191
-144
-259
-184
-70
-311
-292
-100
-279
-345
-395
-380
-457
-315
-145
-439
-432
-238
-155
-262
-193
-269
-284
-278
-333
-128
-221
-348
-266
-201
-134
-53
-77
26
173
61
22
74
229
284
282
301
294
356
217
251
215
195
188
173
298
73
85
210
103
71
-3
43
288
178
94
242
251
250
222
254
175
299
117
237
635
719
497
407
565
516
528
445
445
631
748
681
714
770
802
812
723
804
774
842
662
697
760
688
749
701
644
577
662
656
582
636
449
434
332
286
454
277
193
81
122
104
37
-15
-63
61
-50
-76
12
-104
-117
-177
-58
-11
-200
-130
-6
117
151
56
27
-64
20
-68
-64
-60
-88
-84
-160
-100
-135
-281
-251
-203
-253
-151
-297
-272
-288
-293
-430
-375
-370
-377
-400
-280
-129
-243
-203
-159
-177
-83
-52
-145
-124
-178
-196
-62
4
-174
-67
-65
12
66
38
-40
-48
-26
19
55
91
70
-32
14
-108
-88
79
105
145
4
40
-199
3
76
16
125
22
68
119
227
245
257
234
274
315
279
311
366
371
396
442
378
462
437
333
450
401
431
342
370
251
392
404
192
253
263
219
228
116
109
180
287
206
54
85
140
222
110
107
-42
-68
110
67
30
-19
24
126
53
78
57
82
110
140
112
117
45
-5
178
137
-56
-192
30
-30
-134
-125
-142
-135
-150
-212
-224
-183
-430
-428
-312
-534
-661
-649
-791
-750
-740
-967
-802
-745
-891
-819
-673
-581
-436
-494
-470
-300
-228
-152
-277
-305
-265
-188
-60
-130
-139
-22
-46
-72
-96
-383
-315
36
83
-115
-264
-370
-182
-103
-145
-185
-20
149
67
89
-7
-31
66
144
87
34
135
333
232
192
285
171
222
240
209
339
231
382
377
389
571
516
458
320
548
505
419
254
250
359
306
433
273
365
457
313
267
320
246
267
263
218
270
224
170
111
165
275
184
182
158
235
201
16
163
137
85
98
125
185
196
288
271
174
213
296
404
291
152
44
119
281
93
-69
-79
-19
-91
-210
-250
-344
-232
-229
-274
-315
-350
-301
-269
-183
-192
-169
-247
-226
-226
-256
-297
-313
-203
-210
-268
-228
-84
-106
-96
-139
-74
6
-10
54
58
83
183
242
190
116
186
107
98
183
115
107
45
-19
45
65
-126
-156
-147
-63
69
149
119
30
61
-19
-48
-80
-23
54
16
139
196
148
210
103
72
198
197
235
242
286
188
144
158
121
128
149
146
75
-84
-151
-104
-195
-197
-34
-17
-73
-97
-133
-159
-212
-107
-127
-258
-237
-248
-268
-95
-159
-351
-299
-225
-88
-5
-62
-173
-162
-241
-203
-26
38
80
-72
-120
-3
-2
-59
18
-117
-141
-27
-208
-151
-83
-181
-300
-296
-265
-359
-469
-506
-469
-495
-525
-460
-427
-521
-494
-465
-356
-360
-324
-370
-308
-254
-305
-194
-77
-168
-92
-215
-101
57
207
124
74
216
203
194
108
201
211
203
149
170
93
37
-48
-113
-134
-141
-112
-89
18
26
-7
20
-56
-79
-226
-313
-317
-414
-309
-312
-335
-308
-337
-242
-293
-208
-295
-271
-138
-175
-173
-138
-191
-297
-227
-20
-76
-151
-76
-178
-175
-342
-186
77
15
-92
15
-142
-297
-350
-500
-507
-498
-537
-551
-631
-594
-666
-823
-574
-632
-1001
-752
-475
-442
-476
-409
-443
-341
-128
-264
-220
-201
-249
-124
-270
-205
-145
-60
-23
-41
-45
-128
4
-173
-295
-397
-243
-383
-281
-225
-471
-278
-163
-290
-146
-64
-343
-182
-133
-65
-149
-179
-112
34
87
62
237
230
324
357
441
435
521
554
588
696
572
662
750
724
652
662
664
634
501
516
515
398
361
402
468
442
278
244
318
371
339
364
289
430
455
357
193
136
219
392
605
323
391
411
551
425
366
472
411
509
576
565
511
522
590
547
549
611
455
428
416
344
324
187
169
261
240
187
107
57
-28
-125
-302
-259
-208
-348
-356
-353
-419
-278
-279
-387
-318
-297
-441
-374
-306
-329
-282
-264
-124
-183
-213
-178
-141
-89
-52
-57
-112
-156
-82
-103
-77
-141
-248
-189
-257
-223
-135
-177
-207
-203
-342
-249
-281
-310
-248
-186
-245
-204
-159
-231
-149
-154
26
56
-44
71
111
136
116
139
203
276
242
328
352
281
288
223
166
194
104
126
146
288
231
104
83
27
-25
-64
-7
-61
-154
-266
-47
-113
-106
-270
-203
-60
-50
-19
-80
-77
-200
-109
-77
-28
57
87
152
71
122
150
91
142
104
93
126
39
-53
33
17
32
-76
-148
-144
-181
-284
-338
-304
-436
-430
-501
-486
-533
-617
-606
-441
-484
-717
-592
-542
-501
-475
-512
-463
-390
-551
-439
-513
-567
-426
-471
-451
-398
-366
-297
-399
-271
-359
-349
-169
-181
-187
-138
-100
-305
-275
-386
-424
-395
-315
-364
-337
-340
-330
-325
-354
-327
-418
-451
-457
-379
-460
-550
-527
-491
-564
-306
-358
-326
-353
-207
-20
-9
15
138
7
43
43
40
69
24
227
167
89
39
-173
-285
-162
-308
-276
-118
-27
-204
-236
-83
-241
-143
-172
-117
-105
-204
-62
-81
-12
-172
-108
-83
-157
-260
-179
-72
-4
97
-22
81
74
91
57
99
61
-2
-56
-29
173
-33
32
-39
60
128
59
-40
-28
-123
-237
-135
-64
-111
-271
-65
-127
-100
-254
-184
-150
-173
-246
-231
-321
-338
-331
-148
-129
-221
-189
-196
-149
-101
11
-71
18
-14
161
122
100
276
243
358
571
576
545
595
589
405
507
612
529
215
213
473
430
227
39
170
242
69
202
243
339
389
370
361
386
401
396
321
164
280
365
362
239
259
340
341
399
351
394
391
318
205
315
114
154
343
217
221
144
138
156
136
120
127
-14
21
20
31
72
29
5
-95
-160
-60
46
-7
-77
-112
-89
-170
-165
-184
-158
-185
-203
-87
-23
-84
-219
-142
-79
-134
-165
-110
-144
-44
-84
4
-79
-140
-98
-229
-140
-222
-168
-247
-209
-156
-123
-95
-303
-185
-297
-295
-256
-291
-301
-280
-209
-174
-339
-281
-302
-328
-444
-305
-253
-385
-217
-236
-234
-270
-173
-31
4
62
42
176
122
137
179
102
86
168
305
234
229
237
200
180
188
261
157
90
88
75
31
198
222
47
92
147
93
82
59
3
-112
-163
-105
-6
-36
96
90
136
119
216
188
400
455
283
262
225
449
365
310
256
121
132
184
4
94
76
113
119
61
162
113
20
-19
-140
-87
-102
-251
-209
-174
-207
-376
-462
-392
-343
-384
-353
-434
-381
-268
-375
-424
-346
-393
-406
-380
-427
-394
-382
-459
-419
-629
-485
-478
-508
-307
-429
-457
-347
-320
-324
-226
-319
-333
-268
-364
-503
-403
-321
-452
-472
-487
-442
-550
-552
-495
-491
-453
-344
-266
-195
-324
-160
-89
-82
-120
40
126
156
197
169
225
220
302
303
436
354
405
303
269
370
319
230
211
279
207
194
233
267
308
447
227
166
266
178
124
155
140
250
205
259
196
243
377
389
487
542
574
644
760
858
850
723
756
764
588
586
633
613
782
643
628
640
554
578
466
383
455
361
265
340
345
494
343
391
396
333
389
312
331
200
369
523
500
266
156
290
239
246
242
343
556
444
457
457
516
581
466
561
622
492
528
344
300
373
176
297
330
210
218
205
321
205
94
194
190
183
259
226
105
232
279
255
326
325
380
503
453
404
422
369
325
381
453
380
389
456
319
430
505
529
393
416
421
369
291
262
269
266
278
333
312
222
203
150
191
220
286
207
313
266
278
53
41
116
140
213
197
183
156
249
89
172
282
409
323
395
362
365
305
276
439
312
372
306
318
277
488
332
190
349
307
216
194
56
-21
-185
-251
-214
-168
-225
-256
-47
-127
-47
-88
-179
-192
-54
-211
-124
5
6
155
65
10
155
208
169
109
179
147
179
123
79
96
73
150
110
236
179
143
126
91
179
205
144
87
134
117
99
83
189
289
202
-13
51
222
272
74
127
214
96
199
418
433
372
303
431
467
246
241
201
327
215
261
330
376
291
225
222
44
-6
-73
-81
-138
-32
0
-23
38
14
-15
-80
-143
-117
-196
-145
-261
-347
-361
-213
-321
-315
-319
-311
-217
-249
8
67
132
64
107
128
234
119
59
184
171
183
146
195
106
132
108
151
-13
-202
-116
-124
-127
-105
-112
-136
-208
-245
-198
-105
-175
-163
-37
-69
-245
-207
-143
-116
-76
-50
-15
-59
-101
-57
63
175
241
107
126
148
93
109
217
274
102
63
159
237
218
185
350
448
239
145
165
261
226
231
255
371
464
329
357
534
387
309
432
454
411
389
419
447
564
465
420
287
560
513
424
387
415
457
424
488
420
567
718
822
744
772
947
976
724
626
648
915
621
394
387
432
496
367
265
334
282
374
376
371
439
464
613
545
517
499
431
448
545
448
472
567
448
455
547
511
437
406
423
368
342
331
281
307
284
253
306
262
26
56
-15
-47
-107
-174
-192
-143
-146
-289
-235
-224
-310
-271
-221
-169
-134
-84
-94
-104
-134
-166
-120
-215
-323
-177
-192
99
99
-15
124
95
168
118
157
226
135
181
230
149
222
138
223
94
-7
93
113
137
174
253
152
170
57
59
170
192
118
6
53
-16
-49
57
81
-64
-33
30
44
8
78
13
106
121
130
141
-14
68
105
18
19
70
121
99
-106
-15
1
-80
-68
-84
-44
-41
64
-42
-20
-54
-107
-68
-223
-298
-204
-174
-235
-259
-202
-121
-166
-279
-260
-249
-128
-76
-201
-101
-164
-197
-89
-47
-205
-197
-132
-73
-146
-268
-211
-264
-137
-155
-159
-191
-204
-141
-221
-154
-136
-184
-157
-340
-337
-76
-294
-306
-145
-279
-306
-305
-239
-167
-219
-210
-414
-362
-104
-124
-229
-151
-84
-179
-212
-242
-108
-149
-212
-121
-164
-138
-376
-222
-121
-201
-190
-206
-80
-7
-126
-343
-174
-93
-52
-33
125
159
143
22
-29
-27
-22
15
107
113
0
-35
-87
-100
-34
-312
-67
147
36
118
5
100
170
44
122
177
277
343
161
329
258
202
348
282
289
172
268
306
200
198
269
258
44
212
223
223
210
211
309
215
-72
-4
120
-52
103
15
-90
-104
-16
-22
-61
4
-80
-96
98
40
131
102
132
183
213
291
261
339
190
64
140
263
179
146
200
130
-8
97
11
-64
-2
29
99
150
74
61
178
224
233
297
405
222
182
224
463
444
333
190
291
445
283
325
390
481
490
482
583
698
598
610
666
541
571
512
475
500
388
537
479
446
438
435
480
406
308
188
206
195
167
255
239
167
173
176
119
36
-30
11
149
107
-14
-5
-29
93
-1
12
-92
-119
-38
-130
-86
-1
195
-17
-146
-111
-184
-214
-178
-234
-241
-146
30
-8
-58
-91
-50
-29
-202
-166
-231
-212
-224
-189
-268
-352
-248
-181
-206
-230
-180
-177
-154
-152
-24
8
-19
23
58
-6
75
32
-1
-129
-107
-216
-231
-48
-229
-77
-128
-282
-121
-95
-209
-186
-272
-267
-316
-296
-181
-182
-101
-184
-198
-334
-129
-83
-203
-112
-201
-95
-59
37
-3
3
-31
-11
62
170
130
204
174
-20
92
171
206
168
204
180
237
262
208
158
220
199
227
191
52
133
181
104
-71
-126
85
82
100
-32
-168
-8
-39
7
-68
-173
-47
-35
-71
-180
-139
9
-112
18
63
142
197
77
48
31
33
-39
-99
-43
46
-124
-222
-369
-328
-273
-391
-199
-300
-298
-282
-230
-246
-335
-517
-555
-496
-422
-458
-643
-380
-417
-482
-581
-383
-579
-523
-368
-418
-161
-209
-168
-178
-154
-202
-137
-199
-287
-178
-276
-232
-333
-355
-435
-388
-331
-424
-286
-279
-270
-286
-478
-238
-221
-334
-254
-309
-247
-231
-38
-29
-25
-40
-9
4
-67
-79
42
87
144
29
59
138
209
286
118
93
64
141
304
275
343
258
237
445
329
321
291
384
122
221
215
276
340
311
230
177
243
245
260
232
239
219
236
218
221
134
162
252
149
150
125
275
236
170
292
258
274
194
179
179
247
275
187
136
247
269
286
139
218
52
206
381
223
13
-32
146
-85
46
-76
15
122
83
180
164
291
222
236
298
217
287
233
229
335
269
149
207
408
335
255
265
317
255
219
230
124
166
124
171
72
-80
-49
-114
-188
-299
-280
-244
-255
-217
-216
-187
-56
-128
-153
-93
-79
-151
-89
92
-29
7
0
-74
13
13
-75
-7
-70
113
95
-38
-21
23
30
-6
-35
29
70
-83
21
-23
-17
-90
-130
-61
-104
-90
-129
-109
-135
-198
-147
-140
-12
-194
-174
-123
-217
-157
-136
-139
-144
-172
-149
-263
-381
-60
-28
-268
-206
-235
-274
-164
-170
-44
-151
-232
-58
-148
-124
-117
-95
-166
-317
-234
-581
-596
-438
-386
-394
-407
-263
-119
-155
-378
-426
-496
-400
-370
-492
-476
-317
-342
-364
-361
-350
-379
-345
-319
-197
-215
-287
-248
-404
-312
-357
-353
-375
-242
-293
-296
-320
-183
-142
-405
-305
-151
-144
-121
-222
-173
-185
-260
-76
-205
-195
-159
-199
-71
-158
-109
46
63
130
40
100
-52
-23
-31
-130
-8
-239
-321
-172
-247
-328
-149
-87
-84
-113
-134
-89
-132
-102
-214
-138
-117
-210
-332
-273
-230
-318
-392
-372
-310
-308
-245
-252
-221
-66
-99
-123
-128
-138
-195
-350
-320
-370
-255
-337
-277
-258
-220
-406
-334
-384
-652
-436
-255
-417
-265
-278
-287
-190
-276
-221
-181
-223
-195
-146
-78
-162
-114
-12
-70
-84
-38
103
-35
18
-109
41
131
-22
12
4
48
-96
81
54
-136
-4
-161
-169
-84
41
13
15
-84
-135
8
-24
-57
-33
168
165
48
119
352
154
220
268
320
304
312
339
266
312
333
327
331
256
278
484
352
311
417
407
357
272
291
385
415
439
560
492
597
557
475
347
478
626
652
441
147
286
203
244
209
173
279
212
187
265
329
456
419
375
270
189
247
198
199
101
73
94
103
102
69
37
114
159
39
80
7
77
43
25
-1
-5
-71
-17
56
40
-30
-136
-76
-39
-64
-62
-55
-21
25
-30
-94
-196
-112
-77
115
145
43
56
-15
63
-87
3
68
-142
-18
-43
24
-39
-19
90
