414
301
254
238
299
111
124
102
89
112
205
189
225
245
432
400
378
402
277
171
195
541
656
425
270
339
386
450
355
232
545
447
332
384
274
395
384
541
362
283
299
151
316
166
125
171
42
49
176
196
59
68
128
204
115
141
183
172
200
8
93
137
45
79
60
86
47
13
91
24
93
-71
-137
-60
-136
-122
-144
-122
-127
-66
49
-57
-48
21
-4
-306
-295
-176
-293
-224
-108
-213
-241
-212
-301
-285
-260
-375
-352
-302
-357
-211
-332
-329
-295
-253
-242
-370
-294
-229
-180
-133
-139
17
-52
-132
-94
-91
-121
-80
-66
-142
-35
-90
-53
-68
-84
103
108
-8
-89
-215
-84
-35
-120
-185
-449
-377
-183
-132
-95
-231
-198
-134
-143
-156
-194
-258
-282
-279
-236
-253
-219
-306
-257
-282
-268
-256
-332
-295
-354
-335
-223
-236
-205
-147
-273
-154
-193
-119
-110
-194
-193
-116
-137
-237
-201
-212
-143
-241
-291
-226
-21
-71
-199
-157
-151
-1
-22
-78
-37
-200
-189
-169
-154
-203
-165
-135
-163
-68
-23
-38
-100
-120
-121
-9
-183
-235
-246
-146
-147
-407
-404
-264
-391
-263
-293
-401
-327
-354
-337
-478
-368
-369
-325
-560
-599
-579
-670
-644
-600
-594
-564
-653
-524
-633
-559
-473
-478
-500
-407
-210
-179
-200
-321
-518
-443
-409
-372
-368
-341
-271
-409
-417
-337
-338
-486
-202
-353
-372
-400
-489
-247
-330
-424
-384
-396
-325
-364
-214
-171
-147
-150
-61
43
96
95
-16
100
-87
-138
-64
-130
-107
-98
-13
-102
-155
-110
-41
64
-60
-36
-180
-129
-98
-243
-177
-96
-111
-254
-248
-57
-137
9
-76
-99
-24
10
188
72
166
137
140
69
53
79
50
131
139
99
70
62
108
-46
-89
-50
-91
-4
34
-29
99
30
100
169
150
139
70
119
-17
28
168
233
95
-113
74
158
44
60
49
275
184
67
49
226
248
189
252
48
-19
-103
-24
-29
48
-1
-120
-24
61
117
98
92
-2
-40
-140
-187
-186
-48
-47
-73
-104
-33
-53
-129
-146
-222
-205
-222
-189
-250
-192
-139
-134
-270
-286
-284
-309
-247
-151
-96
-61
-133
-120
-106
-147
-214
-162
-104
-101
-136
-295
-169
-170
-239
-321
-334
-235
-243
-216
-335
-303
-194
-277
-333
-279
-255
-188
-270
-229
-194
-213
-147
-179
-186
-219
-267
-298
-221
-173
-117
-114
-150
-110
-62
-103
-101
-70
-173
-142
-174
-195
-237
-163
-238
-272
-173
-187
-95
-214
-152
-93
-231
-260
-173
-206
-190
-27
27
-66
-52
-21
-21
50
47
5
-140
-123
-80
3
-14
-279
-130
33
-2
-82
-15
-31
-223
-113
-52
-111
-249
-219
-127
-165
-102
-225
-183
13
-41
-71
-130
-89
-31
-12
-10
-29
63
-7
-46
-42
-167
-53
-28
-101
-174
-73
-72
-76
31
-116
-30
-85
-100
-46
-6
-72
-140
-41
-103
-164
-238
-441
-265
-147
-136
-175
-204
-37
-131
-252
-263
-270
-253
-356
-395
-356
-427
-420
-605
-589
-377
-661
-482
-483
-416
-482
-655
-332
-262
-303
-278
-293
-160
-59
-176
-291
-353
-432
-313
-208
-222
-216
-223
-422
-204
-312
-514
-153
-161
-158
-145
-110
-212
-350
-193
-166
-178
-192
-185
-23
-6
-118
-59
-8
-139
-75
-10
13
20
11
-20
41
108
-123
-9
33
130
155
151
195
69
161
80
-22
-58
-146
82
-14
-121
167
-6
-120
-44
10
124
69
43
80
-74
63
152
105
163
233
219
201
203
71
252
174
170
255
178
282
214
144
209
325
223
318
248
202
199
232
407
464
390
302
361
189
345
548
584
373
129
320
342
281
174
210
339
259
165
297
326
351
260
163
239
60
149
10
-2
102
39
-59
-19
-32
-92
-36
-64
-34
-67
31
-81
-22
-8
0
16
-91
-88
-116
-172
-59
-152
-172
-224
-213
-123
-207
-188
-174
-247
-181
-317
-333
-215
-179
-160
-175
-192
-124
-39
-111
-61
-134
-123
-78
-7
73
153
53
36
149
96
34
12
41
75
85
12
15
58
9
88
190
121
91
115
104
102
138
143
109
190
247
64
47
258
198
-3
-14
38
-93
3
57
37
-56
-39
-123
-198
13
33
-13
-131
-14
101
-63
-72
19
86
-23
-266
-106
-47
16
20
-124
-177
-76
-42
-119
-67
-190
-324
-148
-258
-456
-441
-469
-474
-442
-407
-400
-508
-467
-513
-657
-663
-665
-609
-648
-770
-627
-691
-770
-790
-747
-695
-824
-811
-534
-446
-490
-680
-624
-342
-371
-283
-358
-290
-128
-172
-32
67
91
212
262
387
494
559
670
639
995
942
989
1082
990
1227
1391
1249
1235
1459
1496
1395
1511
1657
1739
1791
1599
1678
1688
1690
1636
1635
1489
560
-174
313
1392
862
-915
-1054
-204
-306
-1041
-1047
-897
-982
-1157
-873
-655
-944
-797
-754
-580
-733
-811
-840
-677
87
422
71
-292
-145
17
313
595
882
642
269
438
537
646
331
163
222
187
-202
-546
-894
-677
-350
-552
-945
-1521
-1573
-1240
-1142
-1372
-1481
-1540
-1956
-1767
-1375
-1469
-1672
-1840
-1651
-1335
-1449
-1784
-1650
-1428
-1017
-1249
-1511
-1472
-1411
-1157
-1076
-897
-1119
-1200
-1167
-892
-427
-279
-355
-312
-10
245
312
293
414
605
911
985
878
1005
1305
1494
1711
1766
1733
1808
1880
2168
2395
2366
2447
2622
2957
3084
3253
3074
2996
2956
2872
2699
2632
2643
1885
1289
1278
1686
1196
224
-224
-42
-84
-437
-805
-843
-870
-1066
-1130
-1048
-1162
-1026
-868
-844
-679
-472
-285
-262
169
607
649
642
818
1052
1314
1356
1364
1370
1315
1268
1282
1319
1096
896
735
607
305
134
-132
-298
-313
-357
-584
-837
-789
-858
-1037
-1033
-1032
-892
-997
-944
-899
-1012
-890
-953
-960
-801
-821
-783
-650
-718
-929
-1112
-639
-213
-729
-1112
-963
-578
-540
-856
-1021
-1032
-990
-857
-774
-788
-807
-859
-823
-844
-959
-1047
-1090
-880
-721
-952
-1214
-1331
-977
-786
-767
-846
-673
-875
-716
-430
-374
-54
-237
-239
45
167
311
397
497
741
1021
932
889
871
1074
1614
1468
1278
1420
1682
1816
1958
2022
2054
2253
2284
2381
2525
2537
2557
2842
3003
2712
2141
1906
2280
2317
1500
669
798
763
354
-82
-482
-713
-951
-1216
-1295
-1512
-1787
-1715
-1587
-1473
-1510
-1665
-1557
-1305
-927
-758
-770
-600
-325
-81
118
269
408
580
680
931
1146
1200
978
901
991
976
963
739
387
430
513
337
80
-93
-309
-627
-709
-697
-840
-999
-1020
-1147
-1300
-1341
-1604
-1927
-2158
-1556
-1128
-1448
-2327
-2300
-1660
-1722
-1960
-2198
-2145
-2030
-1666
-1944
-1797
-1719
-1648
-1641
-1360
-1249
-1461
-1298
-1236
-974
-877
-1097
-1152
-902
-597
-523
-674
-421
-316
-445
-360
179
242
241
293
381
677
628
838
781
907
1226
1373
1360
1409
1738
1786
1908
1978
2133
2032
2112
2376
2642
2633
2541
2646
2795
3102
2993
2847
2444
1812
2074
2111
1360
466
483
812
257
-919
-880
-734
-1369
-1563
-1460
-1722
-1997
-2113
-1848
-1659
-1712
-1637
-1480
-1252
-1018
-692
-444
-258
84
446
355
505
632
902
1103
1225
1359
1205
979
1027
1368
1371
999
625
575
446
435
199
32
-59
-150
-358
-665
-893
-777
-683
-878
-993
-975
-999
-1210
-1178
-831
-816
-928
-1209
-1456
-1245
-767
-608
-1186
-1507
-1126
-969
-1226
-1383
-1505
-1606
-1511
-1425
-1419
-1685
-1732
-1583
-1399
-1254
-1492
-1599
-1414
-1117
-886
-921
-1041
-1030
-697
-461
-496
-357
-275
-298
-176
164
412
417
345
542
850
934
961
896
1135
1555
1841
1446
1357
1716
1893
1863
1773
1872
1905
1868
2196
2531
2586
2399
2391
2820
3086
3085
2915
2338
1764
2059
2163
1295
590
798
1047
93
-773
-617
-352
-1027
-1704
-1455
-1595
-2144
-2240
-1579
-1426
-1773
-1890
-1672
-1325
-1094
-667
-561
-670
-148
350
128
44
408
930
985
985
1204
1257
955
841
1081
1149
655
463
345
146
-15
-323
-445
-449
-728
-813
-884
-1141
-1070
-1037
-1196
-1314
-1293
-1461
-1676
-1646
-1623
-2003
-2204
-1834
-1663
-1913
-2550
-2696
-2384
-2111
-2098
-2374
-2579
-2724
-2300
-1995
-2037
-1915
-1967
-1900
-1748
-1439
-1340
-1292
-1021
-762
-624
-697
-735
-477
-368
-29
244
170
38
6
468
689
819
738
671
936
1079
1150
1139
1196
1254
1340
1353
1240
1343
1269
1412
1625
1743
1834
1780
1924
2257
2456
2678
2600
2430
2561
3182
3216
2375
1621
1734
1866
1171
666
1103
619
-1020
-1157
-326
-259
-1420
-2008
-1628
-1687
-2200
-2294
-2247
-2072
-2165
-2136
-2049
-2140
-1908
-1466
-1056
-945
-724
-1075
-1012
-456
159
325
222
560
648
397
579
1036
1098
644
411
407
232
254
143
112
-351
-432
-504
-822
-1010
-1021
-815
-1104
-1610
-1717
-1693
-1953
-2262
-2365
-1925
-2100
-2213
-2483
-2709
-2372
-2186
-2049
-2252
-2243
-2233
-2272
-1961
-1872
-1649
-1724
-1775
-1562
-1289
-1243
-1113
-801
-719
-676
-667
-330
-325
-269
24
94
-16
135
351
477
637
747
661
621
703
808
994
1121
1197
1225
1468
1651
1753
1791
2030
2056
2103
1996
2067
2416
2443
2676
2485
2714
2898
2633
2623
2805
3288
3389
3454
3518
3248
2737
2333
1915
2016
2182
1924
1172
-153
-565
-89
100
-558
-1391
-1736
-1942
-2262
-2080
-1637
-1941
-2255
-2251
-1980
-1983
-1980
-1536
-964
-446
-595
-893
-912
-383
387
699
923
778
675
598
784
1148
1102
839
466
496
405
179
38
53
10
-320
-804
-1415
-1614
-1589
-1283
-1053
-1650
-2398
-2714
-2605
-2308
-2086
-2313
-2830
-2944
-2793
-2352
-2237
-2471
-2470
-2317
-2161
-2044
-2028
-1870
-1556
-1383
-1338
-1302
-1418
-1418
-1146
-680
-512
-694
-886
-799
-426
-1
40
-32
24
80
170
511
657
597
813
1021
904
780
935
1157
1564
1491
1303
1269
1399
1705
1966
1720
1790
1914
1832
1844
1970
2234
2309
2421
2374
2311
2443
2717
2954
3100
3235
2954
2037
1424
1462
1633
1906
1802
943
-469
-839
-49
58
-849
-1601
-1722
-1954
-2244
-2220
-2077
-2217
-2409
-2220
-2054
-2175
-2147
-1571
-901
-560
-361
-742
-938
-440
368
905
919
812
644
639
682
1144
1282
958
655
526
407
-35
-173
-149
-228
-559
-967
-1473
-1648
-1458
-1296
-1448
-1815
-2323
-3414
-3775
-2418
-1156
-2336
-4036
-3759
-2819
-2386
-2552
-2849
-3117
-2918
-2625
-2341
-1946
-2222
-2453
-1797
-1315
-1413
-1805
-1848
-1109
-240
-235
-1102
-1357
-1068
-692
-137
25
-90
-338
-704
-72
460
300
91
229
537
629
607
777
949
1139
1456
1592
1416
1203
1677
2206
2368
2353
2211
2087
2146
2551
3062
3103
2665
2610
2940
3354
3354
3407
3617
3496
2885
1917
1557
1495
1948
2271
1370
-357
-904
-200
35
-736
-1299
-1748
-2215
-2509
-2562
-2116
-2213
-2338
-2312
-2104
-2136
-2091
-1712
-1066
-349
-184
-446
-744
-333
351
1098
1498
1519
1205
997
1192
1781
1924
1682
1344
1096
1024
839
631
668
613
425
-228
-790
-1055
-1014
-1153
-1313
-1552
-2122
-2600
-2653
-2329
-2240
-2273
-2627
-2595
-2370
-2281
-2071
-2017
-1893
-1647
-1441
-1425
-1534
-1283
-788
-661
-648
-544
-516
-445
-329
33
172
-21
-130
-88
35
265
446
367
312
369
439
502
603
684
570
666
667
668
525
673
1172
1301
1251
1331
1331
1372
1751
1999
1894
1901
2154
2288
2320
2437
2590
2619
2672
2684
2837
3031
3189
3576
3904
3780
2893
2033
1893
2121
2661
2680
1360
-120
-399
384
314
-536
-1170
-1535
-1894
-2303
-2171
-2047
-2235
-2526
-2347
-2343
-2528
-2545
-2084
-1303
-735
-749
-1143
-1271
-665
205
858
1109
834
792
767
1103
1674
1828
1504
1106
1000
894
609
449
458
340
272
-252
-963
-1517
-1453
-1244
-1601
-2694
-3349
-2482
-2038
-2647
-3265
-3192
-3048
-2947
-2907
-2978
-2933
-2801
-2813
-2541
-2066
-2332
-2366
-2038
-1455
-1305
-1368
-1359
-1013
-539
-472
-407
-399
-198
-234
-116
149
372
332
289
536
715
585
520
700
728
835
834
770
868
1064
1183
1010
1059
1252
1187
1025
1416
1809
1549
1285
1378
1816
2205
2087
2159
2521
2606
2379
2489
2978
3093
2996
3289
3579
3033
1972
1381
1785
2410
2670
1417
-436
-685
231
447
-517
-1468
-1855
-2136
-2518
-2405
-2046
-2458
-2788
-2544
-2306
-2507
-2670
-2466
-1731
-1159
-1180
-1526
-1761
-1306
-472
301
489
186
-114
-63
220
836
1526
1237
419
412
656
641
474
305
402
110
-328
-682
-758
-889
-1231
-1671
-1709
-1344
-1930
-3060
-2938
-2237
-2394
-2675
-2859
-2893
-2899
-2620
-2409
-2291
-2275
-2486
-2301
-1881
-1607
-1661
-1632
-1475
-1075
-991
-1091
-1232
-725
-262
-351
0
-199
76
251
496
804
876
874
807
1018
1120
1311
1306
1230
1156
1362
1271
1117
1322
1593
1576
1414
1334
1511
1524
1453
1728
1963
1820
1761
1908
2281
2534
2609
2699
2685
2765
2756
3159
3638
3979
3832
3486
3013
2081
1664
2246
3278
2899
1094
-17
357
1070
929
-48
-687
-1019
-1566
-1656
-1391
-1297
-1780
-2108
-2005
-2116
-2412
-2490
-1894
-1076
-739
-1167
-1718
-1617
-837
153
591
537
385
156
389
1136
1671
1469
1048
1005
1025
1058
833
929
1026
909
518
-235
-868
-926
-532
-907
-1523
-1903
-1870
-2102
-2470
-2464
-2243
-2424
-3002
-3003
-2639
-2555
-2574
-2553
-2117
-2089
-2290
-2173
-2082
-1626
-1498
-1384
-1300
-1086
-1021
-1039
-648
-244
-189
-213
-166
123
344
550
797
876
866
835
993
1177
1437
1512
1429
1275
1244
1321
1589
1639
1487
1493
1502
1552
1486
1462
1517
1776
1542
1543
1869
1795
1924
2107
2280
2426
2008
2308
2763
3069
3086
3410
4011
3660
2909
2090
2033
2454
3201
2997
1452
248
395
1236
1090
267
-470
-821
-1455
-1768
-1410
-1451
-1880
-2256
-2194
-2534
-2835
-2757
-2155
-1521
-1197
-1429
-2107
-1875
-1111
-269
136
101
46
-86
187
820
1307
1269
936
842
1066
818
775
897
964
1023
561
229
-130
-146
-100
-504
-1261
-1710
-1413
-1613
-2223
-2544
-2467
-2477
-2845
-3037
-3101
-3103
-3215
-3028
-2707
-2697
-2694
-2784
-2497
-2265
-2206
-2247
-2127
-1755
-1640
-1610
-1523
-1161
-977
-986
-894
-563
-115
129
89
419
724
786
801
777
1019
1243
1505
1257
1295
1480
1490
1309
1331
1083
777
1293
1351
1040
801
1075
1461
946
991
1090
1364
1837
1869
1563
1675
2398
2600
2628
2491
2820
3378
3454
3420
3220
2293
1377
2171
3882
3608
725
-411
1002
1821
923
-41
-275
-795
-1727
-1471
-840
-1044
-1861
-2178
-1861
-1854
-2245
-2708
-2258
-1227
-666
-1468
-2160
-1766
-635
29
287
333
125
-18
99
957
1589
1433
900
852
1029
1121
1124
1057
1183
1222
770
352
130
89
-41
-10
92
-421
-1232
-1514
-891
-589
-1157
-1931
-2290
-1776
-1661
-1704
-2036
-2179
-2080
-2157
-1947
-1880
-1828
-1735
-1595
-1179
-1034
-1130
-1265
-851
-404
-209
-193
-446
-151
222
399
676
733
553
690
914
1220
1338
1327
1308
1522
1701
1567
1582
1732
1954
1948
1888
1795
1727
2016
2234
2201
2190
2011
1952
2109
2121
2276
2513
2467
2405
2496
2829
3062
3100
3148
3340
3544
3225
2582
1701
1367
2005
3001
2581
602
-523
238
1149
527
-724
-1056
-1345
-1791
-1743
-1489
-1476
-2048
-2163
-2058
-2034
-2295
-2358
-1751
-1073
-670
-1195
-1828
-1602
-686
90
248
209
152
126
243
941
1489
1367
943
743
1045
1097
910
886
858
800
670
185
-282
-377
-60
-136
-553
-1542
-2260
-2331
-1449
-798
-1826
-3048
-3306
-2751
-1983
-1942
-2517
-2805
-2782
-2544
-2252
-2076
-2112
-2185
-1978
-1604
-1479
-1622
-1469
-901
-409
-349
-724
-1027
-795
-219
202
408
303
111
105
376
923
1136
839
635
748
1060
1289
1328
1266
1278
1516
1324
1210
1458
1671
1802
1886
1774
1617
1610
1942
2159
2279
2359
2083
2027
2357
2857
2845
2832
2743
2649
2985
3350
3325
2891
2094
1386
1425
2392
2957
1642
-244
-356
837
796
-400
-1194
-1300
-1619
-2073
-1867
-1865
-2356
-2876
-2589
-2422
-2681
-3029
-2944
-2141
-1420
-1438
-2000
-1957
-1333
-557
-174
-312
-230
-82
74
461
1071
1073
584
531
816
780
412
212
529
713
672
247
-450
-692
-483
-185
-640
-1453
-1824
-1945
-1826
-1501
-1531
-2172
-2817
-2594
-2091
-2031
-2285
-2539
-2599
-2221
-2175
-2388
-2220
-1896
-1693
-1585
-1523
-1580
-1223
-978
-773
-596
-362
-567
-489
-130
180
532
406
316
484
721
1003
1247
1136
1336
1439
1572
1652
1518
1571
1886
2023
1923
1945
1889
1876
2120
2205
2044
2174
2086
2004
2276
2386
2459
2326
2227
2380
2691
2872
3115
3060
3314
3531
3409
3359
3035
2614
2037
2098
2688
2977
1700
65
89
903
1020
50
-633
-809
-1097
-1322
-1297
-1097
-1405
-1998
-1908
-1901
-2024
-2145
-2011
-1326
-910
-1043
-1435
-1602
-882
-90
143
139
226
443
354
673
1260
1433
1094
943
999
1158
952
708
838
912
836
323
-210
-411
-29
118
-373
-1265
-1559
-1657
-1718
-1562
-1621
-1897
-2521
-2713
-2502
-2331
-2365
-2551
-2613
-2461
-2386
-2366
-2326
-1954
-1746
-1849
-1767
-1701
-1296
-1050
-923
-644
-586
-682
-708
-319
119
459
359
268
357
504
754
882
958
941
971
1018
1122
1187
1282
1241
1379
1377
1030
1032
1254
1608
1652
1537
1298
1245
1460
1732
1748
1715
1939
1938
1906
1990
2333
2383
2295
2577
2801
2777
2841
2536
2322
1884
1360
1674
2348
2048
868
58
209
577
234
-410
-944
-1280
-1570
-1811
-1838
-1866
-2107
-2424
-2395
-2354
-2534
-2536
-2251
-1699
-1443
-1575
-1933
-1505
-896
-602
-327
-262
35
103
384
785
946
1033
905
876
1062
954
893
799
894
896
564
87
-351
-205
-57
-256
-854
-1332
-1309
-1634
-1903
-1821
-1781
-2396
-2813
-2820
-2812
-2514
-2749
-2872
-2880
-2691
-2687
-2794
-2609
-2256
-2072
-2103
-2073
-2030
-1836
-1627
-1368
-1118
-1059
-1164
-950
-597
-316
-39
80
5
279
502
688
922
996
905
873
832
808
767
888
1115
1174
746
757
791
994
1259
1033
1091
1070
954
1031
1346
1488
1585
1380
1540
1510
1500
1908
1995
2126
2212
2370
2513
2395
2285
2134
1669
1328
1545
2102
1718
649
-61
225
591
153
-467
-894
-1101
-1339
-1546
-1500
-1643
-2031
-2268
-2216
-2063
-2085
-2073
-1842
-1340
-1178
-1376
-1404
-1194
-625
-197
-51
134
226
325
598
1035
1285
1294
1067
1022
1144
1135
1279
1217
1140
992
500
35
-22
331
236
-283
-691
-824
-959
-1220
-1371
-1181
-1200
-1617
-1850
-1997
-1883
-1696
-1545
-1640
-2022
-2095
-2013
-1825
-1484
-1359
-1501
-1474
-1309
-941
-797
-630
-294
-241
-121
-245
29
425
498
648
554
710
737
789
1010
1256
1346
1174
1142
1147
1166
1408
1510
1460
1457
1392
1370
1452
1700
1857
1698
1557
1479
1538
1661
1656
1627
1606
1737
1666
1822
2027
2098
2193
2253
2594
2780
2567
2488
2205
1829
1568
1423
1659
1780
1324
377
130
549
509
-107
-636
-697
-914
-1345
-1415
-1463
-1645
-1924
-2061
-1947
-2078
-2085
-1818
-1616
-1460
-1399
-1390
-1372
-990
-471
-242
-253
-156
142
206
464
908
808
770
674
638
763
793
918
800
790
504
137
-47
173
8
-280
-781
-808
-769
-1134
-1224
-1528
-1608
-1847
-2275
-2174
-2160
-2253
-2300
-2464
-2213
-2381
-2451
-2335
-2190
-1954
-1956
-1995
-1983
-1595
-1345
-1299
-1178
-835
-700
-501
-437
-317
-18
171
281
306
417
547
830
896
1117
1033
935
948
1161
1545
1594
1640
1288
1389
1806
1953
1671
1653
1806
1805
1688
1604
1778
1787
1816
1766
1981
2008
1834
1730
1917
2330
2454
2273
2135
2473
2724
2494
1863
1360
1291
1655
1899
1337
290
-45
296
543
32
-585
-995
-1240
-1422
-1452
-1338
-1991
-2334
-2218
-2203
-2348
-2538
-2481
-1937
-1822
-1811
-1909
-1858
-1355
-791
-347
-317
-322
-307
84
319
546
772
604
495
628
617
704
488
449
504
492
133
-236
-46
174
64
-538
-932
-978
-944
-1217
-1333
-1458
-1650
-1924
-2043
-1874
-2038
-2197
-2255
-2411
-2231
-2442
-2633
-2288
-2072
-1841
-1852
-1864
-1720
-1409
-1273
-1029
-952
-945
-733
-586
-287
95
258
192
300
489
719
671
808
917
1023
1162
1182
1389
1505
1614
1815
1760
1758
1745
1782
2006
1896
1917
1859
1710
1906
2007
2023
1820
1978
2040
2074
2023
1939
2125
2247
2370
2490
2604
2637
2799
2803
2412
1829
1503
1862
2520
2096
961
306
600
955
470
-188
-489
-504
-767
-1082
-854
-1074
-1407
-1458
-1477
-1483
-1776
-1763
-1332
-1118
-1035
-1122
-1396
-1149
-547
-239
-245
-223
-77
-9
181
598
874
888
701
720
923
880
953
892
954
803
412
131
101
224
111
-173
-583
-774
-893
-1068
-1280
-1462
-1319
-1570
-1912
-1966
-2039
-1980
-2041
-2210
-2290
-2374
-2386
-2295
-2010
-1767
-1742
-1732
-1683
-1557
-1325
-1273
-951
-836
-697
-510
-419
-195
79
221
237
335
552
615
779
985
1016
1005
988
1087
1127
1259
1287
1351
1382
1471
1570
1412
1424
1657
1784
1647
1510
1501
1573
1635
1804
1821
1549
1677
1836
1857
1901
2091
2276
2418
2521
2395
2428
2215
1750
1373
1547
2008
1981
1105
256
614
887
615
-66
-425
-537
-854
-1186
-1127
-1082
-1373
-1781
-1747
-1754
-1935
-1997
-1691
-1347
-1146
-1384
-1660
-1395
-866
-353
-355
-381
-385
-118
21
411
725
583
340
445
736
712
807
656
707
813
483
263
174
419
314
-240
-515
-604
-620
-787
-1219
-1375
-1320
-1642
-2053
-2111
-2151
-2202
-2502
-2616
-2524
-2754
-2849
-2722
-2495
-2272
-2323
-2321
-2135
-1958
-1712
-1694
-1633
-1447
-1294
-1133
-835
-809
-680
-467
-425
-138
-35
76
156
564
610
543
799
792
871
848
802
858
961
1090
1183
1263
1234
1231
1071
1095
1096
1042
1473
1530
1591
1477
1450
1360
1645
1848
1762
1755
1888
2199
2193
2277
2236
2302
1956
1481
1315
1884
2237
1738
507
135
938
1023
168
-460
-591
-812
-1331
-1410
-986
-1428
-1926
-2164
-1974
-2009
-2171
-2159
-1774
-1485
-1365
-1738
-1860
-1367
-670
-615
-501
-292
17
241
333
861
934
810
645
822
987
939
1052
1099
1031
868
487
393
436
507
145
-296
-435
-386
-517
-1108
-1164
-1083
-1098
-1480
-1745
-1715
-1675
-1878
-2118
-1985
-1948
-2036
-2198
-2115
-1893
-1664
-1813
-1800
-1475
-1102
-971
-944
-737
-399
-138
-131
152
393
610
609
661
784
893
1027
1131
1239
1344
1322
1396
1406
1411
1476
1431
1525
1475
1519
1498
1549
1693
1606
1604
1472
1561
1635
1606
1711
1579
1608
1664
1824
1709
1713
2001
2097
2188
2355
2467
2637
2433
1870
1500
1610
1969
2045
1428
558
388
857
1021
298
-338
-558
-608
-1108
-1100
-1215
-1431
-1673
-1820
-1680
-1941
-2055
-1872
-1555
-1340
-1366
-1657
-1679
-1266
-756
-701
-664
-645
-395
-150
-83
337
569
527
577
601
789
755
673
759
853
978
332
128
294
582
245
-358
-704
-784
-631
-886
-1203
-1430
-1645
-1751
-1963
-2205
-2113
-2461
-2401
-2448
-2678
-2773
-2709
-2527
-2337
-2244
-2486
-2446
-2143
-1832
-1643
-1518
-1339
-1112
-904
-659
-270
-92
100
196
236
537
587
767
749
904
1076
1035
1044
1123
1307
1284
1288
1348
1521
1526
1382
1506
1624
1699
1564
1458
1618
1590
1680
1730
1620
1761
1815
1806
1832
1863
2090
2196
2213
2208
2222
2366
2070
1585
1428
1708
1925
1718
1025
264
528
1001
652
132
-445
-536
-749
-991
-1085
-1197
-1604
-1928
-1830
-2039
-2191
-2516
-2207
-1978
-1916
-1967
-2298
-2252
-1689
-1141
-911
-919
-793
-539
-280
-232
61
213
96
79
189
216
187
377
451
405
177
-274
-248
254
241
-450
-892
-930
-871
-890
-1246
-1420
-1588
-1632
-2001
-2113
-1853
-1984
-2333
-2660
-2575
-2508
-2552
-2632
-2610
-2451
-2312
-2503
-2253
-1780
-1535
-1580
-1628
-1187
-1002
-1046
-583
-254
-71
94
108
472
504
677
882
792
968
1196
1094
1215
1244
1564
1609
1488
1358
1430
1624
1652
1767
1719
1752
1608
1493
1598
1721
1774
1753
1674
1775
1660
1600
1796
1938
2022
1940
2050
2194
2292
2372
2134
1849
1766
2062
2109
1957
1374
946
1165
1370
959
178
38
-120
-232
-584
-722
-811
-1137
-1371
-1351
-1485
-1618
-1498
-1357
-1256
-1375
-1518
-1551
-1458
-1150
-632
-739
-761
-564
-296
-84
62
292
452
401
435
679
766
658
859
976
952
930
576
556
578
275
370
189
-282
-598
-585
-454
-570
-993
-1495
-1757
-1872
-1737
-1987
-2152
-2259
-2412
-2362
-2436
-2551
-2608
-2537
-2412
-2446
-2311
-2193
-2068
-1781
-1630
-1524
-1322
-1092
-818
-543
-295
-71
-71
-78
254
583
882
944
979
1142
1155
1268
1252
1310
1407
1523
1406
1229
1422
1661
1567
1546
1567
1598
1532
1606
1651
1822
1807
1541
1476
1620
1688
1841
1813
1817
1906
1941
2119
2015
1757
1589
1781
1691
1389
1440
1174
760
526
633
813
224
-339
-422
-311
-567
-787
-989
-1062
-1235
-1511
-1436
-1480
-1592
-1512
-1422
-1521
-1582
-1517
-1596
-1336
-968
-950
-1024
-1048
-780
-460
-354
-121
-137
-232
26
334
479
429
427
359
647
478
365
390
267
291
230
-9
-304
-356
-428
-495
-685
-891
-1084
-1249
-1506
-1575
-1753
-2131
-2262
-2474
-2454
-2425
-2767
-2709
-2763
-2757
-2575
-2639
-2550
-2491
-2242
-2087
-2149
-1974
-1623
-1483
-1248
-1001
-878
-671
-566
-194
-18
130
248
297
500
645
936
1148
1204
1123
1404
1466
1460
1548
1467
1503
1516
1442
1491
1546
1375
1494
1462
1443
1325
1270
1511
1758
1564
1434
1454
1641
1922
2061
2029
1872
1581
1560
1773
1605
1325
1361
1700
1333
405
485
1044
1024
137
-236
-180
-302
-574
-680
-817
-1157
-1476
-1581
-1372
-1421
-1353
-1432
-1611
-1410
-1582
-1700
-1446
-1146
-845
-963
-910
-859
-436
-318
-236
-33
157
260
194
510
658
610
750
772
714
692
559
618
602
580
254
196
178
-3
-55
-378
-575
-723
-771
-1028
-1282
-1271
-1214
-1477
-1589
-2009
-1952
-1965
-2186
-2104
-1963
-1783
-2025
-1959
-1914
-1754
-1704
-1705
-1457
-1234
-1018
-858
-638
-325
-142
-5
181
382
664
787
690
910
1029
1188
1278
1376
1568
1515
1483
1554
1582
1669
1707
1726
1743
1649
1831
1878
1935
1803
1789
1849
1858
1844
1678
1837
1796
1885
1976
1993
2078
2000
1973
1906
1672
1726
1877
1523
1168
1572
1715
957
376
668
960
405
-216
-207
85
-390
-698
-609
-840
-1226
-1327
-1206
-1306
-1302
-1481
-1475
-1328
-1248
-1385
-1469
-1176
-780
-812
-947
-764
-439
-324
-260
-68
93
243
84
232
420
530
486
685
610
580
576
479
426
641
468
78
105
31
-93
-322
-395
-688
-598
-863
-1175
-1377
-1505
-1556
-1809
-1949
-2165
-2295
-2424
-2313
-2301
-2300
-2374
-2410
-2168
-2119
-2117
-2019
-1777
-1569
-1478
-1323
-1264
-939
-698
-526
-284
-163
91
356
432
613
588
786
1052
1154
1298
1247
1307
1295
1402
1495
1502
1571
1716
1738
1530
1567
1681
1852
1805
1844
1737
1832
1773
1691
1753
1677
1847
1909
2017
2034
2112
2088
1910
1739
1947
2051
1444
1145
1595
1556
780
193
478
715
256
-323
-493
-629
-832
-943
-1111
-1100
-1530
-1653
-1698
-1770
-1755
-1958
-1967
-1880
-1772
-1877
-2071
-1769
-1208
-1223
-1254
-1132
-654
-430
-406
-368
-189
-46
-65
136
202
365
337
370
377
289
282
95
-23
-226
-143
-2
-137
-324
-554
-676
-717
-789
-857
-1235
-1348
-1290
-1348
-1502
-1688
-1915
-2066
-2129
-2214
-2306
-2324
-2399
-2361
-2322
-2259
-2092
-2129
-2066
-1866
-1555
-1480
-1246
-936
-857
-581
-457
-353
-53
69
266
557
605
671
765
786
1037
1179
1232
1254
1434
1550
1663
1707
1699
1753
1818
1724
1890
1838
1966
2051
2015
1979
1936
2100
1914
1824
1867
2108
2285
2195
2185
2427
2561
2220
2017
2344
2532
1937
1603
2040
2284
1524
741
1035
1627
1030
197
20
65
-237
-451
-524
-558
-776
-1131
-1187
-1033
-1010
-977
-1100
-1067
-984
-1031
-1270
-987
-626
-478
-599
-678
-279
-133
10
144
164
223
304
408
638
792
615
656
719
798
805
715
648
616
462
255
240
246
163
-248
-226
-235
-528
-799
-1089
-1218
-1391
-1419
-1599
-1795
-1964
-2103
-2062
-2203
-2262
-2320
-2413
-2317
-2187
-2017
-2011
-1909
-1804
-1661
-1495
-1299
-909
-945
-832
-503
-208
-126
-73
232
396
561
727
803
933
1125
1200
1266
1277
1305
1420
1458
1530
1707
1703
1652
1527
1445
1485
1662
1589
1539
1736
1568
1638
1625
1680
1648
1594
1672
1751
1875
1979
1826
1590
1616
1692
1815
1227
1053
1369
1295
621
14
614
956
185
-411
-324
-170
-591
-859
-857
-1007
-1275
-1483
-1344
-1466
-1489
-1500
-1534
-1483
-1317
-1389
-1585
-1183
-808
-740
-1063
-963
-499
-318
-342
-341
28
-63
-34
127
313
472
389
494
518
615
576
474
579
582
402
135
135
475
73
-415
-381
-325
-362
-694
-1014
-1264
-1029
-1209
-1472
-1817
-2033
-1841
-2197
-2387
-2457
-2313
-2364
-2299
-2115
-2093
-2155
-2206
-2037
-1748
-1694
-1595
-1468
-1411
-1256
-956
-842
-647
-237
-255
38
270
111
151
553
934
958
1029
1160
1201
1492
1446
1457
1719
1615
1588
1613
1466
1482
1498
1382
1424
1323
1194
1279
1402
1486
1479
1446
1500
1743
1837
1886
1829
1695
1408
1624
1759
1367
1078
1486
1526
734
298
806
1055
305
-100
-125
-95
-523
-743
-587
-858
-1187
-1334
-1326
-1293
-1378
-1533
-1560
-1437
-1328
-1467
-1593
-1389
-1007
-1037
-1220
-1019
-625
-412
-463
-401
-29
144
-69
187
346
426
544
546
717
730
687
640
675
778
590
376
260
276
233
67
-5
-158
-338
-538
-723
-711
-702
-888
-1194
-1290
-1343
-1611
-1812
-1858
-1667
-1563
-1979
-2085
-1959
-1591
-1651
-1799
-1465
-1252
-1178
-1082
-998
-551
-407
-170
-19
98
357
496
599
748
936
933
1225
1264
1462
1582
1657
1628
1759
1835
1872
1887
1882
1955
1837
1938
1997
2019
2022
1990
1937
1945
1897
1864
1911
1930
1895
2027
2122
2138
2068
1891
1637
1833
2033
1746
1279
1519
1947
1414
444
475
1252
672
-24
-59
-64
-367
-685
-675
-754
-1044
-1267
-1150
-1222
-1329
-1430
-1494
-1325
-1334
-1321
-1505
-1492
-1114
-884
-983
-1157
-926
-541
-473
-423
-263
-196
52
24
119
226
296
442
559
590
536
707
623
718
503
206
296
492
584
-32
-358
-276
-225
-402
-818
-1130
-1189
-1202
-1342
-1595
-1802
-2006
-2081
-2049
-2298
-2380
-2355
-2343
-2178
-2209
-2327
-2209
-2028
-1928
-1640
-1587
-1443
-1124
-890
-702
-494
-318
-120
151
244
408
507
797
973
1095
1139
1300
1507
1603
1639
1712
1672
1783
1949
2006
1861
1879
1856
1898
1991
1826
1756
1701
1773
1807
1738
1622
1756
2049
2029
2120
1968
1805
1631
1794
1856
1347
1166
1394
1641
851
205
396
828
227
-526
-404
-308
-668
-877
-863
-895
-1193
-1433
-1399
-1524
-1545
-1750
-1716
-1900
-1854
-1749
-1920
-1789
-1536
-1262
-1456
-1677
-1096
-842
-755
-692
-375
-204
-354
-271
-130
21
110
204
43
266
241
47
-24
239
349
-91
-232
-137
-24
-94
-263
-339
-525
-636
-923
-978
-802
-1083
-1248
-1466
-1555
-1545
-1662
-1684
-1645
-1681
-2013
-2171
-1924
-1605
-1683
-1845
-1812
-1586
-1408
-1373
-1139
-955
-650
-522
-634
-284
-81
171
421
690
761
742
826
1000
1407
1374
1553
1530
1719
1875
2122
2083
1988
2180
2145
2075
2263
2445
2360
2366
2292
2390
2303
2340
2396
2345
2460
2416
2338
2373
2241
2068
2162
2259
2029
1476
1654
2237
2064
1134
877
1209
1126
581
364
693
279
-323
-356
-247
-559
-984
-861
-816
-907
-1082
-1166
-1062
-858
-824
-1062
-1245
-960
-632
-743
-881
-801
-508
-276
-244
-264
-148
82
299
237
341
472
643
681
657
623
697
831
804
859
822
561
219
230
516
339
-131
-386
-275
-503
-787
-846
-973
-1002
-1256
-1496
-1612
-1714
-1739
-1857
-1891
-1916
-2194
-2329
-2237
-1932
-1882
-1800
-1840
-1600
-1262
-1214
-1202
-988
-648
-514
-332
-230
-24
319
506
663
846
1044
1244
1375
1458
1567
1823
1755
1769
1939
2060
2078
2114
2160
2292
2246
2244
2282
2192
2303
2166
2146
2418
2462
2261
2199
2426
2496
2238
2029
1866
2098
2223
1435
1110
1751
1831
1156
328
610
1074
412
-347
-428
-312
-366
-613
-547
-759
-1046
-1153
-1327
-1253
-1374
-1367
-1458
-1489
-1274
-1336
-1533
-1393
-1046
-858
-1086
-1063
-769
-667
-712
-499
-367
-266
-150
-92
4
24
-44
-4
182
312
449
393
202
215
630
422
68
-74
166
228
-115
-248
-249
-382
-606
-830
-915
-934
-1111
-1370
-1438
-1461
-1699
-1909
-1912
-1909
-1971
-2044
-2329
-2046
-2067
-2176
-2002
-1843
-1699
-1648
-1523
-1345
-1083
-1032
-881
-756
-430
-268
-107
-27
129
335
456
639
919
1060
1068
1245
1438
1702
1871
1985
2053
2117
2120
2173
2048
2156
2294
2282
2216
2106
2110
2036
2071
2155
1982
1926
1937
1628
1644
1984
1607
886
818
1590
1478
454
136
642
717
94
-392
-300
-332
-567
-768
-901
-939
-1200
-1224
-1269
-1384
-1287
-1238
-1539
-1474
-1306
-1471
-1562
-1417
-1048
-999
-1282
-1263
-907
-615
-508
-679
-459
-357
-210
-133
-54
1
-202
-86
46
138
202
125
122
373
230
17
-15
215
428
-12
-232
-291
-256
-369
-481
-700
-799
-907
-1202
-1228
-1353
-1350
-1385
-1420
-1434
-1443
-1450
-1370
-1326
-1412
-1515
-1486
-1200
-1024
-909
-1136
-1113
-745
-725
-529
-305
-24
242
427
497
810
1008
1185
1399
1486
1562
1744
1900
1864
2137
2234
2163
2236
2269
2440
2438
2537
2600
2565
2599
2543
2590
2779
2932
2681
2681
2511
2266
2116
2128
2271
1539
1006
1395
1729
881
4
259
751
246
-625
-694
-575
-839
-993
-996
-1027
-1457
-1690
-1519
-1523
-1571
-1681
-1654
-1451
-1253
-1242
-1357
-1399
-1086
-852
-1146
-1200
-864
-625
-683
-687
-541
-440
-584
-477
-271
-242
-328
-281
-64
-74
-8
-215
-189
58
-1
-97
-267
-158
78
-128
-610
-610
-529
-460
-792
-893
-810
-844
-1027
-1292
-1311
-1309
-1323
-1335
-1457
-1575
-1640
-1616
-1517
-1442
-1400
-1543
-1644
-1482
-1240
-1340
-1122
-973
-855
-679
-559
-446
-244
20
92
88
226
505
737
883
1106
1282
1305
1649
1766
1918
1931
2051
2201
2291
2467
2507
2601
2668
2730
2794
2678
2728
2833
2758
2838
2858
2586
2410
2565
2197
1655
1458
1848
1774
803
209
512
570
110
-539
-554
-607
-1028
-1156
-1331
-1369
-1596
-1677
-1613
-1594
-1711
-1704
-1691
-1617
-1655
-1820
-1796
-1646
-1239
-1207
-1241
-1274
-1066
-922
-913
-862
-737
-655
-889
-966
-693
-592
-666
-810
-914
-656
-683
-698
-821
-1020
-813
-673
-777
-889
-817
-768
-1014
-1123
-1343
-1340
-1429
-1463
-1314
-1425
-1575
-1802
-1696
-1634
-1963
-2194
-1848
-1851
-1630
-1828
-1903
-1710
-1549
-1345
-1526
-1406
-1240
-1148
-882
-733
-640
-616
-391
-201
-260
36
98
164
410
417
514
689
783
970
1024
1169
1314
1475
1691
1926
1958
2170
2267
2375
2633
2646
2831
2766
2836
2827
2881
2776
2504
2750
2857
2188
1821
2245
2659
1869
834
1042
1464
927
-47
-265
-47
-336
-799
-792
-857
-1379
-1547
-1512
-1655
-1721
-1926
-1770
-1689
-1674
-1643
-1628
-1509
-1193
-1004
-971
-1049
-866
-717
-726
-346
-62
-239
-486
-252
45
48
-97
-208
-42
104
166
-50
-218
-140
90
58
-301
-456
-323
-347
-610
-792
-759
-749
-1016
-1036
-1061
-1237
-1362
-1362
-1425
-1444
-1524
-1657
-1548
-1365
-1462
-1554
-1452
-1226
-1075
-1212
-1140
-939
-828
-791
-756
-505
-306
-163
26
194
281
346
633
837
991
1062
1026
1151
1244
1304
1423
1380
1419
1577
1738
1782
1870
1935
2032
2054
2205
2461
2512
2692
2787
2649
2560
2313
2530
2508
1966
1955
2444
2458
1431
724
1176
1507
814
-76
-159
-21
-410
-731
-625
-673
-1165
-1518
-1443
-1380
-1941
-2067
-1908
-1876
-1777
-2043
-2287
-2078
-1679
-1462
-1648
-1945
-1393
-1318
-1306
-1106
-924
-904
-920
-627
-599
-772
-989
-499
-179
-302
-560
-484
-252
-130
-272
-386
-575
-728
-447
-532
-755
-930
-790
-802
-944
-1094
-1135
-1303
-1387
-1541
-1724
-1759
-1727
-1811
-1849
-1765
-1825
-1832
-1847
-1745
-1724
-1372
-1284
-1107
-951
-802
-414
-268
-11
201
224
479
629
881
1049
1083
1242
1325
1568
1702
1737
1855
1862
1962
2015
2054
2200
2203
2298
2434
2495
2247
2117
2368
2423
2364
2053
2019
2078
1894
1673
1577
1903
1766
1131
234
629
964
316
-342
-514
-406
-836
-1215
-1221
-1187
-1533
-1727
-1251
-1351
-1606
-1561
-1308
-1210
-1619
-1954
-1996
-1856
-1624
-1514
-1558
-1738
-1651
-1527
-1582
-1599
-1253
-1012
-1018
-1314
-1467
-1165
-1061
-949
-1140
-1116
-1169
-1051
-952
-914
-693
-882
-911
-906
-837
-856
-969
-868
-864
-1042
-1085
-1119
-1094
-1039
-1113
-1152
-1269
-1250
-1092
-1271
-1230
-1282
-1295
-1261
-1188
-1063
-1028
-920
-1015
-833
-655
-691
-357
-47
-69
258
440
528
883
957
1071
1330
1412
1464
1542
1711
1865
2052
2021
2188
2141
2276
2505
2615
2638
2686
2847
2899
2858
2972
3072
3034
2963
2622
2385
2306
2481
2554
1775
940
957
1619
1300
205
-83
109
-53
-662
-740
-514
-870
-1243
-1295
-1187
-1408
-1828
-1594
-1112
-1147
-1519
-1822
-1529
-1203
-1010
-896
-863
-929
-858
-763
-700
-524
-587
-531
-245
-116
-444
-650
-445
-212
-149
-464
-637
-657
-625
-556
-704
-795
-890
-879
-942
-983
-917
-962
-960
-934
-1138
-972
-913
-885
-967
-1019
-1009
-975
-935
-1001
-721
-694
-802
-640
-602
-409
-299
-242
-77
-94
-33
49
303
438
505
485
545
572
812
787
822
1194
1201
985
896
1203
1313
1315
1266
1516
1616
1583
1768
1850
1835
1777
1896
2017
2156
2125
2145
2230
2096
1785
1510
1986
2399
2022
1138
1111
1713
1590
975
833
897
720
-97
-164
335
-171
-795
-1003
-509
-669
-1368
-1361
-948
-955
-1443
-1576
-1489
-1636
-1748
-1529
-1159
-1036
-1306
-1596
-1336
-912
-882
-947
-911
-670
-590
-658
-351
-339
-427
-446
-368
-179
-239
-455
-465
-220
-69
-11
-282
-416
-268
-22
-7
-279
-421
-398
-407
-359
-449
-587
-641
-742
-592
-707
-763
-681
-681
-550
-461
-552
-737
-546
-365
-186
-128
-373
-421
-138
-103
-33
146
121
209
297
425
550
686
689
740
773
778
763
674
797
853
812
789
902
902
910
740
815
1056
1155
1123
1330
1411
1539
1349
944
987
1123
1489
1061
521
543
708
566
305
532
302
323
84
192
375
55
-127
-57
30
-201
-483
-607
-392
-276
-596
-711
-379
-608
-884
-928
-778
-624
-879
-924
-763
-788
-859
-978
-878
-827
-1005
-1106
-1035
-742
-675
-888
-720
-626
-681
-624
-473
-195
-473
-462
-261
-274
-291
-347
-78
-62
-87
123
153
208
224
194
196
190
131
111
168
59
118
218
160
131
70
164
25
87
202
131
176
180
239
321
354
368
419
638
636
718
736
611
666
843
1114
1037
926
1030
1225
1092
1015
1201
1274
1347
1276
1284
1438
1446
1420
1437
1349
1438
1336
1286
1332
1199
1233
1256
1241
1221
1107
1089
1036
957
970
848
733
615
548
513
346
315
205
72
120
-25
-86
-53
-202
-141
-293
-393
-353
-452
-523
-613
-667
-777
-717
-821
-769
-853
-1010
-1116
-1040
-1086
-1188
-1299
-1220
-1287
-1297
-1291
-1181
-963
-1036
-971
-925
-812
-724
-648
-583
-311
-180
-134
-88
-66
170
165
226
350
299
389
474
532
465
414
410
446
444
439
517
574
299
287
305
370
320
80
182
153
340
-18
-105
31
56
124
71
-82
-137
94
105
160
174
218
244
280
502
325
438
545
680
588
637
692
778
836
918
803
836
905
796
901
823
919
951
878
867
714
681
750
686
570
548
487
380
294
130
88
60
183
-113
-161
-171
-209
-93
-252
-278
-387
-318
-249
-256
-399
-465
-387
-446
-335
-311
-365
-346
-510
-396
-329
-424
-303
-370
-355
-345
-437
-461
-357
-400
-363
-323
-519
-487
-502
-473
-344
-385
-714
-459
-334
-348
-16
-146
-94
-80
120
233
3
73
70
-1
89
93
194
271
316
112
226
463
362
381
446
386
224
133
125
176
167
182
144
-8
15
-132
-313
-108
-239
-315
-124
-257
-309
-413
-408
-288
-262
-218
-144
-218
-150
10
68
393
167
235
453
412
473
541
639
575
633
606
712
741
761
638
545
511
471
262
328
425
434
335
184
86
182
166
-78
-81
-178
-220
-441
-234
-220
-443
-346
-192
-125
-435
-156
-12
42
108
44
91
4
85
-52
50
196
276
217
159
187
149
320
254
305
289
319
349
501
534
518
553
571
575
598
485
311
571
730
736
403
326
398
492
383
373
575
504
513
572
664
628
603
671
754
781
811
820
703
595
665
748
687
624
570
671
554
500
393
332
402
273
335
231
235
224
202
104
-60
-4
-98
-230
-138
-167
-329
-269
-268
-397
-204
-153
-314
-328
-272
-129
-16
13
-32
16
47
2
118
56
33
42
0
186
99
106
152
85
81
3
-54
-111
-218
-135
11
-25
-113
-162
-194
-133
-157
-345
-416
-416
-346
-389
-377
-356
-285
-271
-229
-186
-299
-187
-62
-27
45
-3
92
62
137
171
226
359
114
182
225
336
277
270
214
272
158
55
193
197
211
47
173
95
-94
-7
-127
-3
-191
-25
-90
-126
-102
-200
-297
-317
-192
-232
-201
-182
-84
-41
-50
-25
32
39
206
137
1
14
-17
92
-20
7
-6
8
51
58
-48
-190
-74
-7
-68
-209
-146
-255
-34
-193
-404
-346
-260
-226
-285
-364
-348
-314
-324
-236
-327
-337
-293
-243
-140
-244
-196
-91
-157
-121
-53
8
-139
-110
6
-163
32
162
129
-3
-13
164
-17
-101
15
-90
-197
-215
-377
-410
-333
-354
-415
-401
-480
-554
-540
-591
-354
-273
-202
-188
-143
-145
-129
-310
-204
-147
-336
-13
-197
-205
-116
-179
-164
-53
-426
-215
-85
-186
-54
-126
0
-15
-175
-168
-325
-214
-187
-59
6
-123
-12
-62
-118
-204
-293
-315
-373
-384
-304
-221
-216
-163
-199
-360
-284
-356
-326
-211
-66
-140
-123
-226
-200
-113
-138
-128
-100
5
-218
-191
-192
-217
-1
-173
-228
-97
-40
3
14
-86
47
49
-117
-56
-32
26
-33
-1
-49
-137
-127
-153
-84
18
-18
3
84
-18
55
192
302
354
368
450
511
554
494
458
330
692
868
696
628
468
659
605
537
520
526
436
535
576
532
585
592
581
530
547
515
424
295
260
204
235
386
310
219
211
345
296
207
181
198
321
198
122
153
169
250
286
277
196
150
6
40
20
97
61
-57
35
-66
39
-35
-203
-146
-189
-94
-10
-67
-233
-249
-347
-347
-452
-441
-418
-527
-373
-447
-283
-409
-418
-471
-511
-433
-379
-273
-375
-360
-351
-304
-394
-269
-208
-240
-212
-179
-130
-126
-79
3
4
-60
72
225
173
111
327
218
250
241
31
-16
85
163
131
121
163
34
134
121
294
190
-56
7
-171
33
-111
-29
-1
-164
-133
-125
-86
-7
-55
-77
-34
-141
-35
-9
-41
46
102
89
75
243
194
144
221
265
279
178
339
236
190
150
17
69
-62
-147
-40
91
70
8
9
-157
-161
-201
-231
-210
-124
-235
-173
-234
-146
-95
-336
-149
-211
-249
-247
-257
-288
-301
-324
-194
-120
-341
-327
-375
-303
-216
-342
-326
-298
-398
-401
-362
-632
-629
-690
-809
-714
-682
-629
-639
-611
-662
-667
-607
-513
-551
-489
-596
-622
-661
-558
-498
-456
-194
-421
-379
-342
-305
-99
93
147
117
278
252
284
125
235
194
241
294
67
131
-4
-94
-307
-203
-308
-543
-219
-250
-231
-239
-288
-199
-213
-431
-553
-278
-213
-157
-62
37
-6
125
263
69
44
190
323
161
91
135
49
140
62
105
193
-125
103
115
268
302
-72
156
205
46
134
223
76
21
2
-121
-251
-165
-153
-74
-91
-189
-99
-70
21
2
59
-34
-40
35
63
31
31
170
117
86
176
176
155
251
200
138
165
228
95
17
137
190
187
198
285
309
265
165
43
49
336
323
94
26
41
224
148
116
85
192
199
130
258
206
413
524
450
556
558
559
623
507
614
686
691
641
485
478
474
524
467
354
404
304
314
272
369
244
132
155
289
303
35
47
-14
2
-14
-29
-36
5
-30
-39
49
-26
34
-60
96
235
262
240
170
265
272
240
150
174
196
284
378
390
493
464
483
453
317
298
303
281
232
190
62
156
108
51
34
-82
54
8
9
-128
-170
-196
-311
-177
-350
-204
-298
-232
-171
-97
-55
-194
-73
-69
-31
8
34
-61
-57
-16
118
-2
-70
-167
-166
-58
9
7
-123
-73
-57
-147
-130
-134
-25
-117
-247
-56
-96
-120
-96
-71
-69
-113
-177
-80
-67
-26
2
162
307
101
207
216
262
308
267
355
321
282
242
250
291
340
291
375
339
320
204
112
286
285
229
167
32
56
139
24
90
-93
-9
-90
-124
-38
-177
-1
-87
-165
36
-5
91
98
51
102
95
6
46
157
133
126
-102
85
195
203
165
-15
-15
82
88
77
55
-39
-78
-142
-192
-142
-118
-221
-361
-333
-307
-489
-448
-274
-511
-558
-507
-445
-509
-349
-163
-213
-365
-403
-410
-394
-368
-379
-291
-424
-454
-553
-487
-380
-445
-386
-105
25
-78
-66
-208
-96
3
-43
126
39
12
47
18
56
121
59
104
-13
-27
44
17
-45
-129
-4
-174
-146
-45
-12
-111
-59
-138
-80
-48
128
69
46
9
118
226
6
392
188
221
156
155
259
151
138
180
247
257
327
349
325
348
266
299
351
156
259
295
256
203
177
236
257
253
318
289
215
290
171
203
80
254
413
478
546
474
518
533
404
368
534
719
823
539
383
429
464
482
270
380
489
347
381
229
280
430
347
265
232
227
197
71
109
-30
-50
73
3
-63
-57
-6
-112
-101
-115
-109
-133
-167
-66
-42
-73
-103
-32
171
149
14
79
83
25
-96
-297
-49
-60
-175
-113
-48
-99
41
21
-4
65
82
72
-41
21
-27
-137
-94
-115
-35
-96
-97
-4
-26
20
-47
-60
-43
41
29
4
34
-47
-33
0
66
119
20
34
105
56
73
155
204
331
201
163
220
158
92
93
300
376
232
236
228
46
114
8
1
84
-139
-12
-94
99
1
-92
98
-7
149
172
51
116
96
37
108
-67
-205
-47
-27
105
78
-9
71
-29
-7
36
-15
56
11
-8
28
-28
-43
-27
-30
-87
-46
-129
-166
-260
-412
-374
-356
-348
-419
-407
-395
-362
-441
-573
-441
-573
-233
-285
-261
-346
-418
-191
-273
-216
-212
-273
-104
-32
-64
-5
-31
92
77
145
324
281
236
104
232
277
83
125
44
85
48
-117
-224
-163
-208
-270
-167
-202
-140
-181
-261
-256
-307
-256
-214
-266
-245
-359
-331
-288
-323
-271
-565
-181
-252
-228
-255
-297
-23
-93
-183
-142
-35
-24
76
-173
-85
-63
-16
93
-99
-152
-183
-282
-225
-241
-536
-250
-171
-182
-281
-320
-167
-272
-86
-206
-175
-112
-85
-184
-213
-123
-48
26
-43
-37
-36
56
68
68
-124
-61
28
-26
-41
-72
-152
-275
15
-128
-15
40
-207
-177
-230
-92
-217
-286
-252
-367
-245
-179
-191
-220
-245
-266
-334
-271
-321
-102
57
-103
-15
7
-75
49
17
4
96
126
305
358
341
324
400
318
314
286
171
150
219
219
308
336
438
418
488
502
416
239
209
423
529
327
37
10
162
245
5
-119
100
153
50
22
110
154
138
164
293
212
257
160
266
321
313
475
366
349
363
500
472
389
342
354
270
281
186
169
156
148
153
37
42
-121
-90
-200
-138
-97
-208
-178
-253
-277
-146
-113
-255
-304
-140
-205
-109
-115
-193
-19
-87
-28
11
-47
-95
-51
-181
-49
67
-43
-78
-75
-44
-110
-139
-142
-165
-161
-61
4
-104
-197
-109
-140
-148
-47
-120
-205
-188
-122
-181
-71
-86
-107
-33
-38
-15
-73
-25
-81
-20
15
29
20
75
87
108
99
116
117
159
233
222
137
-87
19
-150
-96
-10
-22
3
-162
2
-161
-144
-227
-214
-53
-178
-138
-145
-125
-237
-194
-102
-105
-64
-72
15
37
18
120
13
41
75
25
47
-51
-5
138
149
173
80
105
129
289
184
-11
-45
-7
220
150
250
46
-54
118
-35
73
-173
-157
-29
-158
-75
-116
-121
-51
-88
-122
-8
-184
-112
-140
-42
-154
-173
-144
-224
-248
-337
-356
-382
-255
-349
-281
-316
-240
-198
-283
-240
-252
-170
-289
-179
-339
-381
-465
-404
-288
-570
-542
-513
-545
-599
-625
-508
-433
-162
-229
-292
-133
-180
-176
-170
-166
-345
-219
-355
-184
-227
-372
-161
-502
-325
-388
-433
-334
-250
-174
-334
-344
-275
-224
-256
-236
21
-157
-230
-46
2
62
-45
-81
-52
-82
-79
-47
-38
12
24
-28
80
-73
24
93
-18
-63
-257
-168
-5
-44
-48
-130
-36
139
130
83
-97
75
114
15
-28
-3
75
96
99
88
99
124
289
168
220
324
216
119
143
76
56
29
63
-3
-149
-107
-93
-80
-162
-226
-170
-165
-125
-113
-115
-27
79
80
163
288
216
71
83
237
364
190
32
147
260
236
202
190
345
278
267
148
289
263
254
381
168
211
6
63
154
13
41
16
-51
17
98
109
84
114
85
-23
-43
177
288
152
251
357
213
184
159
147
66
204
223
122
248
167
75
129
186
174
79
40
144
107
186
212
14
145
175
171
52
-73
-86
55
62
55
77
38
118
30
-28
-67
19
8
-101
-73
-42
-59
-70
-24
73
48
33
48
-11
-51
-13
89
90
22
-46
39
84
-14
90
9
-112
-31
-92
-21
-152
-157
-194
-177
-234
-300
-220
-218
-129
-277
-368
-261
-294
-194
-45
-133
-216
-159
-122
-41
-200
-67
102
-187
-61
-45
29
92
51
22
-11
16
-33
-116
-77
-89
-151
-150
-139
-119
-198
-98
-60
-13
14
29
-8
-65
3
-39
21
154
-40
140
143
12
-41
104
256
125
102
-78
86
196
112
104
-48
147
175
181
264
97
130
107
174
150
96
116
33
142
160
62
76
88
19
-229
-279
-267
-196
-92
-300
-246
-195
-267
-264
-294
-261
-336
-348
-361
-254
-367
-218
-336
-270
-250
-329
-326
-482
-393
-359
-394
-582
-322
-113
-101
-171
-36
15
7
-244
-323
-271
-379
-269
-179
-179
-294
-412
-345
-350
-429
-403
-398
-194
-248
-233
-259
-225
-166
-237
-152
-128
-220
41
-59
-74
44
19
13
-60
-30
-12
29
59
-51
30
2
108
178
60
134
131
81
37
220
223
189
33
62
130
113
195
43
101
61
151
78
108
254
110
77
67
-3
218
163
271
326
325
275
192
349
239
233
165
200
187
58
84
188
156
177
187
55
176
172
118
132
191
305
304
300
385
389
221
196
258
421
293
-46
131
178
222
45
-21
171
94
60
59
172
160
208
184
226
91
195
205
97
224
149
101
-19
161
196
27
87
12
76
60
-2
110
17
28
-72
-99
-115
-115
-74
-177
-157
-263
-317
-225
-186
-286
-258
-258
-211
-238
-144
-260
-432
-126
-133
-73
-102
-94
-209
-161
-121
-153
-93
40
181
261
274
202
310
248
276
251
245
366
311
231
205
88
148
113
37
145
129
198
140
59
156
81
94
97
30
70
80
84
43
85
119
55
-52
57
108
-1
124
94
-86
-63
25
38
0
-17
-99
-158
55
30
90
-78
-45
-4
66
-67
-1
-99
-258
-68
-149
26
11
-87
-124
-127
-116
-97
-57
-76
-66
-162
-63
-116
70
61
-86
-49
-146
-122
-66
-129
-75
-91
-162
-80
-180
-36
-3
40
10
57
-121
-240
184
165
-107
-117
-166
-128
-6
-190
-327
-242
-193
-157
-289
-275
-294
-237
-198
-248
-183
-240
-122
-198
-187
-138
-130
-140
-212
-160
-251
-367
-364
-394
-361
-166
-167
-94
-66
-90
-142
-149
-192
-231
-257
-350
-447
-286
-295
-265
-292
-341
-440
-610
-366
-426
-459
-507
-161
-93
-215
23
-143
-125
-211
-471
-396
-294
-299
-329
-256
-386
-376
-473
-377
-392
-805
-525
-317
-431
-446
-349
-391
-380
-193
-304
-317
-206
-206
-225
-169
-113
-72
-46
-127
-103
-112
12
-131
-216
-262
-130
185
95
44
37
-25
-54
-148
18
-57
-138
55
-52
12
217
201
188
162
84
20
46
-70
68
115
45
85
-33
21
174
279
121
168
178
99
162
114
144
32
91
110
-31
-19
-65
-57
115
46
-2
103
115
85
180
163
281
325
356
302
306
504
326
455
598
702
472
251
370
448
426
241
304
367
312
372
299
411
348
400
501
408
326
340
342
238
124
120
191
194
253
229
365
204
188
187
207
265
216
71
150
283
58
23
4
14
-53
31
-72
-52
-43
-137
-6
-89
-38
-46
-48
-121
-178
-239
-157
18
-7
-110
-118
-105
-56
-133
-338
-183
-156
-138
-116
-80
-2
-36
27
20
-48
74
14
-180
-29
-14
-36
-157
-100
-59
-148
22
-81
-73
-25
-96
-124
-7
-46
-81
-42
41
32
-56
41
-92
-162
-128
-127
-246
-173
-91
-152
-303
-271
-234
-180
-309
-233
-232
-301
-169
-176
-213
-40
-90
-14
14
-122
-27
-39
-9
59
150
95
130
141
80
51
196
-39
-103
11
1
122
3
104
194
141
160
203
91
105
189
133
102
103
98
31
26
23
25
60
-54
-137
33
65
186
113
65
143
138
218
239
158
59
55
157
76
285
161
62
195
24
172
150
132
192
75
158
67
-86
-18
20
-18
-70
-205
-215
-220
-226
-52
-142
-156
-171
-152
-85
-264
-291
-234
-193
-353
-426
-416
-313
-442
-566
-520
-470
-431
-274
-216
-388
-199
-121
-196
-247
-95
-131
-313
-268
-230
-267
-281
-294
-316
-240
-244
-309
-253
-314
-541
-542
-212
-276
-351
-302
-362
-143
-119
-195
-263
-255
-191
-175
-192
-145
-102
-93
-21
-95
39
-65
-18
-67
-32
121
8
-26
-12
240
68
155
141
77
121
154
274
49
180
265
168
197
184
-22
129
-82
26
80
-6
43
92
51
105
210
49
45
149
76
133
78
97
102
183
152
61
313
158
187
136
108
146
27
85
81
98
76
106
-561
-1097
-452
172
-242
-966
-891
-397
-214
-232
-119
-222
-620
-594
-155
-283
-665
-552
-112
81
-138
-251
-118
44
-32
97
275
122
-204
-214
-195
-175
-136
-256
-235
-184
-211
-332
-492
-515
-416
-330
-344
-518
-647
-590
-406
-314
-421
-410
-517
-576
-551
-567
-539
-510
-489
-453
-484
-397
-474
-482
-424
-457
-435
-480
-366
-290
-193
-210
-77
-38
-160
-273
-136
-117
-59
-68
67
42
-87
-194
-179
-102
-50
-33
-189
-176
-249
-276
-331
-256
-297
-271
-331
-263
-447
-474
-433
-484
-295
-271
-214
-272
-251
-347
-193
-205
-165
1
-221
-296
-327
-258
-84
-147
-383
-265
-274
-54
-174
-319
-178
-189
-78
-4
-299
-270
-2
-84
-7
-142
-195
-117
-210
-81
-155
-39
127
-40
-77
17
-30
-33
-80
-229
-117
-177
-128
-236
-254
-91
-130
-1
141
-50
3
42
17
66
-85
15
91
108
119
154
207
223
37
322
228
-49
139
47
299
382
150
154
212
310
131
199
293
248
329
366
213
195
264
98
49
299
312
203
276
409
337
150
57
-71
53
117
91
171
138
64
-36
-164
31
-2
44
155
157
12
-25
-31
-175
-186
-254
-68
-102
-209
-104
-204
-210
-85
-62
-169
-203
-20
73
-111
-219
-241
-291
-268
-159
-285
-188
-133
1
-37
-39
-282
-415
-260
-312
-223
-17
-168
-365
-156
-186
-163
-117
-224
-170
-68
78
-22
-127
-41
42
-34
125
190
51
-82
-83
48
-9
-36
-96
-33
55
96
226
186
227
156
207
166
122
267
248
222
266
282
245
0
247
203
272
464
211
469
385
459
434
392
362
412
478
406
498
386
302
271
373
369
337
224
155
250
251
364
167
113
354
319
346
395
363
381
410
514
334
241
367
613
640
403
464
588
548
401
313
501
365
207
419
470
587
537
342
474
459
378
374
387
497
476
319
223
322
253
210
328
458
290
207
120
241
195
152
288
114
33
68
59
38
61
33
-14
35
48
166
207
21
17
28
146
95
181
235
88
159
314
254
210
128
147
129
237
252
257
363
276
256
293
345
261
181
125
236
304
297
336
211
68
10
65
186
196
260
343
255
194
260
206
129
233
205
277
409
254
201
251
292
186
362
367
265
379
490
419
331
150
-9
264
453
381
285
398
346
358
165
124
87
99
162
166
241
149
175
-18
94
-41
-42
43
100
81
124
165
63
-43
-98
136
137
91
145
117
20
203
77
6
13
65
211
309
204
182
226
149
81
71
98
-29
-64
122
214
53
-170
-47
112
333
266
94
21
101
220
78
284
272
152
150
319
358
263
193
169
355
351
291
158
156
259
317
18
-99
92
80
-26
-107
-10
43
218
237
81
115
30
-28
28
-52
-73
84
12
-236
-78
-183
-204
-256
-208
-156
-250
-3
139
-17
-13
116
139
150
2
-41
55
1
-54
-15
-62
-155
-125
1
-167
-389
-91
79
-52
-100
-172
73
85
27
91
17
-64
-98
144
79
106
132
153
227
300
267
333
266
147
266
198
340
215
140
244
108
196
150
202
211
205
50
164
207
94
96
21
-2
-96
-81
-14
-35
13
35
-18
161
183
145
334
208
166
269
244
208
189
186
216
351
164
142
156
239
181
183
166
15
183
149
177
196
275
351
338
441
478
489
382
306
177
237
537
595
496
242
313
417
143
246
254
346
508
347
459
445
397
460
452
470
406
388
356
317
283
279
277
269
210
229
213
267
289
275
225
239
159
198
270
170
75
120
57
-3
60
110
52
-45
25
-61
-98
-27
-66
-154
-26
-136
-94
-141
-134
26
-3
69
41
140
133
94
46
84
148
6
59
68
-11
-69
22
-26
-69
-96
-81
-17
-81
17
6
-19
10
-24
-135
-51
-51
-37
-50
-66
20
-66
-5
16
71
-47
-3
135
69
41
-62
7
-114
-46
5
135
103
124
33
-43
61
151
98
-140
87
55
-129
88
48
-136
143
8
34
21
83
-40
49
-30
3
95
106
57
-50
44
-23
69
109
31
-5
98
3
19
68
128
186
220
180
126
111
74
41
69
218
270
335
149
199
169
-36
-39
39
173
111
27
-118
-22
-39
22
-37
-195
8
-30
1
70
31
121
