-172
-185
-182
-221
-309
-225
-145
-260
-307
-326
-343
-365
-321
-323
-282
-359
-428
-328
-410
-287
-76
-67
-77
43
-154
-190
-166
-345
-347
-50
102
-91
-8
-136
-197
-200
-178
-389
-377
-230
-284
-156
-317
-322
-220
-261
-217
-320
-277
-100
-117
-131
-54
-168
-29
39
-140
-218
-192
31
-91
-109
-136
-66
-150
-136
81
-14
-105
-159
-6
-40
-53
-60
-57
-55
-99
5
65
-78
-93
-64
-34
-68
-227
-44
63
-45
53
75
111
175
341
158
221
205
66
346
268
265
247
219
323
276
237
251
172
237
384
217
119
125
153
244
234
353
423
420
517
391
222
80
195
390
400
280
89
264
276
236
241
160
289
315
220
249
304
384
366
218
328
244
194
195
156
117
287
142
109
232
80
18
9
99
142
160
74
13
20
-4
107
15
71
56
84
22
-34
-39
-84
-81
-62
-70
-30
56
76
102
-26
-64
-138
9
97
92
51
-53
0
-43
-182
-321
-198
-227
-204
-72
-119
27
-68
-266
-130
-241
-245
-145
-137
-171
-101
-172
-197
-107
-190
-34
-85
-124
-10
-134
-124
-91
-47
-70
-112
-136
-125
-179
-115
-68
-32
9
-256
-284
-114
-81
14
104
-8
-201
-130
-64
-43
-2
-123
-80
-107
-164
-142
-6
39
-61
-211
-225
-178
-137
-120
-125
-162
-82
-139
-131
-396
-269
-250
-143
-85
-159
-81
-176
-93
-112
-55
-119
-153
-151
-134
-79
-189
-126
-117
-172
-94
-131
-54
-107
-157
-168
-132
-165
-325
-206
-135
-86
-118
-212
10
114
-30
-88
-223
-71
-25
-175
-48
-16
-63
-129
-190
-101
-139
-132
-53
-115
-163
-270
-265
-342
-314
-280
-354
-378
-378
-291
-302
-352
-339
-330
-386
-370
-395
-563
-600
-541
-567
-691
-611
-665
-671
-630
-726
-804
-759
-769
-675
-743
-851
-589
-456
-349
-230
-180
-275
-189
-161
-320
-263
-140
-349
-167
-283
-180
-383
-436
-147
-565
-258
-208
-150
-402
-375
-336
-324
-332
-407
-385
-416
-396
-267
-380
-257
-189
-223
-100
-142
-58
-279
-139
-44
-180
-169
-155
-169
-212
-265
-268
-299
-237
-157
-81
14
-81
-137
-181
-248
-144
-150
-120
-85
-146
-259
-252
-169
-221
27
-17
-64
-2
-58
23
112
73
82
174
53
64
373
236
250
285
254
193
252
173
250
236
133
197
116
153
79
126
178
231
402
365
181
203
146
61
232
496
410
86
30
177
173
117
18
63
285
154
242
332
279
242
151
189
201
189
197
99
46
214
30
124
94
23
40
-11
27
29
-23
-155
24
8
-18
49
-22
-89
-53
1
-40
-49
-49
-126
-187
-153
-73
-99
-168
-188
-307
-316
-391
-511
-371
-363
-308
-199
-319
-241
-323
-362
-381
-307
-240
-95
-11
-72
-67
-113
-134
-243
-140
-216
-164
-29
-28
39
-25
-100
-89
-81
-175
-97
-33
-156
-278
-97
-119
-174
-37
-100
-62
-64
-105
23
-84
-139
-95
-211
-210
-268
-303
-447
-152
-251
-463
-521
-438
-382
-335
-481
-465
-433
-621
-536
-457
-525
-544
-402
-441
-390
-475
-369
-374
-551
-524
-453
-440
-430
-318
-365
-478
-489
-524
-462
-408
-308
-367
-269
-315
-227
-251
-226
-272
-348
-344
-460
-388
-471
-353
-245
-302
-322
-188
-12
8
-32
-42
184
245
160
148
70
201
152
166
151
52
122
28
79
43
71
8
-48
-110
-10
-74
-207
-114
-121
-99
-151
-214
-160
-130
-169
-465
-549
-387
-499
-556
-525
-295
-256
-351
-285
-360
-347
-441
-430
-262
-489
-548
-385
-380
-451
-417
-358
-413
-562
-512
-502
-461
-294
-283
-328
-222
-170
-308
-339
-337
-291
-276
-267
-156
-106
-51
-121
-257
-145
-189
-422
-285
-192
-256
-90
-164
-170
-181
-232
-122
-24
-37
-6
6
3
16
-51
-63
-61
-29
33
10
76
142
47
-103
157
152
22
147
156
-39
-25
26
56
62
-30
24
45
19
183
100
95
150
54
71
21
27
99
255
271
433
402
223
216
172
90
233
288
136
249
340
343
349
301
153
303
271
204
151
193
144
142
151
128
226
137
340
395
447
431
502
415
150
242
301
589
442
268
335
501
412
290
312
366
315
372
407
374
529
434
589
448
346
355
240
214
342
318
323
298
235
319
319
338
367
243
287
386
358
306
169
249
89
156
204
117
73
-14
70
76
-146
-151
-121
-216
-207
-308
-316
-253
-222
-95
-48
36
12
41
-41
-25
61
-41
-167
-121
-79
92
82
126
91
59
138
150
130
107
134
186
152
55
51
84
164
184
176
134
193
262
180
128
160
204
186
129
266
272
111
220
159
258
104
245
203
123
94
218
265
114
178
57
222
236
214
188
16
34
179
95
41
13
258
86
156
128
-8
-65
-38
128
22
-50
19
87
86
140
-41
-94
-62
40
71
36
93
129
107
19
37
93
111
79
88
154
90
-9
-28
4
101
60
26
85
36
-26
-19
201
111
124
20
85
190
58
127
-3
91
28
87
121
-20
87
37
-16
32
-31
3
-5
-81
73
-13
-65
22
-11
4
-130
-276
-152
-206
-93
-96
-196
-137
-109
-54
-115
24
-106
-6
-16
-116
41
-11
-77
-114
-47
-66
41
175
177
265
162
184
336
232
423
530
411
368
318
213
138
266
118
214
165
-119
47
-85
-75
-244
-307
-67
-82
-192
-253
-140
-107
-161
-196
-292
-234
-283
-160
-99
-167
-200
-210
-229
-166
-308
-307
-255
-280
-209
-283
-127
-178
-182
-171
-303
-198
-255
-247
-190
-407
-122
-289
-568
-448
-259
-464
-580
-544
-492
-579
-541
-479
-582
-438
-464
-505
-460
-423
-289
-268
-253
-234
-217
-62
-90
-80
21
90
291
376
412
441
474
674
668
787
856
906
903
1031
1129
1142
1390
1457
1470
1670
1700
1647
1410
1271
1395
1519
1421
1024
974
891
504
344
239
263
77
-201
-146
-230
-222
-108
-222
-319
-338
-135
-55
-219
-81
130
158
204
229
322
354
398
558
582
529
600
585
549
589
507
492
397
338
258
168
12
-76
-118
-204
-223
-378
-364
-304
-502
-520
-509
-567
-540
-501
-469
-604
-525
-388
-384
-325
-312
-345
-284
-261
-184
-71
-110
-66
-100
-48
-173
-244
-121
-53
-141
-120
-196
-175
-161
-216
-173
-206
-238
-346
-345
-286
-328
-332
-394
-475
-364
-333
-396
-369
-309
-312
-283
-247
-305
-357
-357
-278
-204
-200
-117
-186
-43
-170
-311
-188
-224
-213
-200
-93
-88
18
-109
-211
-123
-134
-210
-296
-158
-118
-229
-279
-184
-91
-77
-213
-218
-246
-226
-194
-121
-115
-94
-54
-75
-4
-6
-79
-21
156
-44
5
48
86
151
106
64
15
100
72
-24
-98
-93
52
175
13
35
-54
-81
82
-7
36
-29
-71
-11
109
75
-58
-64
-55
-16
-146
-93
-53
-83
-94
-192
-102
-137
-166
-251
-259
-271
-350
-262
-375
-438
-428
-426
-360
-518
-596
-553
-611
-567
-683
-527
-756
-884
-819
-818
-803
-973
-992
-885
-868
-813
-872
-772
-640
-627
-611
-551
-426
-491
-469
-486
-388
-398
-297
-258
-287
-390
-361
-453
-404
-454
-667
-337
-104
-165
-309
-330
-222
126
63
124
100
241
359
492
402
414
465
291
384
449
434
474
520
586
642
537
646
712
720
903
794
591
758
780
764
744
807
692
916
686
627
676
441
412
382
301
101
60
-165
-34
-60
-328
-497
-321
-410
-421
-492
-513
-519
-549
-548
-604
-514
-551
-659
-566
-587
-522
-501
-495
-499
-435
-266
-307
-337
-301
-353
-379
-292
-293
-201
-211
-397
-562
-646
-461
-322
-518
-751
-827
-771
-890
-894
-888
-835
-706
-676
-727
-636
-609
-478
-327
-372
-389
-380
-346
-244
-142
-30
-34
-7
93
170
176
234
458
583
751
812
813
952
1150
1173
1091
1246
1420
1450
1420
1451
1504
1627
1749
1734
1822
1837
1715
1377
1179
1207
1217
1129
647
342
164
103
-99
-392
-527
-780
-912
-897
-1038
-1003
-1058
-1166
-1039
-832
-598
-526
-360
-441
-280
-63
-32
144
184
429
446
497
529
626
442
330
400
358
334
62
-126
-229
-304
-338
-625
-582
-664
-711
-855
-1082
-1071
-1202
-1163
-1208
-1093
-1111
-1118
-989
-909
-785
-748
-608
-675
-730
-487
-364
-361
-383
-435
-534
-471
-436
-517
-500
-712
-717
-769
-799
-778
-918
-1059
-999
-1037
-1118
-1061
-1148
-1071
-1005
-1128
-1114
-995
-1000
-1035
-1053
-1185
-994
-991
-916
-920
-933
-829
-794
-805
-875
-729
-776
-724
-808
-561
-415
-295
-346
-418
-97
39
196
173
90
333
329
435
439
445
686
789
1004
1059
1163
1329
1436
1452
1686
1680
1750
1863
2047
2090
2111
1927
1788
1240
503
796
1141
823
-111
-274
-188
-566
-1175
-1230
-1226
-1643
-1761
-1751
-1878
-1962
-1925
-1804
-1915
-1814
-1239
-986
-1250
-1047
-270
79
-339
53
372
456
341
503
583
386
323
336
252
93
-29
-228
-251
-510
-508
-570
-904
-998
-863
-915
-1106
-1295
-1090
-1152
-1154
-1086
-1069
-996
-1122
-1157
-1128
-939
-727
-770
-702
-658
-883
-873
-685
-806
-859
-786
-797
-877
-1075
-962
-896
-937
-925
-865
-1083
-1145
-1216
-1003
-994
-870
-990
-954
-828
-709
-625
-717
-623
-537
-540
-408
-100
54
-11
166
300
499
753
912
1020
1076
1307
1457
1659
1527
1442
1780
2068
2094
2141
2265
2091
2079
2444
2655
2759
2745
2584
2429
2449
2595
2297
1718
1478
1388
1198
575
59
-93
-263
-483
-749
-996
-1113
-1317
-1282
-995
-930
-936
-884
-861
-675
-481
-262
-82
-214
21
340
512
592
765
787
887
889
844
885
707
638
681
559
326
87
-193
-303
-231
-399
-578
-792
-1028
-982
-1085
-1172
-1112
-1179
-1147
-1097
-1144
-1183
-1044
-972
-909
-737
-720
-748
-802
-621
-575
-795
-954
-941
-1082
-1080
-938
-956
-1037
-1209
-1160
-1271
-1238
-1256
-1258
-1255
-1256
-1334
-1423
-1501
-1525
-1300
-1246
-1268
-1130
-1041
-1025
-978
-799
-637
-578
-363
-283
-125
75
190
253
364
567
743
857
894
889
1025
1322
1394
1391
1595
1557
1593
1677
1748
1904
1717
1732
1831
1913
2081
2232
2083
2015
2108
1977
1955
1806
1574
1423
1144
746
474
231
19
-206
-576
-801
-1009
-1256
-1252
-1214
-1258
-1560
-1599
-1348
-1190
-1100
-1085
-1001
-802
-581
-339
-28
20
183
463
563
492
592
638
717
744
651
570
375
93
136
324
15
-262
-431
-435
-472
-642
-790
-965
-905
-989
-1034
-1098
-1048
-1092
-1111
-1039
-1014
-959
-993
-977
-1094
-1177
-1249
-1212
-1329
-1270
-1171
-1326
-1395
-1350
-1460
-1512
-1605
-1666
-1749
-1814
-1870
-1838
-1807
-1803
-1797
-1915
-1829
-1685
-1482
-1443
-1065
-889
-790
-482
-355
-70
73
85
256
353
397
473
529
868
955
918
944
900
1015
1343
1166
1265
1440
1494
1558
1511
1641
1928
1857
1732
1810
2122
2415
2409
2285
2159
2354
2398
2289
2023
1871
1591
1388
1031
419
336
314
-5
-413
-818
-856
-1081
-1262
-1306
-1204
-1264
-1456
-1377
-1137
-1057
-867
-672
-567
-306
-21
143
48
243
623
816
704
836
886
1041
944
948
1059
842
672
264
-58
160
472
68
-602
-687
-502
-487
-613
-820
-936
-915
-1021
-1030
-934
-1003
-938
-916
-737
-717
-745
-893
-950
-846
-799
-817
-849
-917
-969
-979
-1013
-1043
-1262
-1436
-1425
-1296
-1237
-1220
-1274
-1313
-1342
-1146
-987
-1060
-991
-648
-501
-274
-232
-114
139
346
596
835
938
1059
1092
1161
1359
1533
1629
1676
1865
1957
1837
1718
1912
2047
1899
1888
1956
1964
1969
2046
2125
2195
2382
2459
2581
2594
2464
2404
2553
2695
2365
1948
1757
1764
1352
481
129
560
317
-198
-685
-1121
-1068
-1207
-1408
-1583
-1727
-1679
-1526
-1509
-1465
-1246
-1077
-1115
-1102
-507
6
122
-128
121
672
812
758
517
699
840
793
744
588
513
287
109
-85
-287
-511
-735
-570
-694
-1140
-1350
-1440
-1236
-1118
-1228
-1461
-1585
-1586
-1397
-1319
-1198
-1236
-1235
-1265
-1482
-1282
-1373
-1198
-1306
-1628
-1869
-1852
-1585
-1646
-1797
-2106
-2094
-2070
-2024
-1954
-2015
-1918
-1670
-1651
-1587
-1490
-1491
-1202
-1046
-817
-481
-319
-278
-85
334
574
642
731
686
958
1132
1300
1275
1398
1581
1517
1623
1586
1861
2037
1940
1813
1709
2003
2121
2062
2008
2092
2145
2248
2243
2386
2578
2606
2624
2500
2762
2806
2202
1515
1452
1580
693
-98
73
533
-132
-1217
-1399
-1347
-1437
-1842
-1866
-1747
-1962
-1986
-1928
-2009
-1955
-1445
-1247
-1392
-1304
-561
-151
-442
-213
137
680
448
483
820
997
953
786
780
400
151
94
-165
-326
-226
-621
-1294
-1723
-1279
-820
-1620
-2277
-2080
-1700
-1816
-2090
-2429
-2398
-2112
-2018
-2079
-2174
-2189
-2146
-2116
-1821
-1593
-1509
-1656
-1935
-1624
-1202
-1142
-1552
-1616
-1376
-1285
-882
-1037
-937
-1048
-1127
-838
-857
-696
-668
-610
-441
-88
38
79
24
10
488
411
469
882
721
838
968
1110
1173
1338
1536
1670
1693
1665
1876
2014
2051
1956
2055
2155
2255
2346
2437
2469
2514
2642
3009
3094
2779
2938
3317
3644
3627
3206
2513
1994
1777
1440
1262
1318
1123
289
-549
-812
-724
-1064
-1635
-1685
-1746
-1875
-2069
-1941
-1764
-1766
-1661
-1259
-879
-603
-203
-90
86
457
671
848
705
619
1095
1511
1390
1155
1175
1048
768
674
571
485
164
-146
-519
-921
-1072
-1176
-1206
-1363
-1803
-2079
-2221
-2343
-2329
-2332
-2388
-2267
-2249
-2374
-2396
-2110
-1945
-1752
-1848
-2027
-1761
-1603
-1498
-1354
-1351
-1495
-1543
-1427
-1292
-1182
-907
-907
-954
-994
-923
-713
-637
-610
-249
-52
-142
-118
35
215
445
633
707
709
679
902
1089
1051
1239
1338
1376
1512
1677
1737
1628
1780
1963
1972
1951
1955
2118
2311
2261
2420
2594
2761
2812
2833
2897
3007
3158
3469
3560
3041
2122
1510
1243
1108
957
1146
716
-523
-1387
-1579
-1379
-1744
-2178
-2323
-2224
-2341
-2352
-2391
-2485
-2374
-2106
-1591
-1537
-1303
-791
-382
-326
97
447
391
370
444
1125
1296
1082
907
928
697
420
344
266
111
-239
-670
-1045
-1322
-1275
-1716
-1988
-1972
-1985
-2393
-2962
-3124
-2909
-2624
-2653
-2852
-2924
-2736
-2518
-2221
-1979
-2076
-2029
-1939
-1835
-1485
-1211
-1258
-1240
-1189
-1071
-1026
-1344
-1377
-1054
-776
-976
-895
-926
-887
-780
-642
-402
-495
-457
-414
-171
-160
26
359
562
548
449
679
972
1206
1000
1064
1276
1500
1757
1644
1847
1925
1976
1907
1888
1905
2036
2184
2129
2266
2488
2431
2475
2717
2674
2778
3233
3495
3635
2985
1660
766
751
1669
2181
1468
-69
-1082
-971
-842
-1037
-1528
-1826
-1856
-1914
-1941
-1905
-1830
-2079
-1976
-1631
-958
-725
-800
-565
-239
527
820
633
545
849
1462
1628
1424
1301
1071
812
629
415
432
318
11
-343
-800
-955
-963
-1321
-1654
-1502
-1383
-1676
-2222
-2647
-2557
-2394
-2170
-2214
-2505
-2432
-2257
-2054
-1713
-1526
-1785
-1674
-1453
-1197
-834
-659
-711
-670
-537
-482
-574
-598
-440
-232
-404
-456
-393
-210
-193
-235
-61
76
285
181
310
563
894
1265
1125
1402
1694
1792
1981
2102
2234
2414
2386
2355
2450
2481
2620
2587
2707
2715
2687
2690
2813
2981
2920
2907
3027
3220
3345
3278
3252
3504
3688
4011
4045
3016
1521
729
1013
1838
2272
1354
-392
-1206
-969
-646
-945
-1680
-1908
-1759
-1706
-1824
-1872
-1969
-2058
-1992
-1519
-994
-809
-827
-581
-225
343
667
306
156
546
1175
1484
1442
1024
541
320
466
633
451
-11
-454
-644
-963
-1273
-1675
-2004
-2075
-1730
-1743
-2231
-2780
-3046
-2778
-2351
-2007
-2293
-2672
-2771
-2244
-1744
-1510
-1414
-1492
-1615
-1279
-1072
-925
-766
-964
-992
-783
-858
-923
-854
-845
-702
-634
-734
-1100
-1066
-970
-687
-270
-389
-303
-337
-316
164
379
622
734
910
1005
1259
1546
1456
1667
1887
2161
2245
2203
2194
2333
2539
2595
2480
2429
2333
2265
2313
2561
2764
2690
2689
2678
2762
3067
3241
3156
3257
3633
3845
2935
947
-57
1100
2590
2335
456
-1007
-1051
-872
-1401
-1944
-1457
-922
-1982
-3210
-2594
-1574
-1476
-2200
-2397
-1598
-714
-577
-747
-421
56
413
517
292
677
1219
1304
1169
1349
1526
724
-228
-46
523
345
-711
-1498
-1712
-1699
-1946
-2242
-2342
-2029
-2271
-2944
-3490
-3621
-3019
-3069
-3135
-2703
-2486
-2908
-3213
-2766
-1828
-1197
-1392
-1748
-1714
-1179
-884
-895
-912
-672
-781
-1135
-987
-811
-294
-578
-866
-961
-679
-729
-899
-828
-461
-129
-218
-340
-424
-14
507
775
677
870
1005
1119
1258
1758
2029
2091
2011
2037
2451
2693
2957
2946
2915
2950
3001
2860
2817
3023
3049
3166
3142
3259
3450
3380
3341
3677
4042
4173
3866
3160
1122
-214
977
3113
3013
110
-1636
-1143
-375
-776
-1556
-1760
-1804
-1909
-1805
-1652
-1783
-2006
-1880
-1553
-898
-76
-75
-529
-199
1139
1846
1094
230
519
1725
2317
2122
1856
1325
757
464
773
1187
844
86
-674
-824
-492
-648
-1321
-1662
-1367
-1248
-1774
-2358
-2347
-2182
-2262
-2497
-2250
-1775
-2149
-2547
-2442
-1696
-1018
-1216
-1798
-1887
-1306
-746
-823
-1133
-1110
-924
-829
-1034
-1033
-719
-806
-1109
-987
-580
-673
-918
-918
-601
-391
-445
-516
-491
-127
328
813
721
573
811
949
926
1405
1863
1704
1528
1552
2085
2622
2556
2477
2422
2700
3082
3123
2926
2779
2705
3055
3320
3295
3172
3075
3220
3540
3545
3372
3386
3695
3682
2486
569
-337
1411
3150
2124
-520
-1644
-923
-579
-1114
-1548
-1721
-1962
-2053
-2107
-1721
-1740
-1924
-1932
-1871
-1234
-489
-329
-863
-343
530
811
273
58
646
929
1291
1530
1224
862
476
280
426
644
507
-109
-671
-887
-799
-978
-1626
-1949
-1744
-1667
-2376
-2816
-2585
-2080
-2142
-3091
-3153
-2669
-2317
-2087
-2352
-2176
-1706
-1509
-1701
-1799
-1313
-961
-940
-1062
-727
-490
-873
-1097
-930
-460
-543
-969
-1077
-852
-514
-572
-787
-760
-607
-511
-446
-311
88
278
609
649
733
1078
1033
1039
1437
1536
1475
1551
1686
1933
2078
2128
2336
2506
2575
2525
2442
2560
2693
2670
2464
2408
2552
2499
2650
2863
2850
2796
2776
3042
3213
3199
2527
688
-595
835
2920
2456
-210
-1949
-1339
-492
-872
-1697
-1981
-2157
-2297
-2389
-1968
-2049
-2515
-2317
-2171
-1513
-681
-736
-1196
-954
144
799
247
-276
144
996
1393
1298
1357
1066
484
368
644
934
691
96
-568
-759
-697
-841
-1338
-1962
-1643
-1711
-1976
-2279
-2689
-2526
-2641
-2841
-2922
-2685
-2824
-2878
-2579
-1971
-1555
-1754
-2161
-2074
-1443
-887
-834
-988
-852
-674
-648
-705
-548
-406
-436
-530
-428
-373
-373
-471
-399
-197
-81
-85
-74
-64
117
424
792
887
750
830
1277
1575
1983
2159
1996
2039
2183
2371
2693
2926
2938
2964
2971
3140
3081
3003
2952
2969
3210
3267
3082
3203
3426
3502
3615
3518
3403
3521
3737
3955
3498
1716
-233
215
2694
3339
926
-1366
-1354
-364
-377
-1184
-1604
-1762
-1905
-1762
-1480
-1473
-1742
-1861
-1836
-1428
-525
-180
-791
-972
-90
771
469
-318
-190
625
1132
1237
1255
1226
615
232
421
632
706
172
-650
-1094
-994
-1032
-1527
-2285
-2480
-2107
-1821
-2296
-3283
-3651
-3260
-2517
-2247
-2578
-2968
-3169
-2480
-1751
-1393
-1482
-2015
-2124
-1625
-843
-640
-977
-1181
-857
-550
-528
-901
-990
-917
-675
-676
-545
-695
-1093
-883
-609
-313
-84
-299
-475
-328
17
572
721
432
319
539
1272
1731
1437
1530
1522
1821
2264
2120
2210
2136
2377
2513
2559
2476
2291
2370
2624
2796
2596
2527
2483
2629
2910
3190
3199
3074
3295
3327
3462
3421
1974
-205
-317
2172
3367
1052
-1699
-1994
-672
-461
-1298
-1832
-2045
-2124
-2112
-1777
-1996
-2104
-2230
-2254
-1761
-958
-389
-999
-1462
-596
669
537
-373
-386
514
1054
1189
1232
1009
676
262
468
736
701
149
-579
-890
-791
-662
-1526
-2589
-2506
-1909
-2388
-3305
-3391
-3129
-2838
-3060
-3249
-3375
-3349
-3170
-2898
-2562
-2106
-1847
-2280
-2431
-1955
-1182
-1315
-1753
-1564
-870
-787
-1085
-1089
-807
-594
-671
-842
-683
-489
-666
-590
-528
-619
-389
-507
-487
-162
-22
271
356
405
462
711
1063
1366
1641
1754
1515
1498
1998
2547
2433
2226
2371
2615
2642
2436
2525
2604
2695
2684
2641
2647
2752
3025
2881
3039
3324
3332
3548
3490
3805
3344
1299
-281
651
3078
3053
441
-1643
-1150
-171
-562
-1258
-1676
-1751
-2027
-2094
-1734
-1874
-2039
-2144
-1984
-1565
-697
-422
-1211
-996
156
817
178
-317
169
781
1140
1144
1111
860
500
269
398
886
864
313
-342
-581
-191
-266
-986
-1801
-2015
-1413
-1360
-2043
-2856
-3250
-2875
-2234
-2314
-2952
-3119
-2822
-2385
-1985
-1627
-1567
-1861
-1881
-1238
-511
-527
-1047
-1108
-739
-481
-483
-733
-668
-528
-303
-313
-339
-375
-698
-622
-325
-42
-20
-43
-295
75
615
753
553
507
650
830
1281
1518
1452
1272
1548
2030
2311
2118
1850
2096
2526
2680
2521
2141
2139
2545
2665
2646
2455
2230
2200
2449
2819
3011
2740
2664
3069
3390
3506
3337
2266
219
-600
1387
3379
2118
-822
-1859
-755
-31
-720
-1589
-1797
-2035
-1971
-1644
-1626
-2102
-2429
-2414
-2284
-1489
-748
-1097
-1747
-1145
345
496
-580
-861
-138
639
963
908
632
264
-105
226
618
427
-103
-762
-1220
-1081
-932
-1353
-2320
-2689
-2105
-1745
-2124
-3004
-3193
-2849
-2350
-2208
-2471
-2779
-2827
-2391
-1799
-1455
-1555
-1805
-1968
-1585
-980
-695
-999
-1330
-1031
-722
-761
-1020
-931
-800
-762
-720
-597
-740
-952
-915
-676
-355
-404
-452
-435
-188
261
487
635
474
657
952
1101
1369
1556
1509
1578
1838
1968
2127
1991
2063
2208
2296
2412
2210
2036
2104
2326
2399
2147
1892
2026
2064
2251
2311
2167
2200
2331
2491
2791
2995
3027
3067
2251
157
-700
1302
3217
1651
-1268
-1846
-803
-379
-1382
-1927
-2060
-2182
-2397
-2295
-1896
-2154
-2526
-2402
-2243
-1588
-1064
-1759
-2173
-1335
66
-59
-1184
-1337
-416
171
395
201
7
-72
-520
-564
-235
-222
-489
-1044
-1238
-884
-1158
-1730
-2221
-1967
-1440
-1792
-2729
-2840
-2358
-1803
-2041
-2350
-2256
-2302
-2234
-2091
-1819
-1498
-1426
-1582
-1748
-1613
-1040
-944
-1087
-889
-718
-726
-1036
-1102
-534
-253
-428
-668
-528
-423
-461
-331
-176
-49
-35
-156
32
506
737
880
806
932
1176
1452
1381
1383
1860
2087
2000
1915
2166
2326
2355
2240
2385
2415
2254
2021
2135
2423
2556
2347
2118
2258
2462
2693
2692
2441
2488
2823
3143
3202
3134
3078
3094
3491
2921
950
-43
1607
3455
2634
-2
-915
-86
228
-364
-868
-1113
-1474
-1628
-1555
-1644
-1662
-1738
-2295
-2280
-1517
-840
-1137
-1817
-1266
-94
164
-788
-1083
-239
296
433
507
444
59
-353
-466
-197
43
7
-605
-1385
-1469
-1001
-1159
-1854
-2144
-1863
-1729
-2108
-2400
-2260
-1993
-1953
-2002
-2259
-2426
-2269
-2089
-1590
-1394
-1310
-1345
-1606
-1464
-904
-664
-751
-938
-850
-559
-562
-737
-654
-430
-520
-656
-533
-555
-553
-367
-243
-33
9
26
279
493
624
734
1013
1087
1239
1455
1441
1707
1689
1831
1909
1652
1757
1983
2000
2012
2060
2019
1946
1838
1870
2067
2175
2102
2092
2268
2424
2318
2454
2454
2667
2808
2885
3124
3165
3260
3553
3356
1867
27
526
2932
3456
1167
-1056
-773
72
-199
-978
-1242
-1352
-1743
-1916
-1637
-1755
-2162
-2529
-2724
-2243
-1373
-1286
-1997
-2104
-971
-200
-609
-1112
-1005
-271
171
605
655
143
-302
-493
-92
308
153
-445
-1089
-972
-466
-443
-1204
-1704
-1487
-1177
-1445
-1867
-1920
-1701
-1454
-1604
-1589
-1921
-2072
-2030
-1623
-1263
-1303
-1445
-1730
-1679
-1129
-671
-975
-1310
-1302
-873
-915
-945
-1091
-1153
-892
-965
-838
-687
-820
-833
-566
-225
-108
47
173
290
704
882
984
1026
973
1002
1240
1408
1568
1614
1493
1557
1612
1746
1427
1362
1751
1858
1706
1622
1672
1780
1795
1786
1818
1851
1929
2005
2207
2401
2495
2680
2839
2862
2843
2934
3218
3455
2414
303
-4
2141
3531
1800
-886
-1187
-25
112
-776
-1328
-1470
-1858
-2114
-1892
-2018
-2321
-2555
-2792
-2560
-1678
-1455
-2041
-2454
-1457
-310
-527
-1369
-1253
-333
460
486
525
207
-318
-252
67
710
609
-171
-916
-800
-432
-311
-862
-1447
-1300
-1000
-1246
-1853
-2017
-1685
-1335
-1369
-1459
-1629
-1687
-1493
-1469
-1149
-918
-951
-1248
-1312
-940
-324
-487
-1001
-834
-475
-212
-515
-566
-183
-46
-74
-74
-5
57
61
177
623
684
440
531
703
977
1200
1282
1253
1126
1370
1765
1652
1663
1714
1747
1705
1774
1981
2149
1791
1673
1995
1982
1949
1738
1794
1932
2212
2261
2133
2077
2087
2265
2446
2682
2888
3046
2914
2965
3173
3601
2886
928
-221
1536
3711
2584
-210
-1336
-359
159
-490
-1296
-1585
-1699
-2009
-2048
-1922
-2297
-2651
-2871
-2866
-2053
-1449
-1837
-2443
-1847
-770
-626
-1460
-1749
-929
33
265
61
-244
-574
-552
-188
54
-124
-648
-875
-995
-684
-648
-1036
-1539
-1569
-1157
-1303
-1817
-2065
-1892
-1529
-1514
-1597
-1694
-2057
-1653
-1403
-1288
-1123
-1337
-1322
-1403
-1147
-675
-695
-978
-991
-661
-480
-632
-772
-572
-261
-342
-417
-294
-190
-3
36
116
184
218
346
448
595
773
955
961
964
1081
1310
1631
1569
1701
1617
1823
1853
1817
1931
1815
1881
1900
1817
1806
1931
2119
1920
1977
2205
2120
1935
2019
2059
2327
2613
2798
2948
2655
2648
3066
3580
2880
1003
-155
1182
3044
2269
-309
-1371
-554
-81
-539
-1384
-1734
-1953
-2165
-2051
-2056
-2471
-2822
-2992
-3106
-2504
-2100
-2380
-2785
-2396
-1410
-1091
-1868
-1937
-1239
-588
-93
58
-130
-592
-887
-297
192
62
-607
-1143
-986
-572
-411
-1137
-1739
-2025
-1748
-1310
-1719
-2304
-2253
-2017
-2031
-1906
-2123
-2268
-2270
-1960
-1506
-1249
-1309
-1540
-1569
-1243
-621
-688
-909
-1067
-658
-250
-252
-423
-382
-173
-136
-54
75
-29
-206
315
488
455
544
558
666
977
1083
982
935
1082
1204
1434
1509
1508
1606
1690
1750
1695
1989
2024
1948
1914
1734
1947
1946
1942
1836
1860
2180
2294
2236
2243
2289
2332
2471
2715
3090
3041
3013
3008
3451
3416
1997
444
846
3174
3656
1306
-627
-399
341
235
-492
-977
-1374
-1539
-1515
-1586
-1702
-2161
-2402
-2407
-2106
-1429
-1414
-1872
-1649
-672
-300
-1019
-1531
-973
3
286
170
-138
-525
-532
-158
296
106
-353
-791
-678
-363
-380
-696
-1233
-1341
-921
-914
-1446
-1644
-1643
-1370
-1338
-1474
-1536
-1850
-1844
-1437
-1002
-1075
-1338
-1222
-1238
-1001
-673
-616
-723
-838
-701
-413
-361
-505
-402
-315
-308
-334
-229
-202
-43
103
423
375
43
269
455
594
786
894
912
820
898
1172
1363
1482
1397
1306
1428
1550
1817
1752
1651
1580
1633
1731
1751
1792
1647
1689
1867
2009
2059
2042
1862
1858
2306
2462
2646
2496
2391
2529
2764
3278
2065
129
-76
2192
3096
1219
-753
-940
-153
-230
-984
-1370
-1680
-1941
-1839
-1885
-1845
-2242
-2355
-2649
-2483
-1810
-1771
-2119
-2106
-1303
-703
-1126
-1627
-1218
-525
-82
-14
-52
-524
-845
-566
84
416
-96
-672
-958
-761
-404
-686
-1389
-1700
-1108
-819
-1254
-1903
-1950
-1607
-1646
-1786
-1715
-1810
-2011
-1926
-1525
-1204
-1492
-1590
-1613
-1415
-776
-472
-694
-1059
-990
-454
-305
-617
-464
-104
-107
-516
-403
-135
-154
-136
17
273
252
93
140
325
404
592
737
452
468
671
866
787
1109
1213
868
912
998
1124
1088
1213
1346
1369
1398
1536
1618
1671
1524
1548
1504
1599
1709
1686
1773
1869
2200
2179
2062
1940
1953
2568
2556
1153
-289
205
2304
2481
527
-1086
-847
-58
-464
-1067
-1133
-1524
-1874
-1897
-1853
-1877
-2136
-2455
-2672
-2140
-1742
-1805
-2144
-1949
-1213
-808
-1265
-1620
-1167
-381
-49
-122
-176
-546
-631
-440
-34
98
-513
-1059
-981
-791
-473
-875
-1482
-1617
-1007
-864
-1438
-1523
-1286
-1305
-1460
-1325
-1407
-1594
-1740
-1542
-1160
-1043
-1148
-1288
-1206
-943
-638
-410
-570
-877
-573
-319
-316
-310
-261
-27
63
100
299
440
236
167
567
871
756
538
661
852
1108
1071
945
1023
1194
1468
1455
1453
1480
1686
1788
1755
1808
1594
1555
1656
1728
1831
1887
1693
1706
1805
1870
1890
1959
1869
2039
2175
2356
2512
2655
2653
2572
2719
3027
3052
1624
10
390
2356
2648
715
-957
-809
-96
-114
-835
-1348
-1751
-1843
-1851
-1900
-2012
-2218
-2435
-2646
-2279
-1839
-1881
-2194
-1997
-1183
-910
-1472
-1837
-1252
-418
-160
-358
-404
-438
-736
-406
33
241
-77
-881
-1166
-861
-437
-671
-1251
-1692
-1453
-1315
-1597
-1879
-1770
-1718
-1899
-2009
-1934
-1725
-1742
-1741
-1682
-1510
-1483
-1597
-1755
-1444
-876
-941
-1241
-1483
-1259
-919
-670
-792
-632
-611
-645
-745
-342
126
-71
-59
130
143
112
222
273
620
752
954
748
678
976
1150
1093
1020
1235
1267
1126
1087
1428
1578
1346
1273
1396
1574
1503
1417
1545
1769
1774
1812
1686
1760
1773
2039
2016
2036
2332
2167
2351
2300
2894
2572
1079
-252
533
2659
2348
224
-1027
-548
-108
-527
-985
-1221
-1666
-1714
-1608
-1720
-1865
-2188
-2419
-2483
-2174
-1664
-1842
-2323
-1982
-1269
-1275
-2059
-2134
-1356
-707
-535
-474
-516
-895
-1032
-707
-410
-124
-369
-1312
-1679
-1120
-479
-793
-1898
-2182
-1648
-1415
-1665
-2188
-2006
-1723
-1803
-2030
-1883
-1869
-1826
-1900
-1879
-1520
-1487
-1713
-1838
-1525
-1121
-1039
-1363
-1670
-1321
-1165
-975
-866
-790
-641
-700
-695
-415
-178
-127
-207
-126
257
420
446
379
653
921
1137
946
759
1099
1305
1304
1236
1282
1254
1339
1437
1566
1500
1304
1295
1436
1680
1764
1647
1571
1538
1719
1771
1916
2056
1890
2054
1912
2230
2677
2588
2632
2458
2869
2927
1433
225
1097
2915
2592
665
-474
-181
242
-165
-557
-907
-1250
-1534
-1459
-1619
-1814
-1977
-2205
-2396
-2112
-1664
-1645
-1820
-1640
-970
-749
-1207
-1507
-1140
-446
46
252
100
-383
-520
-284
198
295
22
-258
-569
-495
-202
-223
-650
-986
-868
-834
-1039
-1288
-1277
-1354
-1570
-1907
-1934
-1827
-1903
-1836
-1711
-1525
-1592
-1519
-1722
-1582
-1158
-963
-1096
-1257
-965
-667
-580
-625
-490
-351
-483
-436
-186
26
29
30
125
94
295
507
427
496
685
808
842
718
1032
1056
999
1047
1092
1054
1125
1312
1383
1416
1458
1480
1399
1433
1578
1774
1618
1487
1650
1795
1744
1705
1735
1692
1805
2111
2318
2206
2133
2265
2552
1790
346
209
1546
2407
1170
-258
-456
-115
-198
-536
-779
-1195
-1503
-1713
-1645
-1610
-1979
-2121
-2434
-2370
-1773
-1750
-1877
-1819
-1259
-935
-1133
-1648
-1278
-825
-384
-349
-280
-201
-561
-395
-152
-16
55
-299
-771
-1023
-765
-354
-565
-1117
-1251
-1160
-1307
-1427
-1507
-1401
-1528
-1624
-1710
-1745
-1856
-1901
-1893
-1834
-1715
-1635
-1673
-1692
-1344
-1043
-992
-1356
-1404
-856
-497
-439
-564
-554
-579
-517
-363
-147
-73
-47
-9
-14
164
475
518
261
308
517
786
892
763
801
1094
1154
1165
1198
1104
1136
1428
1420
1351
1397
1231
1121
1442
1599
1496
1523
1407
1270
1552
1483
1493
1377
1254
1229
1475
1842
1693
1625
1533
1799
2309
1709
122
-645
736
2196
1591
-165
-938
-467
-212
-586
-965
-1208
-1746
-2011
-1810
-1735
-1993
-2256
-2551
-2647
-2270
-1679
-1838
-2236
-1874
-1203
-1294
-1809
-1848
-1205
-768
-691
-662
-711
-789
-777
-328
-75
-116
-481
-845
-1007
-818
-474
-644
-881
-946
-1006
-1154
-1534
-1391
-1176
-1275
-1464
-1556
-1727
-1627
-1521
-1526
-1426
-1617
-1643
-1559
-1549
-1259
-920
-937
-1206
-980
-987
-814
-500
-575
-231
-185
-437
-307
-148
29
188
231
172
401
482
427
601
649
860
938
958
1030
1195
1399
1414
1511
1613
1535
1680
1799
1888
1822
1913
2034
1843
1793
2131
2278
2044
1764
1904
1820
1773
1788
1780
1926
1939
2104
2124
2324
2297
2354
2591
2383
1461
537
726
1875
2077
756
-173
-145
-37
-218
-527
-857
-1083
-1432
-1448
-1359
-1554
-1813
-1939
-2094
-2061
-1758
-1533
-1689
-1685
-1331
-1152
-1408
-1586
-1312
-896
-617
-329
-337
-743
-834
-590
-168
59
3
-362
-572
-473
-240
-253
-530
-906
-1264
-1328
-1017
-1047
-1261
-1668
-1838
-1727
-1769
-1905
-2136
-1986
-1705
-1668
-1865
-1928
-2039
-1824
-1437
-1141
-1304
-1521
-1524
-1206
-858
-733
-643
-902
-820
-569
-179
36
66
-82
-5
290
233
476
611
377
584
813
880
932
886
850
1074
1350
1362
1301
1303
1354
1612
1609
1512
1511
1575
1468
1541
1689
1648
1602
1457
1587
1974
1968
1784
1752
1802
1848
2071
2342
2266
2243
2282
2211
1299
484
854
1974
2013
466
-364
-358
-122
-363
-685
-1034
-1384
-1742
-1546
-1438
-1698
-1887
-2126
-2138
-2188
-1801
-1804
-1955
-1604
-1176
-968
-1595
-1621
-971
-784
-561
-480
-363
-568
-715
-253
109
-90
-381
-685
-628
-602
-744
-738
-1000
-1050
-1107
-1473
-1751
-1664
-1498
-1560
-1752
-1742
-1835
-1941
-1985
-1893
-1685
-1699
-1970
-1915
-1790
-1820
-1599
-1481
-1698
-1768
-1648
-1435
-1433
-1087
-919
-991
-989
-816
-427
-228
-318
-231
-267
-160
-82
89
296
315
597
607
772
658
726
786
828
1049
1130
1094
1224
1347
1450
1481
1422
1583
1487
1491
1655
1676
1822
1727
1684
1840
2065
2076
1898
1810
1972
2231
2276
2251
2271
2273
2477
2729
2125
691
206
1425
2540
1633
-63
-641
-326
-48
-224
-623
-1039
-1285
-1471
-1442
-1579
-1649
-1832
-1989
-2123
-1571
-1263
-1399
-1544
-1218
-734
-876
-1365
-1313
-655
-550
-434
-196
-58
-420
-652
-305
244
229
-250
-552
-608
-536
-335
-534
-818
-764
-721
-1077
-1349
-1015
-1005
-1289
-1553
-1471
-1224
-1426
-1677
-1646
-1341
-1392
-1720
-1587
-1354
-1096
-753
-903
-994
-1024
-866
-593
-611
-271
-191
-368
-462
-422
-24
93
-12
67
134
141
294
457
528
641
691
868
1047
1087
987
1111
1256
1411
1543
1348
1323
1447
1726
1781
1712
1713
1676
1816
1854
1815
1913
1778
1707
1885
2127
2115
1935
1844
1879
2153
2276
2136
2046
1992
2173
2218
1157
115
652
2125
2230
556
-538
-493
-86
-165
-798
-1046
-1448
-1582
-1528
-1565
-1746
-1959
-2107
-2381
-2223
-1622
-1521
-1884
-1854
-1396
-1082
-1517
-1667
-1299
-723
-388
-261
-551
-973
-939
-619
-322
-349
-541
-942
-1196
-1225
-892
-582
-807
-1421
-1627
-1494
-1414
-1317
-1384
-1531
-1651
-1855
-1839
-1842
-1899
-1690
-1635
-1718
-1715
-1582
-1531
-1446
-1242
-1119
-1227
-1448
-1290
-900
-644
-716
-736
-579
-677
-560
-435
-244
-120
-62
59
-84
103
411
507
508
502
706
930
815
1010
1197
1131
1166
1322
1469
1522
1653
1687
1812
1723
1777
1766
1731
2010
2020
1940
1780
1670
1943
2015
2086
1856
1829
1891
2289
2465
2428
2211
2131
2362
1910
704
14
1093
2094
1282
-330
-761
-480
-90
-530
-1177
-1318
-1653
-1784
-1887
-1994
-2271
-2214
-2473
-2658
-2250
-1960
-1910
-2129
-1863
-1184
-1073
-1777
-1629
-1002
-464
-396
-790
-1042
-1005
-492
-200
-442
-688
-868
-1318
-906
-869
-1065
-1131
-1565
-1571
-1312
-1498
-1963
-1883
-1512
-1426
-1680
-1772
-1849
-1815
-1628
-1526
-1538
-1611
-1550
-1478
-1314
-1158
-1122
-1303
-1399
-1296
-995
-571
-999
-1006
-787
-651
-853
-634
-436
-122
-17
-134
62
89
380
332
472
699
775
637
897
931
1253
1439
1245
1311
1375
1710
1720
1815
1840
1852
1896
1964
1994
2142
2025
2017
2250
2337
2293
2338
2304
2209
2373
2468
2425
2469
2635
2640
2575
2907
2622
1214
287
1352
3034
2171
-1
-713
276
568
-280
-863
-1138
-1342
-1484
-1156
-1155
-1688
-1859
-1889
-1861
-1535
-1360
-1446
-1581
-1346
-638
-779
-1534
-1693
-1005
-125
196
-213
-849
-928
-525
72
70
-261
-609
-663
-545
-645
-667
-931
-1185
-1079
-1209
-1544
-1895
-1862
-1451
-1332
-1682
-2089
-1991
-1806
-1688
-1434
-1526
-1899
-1963
-1629
-1345
-1245
-1163
-1191
-1163
-1302
-1101
-1011
-1127
-983
-758
-623
-644
-567
-559
-335
-67
144
-8
109
190
330
589
555
593
770
895
1003
1191
1159
1122
1136
1431
1439
1437
1398
1553
1783
1817
1764
1661
1806
1914
2097
2082
2146
2085
1971
2052
2115
2327
2196
2190
2376
2663
2781
2687
2561
1731
526
393
1880
2467
954
-774
-864
94
-138
-971
-1299
-1511
-1656
-1515
-1557
-1950
-2264
-2327
-2306
-2164
-1760
-1766
-1995
-1951
-1324
-857
-1263
-1858
-1642
-778
-46
-229
-645
-814
-897
-510
-176
-199
-555
-744
-839
-728
-816
-1051
-1078
-954
-961
-1242
-1699
-1775
-1507
-1319
-1498
-1930
-1990
-1967
-1734
-1574
-1650
-1720
-1762
-1758
-1489
-1348
-1208
-1092
-1268
-1360
-1250
-961
-857
-740
-644
-566
-625
-679
-382
-305
-292
-136
-24
57
-83
56
266
401
453
352
259
552
782
788
815
847
917
1069
957
1027
1031
1009
1213
1312
1371
1473
1769
1651
1612
1724
1786
1894
1889
1890
2193
2245
2205
2164
2160
2352
2203
2026
1210
33
472
1962
1899
134
-913
-719
-157
-362
-1045
-1417
-1694
-1804
-1676
-1607
-1953
-2149
-2206
-2333
-2175
-1739
-1666
-1926
-1739
-1062
-913
-1354
-1690
-1182
-530
-244
107
-346
-656
-788
-449
76
-115
-544
-1030
-956
-624
-479
-1015
-1347
-1627
-1404
-1256
-1526
-1822
-1683
-1406
-1442
-1475
-1762
-1886
-1773
-1443
-1396
-1523
-1518
-1400
-1275
-1046
-807
-900
-1153
-1080
-876
-534
-498
-539
-414
-241
-129
-99
144
342
325
443
471
449
586
874
1020
784
1020
1245
1181
1120
1222
1608
1646
1490
1518
1576
1821
1994
2013
2041
1925
2026
2113
2119
2290
2385
2366
2539
2593
2595
2579
2714
2889
2830
2660
2732
2916
3118
2778
1537
354
923
2608
2541
408
-1094
-551
268
-87
-1137
-1476
-1691
-1775
-1659
-1713
-1829
-2325
-2479
-2406
-2146
-1595
-1687
-1939
-1717
-1277
-874
-1381
-2026
-1377
-223
172
-224
-622
-709
-477
-24
77
-306
-453
-624
-751
-825
-852
-801
-1123
-1209
-1297
-1470
-1861
-2002
-1835
-1683
-1820
-2338
-2440
-2205
-1875
-1803
-1878
-1932
-1937
-1779
-1499
-1408
-1231
-1098
-1294
-1383
-1063
-686
-666
-722
-790
-437
-354
-490
-336
-42
195
326
304
446
549
676
892
946
893
847
870
1011
1163
1271
1287
1256
1235
1307
1334
1418
1525
1541
1590
1540
1816
1923
1914
1908
2112
2162
2321
2298
2317
2545
2593
2605
2589
2633
2864
2623
1231
165
1031
2706
2162
-24
-1030
-175
301
-295
-1084
-1405
-1581
-1932
-1813
-1923
-2052
-2335
-2496
-2589
-2463
-1784
-1993
-2238
-1818
-1147
-1225
-1779
-1819
-904
-109
-266
-684
-700
-676
-710
-583
-558
-497
-605
-844
-1079
-903
-875
-1141
-1475
-1600
-1277
-1419
-1895
-2169
-1926
-1709
-2247
-2421
-2489
-2325
-2120
-2136
-2216
-2312
-2021
-1864
-1832
-1582
-1363
-1216
-1501
-1684
-1057
-906
-968
-986
-837
-510
-550
-495
-110
35
12
100
206
314
503
557
610
797
830
1012
1013
1104
1353
1324
1355
1452
1611
1766
1830
1641
1783
1836
1934
1897
1952
2069
2238
2285
2171
2434
2723
2740
2805
2817
2850
3285
3255
3370
2622
984
720
2389
3597
1901
-320
-336
837
895
-256
-911
-1037
-1175
-1258
-1057
-1302
-1856
-2016
-2021
-2159
-1969
-1766
-1911
-1782
-1278
-921
-1227
-1814
-1511
-536
-199
-342
-553
-488
-680
-346
49
224
112
-210
-382
-208
180
31
-554
-903
-526
-116
-636
-1341
-1285
-873
-928
-1474
-1723
-1554
-1340
-1291
-1422
-1287
-1373
-1519
-1406
-1214
-838
-854
-1020
-1216
-1120
-693
-438
-602
-575
-322
-165
-143
-22
325
449
530
647
791
797
925
1185
1307
1334
1289
1357
1329
1525
1743
1704
1673
1608
1682
1836
1844
1710
1884
1829
1779
1748
1933
2131
2138
2275
2354
2310
2120
2318
2466
2691
2833
2981
2280
876
690
2349
3297
1790
-146
-503
519
814
-103
-845
-1141
-1353
-1253
-1394
-1661
-2068
-2166
-2212
-2233
-2126
-2131
-2322
-2216
-1662
-1446
-1824
-2403
-2097
-1391
-962
-1021
-1292
-1504
-1582
-1197
-549
-495
-774
-1011
-1112
-989
-530
-691
-1009
-1081
-1070
-609
-807
-1029
-1252
-1048
-1051
-1220
-1363
-1577
-1402
-1405
-1367
-1443
-1571
-1552
-1391
-1321
-1223
-1164
-1386
-1570
-1437
-1054
-827
-815
-954
-662
-493
-460
-385
-216
49
362
346
300
528
822
1052
1072
1195
1424
1557
1550
1852
2218
2246
1943
1854
2098
2484
2332
2067
2168
2350
2269
2231
2253
2514
2721
2766
2719
2609
2721
2915
2985
3099
2465
872
603
2156
3363
2036
-206
-940
295
899
46
-816
-1187
-1160
-1217
-1160
-1422
-1833
-2177
-2306
-2235
-2035
-2025
-2255
-2308
-1896
-1494
-2092
-2818
-2512
-1684
-1118
-1616
-2028
-2024
-1767
-1178
-695
-793
-1175
-1478
-1419
-1224
-1084
-1065
-1369
-1516
-1289
-1026
-1279
-1528
-1616
-1238
-964
-1090
-1381
-1410
-1046
-1076
-1042
-1091
-1289
-1267
-1285
-790
-750
-834
-896
-1121
-859
-417
-361
-560
-507
-405
-56
-345
-382
17
531
571
319
488
633
811
1014
1209
1327
1361
1408
1604
1611
1918
1926
1989
2185
2229
2473
2371
2413
2505
2624
2827
2578
2622
2720
2997
3035
2925
2952
3065
3249
3231
2924
1804
912
1594
3211
2997
774
-555
264
1274
623
-588
-920
-873
-1003
-1016
-981
-1196
-1699
-1727
-1741
-1731
-1725
-1866
-1712
-1396
-1119
-1449
-1945
-1855
-1318
-949
-1128
-1354
-1299
-1077
-978
-942
-858
-654
-723
-909
-912
-887
-584
-823
-1050
-1044
-917
-809
-1277
-1282
-875
-720
-1149
-1480
-1228
-987
-837
-1163
-1190
-1006
-980
-957
-1015
-905
-796
-718
-843
-855
-636
-389
-439
-431
-153
-27
-43
-227
37
369
585
462
542
822
890
1112
1213
1175
1269
1313
1344
1593
1793
1897
1984
1896
1918
2087
2271
2359
2329
2363
2568
2601
2527
2525
2596
2783
2934
3017
3103
2655
1451
967
1932
3354
2607
338
-403
708
1401
681
-416
-663
-662
-972
-1124
-1120
-1437
-1990
-2047
-2069
-2105
-2157
-2253
-2063
-1821
-1599
-1835
-2463
-2499
-1549
-1009
-1170
-1250
-1472
-1383
-1280
-881
-626
-884
-1213
-1227
-1019
-647
-591
-782
-1089
-1157
-894
-1071
-1261
-1290
-1056
-1064
-1210
-1354
-1368
-1396
-1214
-1123
-1015
-1179
-1314
-1153
-1121
-970
-976
-942
-960
-856
-640
-363
-259
-231
-97
-19
102
73
424
861
847
727
840
1168
1528
1515
1544
1593
1707
1953
1920
2061
2118
2134
2120
2080
2332
2417
2333
2120
2244
2522
2405
2235
2423
2413
2495
2859
3009
2590
1285
642
1702
3138
2371
146
-826
232
914
176
-1010
-1547
-1184
-1362
-1510
-1688
-1967
-2156
-2266
-2017
-1870
-2204
-2458
-2304
-1861
-1595
-2058
-2727
-2702
-1992
-1479
-1556
-1841
-1815
-1889
-1774
-1377
-1210
-1149
-1378
-1698
-1405
-1032
-935
-1111
-1211
-1192
-1110
-1225
-1340
-1078
-790
-908
-1145
-1233
-1126
-963
-1012
-993
-979
-994
-1199
-1116
-893
-780
-681
-681
-862
-932
-689
-380
-407
-333
-219
-142
-132
59
440
716
840
821
941
1089
1171
1452
1527
1780
2012
1791
2037
2454
2612
2371
2555
2736
2875
2989
2768
2787
3021
2986
2926
2840
2823
2947
3132
3169
2947
2110
1070
1315
2827
3090
1377
-175
272
1587
1359
21
-686
-513
-859
-873
-818
-1110
-1672
-1955
-1720
-1745
-2015
-2146
-2032
-1655
-1412
-1578
-1994
-2249
-1797
-1330
-1278
-1468
-1472
-1351
-1518
-1343
-803
-554
-843
-1224
-1096
-803
-503
-660
-994
-859
-800
-890
-944
-946
-685
-654
-904
-1192
-1203
-1064
-1043
-1168
-1234
-1271
-1431
-1262
-1115
-1106
-952
-898
-877
-1022
-946
-553
-485
-367
-229
-95
-50
-136
105
366
579
594
776
951
1138
1466
1639
1676
1600
1666
2011
2221
2297
2422
2373
2437
2477
2562
2719
2757
2704
2834
3009
2907
2990
3103
3245
3046
2090
1217
1505
2871
2868
1190
-203
384
1219
757
-226
-798
-707
-863
-1170
-1319
-1612
-2055
-2150
-1974
-1937
-2448
-2525
-2355
-2050
-1911
-2305
-2349
-2424
-2047
-1888
-1867
-1903
-1816
-1723
-1730
-1732
-1354
-1104
-1159
-1277
-1337
-1178
-1101
-1091
-1045
-989
-1017
-1241
-1244
-1255
-1071
-956
-1152
-1251
-1243
-1202
-1135
-1005
-1028
-1099
-1098
-1107
-1043
-840
-868
-839
-815
-502
-503
-519
-478
-354
-33
83
81
57
371
739
887
840
982
1109
1332
1416
1601
1923
1868
2059
2204
2338
2436
2498
2739
2865
2870
2790
2693
2762
2777
2800
2862
2772
2982
3125
2962
2422
1553
1495
2682
3032
1587
135
244
1345
1157
-139
-665
-684
-679
-1067
-1182
-1349
-1896
-2115
-1894
-1673
-1974
-2451
-2375
-1978
-2081
-2319
-2606
-2737
-2397
-1982
-2072
-2260
-2498
-2276
-2196
-2142
-1870
-1757
-1706
-1769
-1663
-1590
-1545
-1502
-1260
-1211
-1093
-1352
-1458
-1334
-1068
-999
-1202
-1179
-1120
-1114
-1137
-1070
-1083
-958
-1025
-972
-972
-864
-769
-913
-624
-710
-514
-454
-513
-281
-220
-5
-85
-84
139
578
590
476
687
923
957
1236
1485
1409
1818
2044
2085
2294
2530
2527
2785
2958
3058
3056
3079
3251
3355
3387
3386
3376
3437
3565
3577
3108
2447
2149
2822
3543
2867
1424
1008
1844
2076
1286
592
565
167
-244
-159
119
-616
-1444
-1283
-1074
-1327
-1921
-1937
-1531
-1315
-1619
-1895
-2053
-1823
-1540
-1550
-1548
-1667
-1492
-1521
-1567
-1455
-1349
-1260
-1248
-1231
-1191
-1069
-1132
-1015
-836
-923
-1143
-1250
-1191
-1043
-818
-913
-921
-1048
-1092
-1158
-1206
-1064
-1043
-1144
-1116
-1080
-1051
-970
-856
-674
-588
-732
-715
-389
-221
-144
4
83
65
163
362
542
671
798
862
1071
1031
1050
1266
1342
1531
1655
1637
1747
1794
1976
2125
2326
2410
2360
2539
2656
2794
2832
2874
2878
2766
3010
3084
2820
2387
2085
2476
2889
2538
1744
1322
1654
1970
1553
846
713
624
394
195
8
-299
-776
-994
-810
-851
-1334
-1600
-1522
-1561
-1487
-1759
-2100
-2113
-2030
-1920
-1930
-1935
-2134
-2222
-2011
-1846
-1717
-1763
-1839
-1659
-1537
-1378
-1248
-1233
-1113
-1089
-1062
-1062
-969
-935
-807
-649
-690
-831
-941
-872
-786
-757
-737
-844
-814
-922
-815
-682
-684
-675
-688
-422
-448
-354
-446
-399
-66
119
50
-83
62
421
351
396
679
846
1001
956
1049
1374
1446
1507
1448
1445
1726
1711
1821
1753
1929
1784
1518
1709
1847
1978
1936
1990
2025
2005
1940
2005
1964
1949
1873
1924
1679
1616
1510
1405
1439
1077
884
825
645
488
376
295
215
70
-111
-246
-471
-609
-600
-990
-1263
-1444
-1398
-1343
-1592
-1713
-1731
-1739
-1725
-1870
-2019
-1900
-1844
-1930
-1803
-1626
-1665
-1762
-1606
-1484
-1581
-1489
-1390
-1305
-1162
-1218
-1030
-1026
-1100
-998
-846
-741
-880
-854
-670
-597
-594
-710
-561
-446
-495
-610
-585
-541
-440
-443
-428
-309
-273
-295
-289
-146
-136
-38
119
-111
-188
233
402
406
448
481
859
858
1077
1340
1290
1418
1467
1651
1833
1793
1794
2072
2180
2106
2030
2060
2086
1967
2079
2066
2029
2021
1979
2154
2107
2083
1890
1894
2096
1966
1752
1598
1605
1587
1661
1532
1030
761
794
837
604
382
334
416
297
106
45
-95
-190
-173
-192
-422
-598
-648
-687
-674
-750
-869
-909
-1017
-963
-822
-784
-906
-1006
-957
-895
-964
-1022
-1051
-980
-965
-1026
-974
-950
-1085
-1274
-1243
-1031
-1007
-1115
-1097
-1003
-823
-914
-987
-923
-882
-890
-962
-721
-608
-536
-420
-588
-497
-403
-356
-388
-373
-139
-139
-85
-26
-18
-62
113
173
325
464
432
612
647
739
850
819
926
1082
1146
1231
1288
1365
1409
1462
1436
1437
1475
1387
1506
1518
1531
1643
1523
1522
1429
1372
1424
1163
1071
1144
1314
1270
1030
962
924
866
828
569
628
396
211
321
236
292
9
-16
-211
-331
-278
-262
-359
-441
-516
-479
-443
-573
-671
-768
-722
-635
-746
-789
-892
-921
-882
-896
-823
-719
-714
-762
-755
-702
-733
-730
-701
-741
-746
-614
-586
-606
-614
-641
-724
-587
-582
-566
-478
-599
-464
-349
-347
-326
-377
-378
-359
-290
-197
-292
-227
-133
-103
-7
52
131
125
275
351
381
352
464
706
666
836
729
614
716
790
728
845
832
946
1058
1082
1069
1008
994
990
1080
821
894
881
876
853
867
877
780
756
799
700
627
867
841
735
738
719
495
304
338
351
221
110
108
60
-13
-235
-225
-268
-418
-644
-369
9
-417
-588
-567
-434
-464
-585
-491
-474
-396
-431
-600
-488
-458
-413
-396
-330
-238
-175
-130
-198
-222
-316
-341
-445
-421
-284
-263
-370
-300
-294
-377
-188
-175
-126
-295
-423
-210
-182
-196
-158
-207
-129
-196
-203
-119
-17
-78
-145
-85
21
219
288
475
551
473
562
389
499
746
717
758
660
823
1054
1002
894
1020
1087
1115
1042
1156
1018
1116
1143
1225
1222
1188
1180
1180
1322
1052
1000
1056
1236
1040
938
846
895
775
575
657
740
605
633
703
551
785
676
503
500
444
419
369
325
230
146
169
193
48
67
-34
-34
-117
-98
-116
-201
-87
-176
-212
-317
-237
-269
-245
-250
-214
-278
-264
-227
-174
-113
-168
-73
-76
-30
-83
-177
-143
-52
-107
-63
-57
-111
-196
-201
-184
-224
-275
-222
-178
-235
-91
78
-117
-15
-52
-3
-2
-57
110
55
102
157
356
202
149
143
123
304
278
268
279
393
351
330
409
430
559
528
531
641
561
538
632
655
505
435
522
452
508
429
267
284
323
311
348
457
275
142
104
110
49
-186
-25
-36
-229
-329
-206
-131
-316
-159
-162
-251
-259
-241
-201
-229
-277
-347
-299
-385
-311
-212
-255
-178
-253
-224
-200
-314
-304
-411
-361
-301
-317
-350
-325
-305
-357
-267
-240
-292
-310
-401
-212
-94
-142
-257
-174
-34
21
91
1
-26
3
-25
114
19
44
139
44
-91
-127
103
157
277
200
146
222
191
95
108
110
161
-46
-5
-32
-4
32
-37
257
209
181
161
-4
-1
208
96
90
105
-38
120
27
-88
-47
-41
-216
-115
-123
-350
-130
181
58
48
162
-60
-1
-99
-148
-202
-218
-125
-66
-213
-304
-230
-348
-340
-591
-788
-475
-511
-557
-502
-458
-491
-508
-381
-426
-476
-399
-257
-218
-309
-239
-204
-90
-203
-189
-151
-94
5
12
177
83
79
100
37
49
108
152
273
-13
33
-4
69
-17
-100
79
160
94
-127
-46
-91
-121
35
17
-87
50
150
290
423
416
534
554
437
511
548
609
628
648
657
700
639
574
721
759
728
744
668
668
546
590
561
551
564
601
753
724
700
737
668
519
503
744
716
489
334
427
449
274
181
311
250
117
141
131
257
123
38
121
152
49
53
64
140
-12
-81
-53
-149
-200
-189
-184
-212
-174
-239
-238
-257
-317
-331
-395
-272
-338
-331
-339
-321
-271
-212
-245
-393
-437
-431
-411
-254
-112
-222
-231
-248
-146
-131
-50
19
64
14
17
72
38
27
-62
-21
-58
-81
-61
-54
-17
-77
-42
-37
-51
-21
-27
-23
-53
-5
-5
23
62
108
226
387
347
234
337
313
400
358
408
307
324
318
299
563
436
600
484
409
410
406
386
344
476
277
157
92
5
132
47
-25
-18
-67
-19
-3
92
10
-81
-168
-231
-172
-296
-157
-311
-444
-343
-340
-158
-198
-268
-315
-350
-352
-362
-359
-338
-404
-407
-454
-396
-274
-353
-443
-386
-405
-490
-363
-460
-380
-289
-351
-320
-209
-287
-307
-309
-259
-131
-58
-147
-303
-251
-101
-2
38
-45
-83
-26
8
30
25
32
145
79
84
84
104
147
83
180
64
164
136
88
165
279
109
-73
98
96
113
37
88
15
134
121
125
43
84
204
11
65
-110
-58
-46
-100
-227
-294
-307
-177
-178
-283
-259
-389
-230
-167
-58
-40
120
69
-134
-108
-183
-294
-124
-14
3
-120
-308
-221
-256
-491
-218
-171
-282
-354
-452
-369
-230
-335
-477
-408
-298
-266
-37
27
-159
-191
-84
-141
-169
-230
-321
-142
-271
-187
-52
-53
-41
-172
-34
-145
-103
-178
-362
-44
-98
-72
-154
-67
-93
-85
-22
-96
15
-18
171
29
15
-10
27
193
198
151
221
125
247
425
237
351
403
458
429
454
486
466
539
480
495
554
511
427
387
386
440
470
395
453
525
676
721
667
662
638
524
374
572
726
659
275
298
483
328
278
235
250
236
175
234
339
384
376
367
382
410
363
371
289
225
217
228
180
333
380
212
173
131
184
121
158
114
91
-16
35
82
63
237
137
99
55
96
46
-3
-89
-122
-92
-157
-255
-185
-268
-367
-363
-312
-155
-303
-119
-130
-101
-66
-117
-79
-259
-266
-150
-182
-157
-87
-23
-35
-159
-147
16
-38
60
125
-21
179
112
26
110
82
38
134
108
25
90
121
79
74
40
61
68
20
-3
97
110
5
101
55
-35
-17
-74
-44
62
-25
-102
-86
-31
-46
-53
-7
-36
-11
-56
-36
-87
-155
17
53
112
102
-50
130
-45
-31
35
125
72
-34
51
25
6
5
120
92
67
112
127
159
120
70
150
40
77
38
59
-4
-58
-38
62
96
60
124
-22
-34
-96
-88
103
156
18
-76
7
98
84
10
-41
38
42
40
-36
-73
-54
75
7
7
34
46
197
114
16
145
126
96
136
56
99
9
-124
-79
-2
82
-38
-111
-57
-142
-178
-160
-84
-174
-72
-110
-119
-85
-56
-306
-493
-373
-269
-407
-298
-203
-418
-317
-181
-107
-169
-105
28
-152
-77
-157
-192
-119
-159
-71
-176
-145
-153
-92
-168
-198
-182
95
63
31
99
40
51
164
49
-58
92
-17
83
173
114
61
207
173
55
208
208
243
341
199
153
247
153
296
190
136
145
68
265
235
293
184
234
169
28
186
214
326
337
156
92
214
131
252
176
194
297
172
337
279
340
439
476
395
320
461
361
364
493
407
549
448
364
489
541
446
382
326
267
335
260
360
312
391
408
403
443
513
498
259
428
513
704
438
281
368
288
218
128
156
290
227
182
268
282
426
338
512
434
421
496
277
348
466
557
495
556
600
639
729
743
789
651
659
694
676
749
723
599
570
576
537
418
363
342
248
354
300
333
283
240
339
287
387
256
286
266
323
442
319
322
261
340
392
240
167
256
363
391
313
348
386
256
233
370
261
280
233
136
271
526
303
263
256
164
303
239
255
242
269
220
230
259
215
229
259
153
358
316
164
443
409
385
242
197
248
224
175
77
77
6
15
32
106
23
39
-122
-56
56
62
98
-14
-108
-46
-183
-197
-183
-170
-144
-260
28
80
117
138
57
103
91
187
187
204
252
240
224
315
297
372
245
193
221
277
298
253
389
438
157
242
176
283
255
85
146
388
531
348
203
154
299
292
268
164
205
157
133
266
247
153
215
251
246
265
183
212
233
261
306
287
143
262
193
130
59
-77
-36
9
48
182
-38
-95
14
-15
39
-17
-115
-121
-120
-225
-239
-168
-133
-312
-62
-231
-210
-163
-229
-359
-354
-122
35
-123
24
79
-18
43
-94
-23
-113
-24
-80
-100
-99
-215
-275
-204
-193
-378
-460
-255
-162
-212
-92
-76
-62
-33
106
36
150
249
226
293
276
409
428
406
438
474
458
531
500
330
504
420
543
356
395
506
433
413
498
708
557
592
418
570
655
569
548
412
442
309
230
475
456
326
420
539
509
551
502
428
460
437
234
261
354
256
327
318
384
388
304
370
231
146
316
137
203
220
171
200
192
244
268
320
317
423
409
412
235
254
224
486
479
189
234
260
380
148
83
219
153
124
113
-16
285
226
158
184
179
389
217
266
184
126
245
161
109
179
276
310
305
222
296
359
198
178
62
105
187
199
246
190
127
122
101
22
136
35
-7
37
-26
19
30
86
36
-39
103
126
187
122
44
182
184
92
21
80
67
105
209
74
26
26
165
184
137
74
107
44
46
178
69
-32
-69
-36
-115
-76
-88
-126
-92
-71
-34
-49
-126
-202
-241
-237
-163
-98
-230
-167
-86
-161
-264
-222
-122
-253
-129
-121
-83
-142
-183
-157
-218
-81
-276
-250
-293
-262
-91
-35
-89
-93
-70
-174
-153
112
39
-81
-13
-54
25
-44
-19
-113
-78
43
32
-8
15
-33
-79
55
54
-47
-84
-19
53
111
6
84
165
135
172
119
240
241
135
88
43
30
-73
177
155
48
-150
-53
65
124
106
-79
-4
83
10
31
93
-7
18
50
104
-102
39
178
29
34
-56
-111
-45
-147
-226
-181
-328
-408
-299
-328
-315
-239
-378
-138
-320
-314
-281
-315
-452
-559
-480
-522
-487
-604
-661
-624
-535
-544
-391
-365
-257
-573
-613
-352
-370
-297
-254
-286
-191
-305
-267
-216
-397
-227
-225
-291
-243
-265
-385
-257
-555
-1147
-980
-895
-718
-750
-931
-949
-1010
-689
-583
-430
-534
-459
-256
-172
140
194
218
271
339
522
503
333
361
314
339
364
389
290
195
76
7
181
15
153
17
-138
-73
44
88
-37
3
-76
111
-51
-195
-57
116
83
-198
71
68
57
60
84
370
167
6
140
124
200
-23
39
263
193
120
9
33
127
53
99
243
296
196
236
444
481
499
605
600
626
661
580
311
325
526
532
520
246
400
377
278
190
159
274
283
298
208
268
320
290
331
337
371
365
292
281
277
94
301
308
246
364
364
321
244
219
93
185
387
356
305
360
375
228
145
273
260
267
207
212
188
210
142
118
222
291
257
67
-50
18
-5
111
144
142
167
17
-149
-124
2
-108
-29
131
80
30
-16
-37
5
0
-191
-174
-33
-185
-144
-77
-164
-304
-69
-16
-205
-76
-104
-199
-258
-185
-154
-79
-217
-298
-210
-400
-300
-158
-206
-105
-134
-208
-206
-299
-368
-190
-103
-255
-156
-217
-341
1
-37
-220
-181
-87
-55
39
35
-102
-35
204
92
-117
-138
58
275
2
-160
-58
39
-94
-55
172
96
11
-150
-44
170
309
296
-21
22
96
134
-30
-116
62
140
9
-98
-33
12
25
-188
-66
243
86
-62
-116
-44
180
264
53
-35
15
77
44
-36
-161
-71
40
-165
-295
-74
36
-161
-364
-145
4
-205
-389
-333
-240
-181
-207
-287
-136
-225
-281
-583
-477
-359
-548
-684
-491
-444
-438
-458
-482
-636
-704
-476
-465
-482
-563
-557
-740
-653
-720
-817
-853
-688
-610
-792
-843
-797
-473
-521
-421
-310
-285
-190
-349
-471
-438
-387
-315
-298
-354
-329
-88
-411
-704
-561
-458
-265
-207
-209
-158
-233
-129
-49
-153
-163
-215
-19
65
164
279
148
49
223
222
142
231
83
333
322
174
270
223
19
5
200
244
241
21
142
301
166
154
181
317
242
242
299
199
184
131
70
372
271
83
202
182
234
293
189
340
339
346
274
342
343
269
204
193
268
317
254
242
320
57
219
135
47
70
31
62
122
179
125
104
218
128
323
212
-3
174
395
428
101
-56
9
-7
25
61
177
264
148
177
47
113
378
432
377
384
305
353
238
203
288
216
292
249
308
280
373
348
334
438
382
399
435
375
494
531
427
451
416
290
300
234
230
261
149
272
166
189
293
316
238
155
191
159
288
321
237
282
271
362
261
263
237
182
259
284
374
242
171
100
36
13
75
54
-16
52
10
-38
13
-10
5
-31
-2
6
-87
-27
-33
-85
-133
2
-130
-131
-103
-97
-2
-86
-221
-105
-101
-72
8
-59
31
96
-197
-232
-46
-130
59
-10
4
-43
-181
-192
-92
-122
-225
-136
-201
1
-60
-123
-189
-58
-21
-73
68
207
173
79
-90
-101
46
100
47
83
72
111
120
33
51
96
67
56
138
136
185
55
27
153
251
120
46
97
186
126
74
75
225
380
212
163
176
258
377
230
221
343
352
349
248
286
380
335
408
342
375
320
391
366
144
294
296
282
208
176
274
40
-135
-80
-78
-133
-170
-50
36
-156
-193
-126
-169
-189
-331
-341
-311
-264
-166
-258
-214
-288
-342
-224
-438
-416
-637
-604
-487
-415
-324
-290
-212
-140
-250
-433
-408
-277
-210
-84
-28
-176
-238
-309
-243
-248
-526
-323
-9
-251
-161
-190
-101
-172
-268
-101
-171
-202
-85
-13
27
31
-128
22
76
89
349
51
113
131
204
351
212
405
319
432
319
213
142
160
410
308
450
358
341
350
398
416
348
318
369
177
229
290
223
208
147
357
269
349
361
396
405
302
323
333
265
301
327
282
240
204
175
88
52
154
118
132
97
251
319
183
266
279
273
295
499
506
512
422
