-39
-83
-27
13
-154
-152
-89
-34
-66
-57
-12
-21
3
-28
-122
-118
-173
-185
-164
-226
-168
-224
-155
-189
-132
-123
-155
-134
-229
-126
-20
-31
-40
-34
-52
-38
-167
-175
-165
-57
-22
-47
10
-25
11
68
89
81
17
7
-34
32
65
-68
-130
-126
-80
-34
-66
-65
-34
-128
-115
-124
-210
-86
-135
-112
-197
-160
-136
-234
-174
-75
-47
-101
-111
37
95
-36
-34
7
-24
6
44
82
-54
-19
3
87
10
-182
-100
-37
66
-103
7
-48
-131
-18
-77
27
67
42
20
46
22
-14
-114
-90
-61
-45
55
-4
-168
-173
-159
-121
-82
-286
-317
-161
-62
-50
-136
-125
-191
-94
-206
-188
-181
-167
39
-124
-122
-171
-217
-126
-91
-28
-159
-304
-248
-243
-183
-297
-192
-187
-195
-156
-153
-15
77
8
-22
56
-34
118
82
-51
-9
-61
-311
-337
-247
-207
-305
-172
-193
-219
-185
-218
-146
-108
-120
-202
-202
-321
-337
-325
-290
-367
-192
-273
-378
-325
-359
-335
-355
-33
-114
-90
103
57
-10
-157
-185
-113
-211
-260
-203
-166
-154
-179
-184
-183
-330
-159
20
-124
-247
-200
-197
-238
-242
-100
-211
-81
53
14
70
38
-43
129
116
-29
172
163
68
-64
57
-9
-65
-115
27
139
29
-29
22
27
204
275
202
100
117
114
50
-44
-29
-39
-146
-62
-214
-70
-32
-55
39
51
109
103
253
172
174
155
172
134
203
171
29
37
24
86
75
-47
-15
25
34
-22
-52
22
-47
32
105
130
238
219
215
279
471
394
153
317
668
648
415
364
420
552
599
494
518
692
678
616
700
760
866
747
617
640
697
884
752
658
646
504
497
382
453
373
370
363
247
275
152
127
-22
94
146
63
23
-59
-158
-183
-104
-158
-89
-127
-182
-97
-121
-79
-146
-147
-232
-311
-295
-190
-297
-322
-112
-204
-299
-275
-313
-437
-362
-434
-429
-449
-428
-375
-523
-555
-496
-541
-626
-672
-622
-630
-602
-570
-700
-678
-696
-529
-586
-467
-532
-608
-467
-406
-509
-511
-464
-450
-437
-554
-438
-449
-499
-472
-453
-434
-412
-428
-446
-318
-141
-95
-296
-137
-91
236
252
199
356
391
460
531
681
604
715
822
865
917
923
1028
1365
1211
1254
1410
1352
1367
1323
1321
1454
1509
1346
1438
1417
1430
1446
1235
859
238
-25
543
888
304
-445
-609
-497
-612
-766
-867
-1019
-1166
-1016
-895
-979
-1020
-966
-1036
-962
-554
-365
-425
-565
-251
-14
-70
-183
-110
93
199
242
296
136
-70
-43
-192
-171
-109
-242
-257
-686
-613
-636
-998
-1189
-1462
-1478
-1485
-1550
-1742
-1734
-1656
-1690
-1547
-1702
-1786
-1810
-1566
-1404
-1409
-1456
-1512
-1560
-1524
-1246
-1120
-1209
-1187
-1020
-850
-882
-849
-649
-495
-322
-169
-156
-135
-103
52
323
342
410
531
562
642
664
726
1013
1013
849
1079
1357
1315
1446
1640
1604
1680
1949
1979
2062
2206
2262
2438
2580
2393
2296
2022
1638
1574
1562
1193
583
428
402
171
-308
-564
-542
-902
-1175
-1214
-1178
-1121
-1285
-1309
-1319
-1181
-1007
-795
-773
-635
-185
-109
-100
48
384
542
559
843
850
855
984
1016
978
934
750
769
567
230
246
177
-10
-196
-296
-305
-504
-790
-743
-854
-968
-1101
-1044
-1111
-1183
-1020
-1010
-948
-828
-670
-790
-814
-723
-650
-769
-751
-464
-303
-498
-676
-596
-616
-618
-748
-757
-732
-848
-781
-817
-926
-850
-838
-882
-994
-1063
-800
-673
-664
-671
-495
-308
-254
-223
-121
69
164
193
361
482
629
849
919
1020
1157
1241
1351
1445
1367
1474
1493
1661
1797
1765
1753
1787
2015
1910
1956
2074
2145
2240
2198
2332
2522
2530
2213
1827
1304
1066
963
666
512
527
248
-498
-814
-733
-787
-1138
-1447
-1526
-1508
-1546
-1516
-1488
-1580
-1425
-910
-749
-816
-597
-219
-148
30
290
497
385
306
743
837
757
644
490
514
507
424
325
75
84
-165
-442
-698
-693
-693
-958
-1033
-942
-1015
-1127
-1115
-1195
-1171
-1121
-1212
-1427
-1499
-1285
-1227
-1153
-1213
-1131
-1019
-1059
-1240
-1173
-1076
-1154
-1175
-1417
-1377
-1361
-1455
-1446
-1406
-1389
-1180
-1234
-1225
-1102
-1033
-971
-816
-856
-664
-546
-494
-300
-170
-110
-103
29
233
356
480
571
654
888
1027
1097
1125
1290
1335
1484
1365
1520
1612
1713
1837
1848
1994
2165
2140
2150
2278
2295
2409
2574
2662
2671
2620
2892
2864
2172
1331
791
985
1336
1137
449
-247
-864
-823
-759
-1068
-1327
-1685
-1777
-1743
-1853
-1865
-2086
-2185
-2249
-1810
-1247
-1399
-1457
-1029
-757
-532
-434
-337
-19
205
604
841
788
585
322
203
356
581
386
75
-190
-266
-601
-956
-857
-1051
-1163
-1151
-1367
-1313
-1578
-1655
-1449
-1337
-1430
-1505
-1653
-1685
-1561
-1439
-1429
-1552
-1593
-1597
-1504
-1648
-1644
-1538
-1538
-1548
-1649
-1660
-1391
-1338
-1207
-1189
-1251
-1000
-943
-925
-676
-481
-506
-514
-355
-248
-106
59
56
213
63
131
200
449
563
612
810
814
1042
1152
1172
1441
1535
1546
1597
1583
1814
1797
2017
2120
2145
2172
2193
2300
2332
2437
2611
2758
2812
2932
2973
3192
3279
3059
2164
1073
1282
2460
2678
1273
-197
-325
213
-138
-740
-1117
-1328
-1602
-1761
-1518
-1691
-1815
-1953
-2015
-1567
-1027
-703
-1030
-1229
-581
80
109
-182
-119
336
736
907
1050
863
534
735
1021
1193
1111
907
546
302
173
-21
-187
-332
-360
-531
-809
-1129
-1279
-1523
-1615
-1532
-1604
-1815
-1920
-1949
-1910
-1826
-1726
-1773
-1964
-1963
-1805
-1474
-1474
-1591
-1721
-1715
-1641
-1435
-1332
-1436
-1277
-1239
-1186
-1017
-1074
-1063
-1023
-834
-647
-727
-821
-858
-710
-532
-389
-178
-232
-372
-248
-85
85
221
363
269
297
481
689
813
1025
1072
1078
1069
1361
1440
1391
1581
1615
1873
1785
1848
1754
1683
1934
2165
2192
1976
2090
2338
2353
2396
2271
2080
1968
1667
1299
922
947
1135
832
264
-222
-363
-233
-563
-1209
-1477
-1183
-1105
-1224
-1395
-1271
-1191
-832
-723
-962
-902
-488
127
356
95
-34
-20
124
247
204
279
97
-137
-241
-274
-376
-424
-426
-510
-401
-288
-564
-1055
-1282
-1046
-845
-993
-1502
-1782
-1682
-1579
-1433
-1622
-1872
-1903
-1956
-1792
-1528
-1429
-1419
-1643
-1735
-1569
-1280
-1160
-1127
-1187
-1310
-1308
-1301
-1325
-1197
-1102
-1057
-1044
-1012
-1187
-1167
-1158
-974
-693
-789
-989
-1098
-814
-556
-393
-493
-349
56
214
209
342
509
823
923
1102
1278
1350
1251
1208
1468
1528
1663
1613
1540
1648
1968
2094
1964
2103
1893
2274
2634
2597
2743
3143
2997
2749
2802
3155
3301
2184
798
759
2465
2982
1359
-277
-425
199
-19
-794
-1420
-1376
-1262
-1518
-1712
-1956
-1914
-2001
-2165
-1806
-1086
-965
-1406
-1633
-885
-103
0
-456
-420
291
700
907
573
438
504
474
709
748
822
541
-40
-207
68
212
-375
-828
-766
-643
-782
-1403
-1852
-1727
-1431
-1548
-1747
-1991
-2012
-1945
-1924
-1865
-1770
-1627
-1726
-1919
-1458
-958
-877
-1140
-1292
-865
-536
-681
-1097
-912
-491
-278
-665
-866
-586
-577
-453
-499
-451
-340
-170
-106
20
356
445
391
360
449
666
920
1038
963
946
1050
1393
1349
1306
1565
1841
1915
1854
2027
2068
2088
2185
2335
2445
2451
2532
2541
2767
2927
2732
2768
2972
3343
3224
3360
3458
3346
3374
2616
1091
301
1798
3284
2068
-205
-904
-217
-145
-847
-1341
-1740
-2056
-2037
-1839
-1932
-2324
-2424
-2591
-2370
-1605
-1103
-1606
-2143
-1431
-388
-250
-926
-1074
-381
250
548
634
434
163
78
300
543
633
584
11
-507
-486
-140
-353
-943
-998
-948
-1198
-1836
-1959
-1954
-1914
-1894
-2083
-2475
-2786
-2405
-2108
-2102
-1914
-1808
-1852
-1889
-1665
-1189
-1040
-1227
-1444
-1233
-813
-652
-839
-883
-609
-524
-572
-460
-510
-346
-215
-54
35
-97
-48
-164
0
307
469
312
347
472
664
832
972
961
945
1109
1114
1299
1372
1633
1682
1774
1790
1879
1915
1958
2352
2600
2754
2553
2473
2621
2949
3181
3134
3058
3368
3384
3418
3590
3633
3318
2061
797
1133
2914
2943
898
-671
-421
200
-256
-1054
-1518
-1529
-1696
-1965
-1951
-2334
-2566
-2625
-2885
-2262
-1455
-1476
-2118
-2181
-1065
-390
-647
-1190
-1167
-349
49
229
4
-250
-293
14
182
149
274
-62
-401
-539
-202
-235
-759
-1172
-1025
-1104
-1355
-1656
-1976
-1949
-1975
-2047
-2435
-2618
-2496
-2711
-2605
-2382
-2206
-2124
-2269
-2438
-2016
-1407
-1486
-1682
-1633
-1254
-934
-904
-1090
-933
-492
-388
-488
-536
-360
-284
-307
-282
-73
-52
-53
18
93
340
502
477
394
596
841
1099
1203
1251
1305
1254
1445
1585
1394
1432
1660
1890
1973
1797
2003
2214
2243
2341
2477
2731
2820
2873
2912
2860
3262
3406
3223
3277
3410
3923
4000
3614
2295
847
1405
3198
3334
1296
-386
-153
461
225
-446
-730
-1106
-1246
-1096
-1241
-1558
-1849
-1849
-1850
-1600
-1144
-794
-1352
-1708
-965
-255
-302
-782
-669
56
527
823
679
272
173
234
518
702
624
530
20
-189
-67
-8
-303
-866
-1129
-886
-931
-1365
-1588
-1771
-1580
-1469
-1585
-1806
-1902
-1852
-1767
-1704
-1613
-1533
-1752
-1917
-1647
-1021
-909
-1303
-1429
-1224
-908
-884
-1187
-1077
-724
-671
-575
-586
-693
-569
-424
-631
-468
-242
-78
-188
-244
227
446
454
320
337
711
1086
1163
1128
950
1115
1383
1459
1558
1613
1757
1916
1963
1929
1915
1874
2079
2273
2327
2162
2184
2405
2268
2222
2517
2922
2744
2531
2651
3117
3222
2933
2230
673
167
1825
3099
1606
-388
-661
74
282
-286
-817
-1242
-1543
-1439
-1189
-1567
-2129
-2238
-2230
-2113
-1291
-1049
-1716
-2026
-1369
-546
-531
-1060
-1242
-668
-87
156
101
-116
-249
-11
187
174
262
75
-314
-491
-328
-236
-580
-895
-964
-1110
-1520
-1542
-1500
-1602
-1825
-1825
-1823
-1742
-1867
-2069
-2007
-1821
-1449
-1524
-1742
-1700
-1656
-1293
-1089
-1147
-1115
-1184
-959
-849
-772
-572
-691
-637
-560
-502
-186
-191
-417
-340
-322
-287
-265
-238
-219
102
329
428
655
645
643
895
1028
1092
1033
1034
1095
1158
1440
1570
1597
1708
1476
1648
1904
1853
1929
2098
2150
2379
2539
2527
2501
2590
2788
2979
2796
2863
3335
3258
2969
2004
662
666
2410
2901
1178
-553
-471
71
-145
-745
-1158
-1396
-1674
-1519
-1458
-1782
-2005
-2171
-2383
-2019
-1203
-1219
-1814
-1902
-1073
-500
-686
-1133
-954
-327
7
229
132
-244
-232
47
317
586
142
-210
-340
-324
-279
-348
-700
-860
-699
-808
-1229
-1620
-1638
-1580
-1755
-1987
-1911
-1637
-1666
-2000
-2031
-1792
-1551
-1492
-1750
-1913
-1509
-893
-930
-1197
-1128
-998
-594
-718
-793
-548
-470
-614
-581
-318
-249
-232
-173
60
194
383
360
379
340
517
861
1046
802
730
971
1183
1299
1379
1555
1499
1643
1863
1976
2033
2028
2302
2468
2367
2595
2583
2608
2682
2707
2749
2925
2967
2922
2965
3118
3471
3445
3253
3231
3480
3494
2702
1268
381
1827
3429
2187
-250
-1074
-336
131
-583
-1250
-1581
-1907
-1840
-1760
-1916
-2180
-2458
-2823
-2756
-1747
-1047
-1626
-2355
-1876
-842
-639
-1244
-1648
-912
-203
84
62
-222
-411
-277
38
34
14
-59
-432
-668
-618
-492
-732
-1244
-1308
-987
-1133
-1643
-1930
-2063
-2367
-2424
-1880
-1696
-2277
-2716
-2805
-2332
-1853
-1730
-2073
-2417
-1877
-1331
-1138
-1416
-1791
-1561
-1075
-844
-870
-813
-928
-718
-545
-430
-434
-484
-457
-293
213
131
-24
-144
-203
271
542
530
500
360
481
826
1295
1340
1245
1150
1095
1546
2015
1949
1751
1861
2238
2521
2445
2149
2259
2348
2485
2727
2602
2816
2669
2778
3056
3494
3573
3308
3263
3224
3595
2882
1208
606
2251
3810
2394
-338
-699
236
482
-488
-1068
-1289
-1514
-1547
-1580
-1659
-1891
-1940
-2509
-2438
-1430
-1000
-1513
-2229
-1680
-521
-661
-1276
-1144
-504
-113
17
-106
-343
-330
-135
113
310
341
229
-328
-767
-483
-183
-553
-1176
-1302
-1082
-1381
-1773
-1974
-2162
-2453
-2441
-2117
-2417
-2607
-2697
-2387
-2113
-1849
-1731
-2009
-2340
-2118
-1224
-1030
-1446
-1730
-1689
-1090
-1015
-1065
-1137
-988
-943
-785
-627
-721
-511
-586
-384
-415
-245
32
-7
69
340
748
724
609
753
842
1129
1269
1238
1445
1539
1585
1697
1787
2129
2051
2029
2113
2228
2367
2328
2335
2395
2811
2644
2387
2455
2806
3047
3168
3102
2946
3171
3316
3280
3662
3148
1880
661
1293
3540
3392
878
-496
260
968
422
-540
-934
-1130
-1110
-1167
-1377
-1764
-1859
-1945
-2165
-1688
-912
-1108
-1874
-1739
-697
-244
-692
-1111
-612
315
548
428
250
-224
98
688
818
518
302
205
-138
-308
-85
41
-351
-764
-555
-526
-980
-1387
-1829
-1620
-1090
-1056
-1690
-2264
-2135
-1657
-1404
-1521
-1803
-1787
-1643
-1455
-1077
-812
-973
-1269
-1182
-725
-198
-480
-832
-498
-256
-192
-386
-699
-544
-116
54
-164
-322
-361
-190
-4
306
497
369
438
504
595
827
1073
1313
1154
1264
1308
1438
1616
1496
1555
1800
2093
2133
1987
2150
2425
2310
2364
2296
2238
2505
2686
2528
2536
2865
3002
2778
2730
3075
3408
3190
1909
534
722
2654
3303
960
-903
-572
210
183
-690
-1124
-1469
-1610
-1489
-1551
-1788
-2133
-2455
-2670
-2270
-1496
-1459
-2147
-2302
-1357
-483
-952
-1461
-1097
-213
389
218
116
-108
-311
-110
259
226
413
101
-181
-404
-323
-138
-713
-1030
-792
-754
-1349
-1711
-1787
-1746
-1763
-1826
-1896
-2209
-2089
-2015
-1986
-1877
-1771
-1711
-1976
-2038
-1676
-1177
-1123
-1322
-1514
-1288
-982
-710
-674
-695
-524
-493
-364
-282
-228
-197
-215
-146
52
-29
85
231
365
453
484
569
495
679
872
980
1211
1229
1318
1365
1284
1451
1614
1626
1680
1824
1779
1953
1967
1983
2161
2230
2250
2133
2326
2518
2162
2140
2275
2610
2753
2487
2518
2689
3040
2762
1548
3
400
2752
3459
1002
-872
-239
706
271
-600
-952
-1310
-1573
-1560
-1494
-1859
-2145
-2494
-2608
-2195
-1597
-1607
-2159
-2192
-1158
-545
-1117
-1673
-1118
-236
-20
55
-159
-202
-327
-43
398
358
280
119
-395
-665
-406
-250
-785
-1466
-1329
-1225
-1374
-1734
-2136
-2171
-1856
-1653
-1813
-2009
-2186
-1941
-1808
-1587
-1423
-1616
-1743
-1958
-1432
-761
-873
-1183
-1212
-826
-342
-519
-699
-426
-133
-59
-274
-168
-29
29
87
51
-110
44
140
160
300
351
639
476
344
551
788
1113
1121
1123
1167
1272
1594
1822
1964
1938
2049
2035
2208
2251
2432
2562
2370
2417
2521
2510
2455
2511
2921
3211
3153
3265
3438
3482
3475
3850
3810
2619
814
952
3292
4173
1697
-766
-327
905
834
-311
-1003
-1228
-1327
-1404
-1518
-1904
-2242
-2263
-2640
-2423
-1640
-1625
-2250
-2345
-1333
-681
-1194
-1968
-1540
-513
-22
-26
-183
-392
-374
-30
265
205
250
340
-62
-429
-240
61
-318
-977
-825
-641
-993
-1669
-1997
-1685
-1320
-1384
-2182
-2487
-2441
-2016
-1862
-2082
-2046
-1889
-2057
-2217
-1756
-1194
-1086
-1626
-1709
-1254
-831
-834
-988
-754
-464
-374
-529
-594
-371
-73
92
-4
53
120
246
329
388
590
696
645
449
839
1015
1028
1060
962
1010
1156
1380
1470
1685
1795
1798
1949
1756
1736
1907
2006
2171
2149
2077
2208
2315
2499
2596
2584
2834
2963
3005
2886
2901
3321
3734
3299
1777
509
1411
3702
3485
771
-816
124
1043
336
-476
-897
-1280
-1516
-1432
-1484
-1866
-2138
-2318
-2459
-2088
-1666
-1759
-2282
-2128
-1034
-694
-1464
-1911
-1278
-265
105
-175
-158
-170
-291
60
145
460
409
119
-81
-180
230
298
-329
-707
-733
-746
-886
-1416
-1485
-1647
-1914
-2144
-2170
-1964
-2091
-2280
-2601
-2347
-2154
-2111
-2490
-2727
-2294
-1796
-1691
-1994
-2116
-1518
-1336
-1434
-1236
-950
-611
-697
-444
-228
10
-144
-347
-142
147
306
350
381
363
659
538
437
329
487
780
937
999
979
995
959
1006
1202
1560
1621
1568
1618
1639
1971
2123
2171
2175
2023
2271
2408
2617
2555
2445
2390
2652
2857
2847
3000
3045
3205
3259
3521
3111
1457
440
1797
3845
3011
96
-934
145
988
199
-787
-1170
-1485
-1597
-1471
-1413
-1852
-2137
-2225
-2315
-1908
-1332
-1782
-2445
-1911
-947
-656
-1502
-1911
-1050
-66
222
17
-265
-231
179
393
647
595
577
435
38
-113
284
740
197
-621
-456
-213
-657
-1253
-1284
-1039
-1034
-1410
-1915
-2005
-1890
-1790
-1685
-1502
-1516
-1656
-1837
-1719
-1203
-703
-937
-1410
-1350
-850
-344
-544
-763
-335
-128
-173
-190
-5
103
285
217
214
336
340
444
479
648
816
779
670
615
885
1113
1226
1190
962
1075
1220
1463
1584
1584
1442
1471
1691
1785
1675
1668
1868
1968
1961
2065
2167
2175
2217
2276
2314
2405
2758
2884
3020
3071
3322
3627
3037
1380
530
2351
4109
2790
-120
-974
555
1135
101
-812
-1134
-1397
-1510
-1427
-1619
-1922
-2083
-2447
-2832
-2472
-1777
-2168
-2724
-2081
-1103
-1155
-2035
-2059
-1144
-155
-176
-229
-490
-620
-331
22
461
613
312
-90
-247
103
635
408
-251
-1048
-816
-523
-702
-895
-1389
-1645
-1449
-1563
-1694
-2099
-2214
-1980
-1838
-1837
-1945
-1986
-2192
-2065
-1589
-1363
-1561
-1892
-1752
-1020
-777
-1006
-1345
-1268
-780
-547
-541
-595
-440
-311
-207
-41
-65
15
167
417
562
692
716
657
788
1042
1243
1023
815
927
1110
1357
1246
1254
1482
1514
1637
1465
1672
1861
1837
1892
1754
1824
1954
1991
2106
2235
2109
2048
2156
2373
2545
2539
2625
2579
2973
2919
1551
180
975
3300
3280
279
-1557
-416
938
343
-996
-1529
-1650
-1896
-1837
-1697
-2413
-2477
-2497
-2986
-2729
-1853
-1882
-2802
-2985
-1754
-1140
-1926
-2756
-1994
-848
-429
-732
-1128
-934
-1156
-304
96
-44
-39
-213
-321
-240
32
119
-295
-789
-833
-680
-885
-871
-725
-985
-1338
-1507
-1652
-1640
-1517
-1630
-1742
-1917
-1857
-1687
-1709
-1793
-1555
-1292
-1343
-1597
-1454
-1056
-909
-849
-1044
-939
-731
-772
-503
-218
-224
-132
-136
78
194
428
544
459
501
690
908
1031
1164
1253
1457
1521
1590
1538
1455
1484
1732
1902
1831
1675
1718
1845
1835
1996
2032
2146
2145
2085
2059
2166
2514
2749
2827
2709
2913
3267
3200
3285
3457
3798
3894
3683
2549
1055
1600
3836
4166
1499
-671
194
1709
1349
123
-511
-805
-1080
-1058
-985
-1358
-1786
-2175
-2459
-2422
-1839
-1706
-2528
-2435
-1352
-921
-1653
-2338
-1826
-510
-183
-541
-781
-780
-452
-45
180
187
151
40
-157
-123
199
248
-92
-264
-217
-423
-831
-827
-646
-757
-1336
-1653
-1360
-1182
-1582
-2026
-2226
-2092
-1799
-1984
-2297
-2362
-1983
-1607
-1703
-2027
-2003
-1756
-1481
-1432
-1263
-1016
-1005
-1044
-754
-352
-207
-421
-422
-29
250
378
241
403
424
568
801
662
734
972
1051
1133
1128
1117
1139
1087
1224
1329
1469
1392
1284
1476
1468
1508
1557
1661
1634
1637
1893
1934
2127
2118
1991
1996
2082
2455
2650
2515
2613
2787
2923
3111
2611
1285
670
2199
3832
2576
-157
-628
836
1414
326
-643
-950
-1290
-1223
-970
-1101
-1715
-2055
-2144
-2488
-2080
-1719
-2233
-2699
-2317
-1314
-1433
-2358
-2442
-1321
-242
-282
-756
-934
-685
-138
239
320
25
116
149
-86
-88
152
500
-207
-901
-630
-202
-478
-911
-1082
-1037
-1329
-1448
-1549
-1652
-1373
-1444
-1802
-2091
-1968
-1823
-2123
-2122
-1739
-1590
-1728
-2210
-1906
-1355
-1286
-1531
-1699
-1459
-1279
-1206
-1109
-869
-912
-883
-748
-646
-470
-154
-139
53
352
331
705
741
775
919
926
954
795
809
913
958
1096
1070
1047
1145
1074
1024
1250
1384
1364
1265
1344
1364
1649
2120
1940
1910
1690
2043
2454
2477
2683
2796
2948
2960
2994
2309
1151
1168
2673
3517
2136
77
-26
1086
1163
246
-478
-898
-1083
-1174
-878
-1226
-1800
-2042
-2447
-2419
-2160
-1775
-2181
-2496
-1853
-1705
-1694
-2215
-1946
-979
-619
-560
-796
-742
-493
-75
260
342
326
344
281
511
666
842
431
24
253
606
139
-387
-283
63
-117
-726
-1270
-1462
-1029
-716
-902
-1283
-1703
-1679
-1676
-1801
-1486
-1200
-1531
-2128
-1889
-1336
-1186
-1429
-1483
-1350
-1066
-1046
-989
-461
-242
-203
-127
-216
-76
288
514
686
687
648
742
789
1024
1234
1389
1204
1194
1259
1356
1343
1408
1505
1591
1672
1555
1664
1785
1985
1847
1808
1618
1517
1655
1832
1924
1886
1934
1890
1955
2371
2551
2427
2394
2690
3092
3014
2316
1329
1054
2285
3335
2034
-48
-353
898
1286
466
-477
-927
-1067
-1113
-992
-1258
-1818
-2194
-2192
-2387
-2233
-1945
-2302
-2463
-2033
-1465
-1714
-2350
-2344
-1418
-726
-753
-1079
-1085
-943
-407
136
116
-47
-27
-16
137
221
249
168
181
45
-456
-656
-674
-331
-297
-839
-1424
-1346
-1197
-1269
-1468
-1383
-1751
-1893
-1824
-1825
-1760
-1943
-1947
-1861
-1938
-2145
-1842
-1476
-1376
-1428
-1526
-1405
-1240
-1040
-779
-638
-575
-578
-463
-276
-201
108
192
157
241
371
445
478
631
673
797
754
727
654
831
1099
1065
1288
1113
1186
1354
1598
1681
1601
1552
1515
1618
1638
1722
1941
2015
1933
1906
2093
2451
2437
2354
2503
2646
2739
2889
2638
1738
881
1271
2892
2844
824
-791
-168
1086
877
-116
-994
-1249
-1385
-1170
-1094
-1668
-2174
-2402
-2533
-2573
-2255
-2237
-2684
-2794
-2178
-1711
-2198
-2693
-2085
-1157
-733
-969
-1216
-1074
-526
-106
37
-122
-318
-196
-57
169
169
58
-52
-77
74
-230
-732
-578
-225
-119
-775
-1243
-1372
-1436
-1337
-1141
-1039
-1760
-1981
-1955
-1718
-1531
-1641
-1922
-2009
-2010
-1820
-1547
-1501
-1706
-1706
-1475
-1373
-1274
-1142
-809
-577
-591
-663
-585
-458
-149
200
445
332
311
403
512
743
857
940
1022
974
1097
1181
1246
1320
1416
1540
1626
1815
1879
1884
1952
2090
2055
1923
1979
2135
2212
2406
2394
2427
2482
2506
2870
3131
3078
3084
3233
3013
2419
1741
1857
2747
3097
1894
534
222
863
1096
608
-111
-615
-795
-746
-857
-1219
-1576
-1816
-1837
-2089
-2080
-1803
-1753
-1794
-1567
-1430
-1584
-1878
-1597
-1032
-655
-648
-836
-780
-597
-50
124
62
152
109
107
179
386
551
431
197
177
68
-93
-43
217
163
-274
-703
-837
-763
-1156
-1496
-1439
-1208
-1242
-1711
-2302
-2290
-1695
-1444
-1705
-2273
-2290
-1895
-1557
-1475
-1607
-1747
-1651
-1525
-1181
-802
-765
-868
-781
-435
-406
-327
-272
-220
274
489
244
257
429
670
820
912
911
864
889
989
1234
1364
1356
1190
1118
1339
1499
1505
1377
1526
1768
1775
1652
1612
2008
2028
2058
2060
2183
2204
2402
2359
2326
2740
2719
2572
2145
1484
1310
1840
2479
2152
623
-379
274
836
533
-361
-1011
-1060
-1168
-978
-1320
-1690
-2071
-2180
-2201
-2328
-2231
-2145
-2233
-2089
-1795
-1718
-1968
-2084
-1633
-1044
-676
-942
-1035
-888
-592
-104
31
-86
-162
-34
98
152
96
37
64
-60
20
-25
-319
-513
-472
-344
-639
-1109
-1290
-1293
-1109
-1098
-1406
-1592
-1603
-1705
-1664
-1752
-1725
-1748
-1716
-1869
-1979
-1511
-1553
-1755
-1565
-1524
-1411
-1392
-1242
-1081
-900
-821
-819
-619
-377
-275
-147
-83
13
57
68
169
305
390
412
506
503
577
782
771
736
1127
1146
1192
1316
1406
1446
1533
1432
1549
1714
1599
1747
1807
1736
2000
1953
1954
1990
2031
1998
2379
2495
2509
2502
2065
1340
926
1828
2735
2202
342
-283
606
1131
356
-632
-965
-1018
-997
-1089
-1455
-1716
-1874
-2043
-2348
-2325
-2038
-2085
-2298
-2185
-1725
-1662
-1980
-2097
-1296
-801
-958
-986
-1135
-898
-559
-336
-419
-487
-203
-38
-120
-195
-53
11
44
-222
-112
-65
-157
-321
-277
-255
-840
-1188
-1127
-897
-916
-1106
-1499
-1616
-1577
-1556
-1592
-1819
-1682
-1392
-1453
-1758
-1597
-1255
-1253
-1235
-1152
-1058
-760
-840
-916
-540
-259
-250
-306
-377
-41
269
234
105
175
474
585
662
867
948
1197
1268
1153
1322
1466
1368
1393
1527
1542
1714
1736
1758
1789
1897
1919
1987
1941
1899
2090
2282
2231
2250
2386
2387
2583
2667
2654
2593
2622
2514
1934
1095
1186
2593
2855
884
-609
243
1342
728
-323
-938
-939
-922
-995
-1274
-1675
-1842
-1879
-2171
-2595
-2420
-2090
-2146
-2215
-1745
-1671
-2365
-2610
-1750
-923
-991
-1499
-1505
-1151
-746
-363
-389
-554
-488
-197
-220
-317
-218
-151
-325
-336
-192
-340
-814
-852
-217
-93
-678
-1359
-1413
-993
-894
-1175
-1458
-1755
-1628
-1480
-1655
-1736
-1807
-1574
-1596
-1766
-1790
-1490
-1468
-1457
-1514
-1361
-1372
-1259
-1032
-756
-677
-732
-859
-753
-340
-121
151
44
53
77
180
362
644
734
724
814
1045
1172
973
1074
1245
1446
1659
1357
1356
1645
1769
1764
1646
1660
1732
1892
1901
2025
2113
2084
2080
2175
2513
2714
2711
2507
2621
2805
2616
1928
1237
1584
2602
2422
1054
-60
215
975
808
-112
-894
-947
-815
-886
-1170
-1419
-1687
-1747
-2092
-2170
-2019
-2142
-2250
-2234
-1779
-1769
-2095
-2259
-1530
-954
-960
-1225
-1503
-1111
-612
-392
-372
-534
-655
-627
-580
-505
-420
-292
-292
-438
-664
-719
-550
-544
-177
-379
-869
-1312
-1127
-1022
-1006
-1174
-1624
-1735
-1756
-1531
-1680
-1649
-1760
-1841
-1766
-1927
-1902
-1588
-1392
-1381
-1474
-1534
-1364
-1067
-859
-599
-486
-572
-523
-362
-63
145
302
255
307
469
719
736
673
854
940
1105
1174
1286
1336
1414
1520
1755
1725
1533
1696
2100
2176
1996
2079
1911
2058
2322
2233
2292
2383
2569
2534
2590
2687
2648
2997
3056
2914
1967
1321
2158
3299
2674
545
-82
1195
1680
770
-215
-453
-441
-527
-668
-926
-1279
-1460
-1384
-1705
-1828
-1560
-1465
-1616
-1408
-826
-1145
-1946
-1957
-866
-154
-592
-1213
-1133
-481
-235
-51
-117
-59
70
79
53
110
184
279
150
167
267
-100
-359
-429
-72
-26
-508
-1100
-1197
-869
-813
-955
-1302
-1550
-1412
-1375
-1483
-1597
-1588
-1463
-1682
-1898
-1798
-1453
-1385
-1511
-1442
-1335
-1272
-1298
-1134
-754
-591
-640
-640
-532
-269
-83
72
215
323
568
669
851
961
977
907
1060
1203
1131
1175
1344
1474
1633
1594
1463
1537
1767
1886
1784
1697
1729
1917
1886
1850
1912
2165
2114
2089
2326
2465
2541
2529
2686
2516
1959
1299
1343
2202
2401
1332
275
283
958
946
34
-573
-658
-690
-751
-1184
-1595
-1591
-1482
-1608
-1974
-2094
-1837
-1965
-1841
-1659
-1696
-1945
-2314
-1719
-977
-1036
-1406
-1548
-1269
-732
-529
-532
-447
-355
-324
-497
-460
-217
182
-38
-590
-358
-38
-212
-536
-434
-270
-416
-983
-1161
-1071
-850
-881
-1275
-1432
-1470
-1266
-1394
-1450
-1607
-1533
-1448
-1592
-1576
-1396
-1148
-1331
-1264
-1188
-1125
-1093
-921
-631
-373
-581
-574
-328
-133
262
307
319
306
466
705
830
1069
1143
1231
1268
1256
1234
1279
1404
1486
1657
1681
1659
1708
1733
2032
2020
2042
2010
1907
2038
2232
2226
2177
2313
2322
2215
2243
2376
2347
2329
1608
896
1144
2218
2297
971
109
240
857
879
-112
-853
-730
-733
-869
-990
-1423
-1646
-1576
-1654
-1955
-2154
-1966
-1906
-1627
-1432
-1347
-1722
-2016
-1617
-1003
-895
-1172
-1240
-1063
-580
-317
-297
-419
-249
-228
-364
-451
-139
-20
-277
-753
-509
-256
-402
-589
-696
-493
-483
-831
-1018
-1041
-1032
-1034
-1192
-1308
-1270
-1332
-1458
-1524
-1523
-1479
-1542
-1638
-1679
-1210
-1088
-1267
-1208
-984
-829
-724
-620
-464
-360
-201
-230
-158
182
409
459
701
813
877
862
1073
1279
1345
1370
1537
1738
1843
2086
2034
1991
2241
2439
2338
2426
2358
2494
2735
2823
2588
2356
2577
2739
2925
2932
2857
3021
2986
3139
3237
2891
2248
1558
2248
3283
2743
1071
35
848
1768
1096
-177
-547
-366
-342
-519
-899
-1192
-1235
-1390
-1575
-1774
-1697
-1552
-1659
-1551
-1144
-1261
-1783
-1947
-1456
-815
-863
-1238
-1287
-972
-736
-621
-637
-692
-632
-540
-604
-605
-370
-256
-679
-684
-535
-669
-855
-1064
-775
-746
-1022
-1255
-1268
-1170
-1143
-1273
-1270
-1422
-1446
-1505
-1514
-1489
-1387
-1300
-1455
-1683
-1591
-1265
-1126
-1190
-1227
-1155
-1044
-841
-802
-616
-513
-419
-430
-220
19
121
304
273
433
681
778
723
891
1206
1249
1119
1139
1457
1488
1586
1650
1622
1716
1797
1910
2119
2118
2237
2363
2310
2339
2426
2558
2606
2817
2717
2831
2947
2871
2332
1421
1395
2461
3016
1681
-92
57
1461
1334
150
-738
-617
-550
-805
-879
-1073
-1396
-1543
-1604
-1932
-1964
-1713
-1649
-1711
-1535
-1474
-1917
-2053
-1451
-641
-776
-1435
-1314
-909
-445
-490
-867
-789
-664
-431
-253
-548
-686
-494
-428
-604
-935
-874
-901
-968
-925
-832
-1158
-1596
-1695
-1454
-1398
-1791
-1833
-1958
-1870
-1636
-1701
-1839
-1742
-1414
-1394
-1652
-1795
-1499
-1214
-1173
-1479
-1616
-1281
-1143
-1126
-972
-854
-860
-730
-525
-296
44
264
292
433
659
693
714
711
924
1330
1437
1302
1395
1509
1663
1750
1716
1723
1567
1558
2103
2230
2051
2185
2413
2420
2588
2628
2690
2785
2861
3012
2937
2408
1559
1576
2640
3115
1562
-87
246
1342
1311
-87
-847
-745
-776
-940
-1040
-1158
-1532
-1718
-1677
-1828
-2107
-2096
-2020
-1698
-1380
-1442
-1968
-2342
-1665
-696
-582
-1363
-1317
-775
-420
-313
-438
-110
-86
-162
-232
-173
57
90
-105
-382
-558
-444
-589
-782
-741
-627
-798
-1323
-1367
-1035
-1054
-1257
-1395
-1407
-1486
-1333
-1232
-1323
-1128
-1023
-959
-1320
-1460
-951
-503
-387
-781
-892
-529
-231
-217
-43
136
149
236
262
591
780
967
1304
1301
1352
1396
1542
1763
1746
1817
1851
1895
1965
2058
2136
2244
2320
2224
2223
2306
2442
2469
2595
2674
2723
2732
2702
2824
3050
3169
3084
2579
1287
1304
2933
3740
1630
-692
101
1993
1594
-511
-1083
-249
-225
-918
-1149
-1386
-1761
-1907
-1855
-2269
-2609
-2445
-2265
-2235
-1888
-1760
-2451
-2925
-2200
-875
-1094
-2129
-2031
-1199
-989
-1255
-1071
-730
-669
-741
-840
-681
-480
-341
-347
-700
-708
-571
-685
-856
-568
-386
-717
-1333
-1374
-916
-1069
-1416
-1620
-1431
-1352
-1585
-1772
-1595
-1724
-1581
-1601
-1784
-2003
-1817
-1339
-1421
-1587
-1517
-1265
-1082
-873
-647
-458
-571
-459
-314
24
61
268
677
661
732
865
1220
1422
1422
1641
1660
1715
1849
2107
2208
2086
2178
2186
2267
2356
2535
2625
2594
2707
2665
2595
2741
2901
2989
3127
3055
2467
1540
1425
2878
3850
2231
-135
300
2259
2091
255
-655
-150
25
-578
-823
-1003
-1296
-1424
-1249
-1636
-2287
-2182
-1821
-1826
-1629
-1522
-2247
-2861
-2213
-1083
-1336
-2358
-2268
-1590
-1418
-1472
-1108
-887
-1024
-1279
-1087
-764
-917
-804
-701
-612
-913
-1013
-999
-1191
-886
-631
-942
-1419
-1402
-844
-670
-943
-1046
-843
-981
-1188
-1178
-1060
-1152
-1198
-1003
-1264
-1530
-1410
-959
-1028
-1403
-1467
-1526
-1033
-808
-714
-666
-518
-496
-335
-39
147
261
615
766
830
1032
1236
1422
1604
1824
1923
1839
1826
2236
2193
2296
2405
2370
2398
2534
2705
2837
2812
2823
3085
3209
3084
3087
3091
3228
2601
1469
1620
3154
3630
1218
-405
1194
2365
1385
-408
-405
628
54
-744
-587
-657
-1239
-1259
-1099
-1475
-1901
-1752
-1427
-1379
-1288
-1373
-1946
-2197
-1357
-585
-1176
-1955
-1510
-828
-986
-1169
-928
-734
-869
-747
-512
-588
-691
-761
-526
-564
-335
-380
-746
-671
-437
-227
-780
-984
-515
-296
-435
-575
-509
-300
-285
-412
-318
-447
-440
-310
-163
-466
-586
-335
-43
-109
-441
-408
-174
-106
-66
75
235
151
140
393
501
440
337
679
995
1023
1007
1007
1240
1490
1484
1457
1489
1669
1840
2005
2125
2093
2177
2196
2546
2662
2613
2600
2697
2972
2929
2913
2934
2763
1875
1350
2520
3708
2466
245
415
2368
2360
465
-424
407
616
-423
-753
-639
-802
-1162
-1180
-1246
-1785
-2108
-1692
-1486
-1595
-1635
-2097
-2484
-2008
-1089
-1145
-2039
-2147
-1169
-666
-1149
-1427
-1143
-788
-772
-880
-1043
-974
-760
-505
-381
-888
-838
-1002
-894
-717
-741
-847
-1086
-927
-812
-691
-1216
-1113
-882
-758
-805
-770
-766
-752
-519
-337
-525
-826
-725
-155
21
-294
-321
1
291
167
164
331
408
514
691
847
600
625
1132
1413
1100
840
1220
1405
1503
1450
1556
1707
1799
1944
1728
1717
2003
2133
2090
2215
2227
2238
2367
2578
2669
2752
2752
2885
2574
1551
1466
3015
3832
1715
-231
858
2694
2019
-5
-78
753
234
-727
-588
-143
-849
-1473
-1050
-1128
-1719
-2041
-1887
-1552
-1512
-1916
-2533
-2509
-2047
-1367
-1801
-2470
-2122
-1632
-1848
-1894
-1815
-1350
-1106
-1276
-1086
-960
-957
-834
-469
-590
-930
-1065
-907
-598
-609
-784
-1057
-1177
-1192
-954
-1141
-1239
-1002
-829
-945
-1023
-897
-728
-709
-669
-495
-769
-969
-466
141
9
-333
-252
100
194
-103
38
474
569
579
560
872
1004
1089
1462
1372
1253
1185
1552
1833
1869
1937
1815
1829
1836
2055
2037
1989
1819
1999
2050
1894
1830
2130
2326
2189
2303
2506
2434
1818
1044
1365
2930
3183
963
-193
1354
2523
1487
91
378
961
327
-430
-36
155
-780
-1131
-545
-554
-1167
-1579
-1106
-513
-739
-1366
-1628
-1518
-1369
-860
-1024
-1219
-1342
-1108
-1158
-1218
-827
-842
-896
-899
-704
-598
-800
-797
-296
-117
-321
-711
-549
-123
-173
-262
-553
-567
-445
-300
-192
-384
-220
-191
-156
-267
-308
-288
-278
-104
14
-128
-421
-325
99
346
-15
-212
-119
93
47
66
404
467
218
379
640
646
695
937
890
976
1061
1049
1158
1175
1426
1394
1437
1381
1468
1730
1746
1805
1772
1802
1931
1900
1913
1915
1816
1921
1975
1979
1735
1283
919
1368
2022
1660
585
96
659
1032
523
-10
51
-43
-507
-733
-364
-402
-992
-1161
-856
-935
-1314
-1515
-1296
-941
-1007
-1470
-1785
-1485
-1311
-1317
-1129
-1406
-1380
-1273
-1135
-921
-1068
-1058
-1193
-993
-824
-768
-981
-813
-588
-727
-679
-738
-722
-661
-604
-468
-578
-636
-696
-618
-484
-440
-249
-254
-287
-375
-268
-410
-288
-61
-4
-40
-109
4
231
188
133
385
380
243
143
420
589
592
583
578
645
706
986
1085
1017
887
861
1026
1144
1043
1067
1401
1522
1407
1327
1348
1491
1548
1598
1571
1491
1550
1560
1617
1493
1459
1333
1374
1334
1278
1172
1030
835
1137
1445
1236
721
239
536
567
113
-243
-147
-214
-627
-902
-787
-858
-1335
-1489
-1473
-1301
-1522
-1464
-1445
-1294
-1248
-1444
-1640
-1627
-1530
-1451
-1244
-1110
-1056
-1183
-1088
-963
-962
-871
-1103
-1171
-980
-832
-808
-963
-961
-771
-583
-543
-705
-770
-639
-447
-441
-487
-493
-508
-207
-92
-155
-113
-96
-83
-112
-99
57
206
175
109
378
332
349
297
480
709
440
595
672
724
834
918
714
748
792
811
787
962
1238
1172
1294
1372
1350
1252
1273
1427
1574
1500
1453
1534
1425
1390
1489
1402
1542
1365
1283
1220
1125
1117
1051
1151
969
978
1044
882
899
902
873
819
829
832
731
649
532
514
540
494
213
124
61
-119
-192
-345
-272
-363
-508
-600
-601
-607
-616
-597
-666
-802
-822
-842
-798
-810
-1016
-1079
-1033
-988
-1036
-971
-961
-926
-692
-503
-412
-456
-431
-326
-294
-224
-293
-243
-131
-132
-67
-44
-163
-66
18
84
-39
15
103
56
178
189
96
190
465
520
428
303
448
504
398
391
486
520
496
669
760
723
751
754
731
751
818
902
974
1048
1110
1192
1065
1001
1069
1045
1089
1015
932
938
984
970
858
736
784
687
457
552
722
613
422
409
315
258
157
100
117
148
173
4
-148
-160
-164
-130
-162
-403
-247
-259
-293
-198
-365
-334
-590
-593
-557
-679
-599
-751
-678
-878
-883
-886
-915
-946
-940
-905
-994
-933
-818
-794
-856
-856
-786
-643
-714
-681
-729
-729
-662
-653
-503
-484
-456
-388
-297
-212
-172
-199
-106
-101
-151
-29
191
356
300
168
248
466
401
291
327
458
512
511
490
518
532
580
583
532
627
582
697
509
558
512
480
575
656
659
581
465
355
483
492
455
540
433
549
546
424
555
461
438
361
408
321
122
159
290
110
-20
-98
-65
-13
-122
-290
-440
-370
-202
-197
-122
-251
-351
-431
-480
-373
-618
-616
-663
-567
-638
-617
-755
-688
-678
-894
-642
-661
-649
-794
-783
-728
-730
-682
-508
-646
-743
-513
-616
-647
-628
-711
-561
-508
-471
-377
-640
-634
-353
-380
-357
-348
-292
-174
-32
-92
-99
-140
60
363
177
111
151
96
215
244
354
509
343
503
526
523
498
594
579
671
488
569
805
761
817
920
771
699
731
729
775
824
862
967
1066
1000
954
928
871
940
943
783
827
820
833
887
897
1008
945
945
985
954
736
630
724
885
791
520
499
592
589
414
480
504
357
280
352
320
315
312
449
359
-6
52
42
-2
-99
-204
-112
-126
-202
-124
-147
-169
-271
-361
-324
-224
-182
-251
-231
-311
-336
-226
-108
-238
-353
-380
-292
-268
-315
-380
-396
-352
-331
-172
-314
-203
-312
-114
-47
-11
152
222
203
218
287
196
125
110
210
278
329
388
365
279
303
379
437
364
408
408
387
330
271
319
294
303
259
185
198
234
214
142
148
145
247
309
225
332
353
438
413
366
372
506
362
225
220
181
331
289
146
87
107
91
72
-17
-192
-95
-52
-128
-56
15
-203
-263
-199
-208
-102
-234
-214
-321
-407
-515
-439
-173
-189
-386
-337
-266
-178
-201
-288
-255
-208
-314
-323
-324
-227
-175
-181
-172
-240
-243
-277
-279
-316
-370
-392
-407
-240
-349
-299
-429
-424
-296
-196
-57
-231
-93
-32
67
83
72
191
135
296
374
336
363
335
449
344
485
419
486
526
387
415
425
520
454
397
406
235
112
183
129
28
142
169
164
167
106
140
47
49
74
22
-76
-167
-149
-276
-369
-364
-336
-365
-329
-422
-393
-215
-178
-3
-6
50
85
71
-29
-14
14
87
50
59
240
56
-44
-94
-51
-159
-263
-139
-154
-139
-223
-311
-87
-190
-270
-376
-403
-352
-393
-233
-238
-286
-199
-139
-235
-250
-272
-275
-131
-316
-335
-224
-262
-108
-168
-161
-178
-355
-201
-247
-258
-101
-200
-284
-285
-46
-27
-82
-24
-29
-67
-34
67
61
80
270
349
195
259
337
444
476
390
478
410
473
582
490
622
634
501
467
359
332
453
494
340
367
448
370
399
381
493
551
526
461
572
748
618
417
304
448
735
486
197
235
239
315
162
184
196
95
21
67
112
126
183
127
107
6
-73
45
5
61
146
-19
-66
89
86
84
117
50
20
47
99
-24
65
30
-42
76
61
129
114
9
19
5
-72
-119
-126
-151
-32
-107
-219
-102
-208
-380
-352
-276
-169
16
-142
-286
-171
-195
-186
-222
-326
-283
-185
-100
20
3
-7
-81
-66
-46
3
50
122
124
147
90
46
198
285
292
206
217
195
151
197
182
87
66
39
-32
-14
-10
150
116
47
87
41
100
-67
221
68
198
136
-120
-41
-122
-99
25
84
59
125
101
39
66
199
73
129
97
130
-55
-48
-109
-224
-102
-214
-156
-71
-152
-280
-183
-155
-243
-188
-167
-155
-149
14
-184
-174
-168
-175
-90
-260
-52
-118
-110
-123
-126
-15
31
-63
20
49
70
36
28
229
324
231
162
183
295
199
-19
18
179
77
62
5
50
63
133
71
-42
37
13
40
-8
76
3
81
28
41
139
23
-260
-240
-74
-78
-115
-66
25
-42
8
-110
39
11
-151
-26
-75
-325
-234
-204
-227
-341
-320
-380
-626
-391
-357
-500
-452
-276
-378
-353
-246
-189
-245
-234
-157
29
-112
-211
-79
33
21
-116
-210
-93
-22
-255
-49
101
-40
-62
93
136
155
108
169
131
240
385
296
206
152
273
161
163
169
97
78
46
39
70
-1
106
234
-11
160
222
88
96
130
265
181
84
139
357
437
250
133
239
309
257
202
236
279
330
230
335
399
364
393
424
553
461
486
573
377
349
406
419
389
178
392
492
317
346
302
311
281
255
364
262
391
386
436
496
534
422
391
299
285
366
533
491
279
207
329
314
186
247
216
305
333
293
300
268
258
435
226
202
204
117
148
189
245
151
67
97
74
35
190
139
143
215
190
19
91
188
204
68
249
189
137
227
19
93
61
-48
-7
44
-27
41
181
92
-24
-121
-133
37
112
83
77
156
-3
66
1
-141
-134
-98
-65
-44
86
132
64
93
177
118
126
149
220
437
279
115
92
66
103
142
44
-82
97
185
90
103
71
57
-37
19
72
-25
-36
113
194
175
93
-26
44
117
112
142
200
67
101
-62
-2
28
-6
-145
-371
-152
-13
-158
-247
-155
-304
-223
-159
-238
-204
-158
-94
-7
-63
28
-93
-71
-124
-165
-82
-164
-224
-139
-175
-120
-69
77
-106
-178
91
138
18
63
142
272
-237
-751
322
-2
-695
-1
428
-129
-181
195
251
33
202
437
201
317
281
167
44
221
331
204
191
227
172
219
155
46
223
126
121
214
218
113
16
68
70
46
67
-64
-277
-212
-71
-172
-254
-170
-55
-48
-81
-92
-139
-180
-140
65
65
-184
-160
-116
-304
-278
-246
-147
-234
-193
-248
-346
-158
-47
215
220
197
58
30
50
-48
-20
58
87
-35
-48
-69
-300
-256
-63
-222
-165
-92
-80
-266
-303
-334
-232
-309
-422
-370
-355
-161
-175
-187
-149
-230
-226
-158
-28
-117
-91
53
0
113
58
155
92
123
205
12
109
43
232
247
319
387
11
58
273
335
147
113
100
38
120
143
160
77
107
73
183
233
165
164
169
317
306
418
408
325
296
332
397
292
311
266
292
181
128
172
212
148
151
288
359
241
374
436
428
498
470
557
283
228
571
678
534
320
253
435
320
221
362
375
254
333
439
458
411
515
419
382
370
197
238
259
316
290
256
96
240
254
23
130
267
139
-46
-65
-36
67
-10
-53
33
-17
-2
-36
-42
-184
-249
-198
-183
-109
-212
-185
-57
27
2
-98
-70
-127
8
80
128
241
149
190
246
165
127
81
197
331
330
359
225
222
295
190
292
259
186
232
186
255
266
128
52
128
161
136
126
120
76
64
71
99
128
142
70
166
212
177
106
155
136
12
6
86
122
141
131
57
3
48
128
108
235
150
146
-15
44
147
47
123
60
119
28
-14
-46
-1
38
-142
-29
-12
-32
-26
-40
-152
-176
-119
-81
-111
-89
-111
-171
-150
-206
-170
-241
-177
-178
-195
-226
-180
-236
-300
-279
-211
-176
-315
-228
-146
-239
-335
-250
-132
-5
-106
-179
-64
179
113
-21
-53
50
2
16
66
-2
54
107
89
56
179
64
-80
0
-17
69
58
-107
73
35
-22
-128
-361
-265
-150
-170
-159
-201
-26
91
-86
-99
-53
-29
-141
-176
-60
-225
-302
-110
-288
-317
-336
-310
-354
-257
-377
-430
-76
-210
-32
123
28
24
-51
-64
-13
33
37
14
-20
-97
-109
-160
-81
-220
-303
-108
-136
-194
-151
-115
-261
-40
-5
-38
-197
-94
-61
2
-17
8
238
108
127
64
82
123
65
98
-1
-62
121
-6
97
105
40
-79
13
217
228
173
149
137
180
117
170
250
70
151
251
259
208
313
156
300
549
417
467
581
531
423
512
451
411
434
335
270
309
216
249
373
312
157
184
166
115
29
80
41
-5
53
240
239
257
227
264
313
213
274
120
328
490
422
300
320
367
361
312
377
506
476
551
528
604
554
555
606
613
661
621
656
496
558
487
454
382
333
481
431
352
338
340
296
250
273
198
235
305
299
367
270
320
253
120
83
-109
-88
-91
-163
5
-93
-116
-38
-130
-162
-145
-85
-68
-1
-14
-60
-116
-95
-88
-131
-153
-92
-82
-85
29
32
-93
-67
-11
-64
26
30
174
122
-67
-12
63
-49
49
-15
106
0
-9
-90
-140
37
-66
-30
-44
-50
-66
-93
-98
57
11
-96
-190
-94
-184
-18
56
-65
3
-134
-71
-153
-65
-54
-127
-65
-102
-114
-14
-97
-203
-18
-10
17
62
38
104
6
79
175
202
220
143
259
193
147
172
178
124
143
156
62
183
237
143
135
147
178
59
91
51
149
181
22
14
-151
-94
-124
-33
-205
-339
-246
-71
2
-231
-181
-191
16
-34
-223
-84
-148
-161
-81
-72
-59
-114
-214
-200
-168
-76
-107
-163
-120
-111
50
24
127
26
80
-12
-286
-204
-121
-99
-201
-146
-238
-143
-212
-158
-159
-163
-245
-414
-345
-436
-439
-418
-405
-414
-588
-425
-311
-415
-528
-567
-387
-259
-128
-297
-134
-143
-267
-375
-282
-131
-194
-38
-109
-116
-100
-124
-63
-206
-325
-312
-266
-49
-236
-114
-187
-398
-133
-159
-120
-146
116
202
160
141
268
347
373
415
306
383
336
371
453
382
365
378
356
378
328
380
379
362
324
292
100
178
141
36
115
64
137
78
-17
-54
5
-52
61
100
-61
-41
-28
26
39
24
118
124
-53
14
100
29
93
159
216
250
207
222
146
142
264
254
226
233
345
306
255
327
395
372
516
570
580
429
369
442
451
521
134
172
255
242
275
155
216
287
198
225
318
271
279
220
214
172
231
252
186
277
184
232
268
262
283
270
257
238
322
352
234
273
302
135
55
202
95
-52
80
170
63
71
58
-37
40
51
-68
22
141
56
49
-164
-206
47
-27
52
117
27
51
93
-32
-36
-94
-206
-44
-119
-98
-102
-293
-91
-144
-120
-67
-102
-164
-143
-217
-179
-169
-230
-210
-147
-177
-145
-129
-257
-90
-160
-84
-191
-190
-170
-259
-195
-178
-99
-178
-53
-109
-72
8
-76
-82
8
22
17
51
-89
-27
-84
-31
-149
-258
-112
-26
81
86
34
-104
78
-130
-213
-146
-128
-186
-237
-256
-117
-45
-96
-107
-137
-94
-160
-141
-106
-110
-173
-103
-84
-171
-38
-110
-54
-70
-16
-4
-124
-84
-109
49
-58
-60
12
16
176
-44
-122
122
155
117
79
51
84
220
167
43
141
123
100
98
-37
89
69
43
14
-56
1
-132
-69
-66
-196
-94
-90
-80
-164
-147
-255
-331
-203
-384
-423
-403
-377
-324
-349
-355
-248
-328
-284
-356
-344
-305
-425
-421
-593
-463
-390
-446
-325
-409
-489
-566
-435
-152
-295
-200
-100
-117
-103
-118
-237
-266
-293
-244
-172
-184
-197
-280
-396
-336
-379
-492
-448
-351
-349
-359
-314
-233
-135
-212
-276
-337
-174
-56
-102
-80
-12
50
-56
-43
45
12
-45
168
153
110
109
-57
86
52
134
142
73
54
0
90
33
-36
-73
18
-22
15
110
-34
-107
-102
3
-41
165
20
95
119
66
219
285
407
277
165
264
248
20
80
114
186
97
161
68
82
89
66
13
-129
47
154
126
111
150
183
197
205
207
285
329
408
288
135
424
688
427
263
197
292
378
291
206
419
438
341
399
490
657
725
694
672
691
596
546
526
390
381
469
213
226
189
177
218
240
177
166
117
132
192
56
248
147
54
185
93
11
23
73
142
26
-85
-125
-95
-7
24
26
54
-8
-53
-71
66
93
-3
22
11
59
47
-56
-74
-198
-6
105
-32
-12
-30
21
5
161
128
131
110
141
131
-8
-25
16
-9
-35
73
-68
-71
6
-151
-103
-83
-191
-28
-139
-52
126
-21
-2
50
56
162
112
249
133
11
87
75
-28
-144
-43
-127
20
-71
12
-60
-104
40
97
102
7
297
166
211
251
197
171
61
185
205
167
138
252
192
94
98
101
75
40
172
180
171
167
270
238
238
200
85
118
129
67
84
-5
86
84
10
48
-4
9
-132
-128
8
163
10
-115
-51
125
13
-77
-110
-244
-55
28
-95
-101
-120
-44
-98
-107
1
-157
-213
-121
-172
-91
-63
-23
-58
-60
29
-210
-260
-167
-184
-155
-129
-216
-73
-8
72
18
-56
-59
-103
-173
-61
-209
-215
-83
-240
-134
-277
-220
-273
-339
-289
-288
-132
-37
66
112
160
147
45
-19
2
135
13
44
106
30
73
-41
154
-30
-69
70
-3
6
-12
-149
-74
129
-118
-52
63
-20
52
110
145
114
267
172
265
286
246
247
223
144
133
97
247
280
26
242
86
-65
77
105
-69
-94
-16
3
141
27
79
164
30
-22
-94
-49
-48
1
-99
2
123
-101
-106
-17
-17
-92
-60
-62
-104
-43
-185
-54
-106
-117
-10
19
-24
5
126
-654
-1446
-604
237
-338
-724
-233
167
51
5
127
305
82
-80
200
249
26
179
434
108
110
175
96
-155
-153
128
140
247
114
182
85
149
394
236
167
278
582
307
-42
212
456
152
74
206
220
72
-140
55
147
-99
-116
45
14
-93
101
-33
-361
-110
-21
-274
-328
-184
-188
-75
-161
-189
-80
-383
-317
-158
-293
-344
-61
90
-139
-29
142
23
-265
-259
-226
-213
-254
-268
-313
-87
-85
-356
-185
-121
-120
-286
-495
-89
60
-308
-496
-270
79
-230
-305
18
-199
-354
-337
-390
-310
-237
-256
-341
-329
-312
-460
-433
-448
-643
-317
-105
-225
-261
-200
-431
-333
-293
-413
-444
-200
-75
-237
-138
-110
-286
-319
-102
-246
-409
-111
-124
-513
-376
11
7
-527
-468
211
186
-349
-329
366
158
-286
-64
117
130
-183
-45
123
5
-128
189
98
-240
-91
134
-70
-161
174
259
-124
-295
65
82
-150
-428
53
15
-236
-84
-157
-171
-312
-138
-105
-102
-63
-57
-215
-334
-78
-28
-498
-284
81
-195
-479
-391
-206
-360
-228
-246
-256
-163
-211
-336
-313
-48
-332
-531
-408
-316
-610
-400
-227
-330
-447
-305
-507
-964
-522
-440
-693
-693
-310
-281
-559
-661
-503
-434
-432
-374
-355
-409
-451
-175
-29
-141
-108
86
121
-151
-69
4
-164
-138
-12
-4
-113
-295
-322
-44
-405
-454
34
-127
-334
6
136
-21
-158
-334
-296
-219
74
366
365
264
37
295
346
175
259
422
574
332
431
472
321
261
529
449
283
507
512
329
297
301
147
210
171
352
236
212
167
122
-169
156
473
313
-47
-117
398
254
-170
121
494
233
274
259
320
47
-94
275
388
173
-128
336
434
-9
313
677
442
197
339
342
273
394
593
433
556
806
566
515
785
650
396
381
801
826
467
455
441
326
634
598
591
564
477
355
380
622
464
749
700
435
337
403
450
325
328
385
477
257
55
506
515
156
238
419
224
85
215
196
167
172
276
201
227
381
253
166
263
490
449
248
411
47
-123
193
279
316
183
-22
221
469
233
251
196
116
197
228
20
54
186
-173
-19
339
343
301
170
200
301
251
164
127
139
274
109
-207
-174
-179
-180
-168
-6
-55
-105
-311
-272
54
105
-312
-232
-33
-103
95
-85
-202
-25
-57
53
22
-183
-235
-54
-52
-314
40
-31
-174
-66
4
-143
-74
-24
26
-114
-315
-325
-215
-219
-272
247
283
-60
-248
-13
93
-43
10
234
9
48
317
271
267
-2
108
266
258
63
215
217
315
263
130
81
151
337
77
-23
54
98
109
86
91
-72
59
21
127
234
324
124
108
322
157
135
5
-34
130
165
204
110
-36
11
65
-34
-54
127
59
-139
-120
-8
45
-7
-240
-67
-48
-246
-289
-322
-268
-444
-346
-11
76
-31
-71
-115
-232
-147
-335
-498
-341
-57
-15
-386
-372
-446
-244
-196
-150
-127
-167
-36
-67
114
-72
-26
-52
11
-179
-42
56
-159
-24
4
-113
-283
-429
-202
-179
-286
-100
-148
-184
-249
-286
-142
-110
-147
-34
-17
-142
78
189
137
38
136
223
233
108
248
280
176
323
212
115
385
340
97
127
161
111
139
206
393
463
231
35
383
511
277
228
394
437
221
72
-23
8
205
152
14
35
322
285
-24
19
189
363
122
9
242
414
91
-148
206
230
106
-47
-67
84
321
75
-212
-169
45
120
-43
63
312
321
391
306
373
226
104
197
463
673
358
197
101
276
218
7
3
274
423
269
293
367
343
305
166
157
380
320
398
262
155
318
400
22
8
387
320
94
26
304
407
-17
-105
214
234
11
-169
53
86
-107
48
-26
-101
-116
-305
-214
-26
-28
-100
-50
-29
80
-15
-224
-172
51
199
93
71
209
64
-119
-69
148
86
18
138
188
122
91
38
-50
-164
-68
175
98
-134
-188
-109
-39
-182
-189
-89
-106
-58
89
-140
-259
-173
-229
-245
-454
-231
-165
-428
-240
-108
-74
-246
-413
-215
-100
-242
-382
-290
-94
-292
-257
-181
-39
4
-81
24
20
75
-45
-174
5
180
75
37
-68
-102
-277
-332
-145
92
176
10
41
113
79
-216
-170
9
-66
45
-33
-115
94
-31
-165
-246
-76
63
39
-161
-198
-15
-92
-356
-346
-12
104
-132
-142
-94
-60
-15
-83
10
74
167
212
-9
-188
-207
-120
0
-148
115
199
-34
-206
-21
18
-25
122
199
47
-29
24
100
144
14
106
68
-229
-346
-210
-175
-271
-165
-13
-85
-156
-93
-162
-312
-288
-29
-170
-299
-287
-65
-340
-430
-264
-599
-514
