-1
-76
-175
-98
-74
-185
26
-39
-136
11
-13
-30
-123
-110
-85
-133
-132
-189
-161
-39
-88
20
23
14
145
10
-35
-92
-52
-19
-16
84
122
47
91
67
108
78
123
199
154
80
-41
-71
17
3
35
35
-135
-11
-9
-60
-11
26
10
66
57
-29
17
52
-32
-34
2
-16
-53
109
-46
-156
-92
-283
-183
-158
-298
-259
-170
-136
-192
-281
-216
-257
-326
-211
-311
-325
-341
-367
-471
-478
-396
-525
-541
-417
-489
-475
-347
-346
-179
-209
-250
-22
-45
-151
-196
-231
-293
-221
-255
-244
-425
-326
-173
-274
-295
-551
-152
-118
-287
-284
-331
-241
-273
-337
-341
-390
-264
-53
-79
63
-74
-128
-90
-40
-153
-70
-152
-241
-143
-223
-98
-104
-51
-87
-208
-198
-294
-318
-31
-9
-26
-138
-255
-17
-236
-52
63
-63
-194
-179
115
120
68
37
-45
-89
47
27
98
163
18
95
7
28
120
91
128
49
13
144
234
93
9
7
14
16
47
-17
54
61
67
51
6
52
288
241
201
121
109
95
226
402
216
107
90
177
187
134
165
95
135
19
77
209
86
156
237
196
53
48
28
115
90
92
12
-30
6
-63
79
-24
-78
-37
-96
-40
-84
-168
-6
-17
-153
-16
-97
-48
-213
-202
-108
-227
-223
-214
-205
-91
-213
-129
-122
-135
-285
-223
-66
-178
-56
-166
-200
-169
-146
-255
-237
-337
-338
-242
-258
-190
-181
-146
-235
-292
-178
-240
-204
-207
-181
-113
-138
-144
-214
-242
-240
-255
-223
-215
-217
-164
-93
-107
-132
-110
-42
-82
-79
32
-15
-33
-30
-80
-100
35
-56
-189
-26
66
-1
-216
-31
-55
-223
-105
-174
-155
-108
-111
-171
-182
-275
-219
-242
-43
-69
32
20
-90
-68
-216
-208
-128
-61
-86
-105
-20
5
38
-21
-107
9
25
96
22
23
46
25
80
33
30
58
1
-65
-187
-108
28
87
41
23
-88
-108
58
111
73
-89
-70
10
-40
-53
-214
-77
-4
-130
-188
-216
-31
-43
-37
-53
-176
-60
2
-171
-70
-179
-79
-176
-240
-155
-168
-268
-425
-377
-196
-352
-243
-221
-114
-51
-201
-83
-205
-254
-193
-119
-247
-334
-393
-540
-570
-522
-639
-497
-456
-616
-443
-484
-281
-301
-226
-135
-223
-192
-309
-284
-178
-133
-27
-115
-225
-238
-366
-303
-219
-627
-562
-289
-401
-278
-340
-356
-313
-215
-29
-280
-244
-183
-179
-104
-70
56
130
-41
-23
-27
-18
0
8
24
-65
-56
-121
184
197
-27
22
-82
-5
165
210
66
-22
-181
-133
54
-90
28
38
-109
-24
23
4
113
221
98
143
68
173
278
306
309
197
276
138
187
214
245
260
220
239
203
203
180
212
191
225
154
201
284
136
128
277
271
352
316
358
433
322
214
198
463
443
253
168
323
317
214
164
181
308
125
104
230
288
355
309
324
224
208
297
214
213
175
66
125
95
89
119
330
316
81
132
116
148
91
5
44
111
74
46
123
147
109
18
-111
-82
-39
15
5
49
-94
11
-138
-306
-164
-223
-129
-86
-23
-60
-89
-39
-99
-161
-179
-22
1
-5
14
-196
-119
-28
-117
-163
-135
-108
-31
24
31
84
-2
-89
-1
102
31
-7
70
-8
49
127
51
94
37
12
74
108
116
109
187
168
187
60
133
140
4
125
126
-27
5
-138
-51
-75
-69
-64
-189
164
53
116
103
-43
226
113
-21
67
9
-40
83
158
221
190
143
158
204
190
67
-16
26
134
158
106
240
286
152
215
187
135
226
239
105
157
223
202
339
242
258
247
230
114
-40
66
228
277
227
191
288
293
257
287
246
203
174
277
184
231
262
158
281
211
86
163
274
203
254
236
280
197
221
359
324
204
53
205
204
166
59
30
202
209
119
105
44
58
15
-27
80
23
12
32
-108
-116
-187
-219
-249
-156
-111
-297
-130
60
-45
67
79
-7
24
-85
72
109
29
36
57
-62
-219
-73
-233
-220
-372
-292
-112
-121
-136
-296
-68
-17
16
9
-67
-137
-30
124
141
175
210
172
219
303
230
308
404
333
194
315
230
240
282
218
224
251
149
172
367
121
17
164
36
202
178
138
340
285
206
72
119
121
134
160
168
309
318
261
347
442
469
470
400
438
462
453
492
610
482
349
463
355
363
293
294
313
338
321
241
333
389
373
419
535
520
520
533
398
415
541
734
487
275
426
450
401
269
378
433
284
299
281
364
451
358
513
462
402
528
364
483
386
236
405
318
259
263
314
331
434
259
295
327
243
367
222
288
256
255
251
157
203
137
185
153
154
23
-59
24
27
86
144
34
-18
-117
-17
133
142
179
104
119
143
69
15
-18
46
123
157
104
81
107
-58
70
130
41
182
182
239
238
160
174
66
146
167
141
166
125
120
95
175
129
97
196
62
99
79
116
75
19
39
-19
-33
98
-20
-47
-10
24
4
-29
59
-57
-88
-28
-9
-191
-78
33
-41
-43
120
169
49
48
10
81
212
106
-1
201
113
259
190
109
144
146
125
106
112
118
99
105
259
184
-17
-55
-5
7
12
32
168
147
228
222
189
220
313
304
131
43
58
247
141
94
240
225
297
263
212
236
35
188
238
149
164
169
237
152
151
112
130
139
168
153
92
85
112
114
75
31
-6
-138
-47
-89
-176
-84
-26
98
-70
-159
-2
-42
-121
-180
-286
-141
-138
-283
-213
-198
-253
-259
-286
-266
-311
-202
-222
-121
23
-55
-14
50
-17
-74
-230
-143
-106
-77
-77
-227
-28
-191
-328
-144
-317
-376
-166
-30
-7
-146
-36
-24
180
123
-2
41
97
146
167
237
167
243
232
319
364
185
177
217
159
200
413
536
548
485
476
483
312
318
484
463
297
232
312
314
460
296
337
269
115
163
118
176
250
161
82
112
202
214
303
186
144
287
267
160
309
301
147
269
99
-37
-41
-8
9
-84
-75
-177
-108
-52
-53
-88
-15
66
37
166
138
38
12
-61
-157
-157
28
121
-14
-159
-152
-32
-179
-161
-143
-103
90
-32
-35
22
57
41
66
106
66
18
128
140
149
106
81
177
70
177
253
359
317
324
431
588
558
540
562
579
657
568
681
739
751
642
613
684
624
659
713
685
787
683
655
600
405
433
594
623
608
550
480
396
276
259
59
15
38
-38
10
-92
-138
-188
-323
-317
-361
-277
-338
-403
-465
-417
-465
-531
-593
-585
-537
-459
-341
-423
-444
-387
-359
-320
-361
-417
-392
-315
-363
-324
-346
-429
-407
-479
-477
-498
-380
-497
-449
-497
-512
-501
-641
-601
-605
-561
-644
-545
-574
-536
-482
-388
-260
-481
-411
-285
-263
-283
-437
-187
-126
-201
-34
-44
-35
28
102
161
280
247
309
253
421
677
717
712
862
1054
1092
1031
962
973
1094
1248
1107
1137
1108
1218
1243
1153
1227
1124
1203
1193
1250
1192
1305
1195
1112
1084
1018
770
323
328
349
257
112
-57
-266
-288
-419
-499
-582
-678
-657
-679
-758
-854
-829
-806
-906
-802
-913
-1010
-826
-864
-725
-575
-570
-594
-440
-360
-384
-194
-222
-374
-467
-561
-599
-763
-714
-848
-814
-886
-1088
-1019
-1025
-1169
-1243
-1122
-1158
-1098
-1155
-1237
-1368
-1448
-1583
-1589
-1494
-1578
-1623
-1672
-1536
-1435
-1472
-1400
-1565
-1500
-1291
-1051
-1081
-944
-869
-808
-700
-672
-584
-449
-258
-92
26
162
318
491
514
562
695
781
981
907
993
963
1058
1052
1178
1276
1252
1327
1292
1574
1617
1614
1650
1603
1575
1907
1942
1762
1750
1504
1768
1733
1695
1494
1288
1008
827
747
667
552
397
223
102
-123
-230
-309
-620
-623
-637
-670
-772
-720
-776
-714
-638
-522
-469
-498
-318
-60
34
27
101
281
450
424
472
516
597
585
441
256
437
592
332
-61
-77
22
-199
-281
-434
-490
-442
-715
-690
-817
-891
-727
-838
-819
-960
-807
-894
-1004
-853
-871
-777
-875
-872
-887
-777
-712
-816
-837
-755
-677
-840
-747
-851
-868
-749
-739
-710
-648
-815
-765
-678
-582
-328
-266
-288
-302
-180
-123
86
83
168
306
474
746
791
766
838
908
921
995
1047
1036
1066
1228
1364
1438
1390
1565
1699
1760
1677
1573
1629
1715
1822
1859
1807
1659
1661
1661
1674
1544
1243
907
615
609
570
368
65
-182
-433
-550
-677
-768
-997
-1085
-1052
-1069
-1176
-1261
-1144
-1113
-867
-885
-804
-774
-619
-481
-140
-169
-416
-273
-8
57
66
20
2
78
70
-55
-301
-4
-280
-442
-523
-458
-541
-636
-732
-833
-868
-992
-990
-1058
-1094
-1133
-1123
-1229
-1001
-932
-1140
-1115
-1109
-1069
-1065
-1097
-1072
-1016
-976
-938
-1003
-1024
-1014
-1143
-1109
-1058
-806
-795
-738
-907
-835
-546
-531
-422
-420
-326
-111
-55
73
179
178
433
565
818
882
782
874
1042
1314
1327
1283
1253
1372
1416
1526
1517
1269
1325
1435
1625
1555
1691
1847
1724
1753
1794
1922
1842
1706
1767
1598
1743
1647
1275
1168
625
464
618
470
255
-289
-465
-248
-338
-743
-978
-1023
-1108
-1289
-1361
-1440
-1471
-1426
-1294
-1238
-1179
-1052
-1074
-1075
-684
-548
-457
-166
-112
47
-2
88
300
240
243
110
127
205
309
229
-18
53
103
-104
-285
-406
-360
-434
-591
-657
-883
-885
-865
-1152
-1028
-1048
-954
-1236
-1127
-935
-611
-915
-1080
-887
-769
-639
-982
-966
-1033
-1110
-1155
-1012
-814
-699
-686
-790
-673
-551
-354
-347
-208
-21
23
38
-43
103
317
259
423
656
753
673
559
765
882
946
897
940
1132
1235
1240
1388
1463
1692
1784
1792
1873
1890
1968
2062
2061
2339
2402
2151
2128
2256
2406
2407
2301
2188
2330
2364
2236
2004
1436
1079
1174
1388
993
238
-48
19
-217
-647
-860
-838
-909
-1073
-1158
-1266
-1246
-1243
-1298
-1311
-1075
-850
-925
-1022
-722
-200
-56
-15
100
235
280
154
303
279
208
209
302
10
-57
187
-27
-388
-519
-244
-444
-619
-765
-830
-980
-1226
-1327
-1278
-1271
-1317
-1358
-1440
-1456
-1547
-1461
-1459
-1435
-1321
-1329
-1481
-1680
-1462
-1159
-1183
-1187
-1186
-1168
-1071
-922
-805
-863
-862
-820
-614
-665
-572
-483
-533
-478
-163
-5
-87
-131
135
349
427
519
486
736
754
885
965
871
923
1129
1259
1299
1438
1369
1417
1600
1687
1710
1759
1760
1750
1820
1846
1879
1955
2108
2099
2224
2310
2246
2271
2164
2268
2300
1731
1091
936
1242
1267
788
40
-134
-182
-551
-669
-732
-918
-1054
-1218
-1387
-1456
-1510
-1414
-1305
-1188
-1065
-1001
-942
-668
-424
-146
-128
-54
115
285
441
422
551
642
515
519
398
347
283
227
78
-105
-282
-347
-580
-712
-833
-944
-1152
-1260
-1348
-1349
-1506
-1771
-1654
-1632
-1775
-1863
-1856
-1885
-1843
-1925
-1804
-1646
-1636
-1680
-1661
-1696
-1589
-1419
-1338
-1532
-1480
-1358
-1250
-984
-1100
-1035
-818
-625
-467
-552
-361
-255
-115
-197
-67
-24
20
283
305
503
521
527
511
724
918
762
925
1146
1041
1105
1363
1388
1280
1312
1607
1559
1827
1941
1947
1964
2015
2295
2349
2489
2425
2538
2693
2614
2738
2707
2346
1425
824
1209
1851
1389
304
-224
-26
-110
-668
-912
-872
-1096
-1288
-1373
-1647
-1900
-1776
-1613
-1313
-1129
-878
-665
-1042
-519
34
181
49
288
599
711
881
938
933
749
793
774
740
708
418
220
100
238
-77
-625
-772
-742
-679
-887
-1121
-1254
-1279
-1229
-1193
-1311
-1439
-1468
-1741
-1578
-1304
-1175
-1429
-1501
-1104
-1065
-1139
-1183
-1119
-910
-795
-695
-736
-560
-500
-367
-303
-307
-227
-235
-296
-62
45
-81
-174
-142
31
208
222
385
524
482
648
620
848
919
1022
1070
1209
1539
1444
1532
1367
1506
1645
1697
1687
1782
1917
1913
2124
2163
2144
2195
2321
2331
2405
2623
2822
2832
2763
2727
2795
2541
1652
941
889
1344
1519
666
-197
-359
-510
-912
-1174
-1290
-1534
-1711
-1694
-1701
-1891
-1870
-1830
-1720
-1402
-1010
-1028
-1290
-1130
-542
-2
-152
-90
136
303
443
549
643
640
530
515
450
429
422
70
-143
-328
-279
-496
-799
-982
-1041
-1105
-1357
-1646
-1810
-1650
-1748
-1615
-1651
-1984
-2065
-2313
-2260
-2022
-1644
-1671
-1735
-1840
-1703
-1398
-1325
-1281
-1249
-1024
-871
-917
-1037
-1037
-901
-734
-630
-558
-437
-560
-507
-318
-158
-81
36
5
90
345
341
390
569
734
816
874
1119
1328
1486
1411
1472
1686
1835
2065
2086
2054
2016
2199
2269
2310
2432
2587
2642
2698
2701
2694
2777
2933
3163
3384
3429
3187
3119
3010
2290
1159
875
1584
1910
1034
-279
-638
-652
-786
-1039
-1070
-1370
-1595
-1729
-1997
-2327
-2456
-2187
-1951
-1927
-1521
-1332
-1764
-1583
-954
-279
-275
-449
-162
202
484
589
816
633
684
568
337
306
257
271
0
-294
-337
-511
-859
-1093
-1384
-1400
-1584
-1622
-1789
-1844
-1830
-1811
-1801
-2029
-1997
-2056
-1920
-1778
-1469
-1447
-1594
-1751
-1622
-1306
-1260
-1142
-1155
-1101
-890
-1080
-1056
-972
-710
-871
-741
-752
-731
-677
-823
-490
-417
-382
-283
-215
12
108
99
317
233
412
561
773
704
1025
1192
1059
1260
1388
1603
1756
1909
1883
1903
2157
2256
2219
2269
2263
2362
2490
2645
2694
2667
2714
2839
3025
3291
3396
3249
3210
3213
2835
1971
1285
1765
2228
2285
944
-193
-414
-148
-335
-915
-1086
-1357
-1421
-1765
-1884
-1890
-1899
-1811
-1510
-948
-702
-952
-1095
-768
-41
337
266
137
292
595
892
883
879
787
783
904
859
706
528
237
-139
-86
-81
-223
-547
-745
-822
-876
-1158
-1411
-1556
-1480
-1505
-1568
-1659
-1891
-1890
-1875
-1838
-1700
-1546
-1848
-1923
-1645
-1327
-1203
-1232
-1318
-1235
-1171
-1219
-1299
-1329
-1186
-1016
-959
-908
-935
-1037
-980
-773
-734
-717
-492
-544
-495
-362
-320
-328
-332
-20
231
402
514
543
677
797
727
1004
1347
1485
1404
1660
1803
1847
1913
1661
1900
2130
2159
1942
1902
2407
2472
2392
2328
2455
2684
2744
2755
2965
3006
2930
2703
1968
1207
1036
1560
1688
1073
155
-297
-761
-939
-822
-963
-1294
-1607
-1703
-1892
-2142
-2280
-2109
-2042
-1721
-1504
-1192
-1207
-1436
-1138
-506
-53
-123
-179
8
284
559
620
554
490
620
613
490
488
312
-18
-296
-104
-112
-233
-580
-927
-843
-1004
-1276
-1433
-1653
-1478
-1360
-1543
-1683
-1803
-1761
-1772
-1550
-1534
-1308
-1483
-1708
-1615
-1475
-1298
-1356
-1406
-1369
-1056
-1218
-1428
-1540
-1514
-1435
-1205
-1031
-1132
-1137
-1207
-1111
-1077
-955
-878
-757
-682
-523
-249
-367
-358
-227
42
292
159
343
635
520
702
978
1072
1342
1427
1665
1732
1637
1632
1761
1932
2034
1991
2033
1869
1924
2212
2266
2171
2203
2708
2676
2803
2934
3062
3014
2807
2490
1609
986
1280
1963
1990
758
-325
-683
-649
-648
-1046
-1165
-1464
-1693
-1805
-2055
-2064
-1960
-1839
-1671
-1523
-1432
-1450
-1382
-1150
-713
-205
-276
-285
-77
171
616
713
689
575
623
548
728
783
659
613
343
40
-167
18
-170
-318
-500
-614
-763
-1092
-1159
-1081
-1033
-1265
-1379
-1617
-1660
-1582
-1515
-1456
-1301
-1329
-1574
-1665
-1592
-1232
-1097
-1169
-1260
-1002
-751
-890
-1214
-1207
-882
-594
-625
-896
-946
-804
-677
-630
-507
-363
-379
-334
-107
88
297
384
414
608
779
806
774
889
1126
1107
1140
1197
1520
1789
1636
1643
1814
2043
1976
1806
1905
2034
2126
2145
2086
2239
2434
2391
2452
2508
2621
2631
2651
3007
3194
3225
3066
2647
1960
1200
1124
1843
2204
1460
150
-491
-409
-385
-647
-1118
-1566
-1615
-1770
-2042
-2288
-2448
-2210
-1947
-1805
-1717
-1593
-1600
-1439
-1040
-528
-195
-361
-395
91
535
513
624
682
625
537
653
817
686
559
401
313
195
66
-102
-306
-486
-543
-698
-1188
-1477
-1398
-1246
-1316
-1606
-1744
-1888
-1832
-1793
-1827
-1674
-1592
-1593
-1715
-1642
-1583
-1548
-1471
-1529
-1332
-1160
-1385
-1515
-1269
-1120
-923
-875
-796
-722
-756
-557
-526
-430
-320
-302
-205
-93
72
201
311
491
453
631
729
773
884
1012
983
961
1164
1246
1293
1408
1394
1570
1693
1677
1549
1775
2201
2126
1885
1849
2190
2401
2530
2504
2468
2544
2709
2933
3218
3348
3395
3221
2759
1916
1110
1364
2236
2324
1145
-279
-558
-283
-374
-766
-1410
-1655
-1977
-2166
-2512
-2698
-2753
-2584
-2235
-2048
-1900
-1895
-2117
-1947
-1273
-587
-731
-1038
-759
-452
-75
79
143
88
304
229
418
550
359
351
56
-92
-85
-82
-516
-600
-695
-863
-1123
-1501
-1714
-1626
-1597
-1602
-1851
-2309
-2231
-2013
-1963
-2070
-1956
-1876
-1879
-2003
-2049
-2005
-1853
-1697
-1557
-1047
-1128
-1414
-1486
-1382
-1022
-1003
-995
-1053
-905
-716
-798
-761
-587
-574
-379
-385
-316
-137
43
158
235
270
565
748
572
796
980
1090
1196
1088
1202
1347
1402
1513
1680
1776
1825
1848
1940
2108
2236
2384
2459
2380
2364
2419
2687
2885
2724
2629
2992
3484
3680
3509
3372
2805
2108
1359
1371
1953
2263
1506
154
-531
-310
-241
-849
-1247
-1541
-1619
-1692
-1911
-2333
-2508
-2338
-1838
-1793
-1748
-1658
-1720
-1527
-1230
-464
-125
-288
-114
314
804
937
818
1056
1149
1068
929
1002
1162
998
651
322
288
294
7
-488
-582
-563
-812
-1217
-1382
-1263
-1427
-1575
-1720
-1959
-2038
-2156
-2220
-2244
-2009
-1942
-2021
-2113
-2048
-1835
-1739
-1694
-1635
-1421
-1237
-1213
-1294
-1230
-1036
-732
-837
-859
-805
-806
-667
-551
-456
-318
-270
-242
-146
-101
58
138
310
413
411
440
535
650
631
647
827
936
944
998
1142
1161
1249
1343
1371
1487
1454
1552
1782
1964
2008
1966
2198
2284
2678
2569
2378
2781
2794
3284
3404
3279
2575
1790
1405
1275
1678
1787
1191
220
-574
-795
-721
-1103
-1712
-1816
-2055
-2234
-2615
-2955
-3096
-2981
-2635
-2442
-2278
-2217
-2310
-2138
-1638
-1080
-806
-727
-661
-223
279
416
556
533
764
778
753
669
666
488
445
329
61
-38
-194
-400
-708
-628
-706
-1157
-1615
-1653
-1628
-1545
-1705
-2085
-2176
-2138
-2233
-2279
-2158
-1878
-1780
-1901
-1924
-1911
-1813
-1562
-1395
-1256
-1142
-1104
-1126
-937
-727
-767
-698
-888
-864
-729
-679
-670
-502
-376
-198
-211
-285
-138
57
304
148
138
260
474
572
616
642
730
642
805
888
907
952
1086
1506
1661
1614
1786
1888
1929
1902
2060
2051
2229
2389
2509
2671
2653
2776
2704
3259
3445
3338
3085
2342
1824
1450
1537
1759
1689
969
-41
-731
-748
-474
-869
-1349
-1694
-1855
-2186
-2342
-2570
-2603
-2488
-2267
-2144
-1978
-1837
-1831
-1646
-1230
-749
-489
-473
-437
42
587
720
748
801
787
996
1072
1088
865
767
584
352
120
100
-35
-486
-652
-534
-784
-1283
-1351
-1161
-949
-1393
-1815
-1894
-1776
-1666
-1567
-1637
-1485
-1380
-1577
-1546
-1655
-1516
-1456
-1431
-1341
-1175
-1103
-1247
-1320
-1013
-730
-553
-565
-488
-379
-537
-490
-224
138
1
-45
-45
150
199
130
342
270
416
559
564
740
835
1119
1181
1002
1180
1440
1563
1516
1295
1528
1741
1894
1879
1650
1799
2055
2203
2175
2185
2464
2652
2597
2754
2806
2866
2996
3299
3676
3306
2556
1782
1445
1511
1806
1713
1072
299
-640
-896
-985
-1178
-1586
-1916
-2027
-2245
-2535
-2728
-2869
-2817
-2604
-2400
-2216
-2443
-2198
-1794
-1449
-1233
-947
-738
-633
-244
189
456
557
657
636
679
670
792
742
521
417
371
225
-67
-73
-217
-347
-458
-670
-1057
-1360
-1479
-1257
-1377
-1701
-1973
-2151
-2130
-2140
-2256
-2326
-2240
-2314
-2308
-2274
-2134
-2049
-1984
-1867
-1741
-1613
-1384
-1521
-1491
-1197
-1062
-936
-1113
-957
-966
-829
-627
-491
-443
-444
-312
-258
-105
-96
-19
87
216
325
426
447
421
708
944
872
926
963
952
1290
1468
1436
1351
1456
1476
1566
1701
1802
1968
2069
2087
2155
2515
2660
2835
2734
2937
3255
3598
3748
3154
2360
1773
1750
1854
1693
1643
1220
179
-615
-636
-400
-1017
-1388
-1519
-1843
-2157
-2312
-2451
-2633
-2643
-2296
-2309
-2431
-2342
-2108
-1798
-1671
-1255
-907
-880
-866
-522
-40
71
88
155
280
273
421
444
311
299
274
6
-165
-384
-342
-352
-567
-634
-1018
-1281
-1369
-1133
-1254
-1713
-1996
-1999
-1799
-1824
-2021
-1972
-2142
-2075
-1806
-2124
-2131
-1827
-1737
-1684
-1635
-1452
-1363
-1520
-1562
-1350
-1175
-1073
-1046
-870
-645
-621
-559
-553
-396
-297
-265
-229
-191
-32
68
173
255
441
655
693
702
727
949
1127
1034
1184
1227
1671
1831
1642
1748
1715
1955
1808
2039
2174
2221
2138
2107
2423
2657
2628
2712
2899
3026
3230
3232
3407
3726
3645
2991
2097
1673
1616
2009
2151
1588
626
-379
-319
-290
-761
-1288
-1434
-1521
-1735
-2036
-2184
-2245
-2235
-1987
-1652
-1802
-2035
-1842
-1368
-977
-855
-554
-460
-423
-179
375
566
702
753
755
835
1075
1145
989
994
1039
985
727
514
321
199
91
-28
-278
-633
-935
-953
-887
-1064
-1357
-1691
-1742
-1776
-1860
-1963
-1878
-1852
-2007
-2106
-2108
-1952
-1861
-1801
-1805
-1701
-1581
-1433
-1410
-1310
-1190
-1058
-1046
-1132
-1055
-823
-709
-608
-614
-521
-386
-394
-309
-245
-76
196
294
312
507
740
772
738
824
906
848
878
1134
1228
1227
1270
1331
1511
1595
1624
1724
1660
1760
1857
1792
2022
2318
2542
2452
2376
2653
2880
3151
3244
3372
2870
2052
1561
1343
1419
1725
1701
587
-562
-756
-528
-699
-1272
-1648
-1664
-1959
-2235
-2403
-2463
-2617
-2423
-1964
-2043
-2201
-2162
-1967
-1719
-1222
-867
-700
-789
-618
-34
289
292
423
597
660
825
960
939
802
802
837
484
188
179
117
-16
-308
-506
-790
-926
-1167
-1353
-1436
-1388
-1547
-1979
-2098
-1944
-1867
-2006
-2139
-2198
-1859
-1792
-1972
-1995
-1861
-1668
-1653
-1586
-1464
-1462
-1498
-1297
-1242
-964
-916
-1193
-1057
-947
-778
-759
-791
-805
-659
-519
-633
-680
-496
-262
-293
-174
100
264
403
298
584
735
824
948
905
817
1057
1329
1361
1296
1100
1358
1393
1414
1557
1522
1633
2128
2372
2305
2425
2677
2746
2880
3143
3299
3289
2809
2115
1706
1502
1557
1861
1720
516
-762
-795
-319
-776
-1346
-1600
-1699
-1902
-2257
-2354
-2660
-2754
-2300
-1998
-2061
-2134
-2028
-1780
-1770
-1189
-605
-736
-857
-403
156
400
528
547
654
837
945
1087
1106
1011
992
986
924
583
415
156
192
134
-66
-412
-738
-727
-699
-798
-1077
-1342
-1502
-1454
-1434
-1581
-1585
-1458
-1498
-1498
-1459
-1725
-1723
-1714
-1420
-1252
-1516
-1684
-1546
-1346
-1230
-1092
-1142
-1160
-1093
-992
-997
-1025
-860
-681
-590
-304
-215
-131
-15
55
210
452
599
524
489
760
943
947
897
972
1299
1573
1546
1438
1553
1766
2027
1892
2004
2075
1973
2007
2137
2300
2283
2257
2438
2623
2626
2790
2913
2948
3295
3701
3549
2860
2205
1797
1808
1826
2023
1874
825
-435
-618
-179
-598
-1301
-1628
-1677
-1948
-2202
-2492
-2747
-2881
-2564
-2239
-2258
-2387
-2110
-2004
-1902
-1318
-903
-1049
-1328
-717
17
107
95
223
542
678
945
1100
902
719
705
707
671
655
395
101
-106
-35
25
-468
-969
-1045
-1066
-1191
-1160
-1278
-1895
-2244
-2136
-1744
-1899
-2238
-2253
-2193
-2069
-2126
-2196
-2101
-1877
-1634
-1525
-1650
-1685
-1656
-1462
-1285
-1030
-1123
-1266
-1149
-970
-749
-572
-604
-649
-428
-172
-218
-217
-79
37
104
56
250
466
671
800
740
748
1035
1197
1030
1046
1074
1302
1601
1571
1642
1528
1569
1761
1827
1868
2007
2181
2288
2236
2378
2621
2617
2685
2858
3213
3406
3112
2274
1762
1541
1628
1861
1860
1128
-134
-681
-458
-373
-940
-1471
-1579
-1517
-1926
-2132
-2358
-2622
-2445
-2016
-1919
-2113
-2192
-2088
-1791
-1519
-1083
-992
-1285
-1093
-488
-48
84
62
432
611
731
891
909
622
580
846
798
538
161
46
-140
-267
-273
-784
-889
-1013
-1105
-1343
-1586
-1394
-1593
-1809
-1890
-1900
-1995
-2157
-2317
-2200
-2020
-2056
-2189
-2088
-1921
-2045
-1810
-1727
-1859
-1820
-1574
-1515
-1106
-1260
-1267
-1074
-1108
-872
-874
-674
-548
-292
-171
-45
-117
228
483
613
595
557
755
974
1136
957
975
999
1214
1374
1328
1518
1679
1792
1835
1871
1918
1974
2081
2033
2224
2309
2602
2601
2704
3013
3108
3247
3273
3518
4011
3803
2896
2310
2290
2245
2430
2677
2190
899
-104
-12
337
-209
-989
-1165
-1242
-1719
-1843
-2039
-2478
-2509
-2172
-2027
-2271
-2249
-1982
-1851
-1666
-1089
-507
-813
-824
-170
206
339
619
866
878
969
1313
1366
1247
1133
1173
1318
1185
1084
943
854
564
459
425
174
-237
-490
-679
-708
-822
-1218
-1467
-1665
-1624
-1533
-1539
-1775
-1976
-2021
-1935
-1890
-1797
-1742
-1724
-1630
-1500
-1426
-1549
-1575
-1506
-1189
-1018
-1044
-924
-1036
-1025
-804
-593
-546
-657
-571
-351
-181
-99
50
229
134
378
599
537
599
860
1019
934
1042
1079
1385
1404
1400
1622
1804
2003
1921
1921
1912
1850
2025
2088
2251
2556
2565
2482
2676
2970
3046
3121
3231
3725
3693
2828
2187
1921
2011
2040
2277
1852
733
-164
-363
-61
-414
-925
-1112
-1302
-1809
-1940
-1998
-2449
-2590
-2134
-1982
-2192
-2414
-2196
-1912
-1683
-1335
-962
-1044
-1196
-592
-45
-135
158
361
395
533
829
1177
1070
890
852
1011
941
671
579
476
451
354
-37
-298
-606
-667
-676
-1018
-1193
-1163
-1140
-1493
-1815
-1782
-1563
-1556
-1699
-1908
-2085
-2159
-2059
-1734
-1755
-2013
-2060
-1798
-1646
-1781
-1698
-1685
-1428
-1327
-1268
-1260
-1350
-1127
-910
-878
-736
-559
-489
-395
-328
-29
14
76
174
233
460
571
477
418
718
906
977
1104
1198
1310
1326
1332
1528
1634
1704
1668
1564
1635
1702
1863
1896
2006
2132
2331
2493
2558
2563
2652
2956
3366
3150
2544
1970
1506
1429
1922
2187
1316
-4
-466
-123
-250
-873
-1455
-1473
-1657
-2047
-2231
-2387
-2686
-2704
-2366
-2315
-2259
-2225
-2288
-1985
-1626
-1154
-1058
-1257
-1140
-428
99
42
260
480
678
924
1003
1142
1180
1105
1230
1174
1072
933
811
736
609
675
336
26
-266
-324
-334
-546
-831
-1123
-1076
-1519
-1651
-1728
-1798
-1902
-1931
-1909
-1941
-1966
-1872
-1634
-1588
-1473
-1594
-1452
-1493
-1311
-972
-1065
-978
-808
-827
-761
-562
-351
-145
-50
-68
-39
60
337
552
649
746
770
1024
948
1144
1528
1464
1170
1143
1693
1732
1581
1481
1630
1758
1771
1856
1871
2058
2234
2219
2319
2519
2680
2777
2782
2952
3181
3259
3225
3316
3766
3876
3528
2805
2320
2165
2097
2194
2232
1826
749
3
133
316
-253
-844
-1044
-1178
-1404
-1774
-2043
-2367
-2422
-2204
-2122
-2303
-2288
-2154
-2077
-1890
-1498
-1260
-1404
-1287
-648
-133
-112
-182
127
436
560
765
727
691
838
948
862
701
907
901
611
242
239
255
-34
-355
-532
-591
-767
-979
-1111
-1396
-1633
-1693
-1791
-1813
-1990
-2104
-2138
-2126
-2045
-1999
-2104
-2122
-1984
-1881
-1887
-1906
-1861
-1687
-1533
-1442
-1344
-1078
-887
-1027
-889
-741
-517
-476
-400
-206
-65
25
67
333
406
459
461
559
604
789
764
692
897
1067
1190
1307
1172
1303
1627
1677
1654
1626
1801
2031
2008
2001
2100
2147
2487
2719
2658
2680
2664
2917
3282
3525
3331
2637
2072
2196
2248
1884
1952
1812
734
-56
107
574
-186
-820
-1046
-1055
-1397
-1863
-1918
-2490
-2484
-2124
-2096
-2405
-2291
-2019
-1920
-1965
-1688
-1160
-1118
-1260
-912
-277
-313
-367
29
238
447
593
604
559
573
766
743
685
614
551
556
340
234
65
-209
-550
-842
-1005
-878
-1059
-1605
-2208
-2134
-1841
-1954
-2256
-2672
-2492
-2246
-2214
-2528
-2440
-2063
-2205
-2372
-2277
-2034
-1993
-2190
-1923
-1599
-1575
-1496
-1464
-1470
-1142
-1134
-1003
-776
-622
-353
-258
-190
-48
183
331
254
486
678
662
690
904
1149
1070
913
895
1200
1425
1375
1420
1429
1592
1663
2016
1838
1928
2177
2062
2209
2416
2661
2766
2944
2891
2751
3010
3447
3785
3547
3057
2666
2150
1895
2026
2518
2330
1076
316
489
785
499
-365
-731
-843
-1104
-1207
-1608
-1992
-2024
-1997
-1903
-2000
-1831
-1865
-2020
-1921
-1618
-1185
-1340
-1393
-781
-171
22
-50
213
458
674
977
898
831
727
1155
1428
1300
1055
823
826
731
841
683
116
-5
-55
-83
-201
-610
-865
-1206
-1099
-1031
-1397
-1698
-1853
-1802
-1734
-1844
-1927
-2140
-1963
-1745
-1660
-1751
-1915
-1928
-2013
-1638
-1346
-1277
-1231
-1192
-931
-808
-842
-751
-648
-322
-177
-151
-59
86
389
678
713
774
794
705
894
1141
1136
1169
1357
1355
1414
1404
1554
1564
1570
1489
1533
1836
1720
1827
1903
1797
1892
2082
2344
2360
2415
2698
2795
3091
3470
3547
2998
2274
2269
2409
2059
2012
2245
1745
663
92
477
610
-85
-706
-912
-1098
-1438
-1640
-1820
-2259
-2251
-2035
-2187
-2348
-2142
-2031
-2229
-2263
-1769
-1431
-1695
-1644
-1098
-649
-707
-415
-71
-14
336
452
442
427
459
678
710
550
602
667
521
219
126
82
114
-174
-468
-745
-810
-901
-1195
-1452
-1534
-1515
-1732
-2095
-2168
-1998
-1932
-2221
-2421
-2328
-2083
-2044
-2118
-2102
-1949
-1942
-2074
-1845
-1292
-1173
-1294
-1302
-942
-696
-757
-669
-637
-363
-77
-37
73
290
535
623
579
872
1044
920
1206
1361
1444
1459
1296
1307
1381
1534
1618
1451
1497
1686
1768
1786
1824
1809
1927
1878
2137
2221
2324
2400
2402
2706
2812
2960
3023
2997
2516
2042
1870
1759
1629
1681
1729
1034
120
71
520
324
-552
-859
-879
-1356
-1798
-1730
-1819
-2180
-2193
-2152
-2317
-2412
-2084
-2175
-2359
-2021
-1455
-1481
-1800
-1400
-671
-497
-560
-337
-148
129
405
576
473
481
666
789
741
664
604
690
499
372
479
231
-132
36
-122
-367
-578
-698
-693
-857
-1031
-1259
-1439
-1498
-1424
-1530
-1836
-1890
-2004
-2072
-1971
-1959
-1854
-1687
-1798
-1808
-1666
-1469
-1223
-1398
-1303
-1064
-833
-852
-726
-435
-492
-377
-127
47
82
294
489
641
745
916
976
999
1083
1149
1360
1549
1653
1719
1795
1874
1976
2163
1996
1878
2045
2455
2555
2368
2232
2444
2735
2721
2835
2897
2967
3137
3457
3675
3660
3352
3072
2927
2903
2527
2175
2517
2443
1305
275
490
872
331
-545
-768
-816
-1264
-1457
-1427
-1644
-1944
-2022
-2013
-2206
-2191
-1938
-2025
-2174
-1864
-1526
-1711
-1777
-1190
-727
-694
-757
-601
-271
-56
190
274
181
315
608
648
606
522
560
363
178
235
177
4
-222
-437
-598
-576
-584
-861
-1469
-1781
-1557
-1321
-1720
-2157
-2165
-2162
-1983
-2172
-2539
-2498
-2428
-2331
-2303
-2405
-2517
-2376
-2138
-1768
-1644
-1713
-1665
-1571
-1279
-1063
-906
-947
-816
-419
-121
-149
-135
-20
318
367
480
740
733
781
803
1169
1194
1042
1115
1286
1211
1259
1423
1397
1299
1518
1760
1723
1680
1661
1875
2164
2169
2331
2498
2361
2588
2790
2921
3038
2772
2434
2134
2254
2199
1823
2122
2118
1160
68
78
680
148
-679
-1014
-1066
-1424
-1556
-1582
-1978
-2253
-2197
-2027
-2270
-2203
-2100
-2110
-2146
-1995
-1608
-1763
-1811
-1278
-819
-761
-938
-795
-289
-44
232
258
232
264
436
485
551
661
631
385
260
297
50
-86
-295
-497
-368
-490
-910
-1160
-1149
-1247
-1616
-1806
-1815
-1859
-2126
-2255
-2452
-2466
-2439
-2577
-2596
-2650
-2433
-2408
-2655
-2719
-2378
-2072
-2045
-1904
-1690
-1644
-1649
-1483
-1191
-855
-810
-820
-544
-299
-238
-243
-150
186
69
316
438
473
513
667
918
730
986
1125
1276
1294
1347
1447
1339
1498
1769
1736
1719
1827
1990
2023
2183
2446
2486
2448
2482
2716
2964
3079
2712
2420
2131
2115
2187
2060
2173
1794
865
210
354
642
313
-417
-758
-890
-1326
-1569
-1546
-1633
-1968
-1893
-1918
-2285
-2100
-1757
-1886
-1991
-1732
-1509
-1573
-1690
-1321
-835
-793
-815
-492
-214
-191
-55
70
-98
-71
236
265
319
391
476
187
206
494
560
230
-125
-181
-184
-75
-317
-595
-842
-763
-985
-1414
-1355
-1239
-1340
-1651
-2009
-1974
-1822
-1862
-1863
-2036
-1891
-1780
-1814
-1900
-1768
-1635
-1530
-1493
-1350
-1161
-1265
-1149
-926
-656
-684
-755
-570
-236
26
147
150
326
544
702
750
736
847
1069
1126
1150
1332
1450
1395
1518
1628
1734
1745
1607
1591
1838
1938
1939
1881
1951
2287
2398
2267
2323
2665
2855
2933
2912
2691
2430
2188
2158
1885
2037
2124
1563
483
40
452
393
-304
-937
-800
-1154
-1554
-1675
-1700
-1981
-2152
-1969
-2194
-2176
-1932
-2007
-2186
-2174
-1759
-1505
-1699
-1541
-941
-807
-1045
-946
-517
-360
-346
-304
-333
-118
26
268
144
83
298
212
-184
31
368
101
-311
-459
-292
-348
-619
-796
-773
-1021
-1183
-1238
-1544
-1793
-1739
-1727
-1974
-2043
-2244
-2257
-2073
-2003
-1937
-2257
-2276
-2110
-1930
-1842
-1871
-1838
-1682
-1669
-1475
-1423
-1346
-1170
-1095
-878
-891
-739
-582
-188
19
132
40
169
585
784
907
708
877
952
1104
1312
1253
1268
1436
1530
1634
1611
1742
2031
1735
1798
1841
2102
2272
2099
2166
2111
2217
2284
2492
2416
2397
2237
1870
1846
1884
1653
1670
1869
1423
458
-5
311
273
-361
-982
-1101
-1398
-1592
-1865
-2056
-2265
-2524
-2298
-2334
-2321
-2205
-1964
-2098
-2189
-1792
-1762
-2012
-1836
-1365
-1055
-1172
-1210
-963
-775
-532
-480
-640
-498
-230
-106
-125
-230
-79
-28
-241
-68
27
-239
-192
-162
-144
-304
-520
-597
-575
-683
-868
-1107
-1275
-1282
-1245
-1358
-1607
-1811
-1766
-1832
-1779
-1978
-1841
-1820
-1859
-1829
-1947
-1770
-1791
-1697
-1543
-1302
-1441
-1453
-1309
-911
-845
-910
-735
-575
-356
-235
3
158
568
679
878
1012
1053
1079
1246
1402
1485
1562
1644
1775
1863
2104
1976
2026
2060
2115
2122
2058
2045
2053
2368
2632
2589
2680
2823
3136
3335
3291
3051
2695
2566
2382
2294
2338
2408
1941
925
442
825
885
294
-346
-466
-510
-736
-974
-1123
-1357
-1654
-1673
-1820
-1847
-1785
-1696
-1721
-1855
-1731
-1604
-1580
-1454
-937
-830
-986
-1100
-728
-322
-300
-267
-273
-207
-37
-47
-22
133
116
172
42
80
119
11
-147
-185
-42
-328
-685
-762
-441
-524
-763
-1104
-1399
-1322
-1434
-1654
-1811
-1907
-1979
-2026
-2038
-2015
-2032
-2093
-2100
-2009
-2020
-1936
-1897
-1809
-1565
-1702
-1686
-1698
-1433
-1198
-921
-942
-784
-557
-507
-106
-76
30
122
363
656
822
693
839
1061
1107
1226
1202
1241
1200
1459
1658
1669
1581
1534
1761
1791
1809
1861
1893
1974
2162
2408
2616
2587
2686
2692
2685
2726
2461
2023
1827
2033
2200
2217
1747
831
456
753
837
370
-438
-687
-685
-823
-1026
-1179
-1371
-1852
-1848
-1761
-1935
-1984
-1853
-1829
-2028
-1939
-1903
-1897
-1573
-1138
-1007
-1192
-1185
-922
-510
-388
-221
-195
-420
-358
-109
190
98
-49
-35
-174
-203
-17
39
27
-194
-230
-286
-563
-446
-448
-659
-866
-909
-959
-1246
-1518
-1631
-1551
-1645
-1912
-2255
-2230
-2089
-1944
-1948
-2089
-2208
-2136
-1963
-1800
-1840
-1946
-1967
-1955
-1703
-1670
-1456
-1325
-1185
-1166
-879
-730
-562
-415
-332
97
231
387
761
927
914
868
808
1044
1275
1436
1498
1451
1553
1535
1558
1582
1634
1652
1812
1816
1932
2062
2052
2019
2198
2303
2539
2605
2482
2780
2499
2017
2048
2255
2149
1914
1634
1373
764
494
722
470
-142
-574
-479
-673
-981
-1117
-1354
-1516
-1578
-1660
-1751
-1749
-1672
-1740
-1748
-1864
-1772
-1448
-1531
-1166
-1037
-972
-1098
-897
-508
-336
-162
75
132
126
249
426
481
330
311
389
249
-24
109
354
134
-221
-330
-253
-227
-415
-625
-906
-877
-730
-1000
-1262
-1193
-1010
-1122
-1312
-1386
-1519
-1548
-1567
-1278
-1063
-1313
-1558
-1438
-1062
-985
-1177
-1225
-1068
-780
-713
-513
-301
-157
12
104
366
627
782
840
768
881
997
1164
1434
1632
1622
1611
1616
1636
1820
1941
1990
2043
2132
2199
2239
2353
2475
2455
2368
2404
2507
2571
2608
2836
2904
2872
2927
3054
2673
2120
2018
2155
2350
2223
1768
1054
719
998
1096
494
-219
-522
-507
-540
-818
-1033
-1271
-1645
-1847
-1854
-1929
-1942
-1726
-1688
-1780
-1949
-1827
-1734
-1635
-1192
-1016
-1210
-1435
-1105
-746
-433
-372
-470
-465
-436
-97
21
-149
-67
-67
-29
-343
-387
54
-23
-347
-487
-586
-549
-665
-809
-790
-1096
-1205
-1384
-1380
-1289
-1315
-1504
-1569
-1689
-1578
-1664
-1793
-1739
-1750
-1665
-1813
-1632
-1627
-1530
-1450
-1449
-1214
-1179
-1091
-917
-673
-520
-429
-375
-198
-74
163
332
341
497
624
916
1021
1057
1185
1277
1326
1378
1517
1605
1588
1697
1632
1763
1847
2003
2209
2394
2404
2313
2517
2426
2595
2750
2816
3049
2962
2959
2676
2183
2183
2223
2077
1916
1609
1418
919
545
669
709
77
-506
-574
-623
-960
-1288
-1390
-1529
-1763
-1775
-1710
-1879
-1790
-1772
-1859
-2049
-1876
-1614
-1511
-1544
-1439
-1305
-1438
-1325
-1006
-868
-817
-670
-712
-595
-602
-278
-49
-178
-103
-97
-437
-409
-196
-240
-481
-632
-532
-671
-709
-913
-943
-991
-1062
-1482
-1459
-1329
-1558
-1756
-1827
-1699
-1586
-1715
-1954
-2046
-2019
-1776
-1711
-1874
-1833
-1549
-1435
-1310
-1293
-1223
-1068
-1000
-725
-508
-469
-288
-239
-28
212
430
389
574
677
911
1132
1154
1269
1219
1406
1586
1636
1718
1896
1716
1860
1865
2236
2273
2098
2329
2382
2695
2671
2673
2962
3255
3306
3322
3470
3484
2992
2458
2313
2577
2674
2452
1991
1408
802
835
1038
776
-87
-528
-382
-623
-866
-924
-1087
-1367
-1474
-1361
-1607
-1792
-1389
-1039
-1141
-1525
-1444
-1173
-1001
-774
-498
-471
-741
-621
-244
76
71
57
83
207
121
145
172
290
327
-106
-122
95
78
-181
-216
-298
-518
-787
-815
-584
-686
-1176
-1236
-1186
-1158
-1260
-1630
-1534
-1452
-1563
-1730
-1862
-1770
-1706
-1753
-1843
-1740
-1541
-1532
-1292
-1183
-1195
-1124
-845
-638
-409
-245
-202
-90
96
279
388
516
620
769
958
938
1120
1357
1438
1435
1498
1648
1830
1825
1923
2030
2000
1970
2090
2240
2311
2462
2599
2617
2801
2954
3032
3024
3190
3371
3106
2641
2358
2478
2417
2457
2269
1567
801
545
946
1030
176
-555
-775
-717
-997
-1065
-1290
-1811
-2030
-1989
-1935
-1970
-1901
-1797
-1936
-2028
-1888
-1893
-1736
-1550
-1172
-1157
-1373
-1240
-890
-451
-287
-478
-482
-560
-443
-84
-73
-89
-230
-278
-120
-259
-334
-451
-512
-580
-787
-961
-1051
-1179
-1250
-1324
-1513
-1447
-1605
-1763
-1877
-1794
-1740
-1777
-2040
-2073
-1953
-1849
-1811
-1924
-1876
-1788
-1678
-1552
-1391
-1233
-1125
-1078
-787
-658
-389
-262
-259
-17
150
387
501
630
992
1032
1138
1144
1149
1317
1333
1412
1295
1494
1756
1951
1952
1970
1918
1982
2145
2207
2201
2267
2322
2367
2469
2459
2527
2829
2822
2381
1817
1746
2232
2135
1899
1703
1196
699
535
560
349
-281
-878
-911
-947
-1205
-1545
-1825
-2068
-2257
-2358
-2217
-2240
-2159
-1872
-2156
-2199
-2006
-1767
-1652
-1435
-1177
-1145
-1030
-764
-471
-294
-260
-113
-21
46
-69
86
64
-52
171
-21
-381
-382
-189
-331
-372
-665
-529
-699
-920
-997
-1046
-1169
-1576
-1589
-1660
-1650
-1834
-1842
-1943
-1932
-1767
-1920
-1936
-1844
-1847
-1590
-1660
-1224
-1089
-947
-894
-745
-742
-561
-283
-189
142
316
548
612
748
975
1131
1294
1455
1499
1707
1908
1954
2103
2263
2323
2275
2447
2508
2692
2765
2541
2770
3057
3076
2932
3093
3349
3296
3302
3486
3744
3212
2536
2591
2840
2847
2593
2264
1843
1123
1071
1295
850
35
-582
-477
-656
-1018
-1230
-1463
-1866
-2138
-2046
-2134
-2315
-2135
-1965
-2044
-2227
-2175
-1858
-1649
-1416
-1144
-1181
-1342
-1080
-757
-612
-496
-399
-274
-366
-259
-182
-215
11
31
-151
-375
-277
-96
-120
-524
-750
-839
-906
-1194
-1284
-1131
-1243
-1469
-1747
-1679
-1768
-1822
-1941
-2034
-2203
-2288
-2286
-2312
-2154
-2070
-2032
-2005
-1935
-1824
-1538
-1513
-1391
-1220
-994
-958
-712
-280
-71
-4
147
481
675
822
904
1199
1396
1333
1441
1942
2080
1888
1834
1978
2325
2419
2417
2406
2694
2730
2737
2999
3033
3096
3188
3244
3486
3203
2733
2493
2281
2573
2532
2283
1942
1417
771
643
827
585
-176
-758
-660
-776
-1013
-1390
-1627
-1939
-2304
-2394
-2466
-2449
-2322
-2209
-2450
-2540
-2451
-2183
-1970
-1812
-1487
-1416
-1676
-1578
-946
-623
-586
-749
-605
-282
-517
-350
-116
32
69
-364
-223
-80
-188
-258
-489
-431
-587
-921
-1063
-1122
-854
-1141
-1634
-1786
-1585
-1615
-1828
-2011
-2163
-2190
-2379
-2314
-2185
-2132
-2320
-2446
-2230
-2179
-2208
-2003
-1738
-1713
-1625
-1467
-1420
-1050
-809
-843
-563
-326
39
261
424
724
1014
1093
1354
1756
1841
1988
1842
1884
2075
2266
2397
2495
2636
2574
2681
2746
2974
2968
3049
3384
3531
3197
2641
2320
2393
2881
2870
2495
1760
1046
1213
1590
1149
249
-278
-269
-265
-767
-1161
-1252
-1552
-1809
-2106
-2303
-2444
-2342
-2243
-2258
-2494
-2513
-2179
-2135
-1685
-1585
-1652
-1800
-1795
-1148
-861
-853
-919
-811
-604
-999
-667
-82
49
0
-291
-173
185
274
15
-141
-11
1
-434
-793
-707
-453
-430
-823
-1258
-1079
-1229
-1303
-1331
-1597
-1651
-1804
-1832
-1793
-1843
-1882
-1841
-1682
-1413
-1325
-1386
-1152
-1008
-1044
-872
-663
-121
26
-109
-13
217
445
614
920
1201
1384
1588
1659
1794
2024
2268
2474
2622
2663
2868
2955
3065
3167
3239
3489
3531
3697
3776
3875
4075
3842
3359
3039
3157
3231
3158
3016
2623
1913
1524
1782
1656
797
73
-81
-59
-511
-984
-1030
-1260
-1644
-1855
-2048
-2102
-2108
-1988
-2022
-2253
-2322
-2228
-2139
-1969
-1723
-1710
-1854
-1835
-1545
-1145
-1088
-1164
-880
-667
-744
-860
-592
-352
-454
-525
-483
-355
-190
-265
-349
-349
-345
-418
-724
-889
-656
-635
-825
-1069
-1189
-1244
-1294
-1338
-1482
-1681
-1720
-1783
-1689
-1511
-1685
-1784
-1833
-1749
-1686
-1608
-1500
-1638
-1301
-1188
-1020
-963
-812
-395
-352
-236
-20
276
494
696
879
1035
1204
1418
1588
1686
1903
2089
2234
2354
2491
2659
2727
2777
2922
3120
3395
3582
3560
3562
3171
3054
3063
2951
2858
2875
2764
2151
1436
1343
1575
1147
146
-152
70
-266
-882
-1164
-1148
-1341
-1771
-1972
-2038
-2339
-2103
-1960
-2249
-2529
-2469
-2178
-2215
-2044
-1776
-1776
-1932
-1551
-1069
-990
-1157
-1012
-515
-597
-794
-729
-250
-239
-626
-575
-588
-556
-564
-573
-697
-731
-772
-970
-1149
-850
-978
-1171
-1429
-1632
-1420
-1627
-1704
-1729
-1719
-1779
-1954
-1918
-1936
-2017
-1998
-1865
-1777
-1632
-1641
-1205
-933
-982
-900
-787
-655
-516
-124
166
305
283
531
522
751
1140
1201
1344
1391
1557
1761
1897
1953
2150
2250
2455
2476
2662
2905
3056
3303
3347
3325
3432
3254
3069
3025
2935
2902
2919
3066
2688
1894
1656
1878
1746
982
332
544
494
-94
-469
-533
-705
-1219
-1340
-1361
-1680
-1900
-1871
-1873
-2059
-2359
-2252
-1971
-1995
-1930
-1891
-1836
-1829
-1455
-1217
-1163
-1075
-748
-602
-651
-506
-320
-279
-235
-50
27
-195
-240
-38
43
-99
-304
-349
-353
-244
-341
-426
-498
-650
-544
-745
-821
-1081
-1232
-1008
-959
-1066
-1325
-1312
-1217
-1103
-1191
-1398
-1170
-901
-806
-607
-423
-227
-24
239
442
643
794
941
1040
1318
1512
1715
1865
2094
2097
2150
2311
2511
2755
2689
2717
2834
2930
2981
3015
3124
3136
3062
3010
2886
2625
2429
2259
2193
2187
2274
1644
811
1118
1567
1298
257
-125
315
156
-412
-580
-538
-1012
-1387
-1299
-1336
-1816
-2056
-1681
-1480
-1781
-2084
-2023
-1775
-1772
-1759
-1677
-1693
-1772
-1558
-1414
-1460
-1458
-1318
-1193
-1178
-1090
-1011
-992
-871
-643
-819
-902
-779
-659
-590
-721
-887
-811
-629
-672
-520
-667
-972
-924
-706
-666
-751
-821
-808
-780
-806
-831
-902
-888
-919
-960
-926
-959
-948
-829
-646
-595
-412
-392
-316
-313
-76
98
213
288
553
789
806
910
1157
1460
1504
1567
1749
1822
1840
2057
2150
2323
2293
2294
2361
2593
2585
2484
2588
2397
2301
2240
2165
2152
2193
2079
1627
1126
1034
1240
1192
695
388
282
219
2
-296
-527
-651
-984
-1060
-943
-1240
-1470
-1422
-1332
-1387
-1647
-1501
-1386
-1479
-1361
-1343
-1384
-1446
-1331
-1282
-1106
-1138
-1433
-1074
-899
-1119
-1136
-999
-752
-723
-916
-912
-874
-998
-1089
-1020
-947
-995
-1230
-1272
-1114
-1171
-1280
-1314
-1378
-1246
-1343
-1220
-1087
-1036
-1005
-769
-687
-912
-746
-843
-781
-669
-614
-490
-550
-462
-234
-269
-369
-147
-149
48
231
254
280
355
470
534
762
718
647
905
1071
1049
1126
1186
1237
1476
1487
1503
1576
1585
1766
1827
1682
1801
1907
1763
1797
1873
1749
1512
1636
1926
1862
1665
1178
1242
1296
1056
747
673
591
17
105
168
-7
-270
-274
-366
-384
-607
-861
-927
-753
-818
-960
-990
-1038
-1077
-1179
-1101
-1183
-1140
-1255
-1315
-1071
-908
-969
-1138
-1172
-1053
-1055
-1089
-938
-821
-937
-789
-645
-607
-543
-553
-416
-481
-520
-379
-237
-253
-516
-509
-432
-364
-480
-646
-373
-345
-265
-323
-321
-148
-114
33
-14
-38
-67
-133
-33
127
77
178
217
293
425
452
476
483
696
763
780
758
937
1072
1104
1101
1155
1391
1388
1372
1352
1298
1373
1339
1440
1411
1431
1470
1427
1484
1342
1317
1231
1280
1318
1176
1082
1098
1084
899
748
711
578
637
707
467
358
419
318
320
278
150
-34
-123
-155
-190
-159
-393
-483
-528
-506
-600
-550
-607
-662
-969
-934
-895
-1074
-862
-1006
-993
-1132
-1142
-1202
-1285
-1234
-1414
-1447
-1329
-1280
-1437
-1411
-1477
-1419
-1428
-1461
-1266
-1352
-1217
-1118
-1242
-1110
-869
-890
-733
-628
-641
-550
-408
-318
-298
-149
-145
-81
-49
14
141
123
144
61
96
206
343
297
242
363
467
512
488
564
643
608
708
694
716
896
843
881
879
886
968
1060
1166
1130
1152
1125
1035
1261
1367
1359
1344
1275
1512
1494
1358
1360
1282
1270
1275
1154
1061
1058
896
872
792
613
536
382
370
273
173
79
6
-124
-291
-385
-639
-711
-669
-789
-736
-897
-875
-873
-920
-968
-1003
-1039
-984
-964
-1116
-1259
-1206
-1248
-1306
-1347
-1346
-1414
-1615
-1493
-1608
-1715
-1674
-1778
-1592
-1473
-1490
-1342
-1414
-1521
-1426
-1438
-1332
-1357
-1326
-1141
-1158
-1059
-1058
-770
-827
-845
-510
-460
-474
-198
-193
36
38
-47
112
165
337
526
468
531
571
573
573
653
678
736
772
743
822
925
942
936
909
800
899
961
864
1013
1122
1018
1002
1049
952
982
1113
1013
1017
963
1004
963
1015
1049
1030
1154
1130
1026
1030
1167
1137
1180
1124
1046
889
800
789
573
677
644
454
424
398
262
130
173
-31
-200
-197
-199
-183
-344
-401
-459
-501
-520
-384
-514
-429
-501
-713
-553
-407
-260
-666
-754
-655
-660
-737
-969
-834
-792
-840
-791
-858
-695
-585
-544
-466
-543
-541
-406
-388
-364
-378
-377
-288
-188
-157
-83
23
41
157
234
264
316
492
580
656
559
588
684
720
662
694
618
651
605
607
703
740
679
791
848
814
838
779
896
872
1009
958
936
852
698
892
846
738
668
793
823
753
781
821
764
653
646
658
563
436
389
392
431
438
331
263
307
345
320
251
96
136
177
153
67
87
95
-112
-137
-163
-119
-233
-234
-321
-411
-476
-359
-424
-517
-533
-702
-746
-995
-965
-860
-950
-1016
-1056
-969
-868
-912
-880
-961
-850
-832
-845
-794
-707
-792
-843
-812
-641
-457
-475
-342
-329
-255
-208
-136
-101
-79
-11
-5
108
144
289
309
321
396
358
484
461
396
494
402
405
472
393
547
494
403
410
413
433
525
537
583
536
401
613
630
564
408
526
537
599
622
541
654
589
550
673
572
444
475
454
412
459
367
423
369
185
333
180
90
65
-28
-53
-10
22
7
-33
-22
-105
-224
-185
-291
-308
-165
-373
-481
-511
-547
-534
-739
-543
-788
-815
-838
-740
-427
-519
-502
-541
-468
-664
-691
-665
-562
-570
-479
-622
-769
-676
-829
-815
-620
-777
-762
-544
-616
-668
-670
-508
-552
-408
-405
-450
-439
-349
-218
-62
158
182
319
257
174
373
439
428
503
457
456
526
479
612
724
579
573
539
643
575
608
596
566
568
513
662
522
603
526
368
287
385
391
475
508
435
431
486
446
563
508
387
388
408
536
469
407
354
433
412
403
504
550
536
465
476
456
460
466
495
411
334
457
459
534
528
401
339
296
369
333
363
513
217
106
45
122
5
-81
67
-29
-69
-212
-142
-16
-64
-1
-163
-111
-94
-237
-181
-216
-242
-140
-187
-192
-160
-186
-176
-204
10
-110
-117
-63
-124
-34
15
59
-27
48
183
242
181
68
144
229
243
171
207
283
347
347
226
271
231
226
293
340
311
319
308
284
389
177
173
135
105
181
147
229
263
161
148
79
137
177
107
139
91
77
190
40
81
74
19
29
-120
-143
-161
-146
-154
-132
-194
-186
-75
-94
-140
-238
-296
-212
-229
-305
-207
-142
-256
-112
-48
-131
-201
-297
-240
-133
-149
-305
-52
-115
-270
-165
-237
-226
-380
-437
-178
-345
-423
-331
-356
-521
-527
-477
-439
-354
-500
-503
-554
-576
-527
-607
-630
-555
-435
-479
-426
-301
-309
-293
-312
-275
-263
-155
-130
-76
-35
-54
-57
53
131
67
24
67
188
381
154
154
262
214
265
151
160
28
29
145
43
78
126
98
94
-72
36
85
63
-9
-152
-118
-5
-97
-95
-153
-91
-102
-254
-303
-300
-134
-226
-150
-105
-113
-143
-157
-180
-255
-347
-187
-308
-499
-420
-478
-389
-480
-597
-643
-431
-280
-474
-615
-386
-263
-368
-218
-209
-244
-359
-466
-430
-326
-335
-287
-404
-425
-378
-319
-425
-330
-550
-521
-68
-248
-277
-273
-110
-145
52
-137
-118
5
-45
-31
47
171
125
83
91
205
156
159
113
83
-40
82
16
25
130
154
96
47
102
232
279
301
353
318
439
346
251
251
238
378
288
302
407
287
305
246
315
300
222
225
328
308
248
246
277
336
324
274
279
238
193
160
183
125
154
132
62
116
139
47
7
123
196
257
328
391
350
491
457
305
326
436
623
521
353
259
380
457
186
247
391
262
267
212
150
233
157
118
191
114
100
33
104
43
21
118
-59
156
169
96
167
223
236
326
218
165
160
210
143
276
323
56
139
59
109
253
164
133
140
114
137
188
158
172
163
145
110
254
346
219
199
199
224
153
194
29
28
15
-87
-33
-3
6
36
14
-101
-142
-99
-160
-253
-131
-152
-209
-191
-109
-120
-167
-182
-177
-239
-146
-155
-155
-165
-228
-161
-193
-108
-192
-214
-244
-259
-117
-205
-172
-13
-21
-265
-213
-109
-239
-240
-210
-150
-100
-170
-157
-51
-19
-28
1
-23
55
-74
-36
84
-23
-162
-122
-149
-82
-114
9
-2
-72
-115
-289
-145
-201
-156
-50
-90
-41
-29
37
-108
-111
-31
-165
68
35
-51
-41
-48
-37
-157
-160
-149
-117
-58
-104
-173
-78
138
89
-49
-29
-151
41
71
35
-14
15
139
-22
88
104
147
201
147
125
114
113
279
283
203
250
246
118
124
60
6
-41
-230
-233
-205
-269
-334
-434
-581
-477
-456
-467
-531
-603
-645
-634
-737
-833
-763
-723
-738
-884
-938
-766
-851
-802
-940
-830
-556
-473
-411
-453
-382
-324
-348
-314
-213
-229
-159
-32
-59
-205
-187
-203
-27
-159
-361
-167
-163
-331
-349
-366
-310
-222
-132
-182
-165
-202
-233
-86
-66
-81
-70
-17
-11
-97
-80
-3
-52
-191
-42
28
-35
-57
-46
51
29
-101
-29
152
52
142
-29
50
4
165
161
-24
191
20
-27
34
167
233
258
344
300
275
341
334
360
595
562
623
494
409
425
454
439
520
315
356
599
445
461
426
376
384
407
289
240
384
262
335
334
298
220
209
163
19
154
458
445
130
-7
-97
72
-37
-44
-54
-30
153
6
159
215
168
336
258
310
255
316
345
309
349
371
362
351
410
318
391
312
420
282
265
347
227
240
107
68
188
110
55
195
162
154
234
269
186
12
56
82
-14
-8
-38
2
-47
-21
7
49
149
134
43
68
131
74
18
-20
29
114
162
247
185
196
191
142
174
150
269
2
143
246
247
338
231
176
283
268
275
252
199
268
298
317
321
324
363
367
378
372
279
372
406
309
238
148
218
62
82
154
-29
71
64
-70
-106
-131
-53
-112
-24
0
-91
-96
-141
-142
-162
-93
-80
-27
-129
-262
-105
-13
77
0
57
10
-32
96
97
146
98
111
4
102
232
280
199
110
123
159
215
230
169
70
45
161
109
-15
-7
-11
-111
-256
-143
10
108
-165
-208
-175
-93
-58
-106
-93
-192
-110
16
-2
83
-7
110
122
62
133
167
281
212
143
184
216
96
76
68
74
-116
-123
-39
-44
-32
-7
123
-76
-49
-41
-180
-182
-92
-253
-216
-360
-445
-329
-421
-443
-416
-466
-414
-398
-327
-463
-334
-130
-288
-131
-160
-255
-245
-385
-444
-257
-320
-399
-202
-167
-307
-254
-332
-314
-602
-521
-273
-344
-339
-370
-351
-466
-362
-234
-330
-286
-238
-241
-43
-9
-44
-24
-1
55
19
15
66
160
69
-53
125
172
104
120
109
-17
-30
-94
23
132
-81
-66
56
-41
-100
-250
-64
50
-82
-99
-52
-142
-114
-156
9
96
-11
238
177
289
241
141
267
412
374
420
369
353
500
410
406
463
533
437
257
404
375
389
435
258
347
344
408
503
525
581
515
318
274
433
561
667
395
263
399
430
400
318
395
512
372
254
339
407
372
484
464
371
291
313
361
360
343
317
312
268
383
289
299
349
313
267
340
352
354
327
241
173
234
191
136
131
18
115
140
123
83
60
7
26
86
55
42
-31
-59
-94
24
34
-13
-29
-129
-190
-195
-265
-258
-327
-310
-228
-211
-233
-336
-164
-250
-341
-301
-190
-80
-178
-245
-135
-93
-65
-50
-48
97
-28
128
68
58
63
60
231
283
182
94
116
56
132
71
79
170
84
152
156
119
204
148
71
-59
-13
91
45
-78
-59
-29
-9
-57
-68
-216
83
30
-47
-149
-189
-127
-217
-258
-302
-236
-238
-161
-213
-170
-262
-294
-227
-166
-129
-255
-234
-220
-247
-189
-234
-197
-159
-161
-97
-85
-100
-64
-77
-77
-73
35
-65
-77
-99
-78
-103
11
227
38
-42
-79
6
61
-5
-69
-252
-128
-106
-141
-97
-187
-220
-163
-238
-215
-251
-304
-346
-418
-315
-349
-349
-445
-397
-359
-424
-576
-543
-558
-564
-483
-498
-431
-393
-392
-374
-351
-347
-331
-378
-339
-267
-306
-394
-414
-419
-483
-433
-286
-169
-347
-377
-171
-63
-41
58
38
123
-45
-86
-94
-72
38
9
75
-88
-176
-351
-236
-191
-472
-534
-365
-312
-538
-465
-442
-453
-244
-441
-377
-339
-351
-286
-365
-289
-400
-195
-305
-312
-310
-309
-251
-313
-158
-73
-136
-51
4
-52
-55
-187
-157
74
97
68
-20
-19
-22
77
-11
23
262
121
99
54
-111
76
142
-114
-19
-24
-54
-28
83
79
-1
57
-51
-67
-167
-156
-56
-23
20
65
-36
8
-52
-65
60
83
62
-33
107
88
48
176
291
320
279
417
467
388
366
425
618
596
335
245
436
334
342
442
428
576
513
494
700
594
628
624
526
579
480
547
443
371
401
407
487
397
327
377
231
81
98
-36
-79
-10
8
-110
-172
-203
-119
-55
-109
-169
-237
-166
-186
-224
-211
-233
-166
-75
-55
-60
-90
-70
-85
-86
68
130
121
-16
-16
95
-17
-139
-73
-64
85
82
92
56
115
47
40
9
-98
-129
-152
-120
-129
-74
-272
-254
-224
-233
-270
-194
-203
-154
-136
-851
-1774
-1619
-532
-523
-1113
-1041
-286
-167
-609
-363
-82
-286
-434
22
141
-355
-548
-198
321
188
-114
-25
-217
-437
-474
-271
3
-230
-521
-471
-623
-777
-663
-544
-237
-200
-365
-376
-554
-584
-473
-268
-61
-271
-520
-525
-300
-234
-170
-166
-169
-260
-477
-473
-422
-554
-559
-461
-457
-476
-760
-810
-758
-485
-426
-530
-503
-620
-819
-826
-291
-215
-400
-528
-472
-512
-417
-428
-587
-460
-574
-354
-241
-642
-648
-442
-453
-569
-570
-522
-424
-571
-433
-524
-709
-553
-624
-778
-657
-526
-727
-558
-760
-811
-673
-429
-388
-543
-518
-405
-545
-828
-969
-898
-807
-1124
-956
-835
-981
-1108
-1031
-828
-950
-858
-944
-849
-634
-414
-300
-322
-189
-228
-368
-495
-362
-408
-287
-196
-94
-66
-18
-399
-494
-524
-603
-214
-260
-304
-434
-375
-213
-340
-274
-127
-167
-92
96
-21
60
45
170
209
-90
-191
-17
121
242
219
108
314
214
161
9
-141
-83
47
202
264
201
-37
-76
-189
-2
124
119
89
70
122
149
200
136
62
-11
245
475
434
361
329
306
274
378
507
430
379
451
394
378
252
252
174
348
552
349
558
549
397
430
509
551
524
544
652
605
564
484
682
730
553
528
841
893
662
556
627
678
493
480
442
514
548
422
535
724
718
584
507
579
553
674
706
547
425
443
608
642
449
247
445
690
675
455
413
515
508
570
538
528
439
472
485
506
415
347
426
400
409
299
178
153
63
94
110
118
142
143
46
155
196
106
134
243
421
380
268
109
-99
-51
245
248
305
205
92
182
25
116
163
186
94
176
296
335
249
193
128
152
241
237
224
90
335
401
425
219
72
294
327
224
392
401
348
221
221
314
244
162
221
290
138
104
71
71
156
233
132
268
181
207
226
136
100
70
123
114
134
275
169
-6
-216
17
170
109
160
126
161
49
88
117
139
235
202
386
344
295
344
254
344
318
337
279
252
214
92
108
51
-19
-10
-76
-82
-198
6
-19
-188
-267
-327
-118
-147
-199
-177
-116
-76
-23
63
-44
15
127
23
140
167
109
233
116
85
27
-4
67
69
123
106
242
-75
-217
-39
-76
100
-75
-36
63
58
42
-125
-56
22
65
-61
-134
-260
-135
-187
-271
-69
-378
-284
-212
-351
-454
-314
-244
-161
-89
37
109
-153
-297
-274
-82
-72
-99
-117
-236
-286
-333
-270
-169
-496
-428
-219
-243
-162
-131
-73
-85
-45
-92
-158
-6
175
147
132
196
161
326
272
277
329
373
368
137
98
125
215
234
176
267
228
73
64
222
115
174
264
201
240
332
392
419
303
336
142
91
221
115
268
333
246
318
295
345
240
317
445
485
409
332
345
404
409
310
434
493
494
387
245
413
422
241
261
297
374
408
432
428
533
651
619
533
622
554
494
633
793
842
518
402
437
461
542
454
614
601
441
426
441
542
588
530
502
550
431
347
369
489
438
393
417
401
340
249
258
275
399
421
406
256
278
343
250
160
104
204
193
181
107
13
-70
-47
-34
16
-122
-124
-66
-45
-51
-152
-61
10
31
108
121
124
164
-64
37
2
-23
57
-86
80
196
76
-21
-65
-161
-152
-180
-160
-3
-47
-92
-18
-78
-93
-45
-40
17
38
77
70
52
49
29
124
131
126
194
87
106
199
120
122
155
263
177
204
96
95
137
41
37
-32
15
183
90
15
63
39
168
50
64
52
103
114
-9
-76
9
125
104
94
-72
-48
68
70
36
-17
-6
-32
-88
17
-16
21
132
-30
33
-66
-29
-46
-99
-37
87
210
183
185
50
96
71
46
89
44
-1
-57
39
100
108
-223
-289
26
23
-20
-30
25
51
35
-36
-91
-33
-78
-75
-72
-72
-75
-232
-127
-126
-205
-156
-192
-199
-76
-138
-138
-407
-375
-248
-158
-232
-166
-205
-304
-333
-301
-298
-253
-334
-386
-407
-395
-234
-222
-259
-282
-456
-439
-329
-238
-219
-435
-258
-79
4
-4
50
103
25
28
-25
46
35
33
151
10
17
35
9
0
-216
-184
-4
-103
-97
-32
