-26
-108
-79
43
49
-120
26
-170
-206
-61
-80
-251
-299
-165
-127
-89
-113
-199
-121
-88
-130
-118
28
-114
-271
-220
-143
-99
4
128
-55
-13
-96
-8
-110
8
-163
-228
-114
-139
87
-66
-42
-42
-135
-74
-215
-129
-33
-116
16
-35
-58
-171
-50
-48
-87
-89
-98
-41
-25
13
-170
-103
63
-30
-31
-91
-92
-40
111
91
142
-102
-89
98
22
31
-81
-149
-129
-34
-75
-33
-108
-63
-56
51
22
-75
9
-3
-6
-180
-172
-178
-301
-289
-281
-503
-420
-212
-293
-349
-248
-180
-291
-208
-224
-254
-261
-273
-171
-259
-382
-350
-304
-360
-348
-369
-452
-399
-466
-444
-415
-328
-235
-305
-42
11
-69
-121
-254
-236
-261
-244
-125
-75
-121
-181
-64
-243
-160
-241
-424
-264
-144
-139
-93
-200
-129
-98
-149
-89
-141
-133
-114
27
116
151
180
189
111
187
221
227
197
217
152
111
71
3
56
72
-54
81
145
313
172
69
138
-96
-7
4
153
85
66
-14
-92
26
86
256
180
20
163
98
42
124
171
219
60
124
97
44
123
132
133
191
229
244
168
104
236
253
136
124
246
246
263
164
219
316
381
372
435
465
407
155
106
267
395
154
44
29
88
175
-50
62
192
264
191
252
321
404
293
247
272
270
294
223
266
291
331
232
198
299
228
89
132
127
-24
-78
-35
-16
-78
-5
-113
-103
-44
0
-112
-174
-185
-180
-29
-26
-122
-133
-92
-208
-195
-258
-343
-365
-299
-152
-24
-25
-115
-211
-135
-71
-169
-228
-257
-234
-36
-76
-115
-97
-136
-72
-76
28
-93
6
-52
-80
-29
-160
-182
-86
-42
-152
-124
-86
-222
-150
-150
-203
-176
-181
-150
-149
-109
-90
-26
-24
-186
-182
-168
-84
-177
-105
-271
-164
58
-78
-241
-106
-138
-187
-134
-189
-78
-186
-112
-34
-145
-152
29
-44
-65
-206
-147
-181
-212
-175
-167
-96
-115
-186
-113
-118
-188
-160
-107
-60
-69
-92
-6
-49
0
82
-84
8
-75
-122
-54
-120
-147
-108
-130
-113
-84
-131
-84
-182
-79
-62
102
85
-49
65
71
41
44
-50
-91
-56
-32
-26
-189
-68
-134
-41
44
-142
-66
-35
16
49
5
-24
-5
-67
-101
-103
-97
-315
-404
-275
-138
-220
-284
-232
-278
-71
-187
-302
-275
-235
-106
-301
-377
-355
-345
-382
-267
-307
-337
-232
-309
-285
-449
-275
-51
-88
-130
37
92
26
-118
-43
-5
32
-70
-103
-117
-262
-301
-189
-163
-464
-300
-235
-299
-254
-314
-289
-295
-268
-219
-93
-123
-138
9
-64
-25
128
53
0
-41
44
-93
-97
-4
100
-21
133
156
142
46
141
10
-46
111
82
59
22
-115
17
169
-3
122
-27
-10
95
196
32
-25
58
78
168
42
63
112
156
102
266
329
144
222
171
267
169
222
256
251
196
178
235
154
146
95
-14
9
37
24
64
93
213
182
149
285
296
189
132
303
392
346
232
77
232
352
154
262
310
257
331
298
383
409
318
299
254
150
101
166
164
42
107
180
137
81
171
177
15
25
61
95
29
-37
95
44
63
16
-51
-9
-79
-127
-63
-177
-129
-67
-43
61
-2
71
114
13
-34
-93
-178
-103
-139
9
64
-27
-108
-140
-118
-137
-79
-76
-223
-185
-18
39
54
79
5
-64
-129
-124
-64
12
-22
10
-48
-161
-9
-19
-136
-21
3
-49
1
-88
-94
-3
-11
44
-3
-34
-97
-122
-68
-61
-51
-113
-166
-70
-94
5
91
-6
-54
10
34
-65
-44
-146
17
-29
62
195
128
250
196
128
137
-77
-95
-81
49
58
61
153
120
133
84
91
50
92
24
85
84
72
28
112
-1
-129
-18
33
-31
-74
-9
54
49
26
62
57
5
0
-20
-60
-91
-58
85
92
106
-8
5
105
134
146
-3
33
114
43
76
-44
55
-21
12
54
92
-29
-2
-34
-132
102
-72
-30
-49
-32
-29
-58
-129
-111
-76
-151
-198
-171
-168
-73
-117
-127
-18
-54
-108
-256
-159
-239
-256
-227
-218
-216
-204
-151
-207
-52
-333
-346
-56
9
-31
99
88
-50
-160
-103
13
-43
-56
-63
40
-36
-8
-57
19
-68
-181
36
-85
-62
-153
-227
-91
-87
-196
-105
77
34
155
154
22
161
163
35
94
18
-69
-1
79
93
94
52
24
126
-36
50
18
119
105
129
138
43
66
-20
38
84
181
-8
23
11
19
81
45
-22
26
212
45
229
199
186
231
198
328
265
321
265
156
292
312
248
334
337
421
488
448
448
393
351
253
218
185
195
212
185
435
399
375
391
378
232
147
408
582
562
341
324
484
339
317
306
422
423
334
305
260
393
358
344
418
334
321
332
223
255
237
264
292
308
211
182
134
173
118
192
168
80
130
115
83
116
297
138
154
85
27
32
15
3
-27
-53
7
-6
-107
-150
-140
-180
-129
-63
-24
80
96
77
110
55
32
-29
-17
-81
-95
-45
-74
43
32
103
-45
31
27
40
131
61
114
-10
-9
-37
-129
-117
-69
-46
-124
-173
-60
-50
-92
-26
-34
-98
-68
-43
-145
-117
-74
-69
-149
-116
-61
-167
-49
23
-98
-190
-164
-194
-71
9
-113
-253
-187
-93
20
132
37
-65
-105
-57
-192
-224
-248
-394
-198
-166
-277
-103
-139
-176
-148
-302
-264
-168
-117
-81
-129
-203
-57
-72
-109
-55
-74
-189
-220
-139
-250
-165
-138
-113
-208
-73
-114
-214
-50
-225
-131
-138
48
19
-82
-74
-145
132
126
11
-143
-117
51
25
12
44
88
64
-36
-76
-5
-73
-53
-22
-6
-94
-44
-120
-165
-71
-170
-278
-306
-285
-414
-361
-294
-361
-320
-138
-153
-175
-228
-284
-258
-247
-280
-390
-539
-403
-402
-563
-565
-565
-504
-623
-598
-494
-458
-394
-307
-196
-182
-250
-324
-300
-146
-136
-89
-169
-85
-248
-226
-197
-163
-438
-454
-263
-222
-290
-265
-243
-167
-203
-243
-93
-172
-142
-184
-132
-37
77
203
112
7
189
-3
40
20
22
188
129
141
2
9
105
-49
34
93
169
351
92
91
136
180
271
154
223
-7
68
141
147
109
108
71
325
147
87
149
143
308
272
247
113
240
162
146
112
240
209
198
82
-49
148
173
119
99
-52
-63
33
-9
63
176
197
147
210
343
433
217
63
191
304
437
265
103
163
306
196
123
184
287
181
256
272
380
351
325
361
388
378
336
267
299
204
271
236
49
149
159
114
83
155
95
95
-11
115
92
-16
160
144
17
74
75
27
-20
-1
-22
-103
-85
-144
-184
-169
-74
-107
-190
-191
-126
-88
38
51
-14
13
18
-86
62
39
-21
34
62
198
307
140
45
80
120
180
233
146
47
140
82
14
44
59
76
91
76
34
76
50
56
76
-68
54
5
46
131
-11
39
53
-13
-34
46
-55
-7
93
35
1
-56
-104
-99
-3
143
36
-39
-25
-16
45
14
154
113
20
10
62
78
61
10
35
-15
70
-43
5
88
58
9
-21
-77
-63
12
7
-113
-128
-35
-108
-10
105
54
30
-4
-11
-7
-96
-8
-19
-19
-110
-89
-138
-116
-34
-275
-60
86
125
-22
-13
46
79
90
20
229
180
-69
-135
82
256
115
-49
114
120
163
123
148
219
91
175
49
92
137
139
-35
-265
-111
-44
-240
-405
-365
-246
-167
-245
-171
-336
-287
-364
-235
-348
-326
-481
-460
-384
-474
-300
-500
-383
-366
-293
-296
-318
-188
-175
-99
-73
-127
-232
-317
-163
-242
-264
-141
-260
-328
-353
-454
-387
-458
-689
-654
-450
-324
-344
-386
-294
-197
-19
-150
-193
-153
-123
42
-13
133
114
178
293
500
593
554
408
400
420
244
285
159
267
302
118
63
-36
110
-23
-197
-284
-267
-242
-315
-267
-323
-347
-362
-360
-393
-336
-393
-278
-380
-214
-165
-237
-86
-8
156
264
324
197
193
195
228
189
54
30
79
67
-56
-87
-94
-183
-247
-237
-224
-268
-203
-180
-165
-69
-27
-94
-53
34
-59
-148
76
201
162
-35
-238
69
269
145
100
231
417
298
328
212
240
184
258
316
160
196
149
27
91
113
216
131
65
46
34
160
-80
30
-31
-86
-91
-42
-21
-140
-192
-325
-165
52
2
-79
-138
-181
14
8
-117
-191
-240
-144
-15
9
-32
-174
-213
-56
-69
53
112
-41
-228
-224
-170
-185
-251
-358
-291
-208
-282
-186
-202
-215
-311
-251
-284
-409
-207
-280
-261
-261
-108
-203
-246
-158
-234
-243
-322
-277
-211
-104
-207
-92
103
-86
-136
-135
-95
-93
-57
142
24
-120
-91
-30
94
-49
-162
-171
-223
33
-99
-230
-215
-309
-199
-92
-108
-225
-203
-85
-190
19
-45
-122
20
-95
6
26
21
-86
-84
101
20
-56
41
4
-72
-162
-38
-11
40
22
-59
-43
-16
96
63
-60
-53
5
31
-27
-47
65
-2
-65
10
-47
-31
130
121
179
-24
94
71
78
56
-68
9
58
158
56
-131
62
74
-78
27
-5
26
-62
-146
-143
-114
-77
-73
5
37
207
125
-38
69
98
211
129
195
472
549
579
619
864
926
874
938
793
944
910
913
1044
1212
877
240
-147
116
437
503
4
-384
-536
-370
-369
-572
-686
-1098
-1276
-1113
-910
-895
-1007
-1150
-1141
-957
-457
-381
-684
-719
-381
3
39
69
167
179
455
467
488
470
258
195
231
417
507
204
-192
-263
-189
-299
-581
-595
-603
-653
-865
-1073
-1077
-1000
-1134
-974
-948
-789
-694
-1006
-954
-715
-575
-506
-710
-671
-503
-338
-312
-412
-420
-414
-125
-61
-23
154
78
163
250
434
603
629
633
650
858
1036
1145
1223
1200
1324
1607
1676
1514
1586
1865
2038
2574
2855
2887
2844
2634
2329
2422
2727
2751
2505
1830
1289
966
1198
1100
501
100
-273
-209
-492
-789
-982
-1199
-1203
-1121
-1006
-891
-761
-639
-524
-326
22
250
358
335
650
1196
1206
1295
1378
1397
1520
1525
1567
1527
1399
1309
1131
927
800
577
359
219
68
-49
-381
-593
-532
-577
-699
-844
-942
-1154
-1064
-947
-789
-764
-706
-747
-772
-569
-416
-359
-501
-364
-214
-161
-273
-403
-483
-415
-282
-354
-353
-299
-374
-419
-426
-606
-579
-617
-765
-702
-721
-816
-874
-930
-869
-914
-911
-800
-784
-757
-774
-769
-828
-723
-684
-624
-542
-530
-473
-368
-246
-223
-5
-32
65
13
224
402
474
476
591
829
816
986
1092
1233
1142
1403
1729
1802
1685
1701
1900
2036
2397
2596
2562
2565
2720
3021
2657
1794
1419
2158
2605
1522
517
561
668
163
-637
-715
-705
-1054
-1484
-1446
-1339
-1686
-1681
-1748
-1719
-1464
-894
-893
-1326
-956
-281
98
-191
-112
678
1024
883
1100
1302
1334
1170
1251
1314
1370
1299
938
574
372
446
408
-10
-373
-294
-222
-606
-737
-678
-871
-999
-1023
-958
-1050
-1264
-1231
-1373
-1350
-1002
-856
-936
-1000
-754
-451
-616
-835
-634
-471
-490
-850
-749
-654
-760
-823
-820
-887
-823
-828
-1026
-1132
-1136
-1153
-1059
-1053
-1172
-928
-806
-878
-968
-949
-981
-909
-594
-394
-494
-426
-324
-238
-105
147
246
173
452
749
923
1161
1454
1509
1683
1826
2003
2106
2300
2625
2634
2544
2719
2768
3069
3254
3270
2959
2429
2252
2343
2271
1846
1482
1005
660
137
-86
-192
-741
-1211
-1439
-1336
-1367
-1748
-1856
-1966
-1996
-1625
-1243
-1352
-1388
-1148
-970
-596
-232
30
176
315
708
999
1349
1362
1248
1355
1291
1449
1403
1208
1010
773
623
619
461
-4
-144
-496
-643
-706
-878
-1074
-1056
-1043
-1180
-1125
-1060
-814
-873
-796
-768
-948
-787
-632
-343
-538
-678
-609
-492
-299
-448
-396
-355
-226
-276
-539
-502
-560
-664
-612
-764
-857
-988
-1210
-1259
-1236
-1187
-1147
-1232
-1163
-1234
-1172
-1022
-855
-632
-530
-398
-198
112
264
461
572
890
1178
1349
1365
1463
1685
1935
1942
1974
2205
2283
2486
2404
2486
2598
2403
2420
2689
2956
3307
3351
2950
2712
2623
2571
2549
2321
2093
1802
1324
769
493
564
271
-235
-860
-1198
-1199
-1262
-1532
-1947
-2108
-2014
-1913
-1723
-1605
-1557
-1416
-1307
-964
-558
-314
-64
98
370
748
867
843
832
1013
1118
1373
1365
1150
914
707
609
469
467
297
-107
-395
-616
-723
-908
-1015
-1149
-1034
-1361
-1672
-1461
-1601
-1450
-1587
-1607
-1596
-1464
-1269
-1312
-1125
-968
-784
-787
-764
-837
-732
-664
-789
-930
-1004
-999
-981
-1036
-1094
-1083
-1338
-1288
-1356
-1422
-1358
-1265
-1326
-1354
-1372
-1202
-1050
-829
-472
-376
-238
-61
56
267
582
958
1119
1101
1316
1588
1814
1990
2029
2088
2176
2467
2579
2485
2662
2819
2728
2653
2742
2878
3108
2952
3106
3551
3604
3186
2914
2828
2545
2326
2359
2020
1161
403
220
555
450
-226
-823
-1304
-1665
-1484
-1716
-1907
-2071
-2211
-2012
-1929
-1871
-1742
-1548
-1474
-1212
-652
-285
-127
116
437
966
1178
1220
1050
1009
1095
1271
1430
1138
812
480
176
-12
174
-129
-463
-824
-1013
-1003
-1215
-1329
-1640
-1597
-1712
-1761
-1593
-1646
-1652
-1691
-1457
-1262
-1172
-1159
-1204
-1171
-932
-746
-815
-1083
-1118
-817
-939
-847
-877
-1018
-1080
-1251
-1182
-1099
-1270
-1407
-1566
-1434
-1418
-1443
-1367
-1457
-1365
-1348
-1072
-1029
-871
-586
-291
-58
135
348
450
762
1082
1315
1522
1686
1854
1821
2168
2409
2465
2653
2760
2716
2567
2619
2792
3100
3268
3143
2891
2893
2934
3373
3684
3741
3677
3512
3509
3233
2811
2714
2939
2571
1389
613
817
1002
648
-268
-892
-1059
-1125
-1344
-1566
-1696
-1894
-1823
-1878
-1924
-1616
-1528
-1703
-1323
-698
-130
-141
-320
-3
638
985
1101
1178
1125
1160
1218
1378
1412
1082
922
660
307
306
476
135
-566
-974
-888
-825
-1126
-1588
-1774
-1756
-1764
-1694
-1705
-1742
-2035
-2089
-1792
-1419
-1342
-1540
-1720
-1577
-1145
-1085
-1416
-1686
-1616
-1217
-1114
-1312
-1567
-1514
-1639
-1654
-1525
-1435
-1542
-1718
-1768
-1686
-1713
-1603
-1733
-1862
-1596
-1265
-1166
-1193
-979
-769
-529
-347
-174
-17
165
442
810
938
1090
1223
1286
1456
1697
1903
2211
2355
2369
2409
2295
2385
2387
2419
2894
2740
2497
2792
2998
3153
3288
3346
3299
3039
2869
2536
2445
2899
2456
1569
610
269
596
740
172
-939
-1685
-1789
-1512
-1670
-2231
-2529
-2524
-2492
-2488
-2178
-1860
-2019
-2034
-1504
-931
-344
-372
-441
-132
422
983
1146
1020
876
1033
1326
1524
1413
1181
832
386
292
533
489
-107
-700
-998
-1070
-1019
-1412
-1408
-1647
-1800
-1919
-2251
-2118
-1843
-1690
-1927
-2182
-1964
-1755
-1981
-2186
-1867
-1245
-1327
-1674
-1897
-1784
-1500
-1356
-1504
-1497
-1556
-1461
-1448
-1561
-1587
-1598
-1834
-2073
-1703
-1436
-1299
-1657
-1757
-1487
-1120
-1136
-966
-856
-381
-42
-57
42
66
290
542
742
1030
1094
1103
1215
1098
1569
2102
2117
2018
1921
2105
2545
2630
2445
2593
2906
3135
3261
3058
3158
3735
3971
3806
3526
3332
3087
3031
3042
2401
1386
656
981
1337
786
-540
-1351
-1553
-1562
-1501
-1885
-2184
-2520
-2768
-2337
-2017
-2106
-2167
-2266
-1913
-1145
-435
-186
-457
-359
215
840
1227
1135
1252
1503
1499
1575
1814
1676
1304
1160
1079
1028
760
255
-59
-358
-504
-368
-746
-1128
-1244
-1331
-1325
-1734
-2249
-2472
-1922
-1341
-1782
-2505
-2411
-1901
-1706
-1526
-1332
-1254
-1361
-1647
-1518
-1049
-778
-1064
-1485
-1126
-810
-767
-1044
-1264
-1069
-787
-769
-973
-869
-690
-430
-434
-335
-259
-302
-206
-137
24
289
542
467
390
718
1053
1117
1114
1203
1206
1267
1415
1779
1804
1694
1759
1959
2194
2239
2115
2133
2335
2584
2752
2749
2727
2852
3260
3666
3762
3602
3608
3489
3042
2617
2481
2365
1523
756
909
1252
544
-863
-1587
-1336
-1226
-1676
-1964
-2170
-2496
-2759
-2675
-2518
-2554
-2461
-2221
-1905
-1611
-1144
-888
-1032
-1055
-332
637
749
626
705
985
1157
1153
1317
1338
1046
816
852
712
466
41
-711
-1152
-1169
-1042
-1330
-1974
-2024
-1899
-2512
-3135
-2797
-2054
-2182
-2657
-2708
-2529
-2208
-2151
-2181
-2160
-1780
-1398
-1599
-1700
-1505
-1021
-960
-1512
-1346
-892
-762
-938
-1181
-959
-820
-907
-1037
-1028
-795
-500
-664
-726
-681
-481
-78
-59
-72
117
363
563
559
418
759
1047
1095
1112
1206
1372
1478
1613
1891
2162
2130
2161
1997
2157
2308
2456
2514
2545
2669
2652
2860
3184
3382
3214
3173
3354
3449
3002
2542
2537
2197
1319
813
1203
1475
424
-948
-1354
-1230
-1328
-1751
-2141
-2395
-2522
-2496
-2470
-2344
-2301
-2228
-1994
-1933
-1431
-1037
-891
-1165
-737
94
342
116
265
767
749
488
656
929
765
615
570
382
344
73
-197
-787
-1146
-881
-848
-1248
-1727
-1744
-1894
-2081
-2573
-2810
-2637
-2441
-2434
-2507
-2571
-2770
-2639
-2663
-2473
-1839
-1734
-2100
-2228
-1824
-1348
-1302
-1440
-1590
-1380
-1095
-1239
-1108
-1084
-1108
-952
-898
-809
-589
-560
-694
-405
-361
-47
-66
-47
40
346
656
754
845
728
873
1049
1302
1376
1524
1551
1598
1663
1954
2106
2324
2289
2258
2472
2576
2671
2644
2869
3010
3204
3475
3535
3620
3938
4086
3862
3370
2689
2582
2329
1626
1294
1812
1930
499
-990
-869
-142
-450
-1166
-1395
-1635
-1924
-2112
-1821
-1814
-2146
-1862
-1604
-1431
-1135
-683
-470
-729
-438
377
669
472
388
1078
1534
1166
1130
1205
990
761
832
903
455
161
101
-167
-484
-538
-591
-914
-1318
-1339
-1197
-1455
-1735
-2038
-2000
-1559
-1278
-1661
-2232
-2226
-1698
-1218
-1615
-2099
-2087
-1548
-1410
-1409
-1510
-1793
-2034
-1819
-1377
-1228
-1369
-1571
-1691
-1523
-1370
-1239
-1406
-1600
-1353
-1011
-768
-822
-789
-514
-328
-198
1
81
308
372
523
911
1290
1205
1083
1347
1778
1960
2036
1986
1893
2174
2551
2576
2404
2469
2575
2557
2587
2694
2976
3098
3078
3119
3420
3611
3654
3630
3431
3092
2629
2399
1994
1086
627
1408
1711
433
-1071
-1340
-808
-965
-1677
-1780
-1532
-2125
-2332
-2080
-1701
-1773
-1954
-1683
-1456
-1014
-566
-512
-838
-675
196
736
394
201
674
1120
1021
888
1023
1015
778
550
511
449
208
-153
-369
-443
-555
-657
-1007
-1355
-1509
-1181
-1256
-1657
-1930
-2226
-2147
-1805
-1512
-1671
-2068
-2199
-1822
-1434
-1349
-1554
-1652
-1694
-1524
-1127
-1105
-1203
-1291
-1274
-1077
-982
-979
-1008
-1223
-1204
-898
-818
-1100
-1238
-1083
-859
-550
-564
-546
-497
-397
-104
-7
198
222
267
484
666
949
1064
1094
917
1136
1489
1666
1650
1640
1935
2130
2288
2339
2406
2312
2259
2453
2645
2799
2780
2858
3207
3328
3536
3258
3407
3766
3234
2295
1929
2000
1374
1116
1457
1655
170
-1285
-1380
-843
-937
-1763
-2028
-2093
-2378
-2494
-2182
-2196
-2573
-2455
-1877
-1617
-1422
-959
-928
-1032
-781
108
629
386
232
745
1443
1228
997
936
916
786
878
750
444
143
8
-414
-674
-396
-314
-666
-1324
-1445
-1314
-1351
-1718
-1900
-1797
-1907
-2094
-1842
-1739
-1883
-2055
-1903
-1592
-1496
-1509
-1584
-1670
-1412
-1088
-1059
-1427
-1359
-852
-706
-746
-710
-584
-669
-642
-385
-143
-330
-700
-624
-234
147
-56
-83
-14
222
466
508
564
636
777
1122
1292
1378
1337
1487
1834
1934
2238
2322
2218
2308
2378
2536
2643
2686
2759
2690
2731
3073
3157
3235
3404
3879
3861
3457
3674
4190
4132
3323
2648
2535
2260
1625
1350
1593
1381
-36
-1145
-1109
-832
-1065
-1784
-2138
-2354
-2478
-2428
-2359
-2450
-2468
-2109
-1762
-1576
-1384
-1037
-931
-1008
-502
242
519
310
359
818
1080
1040
974
820
861
759
640
544
178
-72
-28
-171
-719
-783
-752
-823
-1145
-1306
-1533
-2194
-2380
-1752
-1111
-1542
-2632
-2860
-2298
-1642
-1394
-1675
-2071
-1912
-1524
-1454
-1401
-1519
-1349
-1278
-1372
-991
-983
-1194
-1550
-1396
-744
-724
-980
-1025
-1125
-799
-731
-723
-807
-978
-765
-458
-54
-71
38
0
-152
381
781
826
811
953
1156
1333
1508
1787
2162
2234
2139
2177
2421
2476
2542
2578
2538
2618
2690
2656
2559
2823
3047
3352
3378
3348
3264
3506
3889
4030
3383
2273
1641
1344
1588
2081
2229
951
-983
-1568
-733
-474
-1290
-2030
-2293
-2276
-2479
-2309
-2336
-2741
-2647
-2184
-1645
-1459
-1398
-1387
-1358
-1012
-250
308
54
-266
138
952
1089
747
472
411
291
360
425
254
-272
-436
-811
-1239
-1310
-1210
-1100
-1651
-1914
-1722
-1885
-2131
-1997
-2000
-2078
-2191
-2160
-2064
-2366
-2625
-2305
-1873
-1612
-2014
-2331
-2356
-2192
-1834
-1472
-1684
-1969
-1609
-1396
-1283
-1382
-1353
-1379
-1444
-1394
-972
-716
-863
-1017
-880
-499
-392
-420
-324
-332
49
345
368
304
251
471
724
1029
1168
1119
1288
1631
1979
2037
2235
2151
2191
2388
2614
2742
2776
2583
2449
2968
3112
3209
3280
3479
3824
3653
3731
4054
4303
4221
3488
2534
2135
1971
2016
2407
2395
1076
-620
-992
-478
-490
-1289
-1916
-2013
-2251
-2519
-2375
-2408
-2720
-2720
-2320
-1628
-1390
-1067
-968
-989
-856
-184
541
517
367
644
1301
1413
1242
1075
913
867
1080
1053
641
200
44
26
-309
-553
-498
-689
-1149
-1450
-1448
-1577
-1755
-2390
-3030
-2808
-1708
-1413
-2344
-3019
-2516
-1779
-1685
-1982
-2184
-2006
-1674
-1396
-1078
-1012
-1405
-1584
-1393
-1107
-747
-832
-1285
-1367
-1102
-689
-699
-1160
-1239
-955
-727
-609
-642
-570
-562
-480
-191
57
177
14
-174
84
806
1093
782
610
973
1562
1793
1773
1661
1796
2007
2341
2464
2365
2372
2519
2589
2664
2871
2953
3066
3095
3438
3704
3597
3294
3469
4202
3969
3038
2064
1329
1389
1658
2223
1904
266
-1168
-1454
-588
-671
-1649
-2205
-2340
-2512
-2672
-2525
-2707
-3070
-2850
-2341
-1772
-1373
-1523
-1534
-1561
-988
-33
222
-79
-336
591
1252
1131
864
651
728
616
824
945
628
-80
-314
-285
-480
-657
-889
-1273
-1687
-1789
-1795
-1902
-2261
-2620
-2672
-2469
-2327
-2561
-2781
-2699
-2472
-1975
-2042
-2114
-2093
-1904
-1744
-1633
-1094
-1090
-1348
-1481
-1096
-553
-601
-975
-1026
-880
-711
-710
-757
-939
-931
-716
-670
-568
-637
-633
-552
-469
-318
-251
-353
-419
-270
207
629
428
413
517
933
1380
1347
1385
1325
1491
1723
1432
1577
1871
1899
1840
1777
1963
2379
2469
2431
2729
3140
3352
3163
3104
3671
4282
3995
2528
1188
1139
1821
2510
2174
829
-753
-1521
-1222
-1077
-1530
-2598
-3002
-3029
-3197
-3032
-2805
-3362
-3855
-3315
-2605
-2088
-2145
-2173
-1908
-1372
-549
-68
-139
-359
100
1028
1361
1236
1081
937
812
1111
1231
1072
676
312
119
-19
-128
-127
-432
-838
-1001
-1296
-1508
-1963
-2647
-3085
-2549
-1791
-2090
-3096
-3570
-3012
-2306
-1901
-2147
-2482
-2340
-1749
-1299
-944
-1075
-1326
-1466
-1196
-568
-223
-542
-862
-923
-389
-74
-363
-684
-553
-256
-144
-148
-161
-279
-102
204
414
641
505
363
304
603
1069
1434
1346
946
839
1542
1888
1922
1850
1812
2026
2420
2648
2395
2373
2638
2823
3093
3076
3084
3161
3461
3834
3952
3782
3621
4069
4507
4146
2956
1790
1309
1949
2971
2821
935
-908
-1261
-577
-399
-1114
-1783
-2291
-2716
-2862
-2566
-2569
-3127
-3611
-3253
-2459
-1950
-1997
-2233
-2397
-1819
-653
-171
-358
-531
154
883
1140
1207
1123
907
828
1062
1491
1250
649
273
276
235
126
-219
-672
-1178
-1286
-1286
-1608
-1914
-2353
-2438
-2510
-2455
-2546
-2814
-3056
-2927
-2594
-2409
-2497
-2624
-2500
-2349
-1951
-1530
-1537
-1721
-1535
-1115
-898
-936
-1058
-979
-760
-682
-611
-339
-462
-624
-508
-459
-371
-414
-378
-440
-219
56
133
87
-120
316
438
425
514
573
727
824
793
1066
1612
1538
1199
1298
1769
2061
2135
2109
2161
2260
2367
2491
2639
2786
3015
3294
3430
3522
3587
3698
3864
4303
4119
2964
1449
1179
2047
3087
2597
826
-672
-993
-346
-290
-1015
-1930
-2410
-2576
-2787
-2593
-2747
-3293
-3617
-3379
-2527
-2040
-2248
-2644
-2534
-1666
-771
-558
-745
-904
-124
630
999
1010
690
492
589
1085
1387
1382
920
381
216
107
235
122
-202
-636
-999
-1221
-2083
-2706
-2373
-1639
-2238
-3394
-3934
-3682
-2943
-2948
-3154
-3222
-3191
-2970
-2619
-2247
-2204
-2109
-2111
-2213
-1619
-1220
-1112
-1318
-1307
-890
-742
-818
-1215
-926
-658
-276
-309
-729
-688
-632
-353
-134
113
123
-104
-86
158
712
955
745
667
761
982
992
1169
1417
1593
1569
1674
1776
2004
2356
2316
2560
2615
2657
2781
2733
2801
3098
3446
3617
3462
3352
3654
4063
4448
4338
3545
2241
1095
1328
2656
3646
2325
-211
-1022
-312
280
-455
-1439
-1793
-2191
-2346
-2413
-2420
-2737
-3145
-3072
-2664
-2027
-1933
-2165
-2431
-1932
-742
-195
-506
-1038
-507
580
1297
1318
1164
986
1021
1100
1494
1765
1609
1342
679
462
520
808
516
-93
-194
-321
-727
-1330
-1528
-1468
-1254
-1421
-1857
-2385
-2523
-2466
-2834
-2925
-2481
-1955
-2233
-2757
-2833
-2163
-1612
-1893
-2151
-1818
-1443
-1307
-1298
-1054
-930
-1005
-1015
-922
-323
-11
-108
-443
-584
-244
-96
-119
-204
28
346
414
138
-81
232
570
837
690
721
831
929
992
1157
1559
1651
1427
1441
1785
2182
2367
2184
2146
2362
2619
2634
2680
2841
3316
3775
3499
3291
3610
4203
4557
3783
2712
2008
1879
2088
2645
2593
1093
-543
-982
-429
-381
-1096
-1913
-2288
-2551
-2791
-2816
-2993
-3420
-3708
-3140
-2588
-2556
-2623
-2559
-2449
-1858
-1139
-758
-860
-1108
-540
412
844
793
760
692
1042
1462
1681
1627
1095
825
873
1266
1246
753
377
148
149
-93
-1012
-1507
-1282
-1147
-1697
-2312
-2463
-2679
-2833
-2800
-2766
-2709
-2862
-3352
-3043
-2691
-2493
-2425
-2569
-2520
-2132
-1675
-1597
-1790
-1440
-1101
-823
-928
-859
-359
-322
-276
-259
-82
-115
-104
89
220
424
375
175
214
398
526
852
987
719
604
715
832
1049
1340
1242
1071
867
1264
1672
1788
1693
1690
1925
2180
2310
2307
2176
2317
2882
2989
3170
3146
3227
3347
3574
4112
4003
2818
1316
991
2017
3173
3071
1122
-571
-742
152
261
-900
-1908
-2304
-2486
-2620
-2622
-2932
-3448
-3900
-3700
-3231
-2827
-3303
-3660
-3258
-2510
-1691
-1524
-1857
-1974
-1047
-11
501
383
364
538
836
1506
2061
2199
1636
1126
1315
2000
2175
1549
965
945
1207
1122
613
81
-364
-310
-844
-1605
-1931
-1706
-1638
-2177
-2778
-2725
-2795
-3169
-3221
-3219
-2740
-2714
-2955
-2952
-2608
-2095
-2159
-2165
-1820
-1327
-897
-953
-869
-361
-23
-24
-9
223
607
796
863
822
865
1082
1128
1060
1114
1357
1506
1364
1164
1223
1283
1322
1486
1663
1819
1855
1637
1469
1782
2281
2463
2066
1853
2089
2419
2445
2432
2675
2954
3348
3477
3573
3687
3835
4154
4537
4610
3929
2723
2175
2555
3101
3416
2498
806
-181
130
692
87
-1026
-1693
-2056
-2216
-2457
-2474
-2780
-3501
-3653
-3238
-2901
-3051
-3351
-3403
-3002
-2423
-2027
-2142
-2228
-1631
-564
88
-27
-196
-112
436
927
1475
1950
1725
1487
1492
1834
2154
2118
1588
1113
1058
1202
1070
634
-163
-428
-647
-1025
-1273
-1483
-1886
-2443
-2507
-2593
-2719
-3174
-3465
-3409
-3167
-2940
-3013
-3245
-3412
-3146
-2585
-2399
-2369
-2212
-2034
-1737
-1392
-1078
-877
-745
-649
-351
-142
131
256
412
538
619
834
824
725
1024
1064
1225
1265
1025
994
1021
1340
1478
1520
1406
1342
1178
1324
1627
1624
1358
1466
1632
1979
2129
2051
2030
2244
2715
2894
2919
2930
3119
3217
3722
4268
4398
3464
2081
1573
2585
3728
3727
2037
274
37
684
1008
23
-974
-1425
-1732
-1995
-2058
-2247
-2898
-3612
-3453
-3080
-2662
-3051
-3574
-3451
-2865
-2075
-2050
-2554
-2484
-1575
-509
-282
-520
-387
-52
395
935
1460
1768
1436
1385
1711
2074
2043
1672
1443
1399
1617
1414
854
324
-49
-396
-547
-200
-470
-1531
-2510
-2683
-2195
-2171
-2737
-3490
-3878
-3458
-3040
-3184
-3428
-3875
-3644
-3161
-2805
-2507
-2554
-2546
-2321
-1971
-1558
-1336
-1289
-1013
-672
-155
-184
-298
-99
269
709
653
982
881
821
1013
1245
1485
1450
1473
1282
1323
1645
1823
1575
1404
1514
1851
2104
1816
1597
1745
2009
2035
1925
1928
1943
1998
2281
2619
3004
2984
2536
2755
3340
4143
4296
3544
2586
1838
2157
2959
3354
2896
1539
370
298
893
888
-109
-955
-1273
-1077
-1366
-1862
-2241
-2652
-2829
-2602
-2416
-2780
-2983
-3143
-2748
-2208
-1870
-2082
-2460
-2082
-1151
-404
-348
-588
-495
60
514
1032
1446
1559
1526
1597
2024
2409
2207
1997
1957
1707
1686
1630
1409
699
267
266
112
-197
-810
-1144
-1474
-1607
-1478
-1891
-2336
-2646
-2698
-2572
-2590
-2523
-2669
-3111
-3012
-2622
-2261
-2383
-2728
-2368
-1889
-1578
-1563
-1482
-1218
-1001
-552
-331
-197
-34
212
345
566
915
931
849
1033
1221
1538
1537
1311
1257
1416
1671
1791
1708
1595
1809
1946
2052
1863
1830
1941
1862
1804
1807
1951
1933
1898
2218
2552
2833
2687
2407
2642
3232
3811
3739
2873
1802
1585
2088
2869
3151
2131
524
-192
353
1033
529
-720
-1326
-1383
-1472
-1646
-1982
-2561
-2917
-2902
-2620
-2593
-2992
-3239
-3129
-2864
-2444
-2249
-2491
-2739
-2256
-1237
-670
-999
-1178
-796
-369
163
684
932
732
722
730
1358
1600
1281
1302
1276
1273
888
158
274
930
885
-89
-852
-1087
-949
-1058
-1274
-1621
-1925
-2226
-2425
-2387
-2429
-2498
-2788
-2954
-2968
-2714
-2663
-2653
-2595
-2497
-2334
-2328
-2272
-1902
-1461
-1176
-1124
-1092
-840
-402
-192
32
446
675
680
566
928
1211
1401
1642
1560
1570
1700
1673
1782
1959
2125
2038
1876
1943
1858
1854
2064
2058
2020
2013
1887
1626
1814
2124
2287
2453
2457
2485
2529
2722
3184
3569
3215
2449
1481
1276
1994
2909
2886
1460
-51
-305
344
625
-37
-1000
-1447
-1410
-1709
-1940
-1949
-2075
-2414
-2646
-2590
-2626
-2736
-2785
-2625
-2427
-2187
-2410
-2826
-2706
-2036
-1373
-1282
-1416
-1443
-1020
-463
-176
381
611
500
282
548
961
1334
1289
995
1004
1265
1086
512
192
450
864
495
-377
-977
-791
-570
-719
-1084
-1720
-2012
-2224
-2139
-2092
-1987
-2385
-2890
-2883
-2479
-2246
-2374
-2642
-2886
-2360
-2258
-2264
-2158
-1774
-1398
-1275
-1190
-934
-629
-235
114
495
736
734
835
769
1190
1689
1761
1567
1566
1728
2061
2157
2040
1986
2182
2410
2215
2245
2242
2484
2598
2544
2592
2587
2519
2475
2644
2855
3023
3058
3068
2982
3366
3915
3804
2986
2096
1763
2331
3153
3365
2344
726
289
1007
1461
810
-270
-549
-552
-842
-1235
-1505
-1772
-1954
-2113
-2145
-2018
-2380
-2666
-2517
-2085
-1754
-1974
-2317
-2408
-1691
-731
-698
-1234
-1353
-1171
-755
-419
-67
104
-8
18
189
596
958
1069
901
732
537
468
413
662
760
578
74
-396
-573
-508
-623
-846
-968
-1325
-1586
-1774
-1793
-1804
-1938
-2060
-2306
-2570
-2429
-2235
-2131
-2147
-2255
-2335
-2372
-2129
-1814
-1466
-1255
-1449
-1388
-1119
-838
-409
-78
14
276
448
539
661
1186
1611
1704
1721
1593
1963
2065
2242
2158
2391
2491
2470
2441
2453
2553
2662
2546
2425
2543
2492
2479
2560
2721
2814
2906
2611
3000
3384
3559
3103
2149
1615
1708
2488
2832
2385
1106
245
359
817
588
-245
-741
-690
-730
-1091
-1418
-1690
-1919
-2074
-1861
-1749
-2007
-2379
-2223
-1846
-1709
-1851
-2061
-2354
-1989
-1138
-577
-927
-1316
-1151
-818
-259
61
-36
-127
-66
89
304
323
350
501
700
617
370
228
214
279
339
362
22
-608
-929
-803
-609
-688
-1129
-1480
-1703
-1814
-1483
-1390
-1844
-1857
-2183
-2248
-2077
-1961
-1980
-2259
-2323
-2322
-2084
-1970
-2004
-1749
-1606
-1636
-1448
-1353
-1323
-1115
-393
-88
-173
57
314
672
773
971
1236
1332
1375
1540
1839
2136
2121
2043
2107
2288
2288
2527
2679
2610
2350
2641
2734
2553
2682
2873
3120
2932
2916
3123
3389
3514
3459
2934
2016
1301
1993
3189
3282
1577
-135
-112
1092
1073
-42
-541
-863
-846
-1075
-1327
-1370
-1665
-1830
-1688
-1814
-1876
-1993
-2129
-1899
-1666
-1372
-1660
-2262
-1978
-934
-65
-626
-1163
-1022
-717
-121
303
515
171
31
44
227
404
444
340
48
159
286
388
-63
-425
113
432
19
-712
-770
-479
-289
-443
-616
-779
-748
-791
-690
-943
-1086
-1018
-1181
-1218
-1202
-1031
-1092
-1400
-1460
-1142
-1031
-1161
-1201
-777
-518
-606
-586
-611
-356
32
147
159
220
413
600
698
966
1250
1413
1419
1481
1746
1911
2047
2073
2158
2477
2535
2501
2657
3021
3364
3228
3162
3188
3409
3482
3605
3706
3827
4053
4112
4047
3217
2108
1622
2310
3675
3569
1520
-243
154
1413
1203
-355
-1475
-1166
-1066
-1407
-1717
-1984
-2320
-2607
-2619
-2447
-2404
-2472
-2486
-2388
-2043
-1707
-1991
-2514
-1978
-570
-99
-757
-1264
-981
-356
134
514
537
337
163
258
561
596
414
522
533
471
156
-276
-471
-399
-78
-314
-1284
-1734
-1381
-1046
-1092
-1533
-1875
-1806
-1798
-1804
-2061
-1912
-1945
-1963
-2056
-2074
-1895
-1734
-1759
-1819
-1646
-1508
-1442
-1466
-1126
-648
-577
-702
-620
-318
6
180
379
279
424
589
664
869
917
1007
1118
1100
1208
1331
1293
1317
1503
1777
1903
1875
1866
2044
2255
2354
2516
2722
2852
2968
3292
3580
3697
3754
3997
4207
3995
3216
2437
2223
2946
3743
3315
1504
122
676
1639
1353
-76
-1049
-735
-702
-1119
-1646
-1987
-2407
-2849
-2659
-2600
-2754
-2939
-2970
-2598
-2300
-2398
-2740
-2893
-2229
-1348
-912
-1369
-1773
-1502
-714
-147
-48
-76
-179
-51
200
351
409
366
280
346
757
569
-278
-737
-171
245
-228
-1146
-1560
-1142
-823
-1247
-1818
-2023
-2249
-2319
-2317
-2237
-2270
-2440
-2460
-2452
-2433
-2209
-2145
-2160
-1936
-1579
-1401
-1384
-1303
-862
-468
-415
-412
-247
204
606
669
751
907
1186
1309
1494
1719
1673
1682
1757
2119
2177
1838
1811
1912
2113
2334
2201
2049
1815
2248
2477
2382
2490
2519
2861
2869
2862
3425
3690
3719
3615
3104
2492
2069
2513
3658
3769
2016
368
822
2048
1721
291
-365
-207
-400
-966
-1311
-1440
-1628
-1859
-1973
-2132
-2343
-2125
-1863
-1788
-1755
-1943
-2334
-2490
-1750
-614
-604
-1288
-1597
-977
-377
-247
-163
-64
109
76
108
167
547
902
849
485
357
355
361
308
28
253
-69
-722
-971
-832
-534
-725
-1206
-1534
-1597
-1462
-1524
-1842
-1889
-1894
-2039
-2239
-2422
-2122
-1742
-1925
-2156
-2036
-1744
-1692
-1466
-1114
-952
-856
-711
-602
-247
210
360
600
792
1068
1223
1413
1596
1710
1884
2025
2180
2315
2487
2485
2630
2631
2666
2694
2584
2792
2816
3061
3047
3082
3018
2952
3065
3411
3518
3425
3208
2796
2028
1349
2055
3355
3323
911
-714
426
1669
1003
-624
-1131
-481
-648
-1406
-1772
-1746
-1877
-2031
-2008
-2486
-2645
-2522
-2294
-2037
-1810
-2007
-2492
-2691
-1933
-514
-458
-1337
-1773
-999
-304
-224
-428
-299
15
31
35
-30
90
358
224
-41
-4
47
-240
-653
-666
-162
-185
-864
-1438
-1346
-968
-975
-1259
-1593
-1739
-1760
-1731
-1949
-1973
-1914
-1950
-2004
-2341
-1920
-1643
-1680
-1899
-1816
-1550
-1462
-1278
-1076
-641
-654
-787
-624
-245
99
337
499
642
929
1247
1348
1486
1753
1969
2196
2222
2297
2554
2631
2666
2620
2767
2894
3057
2984
3064
3084
3269
3573
3813
3779
3692
3719
3325
2756
1833
1629
2823
3720
2046
-415
-529
1376
1560
-373
-1737
-1325
-801
-1364
-1910
-2175
-2232
-2541
-2644
-2730
-2997
-2977
-2860
-2739
-2666
-2376
-2402
-2886
-2835
-1702
-693
-1452
-2198
-1594
-665
-326
-297
-188
-195
-123
16
287
472
486
512
571
481
417
61
-437
-225
448
250
-762
-1508
-1299
-691
-876
-1449
-1714
-1598
-1489
-1685
-2005
-1871
-1877
-1781
-1971
-2286
-2087
-1914
-1607
-1889
-2042
-1843
-1660
-1502
-1240
-779
-698
-793
-685
-103
261
414
619
931
1180
1397
1662
1638
1864
2098
2418
2480
2593
2693
2616
2844
3003
2918
3000
3125
3242
3374
3398
3528
3832
4100
4110
4077
4227
4215
3672
2441
2227
3613
4823
3433
676
502
2337
2603
526
-831
-386
1
-735
-1575
-1666
-1717
-2034
-2160
-2275
-2566
-2650
-2686
-2578
-2536
-2438
-2511
-3114
-3030
-1826
-900
-1401
-2070
-1616
-719
-535
-609
-488
-355
-135
-64
116
273
297
303
377
460
428
215
-159
-263
97
175
-456
-1023
-951
-842
-1018
-1237
-1479
-1410
-1445
-1599
-1893
-1981
-1792
-1757
-2143
-2502
-2400
-2022
-1933
-2118
-2112
-1891
-1656
-1698
-1571
-1231
-1023
-1148
-910
-686
-436
-162
166
429
628
706
796
1263
1501
1671
1807
2022
2220
2224
2434
2668
2839
2961
2960
2976
3155
3354
3435
3373
3509
3719
3889
3780
3571
3463
2614
1553
2288
4045
3962
993
-772
1152
2661
1249
-749
-983
-284
-493
-1253
-1611
-1732
-1981
-2371
-2332
-2589
-2707
-2633
-2530
-2584
-2450
-2310
-2902
-3402
-2447
-1186
-1295
-2467
-2422
-1344
-794
-1036
-1138
-957
-620
-457
-445
-574
-509
-217
-188
-395
-412
-362
-679
-834
-416
-43
-583
-1349
-1347
-745
-688
-1118
-1409
-1410
-1131
-1136
-1542
-1875
-1654
-1164
-1288
-1841
-1974
-1626
-1210
-1367
-1744
-1534
-1284
-1320
-1280
-1012
-714
-870
-1030
-874
-308
-83
-57
58
442
608
762
958
1076
1460
1676
1692
1684
1673
1842
2185
2314
2450
2497
2703
2998
3010
3215
3581
3671
3654
3839
4114
3538
2106
1577
3262
4810
3143
164
-132
2025
2494
340
-1274
-575
-215
-973
-1601
-1842
-1850
-2315
-2460
-2647
-2812
-2793
-2803
-2800
-2549
-2315
-2551
-3262
-3082
-1430
-682
-1668
-2478
-1831
-567
-244
-705
-776
-465
-31
105
-14
-232
-68
426
404
38
-259
-144
-325
-433
-321
-419
-1029
-1714
-1261
-903
-1002
-1455
-1581
-1600
-1594
-1690
-1697
-1835
-1729
-1359
-1505
-1690
-1680
-1239
-1013
-1260
-1438
-1054
-780
-664
-514
-231
-112
-280
-159
332
664
626
655
1061
1514
1577
1700
2000
2196
2373
2542
2572
2423
2544
2826
3004
2962
3078
2940
3006
3257
3473
3660
3442
3557
3821
3939
3776
2594
1659
2644
4653
4233
1158
-183
1706
3160
1580
-692
-389
629
-19
-996
-1104
-1042
-1515
-2035
-2181
-2286
-2585
-2473
-2382
-2369
-2282
-2426
-3136
-3388
-2055
-1042
-1704
-2822
-2513
-1180
-836
-1210
-1209
-895
-419
-425
-696
-785
-171
473
403
-153
-538
-333
-212
-267
-101
-298
-941
-1353
-1084
-612
-748
-1375
-1611
-1506
-1401
-1555
-1797
-1850
-1752
-1541
-1724
-2149
-2274
-1636
-1210
-1408
-1833
-1842
-1216
-893
-825
-607
-455
-471
-309
334
746
747
914
1229
1533
1807
1815
2042
2304
2599
2867
2961
2858
2918
3198
3427
3439
3241
3408
3588
3622
3656
3556
3527
3636
3780
3766
2530
1241
1815
3799
4078
1099
-689
894
2556
1462
-900
-790
140
-486
-1511
-1562
-1298
-1757
-2237
-2171
-2320
-2670
-2653
-2404
-2129
-2131
-2213
-2737
-3128
-2215
-975
-1036
-2024
-2088
-1093
-826
-1094
-779
-220
-171
-768
-767
-460
27
74
-341
-594
-598
-315
-469
-735
-611
-311
-623
-1190
-1369
-895
-823
-1295
-1379
-1426
-1317
-1379
-1480
-1640
-1374
-1299
-1612
-1780
-1922
-1501
-1238
-1517
-1634
-1265
-1109
-1017
-999
-663
-400
-457
-342
-18
250
381
548
644
1189
1142
1364
1589
1766
2170
2377
2552
2638
3002
3224
3258
3264
3236
3418
3660
3900
3775
3761
4000
4207
3778
2499
1304
2201
4765
4082
800
-755
1363
3098
1149
-978
-629
355
-403
-1607
-1306
-1217
-1977
-2397
-2200
-2206
-2783
-3026
-2738
-2275
-2148
-2532
-3368
-3413
-2093
-1198
-1662
-2494
-2171
-1353
-1288
-1328
-875
-518
-744
-827
-566
-52
109
21
-25
-188
-188
-93
-280
-478
48
43
-583
-1198
-1002
-426
-728
-1118
-1230
-1218
-1532
-1564
-1425
-1468
-1573
-1401
-1392
-1827
-1885
-1313
-950
-1108
-1503
-1287
-809
-503
-371
-123
96
164
382
565
938
1383
1445
1592
1898
2231
2295
2413
2679
2987
3129
3045
3380
3612
3675
3687
3855
4152
4384
4226
4310
4413
4479
4645
4411
3476
2289
2858
4717
4609
1816
125
1654
3321
1973
-343
-238
695
25
-1102
-1110
-914
-1723
-2249
-2047
-1988
-2508
-2879
-2508
-2246
-2265
-2506
-2945
-3132
-2410
-1507
-1701
-2498
-2300
-1595
-1356
-1370
-1045
-613
-553
-774
-714
-605
-503
-184
118
-184
-533
-409
-217
-393
-276
-97
-584
-1072
-1095
-623
-687
-1134
-1218
-1315
-1274
-1338
-1376
-1499
-1687
-1558
-1306
-1600
-2031
-1630
-1115
-993
-1485
-1562
-1047
-967
-821
-534
-167
-136
-92
181
490
681
963
1361
1450
1539
1588
2071
2529
2599
2919
3272
3346
3284
3466
3650
3942
4188
4139
3863
4013
4344
4514
4427
3843
2853
2331
3769
5125
3371
439
615
2984
3097
479
-723
588
772
-577
-1217
-788
-1099
-2120
-2091
-1595
-2195
-2947
-2900
-2424
-2335
-2650
-2853
-3281
-3152
-2204
-1840
-2414
-2852
-2165
-1308
-1688
-1787
-1267
-806
-1056
-1188
-775
-841
-843
-502
-291
-469
-810
-712
-564
-771
-552
-464
-952
-1372
-1296
-783
-864
-1447
-1524
-1237
-1432
-1708
-1631
-1754
-1856
-1660
-1605
-1909
-2197
-1747
-1278
-1688
-1770
-1337
-1229
-1301
-1205
-751
-503
-791
-703
-126
139
296
492
857
996
1174
1429
1934
2084
2249
2550
2755
2725
3065
3161
3275
3539
3716
3832
3685
3597
3843
4256
4151
3471
2386
2468
4094
4576
2556
505
1340
3222
2404
249
19
1079
484
-629
-539
-106
-960
-2106
-1660
-1040
-1785
-2825
-2672
-2137
-1960
-2321
-2708
-3156
-2922
-1912
-1638
-2441
-2642
-1856
-1632
-1924
-1667
-1061
-974
-1349
-1154
-634
-622
-786
-568
-274
-512
-731
-500
-436
-743
-517
-256
-906
-1277
-1018
-678
-875
-1393
-1254
-1286
-1456
-1433
-1460
-1459
-1403
-1288
-1109
-1373
-1443
-997
-684
-880
-987
-639
-465
-389
-85
333
494
305
286
838
1166
1263
1335
1380
1646
1578
1760
1987
2142
2415
2584
2694
2684
2992
3107
3218
3363
3507
3637
3513
3532
3715
3984
3509
2620
2432
3663
4482
3266
1499
1623
3001
2930
1240
715
1434
1216
55
-190
512
68
-1247
-1536
-797
-924
-1923
-2273
-1923
-1765
-2017
-2371
-2776
-2704
-2315
-2023
-2423
-2754
-2570
-2327
-2440
-2311
-1785
-1872
-2335
-2205
-1643
-1454
-1634
-1650
-1188
-1024
-1372
-1323
-1051
-1073
-1060
-852
-636
-864
-1224
-1033
-823
-875
-1034
-1194
-1267
-1450
-1324
-1417
-1546
-1545
-1547
-1544
-1725
-1648
-1403
-1316
-1385
-1191
-951
-1138
-1142
-730
-260
-282
-420
-93
281
620
640
894
1131
1230
1307
1529
1758
1813
1911
2188
2431
2321
2327
2351
2506
2710
2695
2723
2549
2573
2960
3024
3016
2545
1811
2236
3260
3216
1873
1084
1879
2475
1719
788
1027
1322
676
-4
419
511
-288
-985
-585
-44
-793
-1521
-1490
-1062
-1183
-1532
-1772
-1650
-1679
-1433
-1446
-1559
-1521
-1713
-1729
-1608
-1372
-1267
-1479
-1495
-1283
-1210
-1250
-1278
-1180
-1231
-1298
-1203
-1292
-1543
-1346
-1092
-1069
-1346
-1603
-1434
-1318
-1401
-1387
-1193
-1228
-1227
-1182
-1059
-859
-795
-829
-1035
-1122
-916
-813
-1044
-1026
-969
-878
-944
-1118
-863
-577
-412
-528
-426
-255
-189
1
112
393
672
622
541
587
806
1029
968
1231
1385
1356
1355
1294
1352
1426
1293
1368
1785
1782
1636
1835
1990
2107
2202
1974
1776
1417
1558
2135
2293
1904
1389
1507
1670
1439
1083
1105
1248
723
336
453
670
362
-241
-264
-22
-196
-563
-560
-548
-547
-814
-1056
-1032
-976
-987
-1179
-1183
-937
-847
-1180
-1058
-964
-934
-795
-1004
-941
-941
-935
-860
-915
-992
-1037
-1049
-1001
-1122
-1018
-1008
-1151
-1225
-1248
-1063
-1153
-1147
-1196
-1055
-959
-995
-1070
-1158
-1128
-930
-832
-885
-725
-575
-420
-410
-628
-469
-197
-18
-1
-19
15
232
244
223
280
617
867
760
922
1125
1235
1358
1640
1633
1630
1438
1469
1741
1573
1504
1577
1559
1623
1606
1591
1595
1659
1532
1407
1470
1439
1321
1353
1472
1315
1293
1212
1155
1211
1213
1192
1020
896
1014
978
828
800
781
634
491
353
112
116
90
15
-36
-139
-238
-340
-541
-780
-889
-835
-895
-920
-962
-987
-1030
-1078
-1110
-1137
-1129
-1219
-1248
-1312
-1317
-1203
-1312
-1364
-1470
-1402
-1362
-1352
-1350
-1399
-1346
-1301
-1280
-1264
-1292
-1271
-1330
-1172
-1182
-1233
-1082
-1092
-997
-939
-863
-937
-661
-565
-569
-432
-599
-552
-653
-299
-357
-431
-331
-191
-37
-18
247
321
280
337
455
610
842
850
824
884
1070
1203
1317
1379
1400
1479
1458
1508
1452
1468
1484
1427
1322
1346
1337
1234
1172
1204
1294
1361
1191
1081
1101
1109
1058
888
843
835
793
502
309
394
560
537
418
278
127
211
112
16
-149
-235
-126
-208
-260
-216
-305
-372
-400
-402
-390
-530
-589
-502
-644
-685
-550
-651
-814
-844
-855
-902
-1057
-956
-1072
-1262
-1129
-1197
-1146
-1204
-1158
-1141
-1278
-1328
-1420
-1296
-1239
-1214
-1375
-1430
-1362
-1239
-1292
-1224
-1106
-1086
-1047
-941
-690
-587
-622
-330
-229
-234
-197
-239
-174
35
180
128
305
169
141
413
415
509
379
548
794
722
717
701
743
779
756
840
655
785
1024
890
848
692
740
745
849
776
796
918
819
731
763
903
848
727
829
797
756
712
712
760
634
518
387
367
304
270
252
212
137
6
-201
-233
-134
-163
-98
-245
-304
-272
-439
-336
-308
-476
-428
-534
-529
-440
-512
-560
-571
-578
-490
-397
-486
-580
-588
-447
-432
-353
-464
-454
-348
-446
-498
-423
-264
-290
-316
-194
-140
-342
-228
-150
70
79
-199
-211
-193
-156
-80
-95
14
56
65
108
258
368
376
475
455
487
632
652
650
694
780
932
948
868
965
1087
1154
1178
1180
1160
1216
1101
1009
1019
1009
964
928
936
759
770
625
595
571
491
462
275
241
135
147
70
66
31
14
43
23
-22
94
-20
12
38
-35
-24
-202
-14
13
-122
-10
-22
-54
-114
-105
1
-17
15
-30
-46
-38
-54
-100
-128
-129
-328
-318
-407
-420
-389
-454
-458
-507
-534
-634
-706
-705
-707
-706
-732
-669
-580
-618
-533
-628
-659
-536
-377
-469
-454
-482
-428
-217
-157
-159
-196
45
47
55
167
379
250
106
352
282
432
256
284
402
405
425
400
454
505
608
470
461
585
617
566
621
608
587
609
558
651
658
502
607
657
607
489
481
490
424
497
443
430
496
344
186
175
239
244
215
128
13
34
-59
-151
-206
-341
-327
-422
-411
-537
-529
-490
-457
-526
-702
-677
-601
-506
-557
-549
-462
-457
-475
-450
-346
-394
-449
-420
-372
-165
-177
-243
-196
-182
-170
-256
-171
-371
-375
-361
-529
-493
-547
-534
-632
-736
-628
-664
-889
-862
-896
-849
-734
-785
-555
-466
-555
-534
-539
-524
-423
-269
-315
-357
-315
-286
-192
-147
-107
-78
-71
173
211
317
379
434
321
323
518
517
557
543
740
771
666
621
696
672
694
656
549
490
447
455
409
415
233
255
369
160
24
12
110
77
83
63
73
101
203
145
-62
5
-50
-111
-26
-53
-128
-95
-138
-20
27
-122
-93
47
186
220
91
56
104
28
9
70
20
20
-44
-25
6
25
-27
-147
-206
-80
-114
-164
-148
-96
-44
-53
66
100
128
183
68
-14
46
298
369
101
56
33
81
137
123
130
168
85
53
124
165
269
305
330
298
297
266
301
219
156
291
181
121
89
204
184
292
343
297
301
264
330
326
282
232
432
439
455
268
292
246
165
199
191
156
198
206
135
205
108
35
106
109
162
152
151
118
37
84
27
-77
-206
-271
-298
-306
-215
-356
-494
-569
-576
-708
-708
-768
-764
-603
-625
-610
-681
-682
-600
-520
-489
-585
-580
-465
-502
-476
-338
-312
-326
-220
-121
-108
-197
-261
-125
-146
-39
75
-135
-173
-204
-182
-74
-174
-290
-393
-263
-279
-304
-395
-376
-222
-342
-211
-170
-382
-267
-333
-287
-147
-110
-228
-199
27
-67
74
75
49
-72
-59
53
133
138
91
122
222
257
297
399
444
375
346
239
226
148
219
270
126
117
112
49
-19
84
-43
-116
-257
-105
35
-43
-139
-318
-107
2
-151
-149
-47
29
113
44
117
117
190
144
5
43
-11
34
45
-157
-55
-93
-205
-216
-291
-259
-383
-649
-621
-465
-633
-674
-571
-728
-801
-862
-814
-840
-841
-846
-898
-795
-763
-770
-852
-674
-745
-729
-692
-536
-453
-612
-522
-358
-172
-92
119
147
75
39
-89
-99
-96
21
37
74
30
-43
-50
-147
-27
-429
-297
-106
-306
-345
-237
-72
-228
-139
-131
-202
-180
-318
-197
-65
-73
-69
48
129
83
160
220
296
238
247
295
252
335
358
323
312
276
221
163
324
227
270
210
27
265
18
-20
-61
-98
-128
31
-59
-20
-71
-92
-48
-114
-168
-72
87
-24
84
-3
81
-75
-100
-26
-20
-5
-69
-45
-34
-139
-106
-12
-42
-30
-10
31
10
-32
-98
122
91
-5
177
90
109
-76
-70
88
238
190
-68
-84
2
81
-104
-38
35
7
43
84
42
270
141
195
262
155
293
168
241
353
308
25
132
122
-9
44
-35
-41
-141
-9
-110
-74
-96
-100
-63
-144
-173
-119
-95
-87
-74
-56
-17
-183
-37
-78
-47
-16
31
10
-54
-46
-11
60
151
205
227
203
173
284
210
154
164
219
201
153
170
191
158
60
53
47
-81
-94
26
-31
-243
-237
-318
-294
-344
-404
-347
-447
-412
-350
-445
-424
-516
-492
-355
-480
-417
-443
-465
-394
-402
-394
-424
-474
-438
-353
-170
-148
-163
-258
-175
-225
-10
115
-112
-87
-114
17
83
71
34
152
10
122
-35
3
67
40
13
-186
-166
-120
-157
-163
-308
-354
-317
-318
-487
-601
-468
-522
-508
-525
-553
-460
-401
-494
-331
-516
-416
-327
-421
-390
-388
-236
-135
-114
-163
-208
-119
-59
41
29
52
56
47
246
312
312
196
193
274
166
100
60
127
192
162
288
84
86
120
42
116
52
20
-42
-180
-184
-45
-228
-387
-309
-280
-456
-342
-304
-310
-410
-421
-436
-429
-424
-540
-561
-590
-665
-767
-696
-756
-846
-704
-653
-644
-780
-735
-748
-533
-561
-519
-451
-320
-295
-298
-338
-411
-377
-409
-252
-359
-255
-314
-456
-219
-118
-377
-333
-61
25
31
20
33
-39
-10
81
-42
-173
-114
-171
-150
-143
-177
-261
-316
-348
-302
-430
-471
-431
-458
-524
-373
-494
-525
-488
-685
-633
-638
-388
-124
-118
-345
-228
-198
-193
-68
-52
31
141
127
191
242
142
258
358
595
430
484
483
490
673
582
578
626
518
374
554
568
413
317
280
291
237
122
201
145
199
14
17
-8
-61
-33
-122
2
49
32
156
132
-173
-77
32
247
178
-37
-76
42
-35
53
115
83
73
12
112
55
230
185
284
307
212
329
233
136
225
184
167
107
26
118
120
153
35
-10
-88
-6
-45
-120
-101
-104
-50
-64
-10
-28
-135
-131
-129
-157
-132
-168
-289
-225
-147
-156
-235
-257
-271
-214
-171
-138
-111
-169
12
-73
-65
-8
-194
-170
-148
-208
-97
-34
-87
-65
-102
-68
34
-54
-74
90
114
-1
-15
-48
-10
59
46
36
-23
-34
16
9
66
67
22
10
-130
-18
-8
14
211
104
140
30
83
-23
-106
-207
-216
-116
-273
-317
-410
-232
-274
-427
-364
-411
-365
-397
-288
-168
-353
-353
-137
-97
-205
-45
-129
-214
-230
-184
-79
-150
-180
-218
-191
-51
-38
-61
-99
-119
-154
-111
-151
-40
-36
-65
12
-5
-27
-55
-57
-64
-101
-148
-238
-322
-230
-210
-382
-540
-241
-161
-122
-218
-242
-177
17
-206
-356
-277
-99
21
33
62
0
25
-43
59
81
90
186
172
112
187
175
185
141
165
225
309
71
-5
125
15
75
-14
-59
1
-110
-13
-135
-93
-137
-202
-221
-271
-92
-356
-261
-179
-183
-232
-245
-152
-198
-349
-135
-64
-145
-131
25
-4
-62
-12
-121
-4
-48
-181
-81
-84
-240
-257
-321
-177
-565
-556
-400
-363
-340
-420
-340
-411
-306
-359
-357
-301
-262
-298
-134
-134
-113
-79
-83
-109
-122
-103
-7
-143
-19
-103
-110
-46
-24
58
-34
-156
-87
-71
10
-15
-136
-176
-170
-208
-107
-99
-150
32
-82
-234
-34
-83
-150
-74
-90
-60
-9
13
156
146
150
129
184
285
239
355
324
410
437
494
490
407
356
363
425
424
308
338
384
440
547
434
345
384
383
292
319
334
188
239
437
424
377
128
167
239
54
73
34
165
-13
143
238
209
325
309
282
291
320
203
300
189
274
204
90
238
213
171
300
305
329
182
191
284
188
288
168
95
49
32
63
-14
13
-28
-135
-112
-52
-132
-236
-260
-240
-174
-154
-263
-353
-262
-167
-106
-19
-111
-123
-55
-68
-141
-160
-63
-84
-8
74
-54
-26
-167
-276
-124
-44
-79
-116
-56
52
98
-15
-87
-16
67
189
25
108
272
168
27
76
172
105
147
139
205
162
146
175
208
185
117
100
-28
-14
84
114
120
-52
-66
-3
-4
81
-92
-123
-129
-22
9
31
20
-64
-137
-55
-85
-243
-91
13
-168
-110
-73
-54
-141
-52
14
-184
-37
-97
-158
-219
-69
26
60
34
-48
31
-15
-21
-47
-86
72
75
2
-94
36
120
-23
0
-38
38
-35
31
168
203
159
-16
33
276
142
-52
-98
3
28
-6
-36
16
30
82
200
129
180
213
153
141
254
202
189
137
39
81
76
-5
-119
-80
-17
-140
-15
-70
-138
-191
-111
-161
-99
-65
161
-71
-195
-121
-267
-155
-329
-200
-290
-197
-152
-313
-272
-176
-24
-68
-94
-18
-56
-96
-238
-212
-209
-275
-194
-251
-340
-287
-304
-333
-293
-526
-364
-131
-85
-63
-160
-88
-190
-38
-32
-136
-584
-1491
-1094
-108
-302
-894
-796
-186
-30
-468
-299
-69
-244
-421
172
367
-143
-32
201
508
412
246
455
550
252
250
625
547
310
194
261
244
265
67
110
211
201
264
115
97
204
214
193
197
291
322
279
178
349
475
376
252
140
362
364
121
0
304
315
4
66
60
54
129
-7
100
373
411
291
243
324
526
238
127
310
489
571
268
256
352
348
193
116
215
319
330
152
84
368
368
288
145
76
301
290
126
41
-48
81
11
-148
60
174
87
-58
-126
60
54
-95
-15
126
6
103
-22
-77
-95
94
230
-34
71
62
-56
-200
-247
32
100
-182
-167
15
-53
-136
-176
-125
118
156
61
37
-38
-12
-108
-109
-26
213
161
-33
69
211
302
61
-104
-51
112
71
35
-61
100
175
-94
1
225
137
-28
-15
262
337
155
113
78
119
24
-14
142
135
76
71
31
126
85
8
-62
-13
196
154
-168
-163
81
104
36
17
144
154
87
-20
-144
-218
-181
-149
6
-154
-199
40
-94
-287
-311
-267
-209
-189
-263
-282
-298
-399
-443
-518
-356
-251
-221
-184
-212
-171
-240
-307
-349
-163
-18
-99
-312
-257
-131
-95
-221
-256
-158
-219
-250
-231
21
59
28
-132
-82
160
198
212
151
134
152
183
92
110
125
262
211
194
18
-20
190
104
224
79
194
158
95
-44
78
105
-113
-58
-159
-85
-162
-135
-187
-73
