128
84
152
-40
-8
-38
-60
-47
16
106
84
22
-79
-124
-129
-28
-72
-23
-9
-23
110
118
110
188
94
-38
-104
-170
-132
-114
-57
130
175
96
79
41
88
206
227
147
302
572
275
368
541
249
336
510
415
644
660
364
590
318
335
716
426
668
516
225
588
491
191
462
241
357
749
474
715
870
773
957
901
749
867
817
768
739
830
646
667
741
469
553
692
530
576
642
352
561
622
352
535
640
561
529
552
522
462
495
398
378
631
513
455
568
473
548
474
605
284
546
321
189
313
126
205
205
226
302
164
311
325
211
208
136
375
-1
-28
48
60
204
-7
53
-149
-215
-325
-320
-352
-333
-254
-200
-51
-208
-158
-56
-133
-39
6
38
-66
-52
-38
-89
-67
-96
114
130
45
17
51
110
98
24
-59
-17
45
2
116
200
228
236
282
268
305
409
377
417
367
330
397
285
294
366
263
323
308
191
145
276
265
213
168
173
279
432
418
305
358
380
411
379
444
406
342
269
247
189
146
57
36
213
73
8
-16
-163
-189
-109
-104
-274
-301
-238
-285
-195
-369
-240
-274
-442
-395
-263
-244
-264
-132
-229
-285
-206
-327
-385
-258
-189
-193
-229
-137
-108
-122
-61
-117
-158
-304
-311
-119
-113
-37
-4
119
63
221
276
278
371
311
363
366
359
470
560
535
544
593
612
644
712
615
812
757
935
923
800
1081
1278
1233
1094
1448
1192
1156
1300
1133
1348
1345
1246
1285
1181
1099
1151
1302
1377
1270
1380
1360
1331
1371
1334
1322
1331
1414
1391
1299
1280
1241
1109
1049
1052
776
660
380
187
1
-172
-210
-431
-659
-679
-688
-936
-1081
-1150
-1229
-1244
-1223
-1271
-1279
-1227
-1216
-1143
-1136
-1150
-1122
-1081
-1097
-1049
-980
-998
-1019
-1015
-990
-1036
-1056
-947
-1018
-1112
-1045
-1029
-1043
-1147
-1072
-1170
-1176
-1094
-1039
-1114
-1134
-898
-1126
-776
-759
-753
-707
-942
-747
-684
-675
-408
-565
-386
-141
-397
39
-199
-75
160
-40
263
379
265
528
638
401
725
706
548
882
971
764
750
879
832
929
1110
1063
1181
1442
1255
1336
1488
1463
1309
1582
1752
1643
1594
1910
2000
1752
1849
1835
1698
1631
1575
1422
1036
912
865
581
443
319
56
-21
-102
-418
-592
-555
-793
-889
-932
-1218
-1116
-879
-952
-976
-800
-834
-767
-607
-576
-644
-727
-348
-175
-328
-254
57
26
-66
71
149
180
120
275
-71
-147
-41
-98
-144
-323
-490
-482
-554
-610
-740
-823
-966
-974
-995
-1197
-1071
-1140
-1168
-1173
-1109
-1035
-907
-809
-894
-859
-714
-602
-433
-338
-180
-185
-68
215
207
315
346
523
594
607
562
637
634
491
574
650
577
653
654
572
674
700
841
893
913
940
1073
1209
1304
1341
1580
1561
1465
1723
1771
1708
1906
1915
1833
1843
1817
1712
1457
1436
1201
1016
757
557
355
159
72
-209
-324
-364
-557
-826
-990
-1043
-1114
-1244
-1544
-1575
-1574
-1691
-1752
-1710
-1704
-1656
-1598
-1525
-1414
-1256
-1218
-1209
-1147
-1053
-830
-865
-774
-601
-482
-300
-208
-209
-208
-236
-428
-420
-488
-521
-663
-676
-734
-952
-961
-1145
-1174
-1242
-1431
-1374
-1308
-1349
-1260
-1271
-1353
-1234
-969
-1109
-1134
-845
-809
-568
-646
-521
-222
-74
276
232
272
344
391
339
513
568
472
514
578
627
666
938
1029
1103
1122
1114
1153
1211
1278
1320
1330
1350
1338
1410
1528
1616
1641
1896
1933
1841
1906
1786
1785
1773
1863
1807
1797
1896
1985
2038
1941
1837
1745
1601
1569
1429
1049
783
673
404
182
-60
-143
-284
-450
-630
-900
-1050
-1199
-1407
-1567
-1630
-1840
-1843
-1867
-1900
-1737
-1764
-1555
-1464
-1290
-1095
-1046
-952
-784
-755
-797
-468
-549
-622
-344
-270
-421
-173
-54
-413
-407
-127
-524
-728
-576
-742
-1138
-918
-867
-1086
-1208
-999
-866
-894
-1043
-686
-794
-1244
-894
-845
-1075
-889
-755
-693
-532
-433
-219
-189
-77
265
181
-12
186
306
375
134
417
854
771
679
980
1105
1074
1039
1091
1218
1243
1287
1246
1180
1315
1403
1360
1428
1568
1504
1686
1864
1673
1790
1865
1949
1904
1765
2167
2398
2132
2278
2374
2098
2207
2212
2146
2007
1787
1717
1578
1400
1043
921
545
395
251
98
69
-63
-266
-579
-683
-869
-885
-1011
-1168
-1240
-1345
-1397
-1436
-1515
-1450
-1408
-1358
-1345
-1259
-1263
-1286
-1152
-1004
-1010
-919
-711
-653
-531
-402
-147
-156
-157
-80
-56
42
85
-21
-156
-272
-324
-358
-557
-706
-821
-920
-961
-956
-1009
-1041
-954
-904
-905
-911
-917
-937
-945
-834
-737
-591
-517
-299
-96
43
217
299
351
278
279
411
368
279
404
453
549
534
600
648
726
850
854
862
856
788
788
775
864
1100
1188
1350
1295
1384
1446
1569
1653
1649
1575
1605
1590
1593
1686
1501
1764
1891
1974
1925
1896
1987
2018
1996
1736
1563
1320
1399
1155
948
796
590
527
334
221
62
-117
-449
-622
-794
-980
-1172
-1271
-1540
-1538
-1491
-1550
-1613
-1536
-1448
-1247
-1112
-1083
-884
-951
-640
-704
-734
-372
-250
-127
-190
-201
-3
253
520
159
14
123
83
200
-29
-207
-200
-115
-265
-444
-475
-576
-563
-615
-666
-596
-494
-383
-368
-295
-342
-400
-373
-377
-402
-360
-223
-104
-205
-124
-16
107
67
147
320
437
433
237
337
407
499
561
614
787
898
863
905
919
911
802
753
810
752
736
761
806
896
944
1007
1162
1266
1209
1235
1259
1387
1286
1235
1412
1304
1459
1495
1498
1514
1609
1480
1509
1616
1128
1167
1088
708
407
400
194
-253
-139
-399
-610
-488
-827
-1166
-975
-1085
-1707
-1588
-1583
-1907
-2049
-1854
-1936
-2281
-1966
-1814
-1952
-1760
-1631
-1722
-1589
-1309
-1423
-1284
-1056
-1003
-1018
-775
-536
-675
-407
-151
-395
-407
-45
-137
-485
-518
-347
-589
-743
-859
-947
-941
-1003
-1048
-1009
-1041
-1112
-1084
-1047
-1205
-1263
-1051
-1003
-819
-815
-627
-635
-460
-314
-451
-248
-344
-318
-62
47
-230
-86
-19
-138
-271
-59
132
139
-5
82
356
303
474
350
332
315
419
428
543
654
740
925
1123
998
1046
1059
1000
1256
1318
1354
1466
1495
1518
1518
1524
1606
1648
1727
1763
1716
1656
1545
1367
1333
1251
1161
1039
790
616
390
144
-8
-319
-453
-696
-777
-931
-1226
-1325
-1477
-1608
-1763
-1803
-1862
-1791
-1750
-1857
-1639
-1506
-1434
-1319
-1200
-924
-776
-654
-540
-468
-438
-302
-245
-185
-94
-28
-36
126
142
47
-47
-1
-69
-329
-291
-341
-625
-637
-613
-719
-614
-633
-503
-519
-636
-586
-478
-359
-539
-676
-685
-596
-548
-630
-505
-398
-331
-193
-223
-129
-213
-281
-132
-88
100
138
204
357
472
475
599
623
501
518
579
721
689
693
737
772
826
812
799
918
858
916
930
1003
1142
1176
1416
1346
1329
1463
1510
1484
1479
1733
1559
1504
1631
1621
1675
1527
1540
1386
1148
971
744
728
526
443
309
-43
-236
-280
-342
-613
-644
-892
-1117
-1126
-1234
-1471
-1576
-1583
-1708
-1741
-1798
-1855
-1912
-1635
-1652
-1415
-1200
-1019
-965
-982
-861
-910
-728
-719
-636
-575
-470
-332
-295
-322
-454
-205
-218
-257
-268
-359
-363
-623
-885
-975
-1062
-1018
-967
-1004
-981
-1048
-1001
-986
-985
-986
-925
-1014
-1000
-823
-762
-698
-609
-495
-217
-126
-149
-5
-27
-108
-172
-141
-220
17
18
-72
244
243
265
441
586
421
453
530
378
569
860
794
844
1061
1151
876
1192
1272
1426
1102
1044
1296
1288
1159
1090
1390
1288
1266
1411
1484
1463
1550
1716
1776
1634
1474
1680
1738
1652
1327
1306
1482
1216
865
508
554
271
127
-111
-344
-630
-970
-1092
-1190
-1346
-1575
-1676
-1767
-1939
-2073
-1924
-1968
-1995
-1918
-1681
-1729
-1603
-1349
-1436
-1025
-834
-908
-906
-856
-1000
-880
-812
-586
-553
-419
-541
-646
-602
-757
-755
-1020
-992
-1121
-1238
-1260
-1236
-1254
-1300
-1253
-1393
-1324
-1330
-1279
-1347
-1277
-1318
-1390
-1393
-1405
-1252
-1277
-1260
-1174
-1079
-954
-1050
-816
-727
-704
-576
-466
-430
-331
-362
-257
-231
-231
-111
104
243
115
118
208
256
201
228
211
304
329
324
363
560
670
700
774
948
1105
1110
1165
1252
1356
1394
1318
1424
1513
1495
1573
1663
1692
1809
1723
1774
1925
1855
1598
1378
1353
1194
997
738
592
395
270
258
93
-7
-173
-368
-513
-584
-818
-1030
-1161
-1212
-1210
-1366
-1319
-1388
-1375
-1317
-1357
-1316
-1243
-1069
-936
-864
-723
-614
-363
-367
-235
-151
-90
-102
-64
-83
-21
171
126
130
-112
-78
-247
-409
-427
-663
-703
-723
-693
-740
-739
-709
-690
-668
-641
-774
-838
-546
-451
-348
-374
-260
-167
-144
207
37
-4
-68
-58
49
-62
-43
-148
85
183
7
205
265
303
384
505
303
391
327
500
686
901
935
773
937
980
1153
1116
1047
1048
1103
1196
1123
1215
1309
1326
1443
1416
1420
1441
1466
1518
1466
1565
1696
1587
1675
1706
1644
1694
1576
1522
1481
1373
1196
810
522
281
-19
-201
-470
-590
-751
-947
-1021
-1117
-1238
-1448
-1631
-1771
-1858
-1878
-1918
-1944
-1920
-1871
-1749
-1536
-1532
-1508
-1238
-1174
-1067
-994
-1003
-966
-881
-1011
-801
-514
-743
-507
-406
-548
-408
-317
-380
-420
-292
-628
-914
-728
-908
-1164
-784
-930
-1128
-731
-801
-1167
-1016
-713
-935
-1087
-1023
-1197
-858
-587
-631
-769
-442
-319
-383
-11
82
-83
-135
77
-166
-123
80
-85
48
371
371
110
420
655
414
293
474
505
610
649
699
750
837
1017
1022
1174
1244
1542
1561
1574
1549
1543
1608
1804
1538
1278
1534
1691
1750
1952
1823
1701
1787
1753
1628
1622
1623
1459
1491
1202
1167
1284
1090
1038
665
557
436
269
127
-18
-17
-424
-507
-608
-798
-1056
-1123
-1300
-1347
-1388
-1456
-1375
-1380
-1248
-1185
-1244
-1059
-1011
-966
-786
-714
-435
-368
-324
-292
-156
-158
-135
-79
-120
-127
-165
-211
-208
-246
-364
-446
-655
-680
-715
-834
-966
-927
-899
-884
-833
-716
-681
-750
-664
-744
-816
-785
-779
-624
-643
-656
-670
-682
-531
-446
-391
-380
-415
-335
-345
-439
-457
-297
-105
117
218
256
258
314
381
518
589
470
582
669
627
579
779
835
962
1112
1049
1100
1078
1103
1183
1100
1219
1278
1329
1350
1423
1475
1705
1826
1870
1738
1778
1894
1885
1593
1668
1733
1636
1544
1331
1241
1171
982
628
491
314
156
-49
-149
-289
-463
-634
-685
-866
-933
-1125
-1147
-1270
-1367
-1271
-1456
-1491
-1585
-1275
-1323
-1263
-979
-1068
-908
-912
-739
-601
-701
-506
-455
-400
-468
-559
-383
-303
-253
-218
-269
-145
-101
-31
-225
-532
-558
-676
-891
-1034
-990
-1096
-1025
-1112
-1124
-931
-1094
-1062
-1031
-957
-982
-1028
-930
-880
-713
-531
-406
-245
-53
-15
1
-72
-60
-5
-46
-104
-173
-6
130
181
236
168
153
346
442
417
593
554
412
423
575
684
853
964
950
1124
1186
1178
1250
1402
1397
1260
1225
1311
1384
1342
1403
1476
1637
1609
1771
1824
1528
1868
1758
1590
1784
1483
1350
1296
1164
1267
925
723
707
331
86
136
-68
-223
-376
-933
-1047
-1046
-1392
-1522
-1505
-1969
-1759
-1530
-1773
-1662
-1576
-1661
-1529
-1362
-1455
-1335
-1121
-1135
-1092
-838
-780
-944
-740
-442
-591
-799
-649
-436
-513
-618
-675
-724
-706
-734
-695
-780
-913
-993
-1015
-1055
-1021
-1223
-1177
-1075
-1096
-1151
-968
-914
-918
-934
-1117
-953
-1055
-1063
-884
-873
-590
-559
-387
-420
-549
-275
-292
-193
-362
-286
-106
-15
24
-118
252
264
247
371
375
623
566
667
575
594
672
815
897
767
876
1043
1110
1125
1184
1164
1263
1292
1360
1474
1451
1585
1689
1778
1794
1745
1833
1903
1866
1878
1924
1810
1742
1581
1433
1460
1242
935
841
836
689
442
244
180
6
-138
-264
-369
-512
-599
-749
-915
-1165
-1374
-1444
-1525
-1439
-1488
-1533
-1517
-1408
-1303
-1284
-1242
-1183
-1012
-841
-754
-800
-720
-596
-594
-563
-579
-649
-409
-328
-432
-475
-490
-525
-723
-721
-771
-913
-1061
-1150
-1200
-1298
-1270
-1102
-1054
-981
-800
-783
-817
-749
-743
-667
-803
-675
-551
-391
-294
-195
-175
-142
-98
-59
-86
-219
-123
-58
38
-84
-1
58
33
62
32
109
227
324
487
624
738
712
704
800
809
770
1003
933
797
982
939
1151
1148
978
1269
1344
1112
1081
1187
1319
1468
1348
1371
1379
1509
1505
1498
1555
1313
1379
1319
1238
996
762
546
375
237
27
-221
-270
-410
-481
-612
-769
-776
-1015
-1101
-1266
-1340
-1555
-1589
-1604
-1673
-1685
-1506
-1342
-1393
-1325
-1078
-1011
-1100
-980
-955
-974
-878
-936
-835
-744
-777
-726
-767
-611
-531
-470
-457
-451
-429
-487
-449
-665
-741
-622
-780
-951
-853
-901
-870
-798
-776
-664
-736
-754
-676
-643
-712
-679
-738
-746
-765
-479
-408
-234
237
29
44
303
300
180
190
84
10
100
296
104
345
729
464
456
647
828
589
517
731
604
663
900
988
854
1073
1333
1121
1261
1390
1465
1400
1413
1600
1399
1455
1551
1567
1408
1433
1720
1755
1605
1733
1917
1706
1592
1609
1422
1270
1068
904
803
628
531
372
238
62
-18
-180
-320
-289
-543
-860
-929
-1196
-1295
-1457
-1550
-1664
-1839
-1690
-1644
-1601
-1514
-1256
-1341
-1414
-1273
-1106
-948
-953
-712
-620
-654
-578
-518
-416
-419
-438
-438
-237
-485
-442
-436
-648
-612
-765
-780
-896
-1087
-1085
-1097
-1050
-1139
-1032
-959
-928
-904
-879
-796
-734
-544
-612
-650
-657
-520
-393
-454
-330
-233
-166
-21
46
-49
-206
-159
-104
-60
-46
-26
23
67
223
457
521
628
710
728
785
844
896
842
852
833
931
959
1055
1205
1178
1235
1360
1330
1340
1403
1406
1550
1625
1697
1708
1806
1914
1858
1966
2070
2126
2044
2048
1996
1883
1688
1551
1433
1169
917
750
787
238
9
58
-9
-174
-498
-676
-623
-803
-1101
-1263
-1246
-1311
-1414
-1396
-1387
-1412
-1388
-1219
-1311
-1306
-1189
-1152
-976
-928
-914
-820
-753
-664
-664
-560
-472
-433
-404
-319
-374
-277
-305
-364
-385
-451
-527
-534
-627
-712
-690
-839
-915
-944
-1054
-1079
-796
-874
-931
-947
-874
-1076
-1080
-1072
-1114
-1033
-994
-793
-849
-614
-154
-115
-318
-78
-200
-232
-154
-222
-298
-260
-65
-88
-15
123
240
333
421
572
592
614
685
650
688
723
796
858
948
1016
1013
1252
1218
1208
1292
1456
1436
1408
1316
1247
1322
1263
1273
1277
1425
1448
1529
1593
1599
1630
1538
1375
1448
1357
1089
955
810
656
496
229
135
67
-81
-296
-368
-429
-689
-859
-1043
-1128
-1288
-1263
-1391
-1418
-1350
-1307
-1198
-1262
-862
-845
-772
-577
-557
-530
-364
-451
-483
-287
-304
-180
-206
-440
-190
-115
-407
-21
-223
-555
-36
-356
-624
-335
-743
-645
-702
-888
-657
-653
-767
-621
-633
-647
-514
-664
-729
-630
-779
-829
-576
-698
-679
-273
-446
-479
-69
-93
-314
-59
45
16
7
-48
50
113
249
394
524
600
850
839
769
776
770
768
827
766
788
712
665
1016
801
1019
842
1000
1097
1162
1311
1338
1477
1315
1191
1311
1359
1212
1436
1469
1449
1449
1477
1716
1362
1216
1131
831
993
876
577
313
226
100
-129
-211
-263
-422
-479
-661
-900
-915
-1104
-1259
-1449
-1571
-1668
-1750
-1770
-1806
-1784
-1881
-1729
-1747
-1616
-1463
-1396
-1245
-1313
-1296
-1157
-1126
-1031
-989
-843
-769
-711
-484
-551
-508
-459
-403
-355
-452
-633
-776
-873
-971
-941
-1062
-1275
-1160
-1269
-1239
-1127
-1164
-1070
-986
-931
-921
-766
-798
-883
-826
-752
-633
-478
-472
-368
-290
-229
-122
-146
-87
28
126
89
-25
-54
11
51
324
287
392
384
492
670
519
569
641
630
650
707
806
879
874
1089
1139
1226
1318
1334
1271
1177
1377
1394
1444
1437
1389
1603
1555
1712
1841
1825
1901
1849
1846
1794
1639
1500
1458
1327
1061
871
685
548
297
-47
-58
-182
-541
-931
-875
-931
-1261
-1336
-1346
-1477
-1607
-1497
-1564
-1475
-1533
-1724
-1549
-1448
-1349
-1028
-899
-940
-959
-916
-1052
-807
-663
-722
-635
-605
-397
-490
-438
-461
-432
-479
-440
-508
-584
-612
-647
-693
-820
-779
-879
-841
-920
-1130
-1098
-1117
-1000
-1119
-1045
-1022
-1080
-1070
-1134
-1092
-1002
-790
-778
-628
-530
-368
-232
-226
-98
-96
-40
-21
31
214
279
485
461
549
624
634
641
660
767
730
684
700
646
662
783
826
892
1054
1227
1232
1406
1396
1530
1443
1609
1596
1442
1657
1536
1769
2069
1885
2105
2019
2050
2330
1972
2186
2020
1703
1812
1605
1323
1538
1325
681
770
550
191
467
172
-48
33
-376
-715
-596
-888
-1105
-1003
-1156
-1385
-1320
-1309
-1472
-1417
-1388
-1593
-1365
-1132
-1220
-1210
-984
-987
-954
-722
-661
-758
-588
-513
-501
-496
-489
-445
-526
-536
-323
-432
-603
-772
-602
-640
-876
-860
-1219
-1077
-1085
-1244
-1119
-1182
-1236
-1078
-1140
-899
-1009
-920
-757
-766
-897
-824
-683
-550
-456
-563
-311
-223
-190
-161
-192
-77
-184
-234
-195
-157
-98
35
269
329
256
286
421
424
393
383
429
560
576
669
761
771
819
816
838
982
1021
1036
1091
1085
1009
1148
1154
1196
1309
1344
1474
1589
1629
1755
1754
1728
1732
1555
1523
1437
1393
1163
1029
767
556
466
147
-105
-258
-314
-404
-686
-902
-950
-944
-1059
-1206
-1281
-1404
-1438
-1429
-1566
-1591
-1485
-1477
-1320
-1281
-1206
-1173
-1109
-976
-938
-865
-745
-738
-650
-681
-732
-675
-528
-591
-589
-439
-281
-167
-208
-56
-149
-207
-256
-481
-527
-597
-698
-881
-812
-819
-773
-816
-896
-953
-903
-706
-760
-691
-563
-533
-599
-483
-308
-269
-168
40
83
244
409
457
593
661
608
659
656
569
702
578
477
601
592
566
683
661
772
859
885
1044
1036
1003
970
1029
1277
1176
1262
1134
1197
1506
1463
1732
1818
1786
1774
1693
1603
1579
1568
1551
1527
1538
1542
1478
1571
1407
1438
1335
1162
1013
700
551
342
42
-97
-298
-476
-768
-882
-889
-926
-1007
-1263
-1343
-1516
-1663
-1654
-1814
-1956
-1885
-1874
-1834
-1727
-1597
-1408
-1159
-1144
-1073
-952
-968
-928
-843
-797
-848
-819
-870
-841
-666
-644
-655
-563
-447
-519
-557
-709
-816
-981
-1062
-1051
-1080
-1129
-1088
-1097
-1031
-1093
-849
-907
-1012
-624
-946
-767
-743
-864
-631
-726
-573
-386
-506
-285
-82
-272
129
26
74
422
20
237
482
131
326
465
267
478
621
642
872
732
671
877
773
723
795
588
542
902
815
988
958
869
1308
1416
1331
1594
1629
1461
1623
1739
1627
1644
1798
1671
1726
1708
1706
1746
1617
1705
1466
1251
1410
1228
868
611
421
26
-200
-277
-486
-293
-367
-699
-819
-1068
-1166
-1115
-1254
-1369
-1495
-1485
-1773
-1965
-1925
-1796
-1885
-1882
-1627
-1503
-1431
-1390
-1309
-1168
-1138
-1003
-1025
-1011
-715
-638
-604
-512
-376
-269
-383
-364
-315
-431
-520
-554
-742
-945
-1000
-1070
-1203
-1318
-1296
-1389
-1460
-1392
-1425
-1357
-1194
-1136
-1106
-1060
-960
-983
-791
-671
-659
-735
-633
-402
-261
-211
-139
-75
-128
-116
-83
-125
-81
20
-75
-133
-13
119
434
348
426
521
601
718
562
711
778
810
973
934
932
980
1120
1149
1117
1138
1281
1427
1241
1343
1428
1443
1489
1539
1571
1522
1438
1490
1652
1724
1821
1721
1619
1504
1559
1408
1120
960
800
584
258
144
138
-163
-333
-403
-548
-652
-793
-966
-1062
-1026
-1198
-1271
-1178
-1349
-1308
-1316
-1242
-1124
-1074
-897
-774
-639
-612
-409
-346
-397
-289
-245
-328
-337
-229
-236
-162
-113
-114
-92
-209
-352
-278
-177
-272
-455
-479
-254
-358
-605
-602
-660
-671
-617
-632
-709
-787
-764
-643
-578
-451
-305
-370
-608
-586
-512
-375
-192
-180
-1
189
336
347
315
349
420
438
338
300
501
457
402
585
553
700
643
651
666
689
743
781
844
797
894
926
963
1011
949
1161
1284
1355
1365
1274
1421
1487
1478
1496
1483
1402
1447
1459
1555
1581
1455
1424
1461
1419
1220
1107
1025
733
533
438
351
75
-2
-152
-276
-506
-610
-702
-559
-837
-1326
-929
-1155
-1468
-1313
-1639
-1852
-1532
-1674
-1633
-1251
-1477
-1412
-1027
-984
-1138
-801
-522
-617
-772
-550
-462
-702
-536
-271
-347
-577
-363
-161
-365
-567
-520
-430
-576
-724
-836
-945
-1141
-1042
-1069
-919
-1075
-1207
-952
-822
-478
-745
-845
-782
-662
-650
-726
-660
-703
-545
-500
-496
-324
-211
-187
-151
-79
-33
38
56
114
53
101
227
260
346
294
437
493
670
726
646
540
663
953
804
891
796
610
676
882
641
769
795
884
1100
828
1067
1300
1361
1463
1510
1425
1401
1535
1525
1577
1557
1569
1646
1549
1321
1201
921
831
630
401
299
72
-96
-249
-467
-650
-688
-775
-885
-955
-932
-1159
-1164
-1263
-1439
-1443
-1644
-1561
-1447
-1452
-1324
-1267
-1136
-1093
-954
-859
-884
-780
-685
-562
-441
-420
-446
-294
-333
-323
-236
-252
-253
-193
-162
-157
-227
-465
-486
-553
-642
-661
-723
-803
-747
-896
-896
-938
-842
-852
-812
-570
-657
-684
-543
-513
-482
-346
-204
-177
-118
-97
165
302
294
327
480
574
510
558
540
445
441
383
475
469
540
672
779
809
948
1021
1104
1103
1127
1225
1222
1152
1206
1399
1570
1420
1483
1678
1618
1638
1686
1763
1684
1783
1825
1814
1776
1779
1772
1798
1671
1663
1581
1492
1645
1478
1480
1384
1039
767
762
453
332
200
-75
-195
-303
-469
-609
-751
-827
-985
-1088
-1158
-1261
-1210
-1384
-1390
-1420
-1453
-1335
-1309
-1186
-1087
-964
-877
-897
-765
-681
-669
-603
-730
-617
-558
-580
-571
-514
-554
-509
-524
-671
-704
-620
-692
-735
-652
-658
-643
-750
-855
-848
-859
-841
-674
-788
-778
-626
-563
-582
-664
-529
-589
-604
-507
-541
-412
-375
-310
-132
104
180
284
334
473
563
539
635
681
639
608
668
787
822
827
1027
1179
1103
1051
1056
1179
1198
1229
1132
955
1119
1225
1381
1459
1288
1339
1308
1535
1923
1740
1756
1697
1409
1704
1926
1797
1924
1770
1562
1644
1707
1851
1704
1618
1524
1225
1007
848
753
509
537
320
-36
-64
-166
-52
-144
-241
-384
-629
-826
-860
-956
-972
-1008
-1092
-1237
-1223
-1158
-1144
-1032
-1057
-901
-853
-738
-678
-574
-609
-452
-425
-432
-288
-227
-207
-202
-292
-348
-400
-223
-328
-382
-333
-672
-584
-630
-609
-792
-990
-950
-929
-687
-832
-950
-724
-683
-642
-668
-490
-415
-419
-301
-159
-195
-119
-130
-111
-43
150
146
226
395
349
356
260
224
222
395
469
502
427
516
635
752
841
923
962
890
948
1085
1025
1009
1128
1118
1167
1116
1107
1136
1129
1190
1210
1271
1166
1255
1338
1408
1576
1489
1620
1553
1632
1675
1618
1686
1642
1694
1529
1497
1337
1069
931
784
452
343
103
-22
-156
-295
-447
-507
-605
-833
-759
-846
-890
-913
-1064
-1173
-1080
-947
-1143
-1174
-1164
-1240
-1087
-930
-797
-897
-755
-522
-409
-562
-540
-430
-430
-444
-387
-461
-444
-350
-378
-361
-239
-263
-280
-290
-283
-416
-423
-441
-687
-686
-680
-583
-601
-676
-672
-558
-507
-490
-532
-415
-436
-427
-369
-291
-259
-343
-226
38
54
151
269
477
493
447
645
555
660
455
645
638
393
572
644
931
988
840
841
935
964
1178
1164
1076
1016
1047
969
1015
1159
1157
1344
1323
1406
1490
1523
1479
1471
1435
1514
1473
1591
1568
1381
1459
1391
1399
1296
1238
1200
1164
1214
1014
870
682
598
429
181
-67
-149
-282
-360
-415
-584
-573
-550
-729
-1001
-1072
-1116
-1220
-1222
-1279
-1350
-1343
-1235
-1143
-1040
-896
-901
-827
-653
-601
-421
-357
-381
-248
-319
-262
-212
-324
-361
-260
-363
-504
-236
-283
-479
-235
-492
-617
-485
-566
-651
-639
-534
-746
-474
-280
-537
-377
-96
-411
-292
178
-238
-188
94
-76
-283
3
-117
-154
215
212
414
555
509
742
888
664
680
797
629
653
839
728
870
1140
1072
1072
1244
1051
1051
1283
1149
990
968
1072
1045
1000
984
977
1077
1128
1276
1248
1147
1254
1299
1508
1395
1499
1640
1518
1829
1619
1497
1358
1235
1186
1130
1073
1038
973
535
418
375
100
-129
-266
-284
-397
-406
-686
-799
-755
-970
-1212
-898
-1051
-1127
-1117
-1226
-1140
-1323
-1214
-1245
-1202
-1117
-1113
-1122
-1042
-939
-916
-829
-701
-726
-675
-613
-579
-558
-571
-483
-482
-359
-463
-445
-424
-580
-533
-530
-654
-652
-685
-716
-729
-946
-798
-845
-989
-888
-904
-849
-833
-726
-610
-402
-313
-309
-179
-191
-100
-82
-62
-11
45
71
156
279
343
332
425
426
471
349
423
425
170
365
412
477
410
601
809
727
850
857
963
957
1054
1044
1178
1131
1022
1027
1045
1130
1252
1331
1351
1363
1435
1463
1429
1532
1520
1493
1480
1438
1422
1407
1333
1226
1135
1110
920
719
634
298
211
124
-68
-214
-299
-565
-807
-729
-751
-795
-937
-1032
-1026
-1157
-1154
-1111
-1246
-1255
-1229
-1168
-1210
-1067
-1165
-1008
-985
-1107
-791
-792
-659
-518
-863
-770
-835
-854
-862
-987
-752
-828
-699
-971
-917
-740
-904
-914
-1027
-863
-888
-925
-1023
-928
-994
-990
-974
-957
-1007
-1063
-965
-989
-778
-765
-748
-667
-596
-518
-431
-357
-305
-273
-250
-156
67
63
70
58
174
268
226
255
84
139
293
207
209
343
438
374
393
480
432
454
537
579
619
603
712
712
647
776
971
1083
1048
1096
1142
1209
1138
1147
1176
1199
1331
1285
1218
1357
1248
1193
1017
1122
986
665
801
583
362
479
308
80
185
-174
-367
-164
-275
-501
-322
-574
-940
-898
-685
-901
-1358
-983
-996
-1343
-1143
-1128
-1386
-1263
-905
-1013
-983
-844
-599
-608
-817
-605
-402
-528
-577
-306
-349
-484
-585
-385
-449
-589
-350
-285
-543
-652
-676
-685
-821
-799
-725
-726
-718
-736
-698
-636
-648
-664
-652
-434
-529
-425
-393
-351
-93
-265
-28
-161
-167
-87
-104
-131
2
257
92
78
196
193
121
128
172
178
178
356
305
399
390
185
364
397
362
562
559
616
512
470
562
493
571
538
482
524
639
562
656
664
614
753
767
789
800
953
884
820
964
860
795
634
640
543
418
448
247
-31
-161
-103
-351
-501
-651
-827
-868
-927
-994
-1189
-1196
-1238
-1350
-1352
-1332
-1232
-1359
-1371
-1346
-1391
-1351
-1397
-1396
-1392
-1324
-1225
-1211
-1217
-1086
-1010
-992
-986
-1011
-796
-763
-906
-840
-935
-704
-726
-815
-838
-741
-662
-766
-764
-616
-551
-678
-746
-746
-770
-747
-736
-688
-716
-674
-655
-593
-387
-401
-292
-311
-81
8
69
235
79
195
231
270
356
320
460
426
648
544
474
559
410
431
471
550
388
485
663
685
673
782
865
1007
1079
1095
1134
1130
1088
1080
1023
973
1213
1127
1353
1335
1345
1437
1209
1169
1061
1110
1190
965
999
1000
912
1096
940
802
867
658
736
787
472
350
556
321
-17
-102
-312
-378
-530
-715
-769
-796
-991
-1037
-1140
-1153
-1228
-1300
-1175
-1299
-1359
-1299
-1239
-1248
-1271
-1242
-1122
-981
-937
-874
-741
-767
-755
-688
-780
-689
-766
-700
-618
-677
-711
-672
-573
-590
-538
-531
-594
-484
-449
-479
-465
-553
-494
-405
-332
-284
-208
-211
-126
-144
-41
39
69
232
185
71
179
95
198
612
358
402
797
679
634
762
692
543
636
843
853
735
900
948
929
1141
1059
911
1151
1332
1150
1004
1204
1286
900
1026
1178
1036
989
1286
1383
1208
1436
1629
1477
1458
1658
1571
1387
1543
1529
1358
1248
1293
1252
1058
1095
1267
942
767
784
727
398
175
99
-101
-83
-253
-394
-491
-482
-524
-596
-744
-719
-734
-900
-881
-1005
-1190
-1116
-1321
-1267
-1134
-1258
-1193
-1327
-1219
-1272
-1024
-854
-768
-626
-846
-736
-758
-854
-802
-694
-567
-492
-571
-675
-408
-533
-400
-608
-667
-673
-786
-820
-945
-888
-1071
-989
-998
-986
-833
-837
-665
-688
-671
-563
-421
-433
-398
-452
-438
-360
-326
-252
-87
-119
-75
-79
-167
-81
-22
93
-70
-20
16
-7
55
138
196
143
283
327
311
468
345
295
404
477
610
611
637
686
671
728
713
740
748
793
788
908
946
808
930
947
820
806
813
744
797
825
760
616
615
659
455
367
251
122
47
-198
-322
-436
-566
-724
-848
-712
-735
-914
-984
-1086
-1047
-1144
-1097
-1281
-1258
-1201
-1252
-1226
-996
-862
-858
-627
-588
-642
-579
-552
-585
-563
-482
-402
-385
-443
-307
-246
-361
-294
-332
-379
-386
-336
-180
-126
-228
-137
-125
-101
-25
-195
-189
-19
-24
124
-18
-26
187
310
412
406
582
546
526
454
532
641
783
765
725
665
656
869
818
893
967
937
1150
1125
1118
943
854
752
760
769
704
700
586
730
843
885
852
851
905
838
912
982
871
817
812
847
945
880
995
1044
1070
1106
991
968
830
719
737
692
583
614
539
371
221
254
185
178
42
-178
-258
-351
-402
-449
-532
-648
-621
-684
-780
-755
-759
-805
-849
-841
-847
-923
-913
-911
-878
-868
-802
-870
-746
-741
-744
-414
-602
-413
-316
-569
-434
-329
-439
-297
-218
-506
-183
-269
-614
-371
-77
-402
-377
-57
-247
-445
-346
-98
-347
-177
54
-225
-323
66
156
47
184
403
530
374
448
535
679
494
425
739
537
472
378
693
849
893
688
787
920
852
861
808
885
883
884
865
940
765
852
1065
1005
934
990
949
1101
916
773
877
960
780
851
722
754
1100
1033
950
989
735
695
892
858
795
911
1000
705
565
547
499
198
279
208
-5
67
-198
-293
-336
-372
-461
-624
-657
-642
-620
-742
-834
-831
-790
-903
-855
-839
-950
-749
-732
-722
-681
-729
-613
-579
-562
-619
-524
-529
-524
-540
-602
-596
-573
-565
-676
-615
-604
-471
-416
-468
-556
-638
-542
-532
-529
-572
-544
-446
-455
-466
-448
-284
-436
-384
-288
-403
-231
-184
-38
13
32
41
63
121
233
222
205
345
337
441
440
508
474
446
504
418
443
410
265
325
316
370
351
184
392
311
238
303
271
467
356
327
362
402
388
346
359
458
338
432
443
552
542
491
490
521
511
436
429
251
282
117
192
85
114
203
101
-8
-42
-31
-180
-241
-343
-445
-398
-473
-643
-497
-494
-756
-749
-760
-634
-817
-830
-762
-840
-552
-729
-904
-852
-717
-462
-646
-713
-504
-460
-301
-154
-26
-196
-378
-375
-206
-185
-177
-103
-226
-328
-295
-378
-271
-168
-95
-15
-53
-60
-66
5
-99
-28
-76
-45
55
53
168
189
321
347
442
455
310
189
297
378
384
399
494
469
385
519
364
393
426
621
559
465
569
549
639
469
526
702
610
611
661
693
773
732
722
756
660
737
762
598
550
555
531
496
406
518
599
538
570
601
736
365
489
703
594
477
512
519
472
319
379
324
151
100
-23
23
-167
-374
-22
-201
-561
-562
-150
-258
-719
-654
-321
-412
-612
-482
-332
-500
-543
-450
-527
-473
-666
-561
-413
-536
-541
-475
-407
-656
-446
-524
-473
-641
-590
-386
-294
-309
-425
-178
-223
-46
-123
-131
-258
-216
-216
-192
-202
-196
-82
-181
-98
-94
-194
-269
-56
-130
-147
-20
4
190
256
119
-30
167
196
99
364
389
445
439
346
465
373
472
383
343
480
499
371
310
427
212
356
407
321
346
439
340
424
424
506
495
429
470
440
486
549
514
581
613
539
498
477
507
461
473
442
426
336
399
369
268
157
191
57
16
-35
-109
101
101
103
54
10
27
-37
-168
-253
-247
-271
-316
-368
-398
-360
-467
-489
-575
-540
-516
-513
-411
-351
-270
-224
-240
-169
-222
-208
-157
-263
-167
-127
-261
-311
-404
-270
-259
-209
-217
-275
-327
-489
-394
-436
-355
-279
-315
-214
-154
2
-16
-20
72
250
329
104
210
314
425
424
404
364
455
403
384
420
392
540
417
419
390
562
560
421
366
299
425
539
592
561
580
629
599
538
595
634
621
528
540
687
535
410
428
295
328
287
465
525
672
621
545
574
615
638
557
602
481
532
484
389
452
440
355
469
199
215
71
107
16
-152
-119
-379
-335
-493
-455
-423
-404
-466
-492
-517
-495
-527
-692
-692
-562
-557
-634
-609
-649
-779
-814
-793
-687
-780
-852
-819
-897
-843
-862
-834
-824
-784
-730
-763
-673
-673
-727
-698
-706
-631
-640
-646
-611
-638
-633
-627
-589
-673
-528
-590
-532
-479
-620
-470
-523
-482
-448
-382
-347
-290
-253
-309
-269
-76
-66
90
153
25
208
323
126
277
272
122
350
229
161
301
346
68
158
308
119
233
258
-21
359
670
156
399
511
216
457
543
330
664
565
476
662
620
577
537
507
427
497
284
313
477
256
98
379
229
47
251
200
63
204
215
67
10
22
23
-155
-38
-189
-302
-254
-335
-454
-471
-513
-706
-667
-821
-602
-675
-587
-688
-819
-821
-949
-681
-552
-546
-742
-653
-773
-837
-726
-640
-676
-788
-565
-542
-633
-719
-781
-722
-683
-814
-1005
-851
-684
-765
-616
-705
-619
-595
-620
-453
-491
-455
-362
-383
-368
-314
-174
-131
-52
45
-60
12
-10
-141
-68
29
-17
17
-25
48
94
219
322
360
302
297
368
334
287
297
332
357
378
339
415
376
446
416
472
432
436
455
511
542
514
586
473
438
445
474
360
499
448
361
478
426
448
521
494
496
329
263
269
200
130
128
58
16
-29
-190
-128
-157
-218
-260
-207
-234
-314
-294
-272
-211
-183
-255
-308
-357
-317
-209
-286
-353
-335
-386
-455
-517
-527
-482
-579
-646
-674
-597
-663
-549
-578
-525
-471
-525
-470
-477
-341
-293
-248
-164
-107
-192
-85
-45
-65
-40
-22
-23
-18
-78
-4
120
9
89
61
132
15
255
231
211
308
243
213
360
533
677
618
594
710
513
549
500
606
616
452
387
257
188
230
185
233
283
316
187
178
259
293
330
342
437
398
299
347
314
377
422
332
213
281
222
179
167
164
129
-73
19
49
18
-95
-195
-80
-226
-275
-314
-403
-252
-286
-312
-420
-414
-371
-459
-433
-587
-626
-662
-566
-659
-725
-639
-681
-754
-851
-841
-887
-915
-916
-918
-816
-785
-752
-735
-788
-687
-683
-604
-766
-749
-498
-703
-553
-440
-727
-480
-615
-768
-422
-510
-568
-314
-445
-475
-100
-155
-186
41
-145
-93
305
0
-34
358
429
194
363
341
154
268
330
182
199
409
211
175
246
321
269
285
645
448
390
809
647
514
694
764
585
653
862
875
790
765
830
917
897
822
640
602
656
615
521
734
510
509
458
260
432
216
594
477
439
269
218
376
197
410
283
302
340
231
196
184
333
107
-76
-43
-163
24
-67
-298
-133
-424
-374
-253
-334
-259
-316
-251
-225
-155
-160
-284
-294
-272
-245
-245
-286
-411
-437
-466
-513
-580
-704
-624
-694
-790
-753
-697
-566
-484
-464
-489
-573
-338
-313
-502
-389
-385
-365
-364
-330
-367
-272
-350
-318
-283
-337
-294
-349
-339
-259
-210
-212
-208
-250
-53
33
20
85
40
109
158
383
372
363
487
477
397
373
365
397
487
457
306
331
362
430
422
357
318
312
367
333
404
406
525
412
240
377
549
621
557
646
409
319
626
461
559
404
344
426
360
262
201
273
271
263
265
288
277
439
419
365
301
352
383
428
443
271
277
399
375
269
259
201
166
161
39
125
61
60
-6
-58
29
-114
-137
45
-13
-149
-25
52
38
-90
74
158
-65
-79
-50
-175
-103
-24
-242
-215
-322
-359
-304
-293
-292
-181
-254
-418
-189
-266
-136
-155
-163
-47
-49
-28
-71
-48
64
91
-2
60
39
-11
11
-22
11
-58
-20
-5
18
-61
-93
-22
-137
-146
-138
-88
-46
-41
-70
-122
-148
-29
-22
-56
-69
-95
-79
-109
-75
-174
-210
-220
-314
-395
-371
-280
-311
-370
-347
-437
-353
-367
-453
-417
-369
-251
-282
-342
-349
-324
-342
-429
-268
-382
-451
-173
-363
-455
-373
-375
-451
-343
-174
-519
-374
-249
-534
-348
-183
-523
-331
-33
-193
-385
-238
-115
-290
-280
-112
-266
-416
-85
-179
-356
-340
-404
-461
-323
-251
-464
-352
-231
-271
-405
-217
-170
-299
-96
-33
-216
-146
124
-11
-111
-166
-131
-171
-168
-176
-225
-103
-67
-81
-96
-86
-109
47
-86
-110
15
175
283
103
303
443
219
267
432
406
428
528
376
375
441
327
57
264
256
244
303
244
410
290
317
250
388
242
153
217
157
224
195
289
228
346
221
199
295
302
129
79
199
169
145
24
44
39
7
7
-51
-70
-132
-106
-83
-32
16
48
104
45
-24
70
89
133
16
3
53
107
108
19
111
96
-5
129
231
-26
-46
-44
-22
17
6
-44
10
22
-10
-38
-80
-143
-149
-46
45
-50
1
-29
-60
22
-91
-52
-45
-115
-160
-101
-118
-148
-144
-87
-25
-126
-130
-66
-88
-105
-25
-79
-121
46
65
-9
60
175
85
95
50
-25
-17
111
213
66
111
177
163
147
220
323
234
326
428
412
426
359
432
435
360
342
442
297
295
282
217
271
181
177
95
123
99
55
84
39
-30
169
216
262
101
-34
254
69
63
99
-13
-57
-57
-109
-63
-66
-166
-62
-37
-151
-187
-212
-272
-197
-140
-54
-19
38
79
332
541
546
410
319
412
421
382
267
366
130
259
452
261
350
213
-10
84
16
-44
243
-14
-45
446
143
132
286
9
146
397
171
343
450
72
347
690
435
264
578
405
195
420
416
288
250
393
255
114
299
421
150
207
484
418
192
338
370
461
381
160
464
703
618
426
399
434
361
323
317
263
181
263
329
89
76
177
220
267
413
194
159
359
217
309
313
482
405
274
312
400
478
202
220
110
2
-26
-60
-9
-2
55
-26
-18
-56
-62
-82
-171
115
109
68
-59
-25
9
189
209
143
104
110
109
-85
-162
-67
2
-39
10
-113
-259
-271
-268
-219
-173
-162
-65
46
76
-4
-44
-58
-31
-88
-160
-145
-23
-47
-28
22
-82
-64
-131
-145
-211
-120
-200
-246
-163
-123
-25
-101
-123
-101
-119
-154
-89
-19
-1
-45
87
18
133
37
-1
69
-157
-99
-151
-55
-142
-9
-40
-212
-24
-14
-47
-72
61
93
3
79
158
183
89
0
153
190
134
104
