81
11
38
147
79
-13
20
-52
-105
-75
-96
-86
-91
-30
69
35
-13
88
149
182
174
199
158
147
205
208
187
134
134
183
169
252
204
200
103
26
142
54
41
176
240
146
228
326
255
417
425
443
379
109
158
275
403
383
276
405
306
239
330
384
200
96
-124
-48
156
55
238
332
206
323
275
216
213
259
264
354
286
222
265
201
215
183
188
212
169
145
53
8
92
107
151
141
130
138
194
212
169
190
282
392
322
302
357
315
234
197
214
158
37
17
-2
-53
-72
-115
-253
-219
-269
-223
-197
-240
-143
-90
-57
-217
-136
-141
-137
-198
-249
-201
-201
-168
-236
-171
-130
-433
-184
-341
-479
-190
-418
-533
-439
-535
-674
-455
-391
-692
-444
-344
-577
-252
-160
-587
-324
-216
-470
-314
-112
-399
-397
169
-65
-220
16
3
-75
163
116
46
253
134
78
274
397
286
469
596
423
342
615
681
331
631
744
585
657
667
499
417
402
394
391
435
569
538
609
624
667
649
620
722
805
986
829
953
823
829
985
809
879
1002
952
567
593
501
219
24
-70
-118
-395
-486
-436
-600
-880
-1014
-1100
-1103
-1220
-1164
-1256
-1184
-1209
-1293
-1284
-1353
-1232
-1274
-1227
-1329
-1413
-1371
-1327
-1356
-1338
-1235
-1238
-1064
-1040
-1024
-952
-853
-785
-832
-842
-836
-712
-726
-753
-722
-638
-572
-559
-527
-606
-482
-514
-490
-440
-415
-379
-359
-322
-267
-288
-252
-132
-42
86
211
340
536
477
509
680
773
693
615
712
776
863
782
693
748
783
939
909
843
921
981
861
867
988
1032
1248
1143
1334
1386
1434
1416
1223
1248
1225
1111
938
895
765
610
406
261
168
10
-122
-242
-579
-859
-1030
-1115
-1249
-1402
-1480
-1502
-1495
-1603
-1351
-1338
-1327
-1108
-1050
-1090
-953
-827
-724
-635
-611
-355
-374
-277
-161
-104
-66
-115
-94
0
-86
-28
-187
-253
-303
-401
-416
-497
-642
-662
-870
-764
-769
-870
-935
-1034
-1217
-1366
-1393
-1455
-1414
-1397
-1374
-1356
-1180
-1081
-737
-877
-666
-643
-709
-388
-288
-305
-83
148
110
347
412
636
672
646
743
875
804
918
1098
1011
1033
999
1089
1143
1105
1161
1229
1320
1423
1470
1600
1667
1734
1751
1812
1878
1999
2115
2185
2164
2085
2083
2006
1920
1830
1726
1540
1281
1129
853
581
440
263
45
-88
-330
-684
-815
-903
-1082
-1142
-1199
-1412
-1492
-1480
-1557
-1538
-1569
-1450
-1452
-1244
-1248
-1045
-978
-1099
-807
-1051
-662
-595
-541
-432
-475
-250
-103
-223
111
172
33
95
-228
-173
-203
-581
-459
-608
-965
-762
-1076
-1084
-954
-1457
-1587
-1590
-1838
-1798
-1856
-1945
-1715
-1545
-1701
-1513
-1426
-1557
-1262
-1037
-1119
-1023
-594
-713
-598
-244
-145
-59
84
206
178
300
404
352
346
324
345
253
389
623
769
857
836
962
1174
1091
1104
1069
1116
1370
1087
1362
1709
1592
1680
1772
1637
1860
1860
1842
1817
1897
1834
1453
1522
1577
1715
1489
1268
1077
1042
927
775
461
268
-59
-203
-342
-598
-641
-875
-931
-1074
-1215
-1430
-1468
-1584
-1634
-1711
-1774
-1647
-1666
-1650
-1531
-1361
-1264
-1205
-986
-761
-653
-599
-548
-386
-300
-305
-347
-219
-297
-293
-241
-357
-266
-260
-383
-601
-637
-611
-634
-732
-965
-1068
-1213
-1274
-1322
-1369
-1363
-1354
-1329
-1418
-1404
-1477
-1406
-1377
-1343
-1247
-1139
-1060
-936
-731
-764
-800
-536
-330
-469
-356
-169
-126
24
117
77
98
154
419
502
411
531
662
728
803
785
730
857
1000
1127
985
1028
1158
1278
1313
1315
1356
1565
1652
1723
1750
1759
1931
1854
1881
1967
2094
2062
1936
1868
1722
1495
1275
1073
712
725
518
104
-131
-255
-487
-737
-777
-987
-1126
-1378
-1460
-1487
-1584
-1762
-1795
-1656
-1710
-1628
-1745
-1716
-1645
-1697
-1275
-1083
-1101
-935
-708
-673
-782
-618
-602
-253
-312
-326
46
51
89
91
315
288
12
-64
-71
-84
-174
-318
-471
-525
-727
-785
-902
-1087
-979
-1053
-1118
-1186
-1361
-1336
-1387
-1380
-1382
-1355
-1296
-1080
-973
-872
-634
-659
-645
-457
-267
-204
-81
-13
52
75
205
325
301
263
306
313
302
554
564
629
810
704
798
926
931
1027
1039
1086
1205
1200
1383
1404
1431
1457
1506
1540
1600
1699
1823
1710
1727
1797
1864
1832
1669
1788
1383
1501
1453
1157
1097
830
788
740
289
190
29
-242
-151
-591
-674
-1019
-1399
-1001
-1400
-1696
-1473
-1891
-2044
-1669
-1814
-1909
-1711
-1782
-1611
-1372
-1382
-1100
-986
-976
-638
-532
-607
-328
-391
-391
19
33
39
231
101
-93
177
-46
-225
-82
-209
-340
-443
-483
-617
-753
-745
-879
-778
-817
-913
-1013
-975
-787
-974
-1001
-997
-1014
-1273
-1032
-834
-915
-819
-642
-713
-748
-502
-503
-380
-290
-80
-91
-116
29
126
341
452
452
332
339
588
504
744
650
634
867
798
819
708
681
623
623
585
752
926
1022
1214
1292
1417
1533
1611
1714
1685
1518
1635
1718
1685
1677
1777
1727
1702
1653
1400
1318
1053
886
701
406
178
-82
-119
-447
-644
-836
-984
-893
-1173
-1153
-1210
-1280
-1359
-1545
-1668
-1531
-1544
-1537
-1417
-1403
-1236
-1169
-1043
-933
-850
-757
-722
-645
-513
-463
-267
-280
-232
-96
89
44
136
158
172
256
185
126
33
29
-168
-342
-319
-489
-720
-821
-989
-910
-834
-947
-1031
-952
-1051
-956
-942
-958
-1007
-863
-657
-653
-587
-524
-310
-250
-160
-139
133
157
230
91
65
250
147
289
153
113
190
341
358
388
412
386
439
512
629
698
854
859
806
1017
1059
976
1134
1302
1472
1607
1671
1631
1372
1341
1384
1563
1596
1392
1616
1560
1377
1345
1410
1239
883
754
631
526
314
177
-12
-159
-298
-423
-816
-948
-972
-1128
-1306
-1407
-1489
-1650
-1723
-1755
-1841
-1795
-1932
-1800
-1666
-1495
-1235
-1208
-1077
-816
-681
-485
-399
-252
-126
-39
-7
18
139
175
259
312
277
264
168
33
-81
-169
-198
-338
-436
-635
-607
-623
-700
-847
-864
-805
-911
-902
-1016
-980
-1026
-965
-870
-828
-788
-733
-616
-633
-568
-298
-120
-92
75
335
110
323
461
383
700
644
768
829
834
847
1151
991
1084
1317
1097
1252
1428
1234
1594
1540
1010
1369
1491
1243
1474
1570
1432
1631
1606
1596
1969
1805
1682
1940
2028
1952
2106
2100
1937
1947
1971
1709
1687
1810
1409
1197
1240
806
466
479
257
-51
-118
-221
-395
-456
-452
-586
-816
-882
-907
-1038
-1018
-1145
-1199
-1127
-1009
-902
-1024
-944
-851
-566
-481
-356
-429
-514
-382
-237
-494
-388
-17
78
-5
328
458
168
308
184
227
71
170
-114
-142
-287
-571
-403
-685
-666
-730
-814
-999
-1066
-1075
-1110
-1137
-1166
-1233
-1261
-1160
-1224
-1005
-834
-930
-793
-638
-599
-479
-363
-265
-202
-65
-47
-71
38
-14
-52
-7
20
55
78
41
191
282
379
513
602
785
840
845
904
1079
1010
969
1071
1210
1285
1382
1473
1607
1725
1632
1747
1732
1731
1854
1780
1803
1742
1749
1699
1629
1568
1535
1426
1283
1004
776
601
395
418
282
37
-191
-362
-436
-640
-782
-781
-1013
-1050
-1235
-1380
-1425
-1213
-1136
-1338
-1209
-1048
-848
-785
-777
-497
-362
-320
-171
-144
-29
27
177
204
264
427
411
412
508
356
332
232
251
226
16
-32
-210
-252
-197
-401
-518
-515
-667
-684
-800
-741
-785
-786
-766
-777
-755
-700
-726
-675
-609
-688
-434
-555
-401
-320
-230
-94
42
63
98
365
168
148
300
325
613
605
712
759
642
685
829
891
1112
1145
881
991
1002
1020
1025
1094
1175
1215
1310
1259
1352
1408
1420
1591
1564
1612
1688
1783
1789
1793
1927
2002
1875
1785
1762
1692
1671
1502
1199
1041
840
596
352
191
-109
-191
-410
-550
-525
-784
-805
-875
-918
-1107
-1153
-1165
-1311
-1320
-1316
-1296
-1261
-1091
-977
-839
-683
-524
-499
-489
-414
-302
-159
6
50
94
423
223
368
631
426
643
520
269
396
462
100
120
32
-317
-347
-289
-643
-576
-399
-810
-715
-523
-626
-1090
-914
-527
-863
-948
-688
-437
-615
-625
-346
-285
-242
-154
102
260
178
220
472
433
328
377
527
564
533
355
673
888
901
775
977
1057
1121
1262
1221
1294
1366
1395
1382
1543
1507
1618
1791
1789
1918
2048
1912
2120
1953
1983
1958
1966
2098
2259
2223
1994
2101
2076
1904
1828
1916
1663
1554
1391
1268
1044
602
435
297
183
-53
-447
-418
-648
-701
-743
-970
-1056
-1227
-1207
-1379
-1504
-1278
-1263
-1232
-1174
-1019
-962
-994
-741
-655
-555
-255
-234
-267
-143
-158
-57
-54
-26
48
197
129
114
13
-136
-122
-255
-276
-410
-577
-603
-713
-729
-854
-974
-941
-931
-1024
-1047
-1042
-1158
-1111
-1242
-1203
-1196
-1188
-1177
-1086
-1053
-982
-833
-758
-496
-370
-301
-162
-108
-165
-2
134
111
286
312
390
503
475
601
553
606
778
772
803
758
847
923
1016
1115
1221
1290
1185
1308
1412
1625
1690
1575
1565
1764
1817
1774
1800
1712
1862
1901
1834
1763
1770
1751
1498
1359
1452
1398
1063
861
746
597
340
205
109
-6
-225
-330
-305
-544
-686
-637
-802
-938
-916
-1082
-1119
-1089
-1085
-972
-958
-1136
-971
-849
-853
-551
-530
-646
-401
-82
-45
-101
-121
66
338
294
350
274
342
431
337
316
315
128
-12
125
-186
-398
-310
-427
-471
-559
-654
-696
-754
-892
-848
-925
-859
-885
-851
-715
-737
-732
-641
-625
-549
-415
-387
-120
-173
-83
12
100
164
178
276
244
309
277
282
392
504
534
651
701
792
759
849
924
914
906
933
1055
1075
1178
1229
1243
1311
1423
1524
1574
1544
1604
1607
1624
1606
1548
1616
1791
1805
1908
2000
1984
2025
1796
1885
1810
1330
1402
1222
937
778
489
433
286
-128
-102
-49
-363
-351
-807
-939
-755
-1340
-1289
-1178
-1478
-1217
-972
-1135
-996
-666
-843
-498
-220
-393
-58
23
-44
124
162
63
301
284
171
606
647
387
649
621
317
494
435
181
228
130
-146
-23
-59
-187
-281
-346
-371
-477
-470
-592
-721
-608
-617
-914
-995
-947
-976
-983
-1052
-804
-725
-879
-647
-519
-316
-47
-226
-134
-53
134
-4
-31
209
356
581
459
585
726
748
812
791
985
868
913
888
859
932
1162
1365
1300
1283
1305
1449
1588
1599
1530
1616
1535
1676
1879
1864
1950
1884
1988
1839
1782
1673
1664
1495
1310
1197
1098
1109
854
837
567
418
389
117
8
-114
-269
-385
-536
-702
-853
-892
-1001
-1136
-1364
-1416
-1410
-1467
-1363
-1345
-1216
-1282
-1198
-1050
-1047
-979
-927
-788
-682
-492
-388
-343
-195
-59
-32
125
56
-14
51
45
25
-2
-122
-274
-338
-470
-556
-760
-829
-918
-1121
-1237
-1296
-1327
-1415
-1451
-1539
-1308
-1202
-1282
-1337
-1214
-1079
-1039
-1078
-1016
-842
-784
-706
-630
-542
-536
-627
-426
-333
-362
-199
-101
-66
-183
-192
11
87
140
64
286
336
335
447
375
567
648
694
759
803
779
691
747
904
950
1112
1162
1093
1286
1221
1304
1316
1292
1494
1346
1292
1249
1278
1190
999
1071
1059
899
845
727
420
190
0
-183
-199
-711
-632
-714
-1007
-985
-1075
-1183
-1259
-1406
-1495
-1493
-1536
-1502
-1601
-1521
-1556
-1478
-1438
-1234
-1140
-1098
-979
-788
-839
-683
-567
-588
-552
-529
-435
-437
-406
-282
-318
-361
-341
-460
-360
-414
-442
-641
-785
-732
-875
-950
-1050
-1055
-1119
-1280
-1275
-1239
-1335
-1435
-1412
-1433
-1464
-1563
-1413
-1316
-1285
-1201
-1258
-1003
-829
-824
-608
-447
-330
-350
-43
-14
-31
307
7
286
286
30
277
314
136
430
305
287
721
496
531
595
448
833
1015
887
1212
1137
1003
1452
1605
1454
1614
1774
1488
1715
1700
1528
1740
1826
1725
1824
1859
1536
1550
1527
1202
1227
1286
861
773
768
664
309
216
246
54
-24
-289
-499
-563
-601
-715
-819
-934
-914
-994
-1055
-971
-925
-1008
-1042
-842
-865
-747
-599
-484
-392
-598
-393
-35
-153
-24
79
103
7
-7
94
-124
-4
-200
-72
-206
-364
-279
-411
-602
-750
-796
-826
-1015
-1016
-933
-1045
-1000
-1080
-1027
-1084
-915
-866
-1000
-842
-907
-914
-825
-746
-574
-523
-506
-510
-408
-352
-234
-177
-136
-33
-51
69
101
21
0
39
163
164
179
314
464
583
539
648
724
677
664
672
781
877
857
937
908
1068
1095
1113
1126
1131
1236
1319
1350
1236
1274
1421
1435
1484
1400
1370
1412
1239
1375
1196
906
903
736
540
276
-4
-31
-163
-445
-573
-654
-702
-894
-987
-1130
-1378
-1284
-1383
-1569
-1486
-1499
-1366
-1388
-1388
-1136
-997
-1097
-970
-871
-910
-735
-748
-773
-719
-623
-456
-474
-458
-526
-406
-372
-467
-473
-425
-461
-488
-551
-626
-529
-703
-795
-941
-997
-1040
-1210
-1158
-1252
-1285
-1327
-1375
-1341
-1445
-1602
-1425
-1384
-1498
-1367
-1318
-1267
-1090
-891
-978
-870
-810
-334
-257
-309
-130
-345
-314
-137
-119
-241
11
-12
-102
39
22
-67
103
252
252
426
317
455
425
482
656
616
783
750
958
962
1012
1055
993
1097
1115
1237
1266
1238
1185
1218
1146
1298
1434
1199
1065
1109
996
923
839
572
447
367
342
233
95
-49
-157
-232
-383
-524
-786
-790
-903
-1071
-1066
-1294
-1359
-1373
-1372
-1264
-1316
-1243
-1132
-1111
-1029
-977
-861
-701
-715
-522
-510
-417
-414
-278
-149
-398
-22
-23
-312
-167
-67
-333
-504
-290
-333
-556
-465
-643
-889
-724
-543
-976
-1131
-944
-602
-736
-1044
-1061
-641
-905
-977
-934
-612
-569
-898
-522
-573
-588
-554
-431
-394
-564
-271
-219
-210
-287
-77
49
152
-48
93
211
369
417
377
497
634
682
549
663
723
812
815
895
1020
986
992
974
1052
1172
1345
1190
1103
1201
1222
1386
1348
1545
1332
1387
1587
1544
1411
1645
1635
1485
1391
1360
1253
1022
889
786
815
560
348
179
-33
-53
-328
-392
-553
-709
-581
-683
-731
-900
-869
-903
-867
-961
-987
-994
-1089
-984
-942
-933
-960
-886
-821
-763
-661
-475
-407
-494
-374
-244
-145
-140
-59
-12
-85
-144
-117
-179
-266
-179
-183
-317
-372
-384
-479
-677
-847
-875
-986
-1120
-1129
-1104
-1199
-1182
-954
-1073
-1026
-984
-882
-842
-867
-792
-752
-739
-641
-444
-398
-468
-279
-35
44
15
222
218
187
317
136
89
194
395
467
526
542
799
974
902
1055
1184
1104
1055
1255
1448
1347
1366
1285
1401
1429
1458
1596
1417
1505
1588
1541
1608
1573
1434
1488
1534
1480
1497
1477
1316
1338
1310
1193
1036
1012
1036
760
612
532
374
113
-43
-236
-331
-509
-624
-601
-693
-851
-853
-893
-1036
-1073
-920
-879
-1007
-956
-910
-825
-824
-611
-422
-460
-397
-505
-303
-275
-280
-389
-502
-332
-293
-323
-170
-300
-438
-452
-617
-795
-734
-735
-867
-797
-981
-926
-1058
-927
-923
-1142
-1066
-1016
-937
-1012
-1016
-1033
-981
-947
-1031
-937
-869
-947
-924
-819
-808
-833
-663
-392
-376
-285
-237
-185
8
-6
25
15
136
323
417
459
356
511
513
510
584
777
857
799
736
825
923
808
893
981
1043
1135
1149
1211
1317
1355
1481
1556
1523
1603
1622
1681
1698
1769
1569
1707
1583
1389
1568
1233
895
979
856
453
521
433
285
382
12
108
314
-349
-410
-200
-667
-598
-444
-929
-755
-569
-850
-626
-787
-891
-705
-762
-807
-614
-552
-652
-564
-376
-379
-394
-85
-50
-121
58
120
-68
17
269
194
5
87
138
-136
-345
-298
-367
-508
-527
-585
-777
-822
-849
-881
-906
-909
-966
-986
-998
-994
-888
-1047
-960
-1110
-1011
-836
-699
-569
-489
-589
-614
-416
-516
-277
-103
-231
-264
-84
-74
-69
-10
11
326
54
303
289
359
541
466
647
554
547
537
860
890
868
1012
905
814
868
908
999
877
898
861
785
973
964
986
1143
1167
1290
1109
1055
1053
999
870
742
621
527
448
241
205
119
-147
-440
-424
-599
-797
-940
-1072
-1180
-1380
-1374
-1342
-1424
-1379
-1517
-1340
-1269
-1245
-1148
-1135
-1076
-1047
-814
-809
-775
-704
-643
-668
-525
-456
-570
-496
-472
-616
-507
-650
-731
-692
-614
-637
-588
-541
-644
-791
-979
-857
-1010
-1039
-1044
-1182
-1302
-1163
-1054
-1208
-1351
-1273
-1102
-1029
-1191
-1113
-1090
-1235
-1175
-1046
-1122
-1008
-882
-687
-611
-471
-149
-260
-206
-206
28
24
-11
153
119
91
132
195
203
388
379
421
381
526
624
690
701
724
723
802
861
817
1083
754
814
1003
1066
1105
1204
1359
1265
1330
1262
1346
1449
1088
1000
901
829
689
462
454
204
-95
-228
-176
-161
-401
-598
-638
-831
-872
-999
-1179
-1186
-1338
-1338
-1435
-1514
-1518
-1453
-1516
-1588
-1507
-1430
-1259
-1399
-1345
-1252
-1249
-1251
-1086
-922
-728
-779
-722
-624
-619
-469
-588
-705
-772
-661
-645
-592
-725
-762
-814
-829
-825
-954
-1067
-1196
-1206
-1226
-1355
-1542
-1411
-1536
-1594
-1490
-1404
-1483
-1581
-1495
-1322
-1337
-1285
-1170
-1127
-1069
-1040
-866
-738
-702
-700
-359
-684
-439
-238
-422
-31
-233
-137
-39
-39
237
72
103
477
207
514
647
306
879
804
601
923
758
649
1001
935
737
1163
1088
901
1190
1187
973
1242
1275
1202
1472
1574
1394
1485
1703
1386
1223
1391
1194
975
1067
843
690
634
477
315
30
-130
-185
-247
-522
-585
-772
-853
-867
-983
-1047
-928
-892
-899
-883
-789
-848
-706
-574
-801
-743
-763
-620
-387
-394
-487
-302
-225
-353
-317
-216
-131
-240
-359
-255
-171
-185
-244
-233
-219
-184
15
-284
-284
-299
-476
-496
-608
-591
-790
-953
-1096
-1124
-1162
-1228
-1211
-1249
-1188
-1213
-1195
-1044
-1045
-894
-828
-793
-750
-639
-453
-426
-223
-222
-35
76
41
150
41
180
248
237
298
294
331
342
340
309
398
470
549
722
648
744
818
840
855
856
945
1096
1076
1114
1213
1177
1248
1287
1307
1413
1481
1510
1680
1524
1492
1469
1467
1338
1013
928
900
939
717
637
512
475
321
111
8
-198
-266
-401
-581
-708
-717
-765
-793
-905
-1125
-1074
-1041
-1093
-1126
-1063
-849
-888
-798
-828
-764
-642
-488
-276
-348
-205
-178
-161
63
42
27
-25
-80
29
-56
5
-38
-256
-209
-231
-286
-389
-388
-332
-461
-445
-529
-755
-780
-795
-804
-1020
-992
-915
-946
-767
-938
-944
-816
-861
-914
-989
-880
-856
-739
-671
-769
-593
-375
-303
23
-108
-164
-58
-40
82
5
153
162
272
313
444
474
587
668
630
747
801
769
715
882
987
1006
1074
1050
992
1023
1136
1260
1347
1380
1444
1588
1624
1646
1688
1626
1673
1571
1485
1310
1184
1169
1056
812
595
549
380
319
218
-33
-160
-220
-407
-522
-570
-607
-718
-749
-738
-714
-739
-763
-796
-698
-725
-823
-841
-767
-749
-801
-743
-725
-417
-660
-413
-296
-503
-136
-85
-206
-68
39
-137
-9
27
-146
-3
65
-126
-93
21
-196
-497
-296
14
-319
-604
-446
-714
-780
-759
-1040
-1047
-738
-744
-947
-766
-572
-567
-616
-487
-415
-457
-186
-103
-248
-200
124
152
-12
237
309
135
377
525
537
488
558
709
619
713
841
775
832
921
945
929
977
1192
1306
1465
1337
1428
1408
1232
1563
1446
1401
1364
1220
1392
1338
1703
1688
1679
1745
1441
1528
1452
1431
1248
1282
1150
1123
1005
890
916
653
722
473
426
339
142
-25
-245
-378
-465
-533
-550
-685
-714
-760
-937
-831
-830
-829
-872
-883
-879
-730
-714
-661
-583
-618
-440
-329
-315
-218
-227
-97
-59
-40
-48
-106
-102
-194
-249
-288
-294
-324
-422
-389
-449
-416
-404
-526
-531
-627
-730
-769
-806
-711
-657
-699
-708
-713
-642
-742
-689
-724
-718
-641
-553
-553
-534
-498
-474
-300
-214
-115
-105
-4
174
123
118
254
422
501
510
622
560
596
660
676
491
534
801
850
817
793
884
886
883
987
1053
1104
1185
1268
1317
1345
1375
1426
1533
1554
1599
1681
1647
1568
1526
1564
1334
1239
1202
1036
873
855
752
561
444
305
229
93
-33
-48
-65
-164
-225
-205
-265
-371
-315
-447
-461
-403
-334
-396
-673
-487
-295
-318
-412
-569
-298
-320
-386
-453
-171
179
-30
32
-100
-202
-239
-135
-18
-7
-28
-69
43
-179
-211
-189
-394
-500
-468
-499
-665
-599
-728
-717
-735
-766
-728
-735
-816
-697
-542
-721
-791
-821
-592
-582
-561
-454
-268
-119
-141
86
228
274
189
295
324
242
238
186
262
305
304
347
477
555
624
751
724
707
758
704
812
800
776
801
895
965
963
1090
1233
1349
1366
1435
1472
1503
1552
1575
1708
1492
1728
1691
1536
1783
1460
1334
1301
1115
937
1038
690
665
648
270
371
-132
-165
-101
-604
-651
-462
-674
-672
-367
-659
-833
-522
-480
-731
-519
-505
-512
-344
-441
-546
-467
-275
-462
-398
-193
-427
-435
-137
-198
-426
-542
-397
-470
-686
-721
-762
-733
-934
-928
-996
-995
-907
-941
-869
-831
-724
-787
-694
-616
-580
-539
-563
-669
-538
-398
-369
-247
-291
-226
-222
-286
-363
-226
-162
9
87
301
102
30
148
310
408
292
257
303
609
777
551
312
587
495
555
733
765
876
954
992
983
1119
1239
1317
1392
1498
1531
1671
1694
1730
1845
1818
1946
1998
1905
1937
2011
1910
1879
1804
1678
1641
1411
1278
1100
916
777
640
539
358
263
95
-11
-111
-239
-362
-326
-459
-560
-564
-651
-467
-564
-566
-625
-556
-567
-614
-539
-510
-535
-580
-518
-557
-535
-489
-557
-443
-457
-382
-411
-378
-565
-583
-578
-863
-777
-707
-798
-852
-838
-892
-927
-926
-895
-923
-1020
-869
-640
-676
-684
-797
-571
-457
-326
-371
-411
-285
-263
-76
-24
-14
12
33
-49
-72
64
91
22
-34
-27
-79
-23
19
3
92
67
178
306
351
461
486
494
581
602
768
977
1062
1075
1138
1306
1349
1413
1334
1658
1685
1730
1688
1493
1678
1629
1533
1750
1629
1740
1539
1298
1532
1220
1295
1194
1134
1072
863
839
831
595
397
125
-31
-218
-382
-330
-580
-587
-736
-822
-877
-946
-870
-725
-802
-865
-862
-763
-784
-848
-802
-788
-780
-657
-610
-743
-727
-838
-913
-983
-984
-1108
-1285
-1358
-1439
-1471
-1636
-1702
-1690
-1630
-1577
-1556
-1488
-1524
-1458
-1339
-1304
-1198
-1030
-1029
-949
-783
-671
-599
-521
-540
-505
-493
-501
-533
-479
-408
-435
-519
-502
-522
-685
-497
-628
-555
-431
-722
-599
-260
-336
-398
-65
-240
-44
198
131
145
432
535
345
625
915
615
559
1028
1065
857
1071
1309
1156
989
1323
1358
1411
1712
1748
1591
1634
1810
1787
1669
1777
1635
1389
1298
1260
1091
780
790
633
308
-8
137
121
-290
-380
-311
-536
-565
-660
-676
-691
-635
-544
-635
-541
-453
-492
-453
-453
-534
-609
-686
-737
-723
-613
-773
-807
-741
-758
-938
-873
-855
-1034
-956
-1196
-982
-1041
-1106
-1074
-1014
-1052
-1171
-983
-812
-911
-853
-776
-596
-664
-468
-358
-570
-523
-460
-456
-436
-313
-229
-136
-208
-153
-283
-241
-147
-166
-257
-227
-137
-108
-195
-216
-263
-212
-160
-99
-6
21
77
49
157
208
389
544
589
825
931
1016
981
1154
1229
1160
1351
1463
1544
1585
1760
1731
1772
1923
1954
2002
2000
1876
2006
1995
1826
1718
1645
1455
1233
1157
1105
1026
837
699
550
323
232
312
34
-93
-101
-234
-294
-315
-327
-420
-369
-282
-337
-356
-386
-475
-353
-462
-525
-365
-300
-480
-533
-451
-502
-423
-451
-622
-499
-568
-678
-712
-692
-746
-865
-844
-788
-862
-904
-908
-918
-885
-861
-800
-689
-709
-804
-629
-482
-389
-317
-203
-292
-267
-121
-110
-77
-41
-97
-69
83
1
-71
-193
20
-250
-178
-93
-248
-372
-360
-277
-371
-75
-167
-173
-283
-116
147
117
298
341
432
619
730
857
988
1049
1187
1067
1034
1092
1120
1093
1118
1270
1308
1445
1418
1465
1437
1511
1579
1541
1495
1491
1348
1231
1102
1010
922
779
639
474
310
174
26
-184
-344
-464
-594
-853
-795
-780
-830
-842
-928
-923
-944
-897
-795
-845
-887
-777
-751
-631
-690
-695
-805
-757
-746
-715
-791
-887
-972
-1047
-1170
-1070
-1183
-1233
-1283
-1483
-1287
-1378
-1391
-1338
-1496
-1177
-1105
-1104
-727
-883
-752
-584
-761
-603
-392
-495
-299
-323
-466
-191
-330
-557
-284
-560
-340
-167
-521
-307
-223
-548
-357
-202
-475
-218
-314
-426
-106
-251
-7
203
-22
122
249
162
375
453
334
649
659
656
987
749
723
1028
1034
1065
1364
1302
1290
1544
1577
1666
1717
1813
1746
1725
1839
1801
1719
1748
1693
1447
1421
1225
1167
849
687
721
295
216
162
92
63
-17
-107
-324
-308
-232
-530
-425
-341
-560
-576
-513
-483
-320
-376
-426
-344
-379
-253
-392
-329
-345
-450
-521
-499
-543
-605
-534
-692
-724
-737
-789
-838
-773
-753
-665
-779
-653
-622
-642
-576
-630
-445
-511
-407
-354
-290
-253
-299
-171
-10
-141
-113
43
114
209
33
118
202
239
171
212
166
165
151
56
172
197
133
11
159
284
379
349
381
404
395
539
573
717
850
819
859
996
1033
1176
1336
1317
1372
1532
1593
1468
1588
1779
1734
1855
1822
1861
1803
1654
1820
1695
1652
1612
1501
1368
1232
1274
1150
1041
842
758
711
670
554
337
215
135
-60
-55
-176
-185
-307
-233
-314
-371
-272
-470
-377
-337
-356
-476
-401
-349
-283
-318
-400
-394
-292
-413
-529
-621
-619
-506
-622
-688
-750
-759
-842
-901
-920
-860
-949
-1033
-891
-796
-674
-654
-514
-551
-699
-471
-332
-180
-322
-303
-154
-146
-49
15
87
-1
-183
-291
-276
-109
-20
-225
-39
-28
-199
-197
-209
-107
-38
-149
-89
-111
-53
-43
153
220
254
308
371
542
478
558
569
609
697
685
615
705
794
810
836
934
1014
998
992
1043
1205
1289
1104
1246
1278
1169
1263
1190
1058
1147
1032
929
856
726
565
454
349
273
152
-3
-85
-125
-164
-326
-341
-392
-372
-399
-500
-454
-414
-523
-301
-438
-413
-249
-319
-213
-318
-365
-281
-394
-350
-325
-679
-477
-585
-821
-542
-716
-789
-550
-773
-954
-478
-471
-833
-529
-302
-395
-311
-3
-200
72
298
136
111
164
261
136
212
237
424
280
128
200
115
-56
145
278
20
111
270
127
154
279
259
189
146
294
288
317
435
445
455
379
507
614
563
523
641
854
915
864
933
936
885
897
774
932
1202
1157
1054
1295
1349
1129
1082
1162
1349
1045
1073
1009
887
831
752
718
816
476
250
362
52
89
21
-52
-199
-232
-261
-350
-365
-380
-473
-392
-345
-320
-471
-586
-653
-708
-683
-703
-607
-664
-749
-764
-772
-734
-787
-799
-758
-820
-839
-878
-897
-886
-856
-842
-844
-819
-768
-741
-676
-660
-639
-526
-510
-491
-484
-425
-371
-330
-282
-200
-39
44
-38
83
133
142
235
258
170
124
283
174
102
205
324
285
126
159
151
89
54
141
129
237
189
235
299
311
446
497
612
573
525
551
703
716
813
911
837
887
832
918
987
990
1110
1083
982
1005
1009
1089
1144
1089
1045
936
917
910
875
835
930
879
726
638
559
601
540
423
311
176
132
82
-71
-219
-307
-429
-347
-337
-397
-534
-450
-224
-352
-426
-476
-444
-524
-508
-554
-636
-673
-695
-684
-647
-636
-619
-726
-684
-715
-712
-660
-626
-675
-794
-1042
-807
-883
-942
-616
-716
-535
-324
-237
-120
-63
-68
30
52
197
139
217
274
206
271
250
250
210
216
218
170
80
40
138
69
-77
-91
7
-68
-100
-82
-84
-51
14
197
149
155
216
190
327
299
335
221
193
344
304
225
226
237
127
252
295
326
443
419
357
458
466
402
396
311
387
457
351
115
412
206
-42
85
-36
-330
-276
-270
-662
-500
-298
-694
-637
-387
-709
-738
-393
-618
-864
-516
-437
-639
-535
-373
-666
-602
-361
-525
-587
-352
-485
-586
-505
-544
-725
-757
-459
-673
-864
-588
-596
-845
-757
-487
-735
-652
-280
-382
-425
-257
37
-48
5
60
192
334
231
223
281
389
467
522
361
302
486
559
365
348
251
409
338
186
490
579
489
485
685
365
433
529
531
523
438
505
464
554
412
413
506
392
380
226
182
419
467
549
495
547
682
722
655
667
788
753
683
609
493
454
388
332
337
296
327
166
-14
1
-69
-240
-377
-383
-424
-464
-505
-534
-561
-536
-444
-504
-628
-633
-550
-408
-492
-598
-555
-583
-646
-492
-624
-765
-775
-733
-649
-770
-771
-737
-690
-713
-562
-667
-644
-565
-590
-600
-528
-494
-678
-479
-461
-420
-426
-333
-218
-246
-251
-288
-223
-195
-137
-82
-56
66
353
402
381
362
556
451
501
665
470
609
700
756
802
687
601
701
657
457
586
749
645
516
593
603
443
542
685
751
578
581
608
653
651
784
807
858
798
803
854
759
768
766
899
774
795
787
722
633
455
480
450
328
358
326
215
174
-129
-31
-209
-281
-268
-332
-319
-310
-246
-290
-428
-395
-348
-209
-376
-552
-645
-570
-590
-630
-507
-617
-636
-504
-575
-576
-476
-691
-476
-460
-418
-340
-280
-254
-209
-220
-248
-192
-178
-171
-198
-182
-151
-175
-217
-140
-202
-227
-83
-49
96
197
209
166
248
293
278
425
451
429
555
672
682
629
661
707
619
646
722
662
621
703
623
585
547
520
431
504
534
449
548
590
595
628
703
683
537
568
706
623
576
675
457
512
621
371
603
595
357
522
364
243
382
168
255
267
23
249
112
-98
134
-129
-289
-5
-237
-582
-89
-412
-637
-336
-493
-576
-511
-525
-730
-528
-538
-618
-680
-540
-765
-805
-469
-617
-740
-562
-318
-576
-703
-409
-400
-505
-574
-344
-327
-440
-538
-516
-477
-484
-416
-376
-399
-377
-430
-441
-272
-221
-217
-42
-209
-127
-142
-40
-6
70
68
192
480
451
361
455
457
314
329
216
285
61
132
85
219
308
123
476
323
326
611
310
443
463
443
442
378
477
431
489
581
405
494
590
594
574
501
497
563
373
337
394
358
357
347
293
163
198
340
216
104
256
120
-48
-282
-290
-152
-87
-227
-420
-410
-573
-467
-472
-528
-461
-692
-582
-554
-633
-603
-634
-557
-710
-756
-783
-784
-690
-731
-619
-583
-659
-519
-621
-789
-692
-671
-721
-649
-608
-784
-668
-667
-705
-564
-632
-514
-520
-469
-418
-321
-236
-393
-227
-77
-76
-213
-113
10
147
192
58
134
129
140
307
340
326
344
338
370
376
358
423
552
634
575
522
586
625
676
745
788
745
850
748
842
912
696
710
681
645
649
601
572
509
522
570
505
478
473
484
526
477
562
358
396
404
297
323
125
272
252
172
201
53
204
137
-25
-59
-264
-139
-310
-324
-403
-515
-539
-485
-282
-532
-404
-484
-481
-546
-595
-537
-584
-505
-473
-458
-398
-458
-486
-524
-531
-633
-651
-606
-746
-620
-699
-637
-495
-686
-654
-674
-649
-570
-574
-320
-280
-308
-298
-209
-58
-13
-50
-101
-69
-40
102
30
99
37
85
71
43
92
211
278
257
409
378
369
441
401
448
426
465
645
672
638
692
764
609
742
647
758
530
526
576
395
483
548
417
477
631
429
606
660
383
599
657
401
778
715
383
641
896
372
564
724
311
404
376
227
328
464
237
143
391
208
108
235
53
-177
89
-4
-179
-30
119
-115
-156
139
-185
-128
73
-38
-142
-60
-182
-244
-241
-156
-274
-217
-109
-37
-179
-297
-139
-145
-332
-330
-340
-411
-259
-376
-330
-228
-262
-63
-97
-156
-221
-226
-186
-226
-205
-133
44
-73
-82
28
139
127
80
89
119
133
180
71
360
205
435
541
439
424
353
486
399
518
457
403
429
468
515
465
493
474
411
426
338
330
401
455
468
565
565
438
600
639
601
654
695
538
512
483
459
395
383
269
134
177
168
176
71
65
18
21
-57
24
52
13
147
62
33
40
113
64
-69
-96
-121
-138
-113
-98
-72
-45
-195
-207
-177
-201
-354
-330
-246
-312
-199
-199
-189
-64
55
-11
14
-69
20
61
36
-169
-168
-32
15
-94
-64
14
-22
42
-183
-142
-58
41
-89
-38
80
-6
99
165
215
251
169
280
346
418
301
335
464
361
365
400
453
504
421
377
391
443
371
320
448
484
384
409
611
646
514
564
573
598
614
783
741
478
590
563
635
550
433
516
426
307
217
296
515
488
653
728
535
647
470
452
383
489
538
487
585
392
351
390
417
334
321
248
343
263
242
73
102
119
22
-64
-139
-101
-111
-20
-77
-77
-51
41
78
23
3
118
109
121
77
-15
73
117
128
42
54
56
31
-5
73
-34
-105
-44
9
28
14
29
-30
59
46
98
157
216
292
174
223
273
239
271
178
330
318
365
265
268
423
191
376
436
265
423
503
320
397
533
468
663
725
443
679
625
536
938
916
564
668
913
575
671
1031
756
588
702
615
631
810
777
539
737
624
570
701
692
546
757
872
442
527
748
712
560
617
701
551
541
619
466
282
368
387
265
231
224
93
106
167
184
173
102
31
28
144
65
248
166
152
179
-6
98
99
234
383
147
89
38
73
-70
-97
164
87
-8
-81
126
-25
-138
74
138
349
167
40
136
-99
-38
25
74
38
-13
-36
-94
-26
-116
-107
-130
-284
-88
-150
-44
9
-34
84
62
80
158
267
323
320
434
434
450
395
260
386
378
194
369
451
286
259
186
167
218
86
248
221
332
328
372
485
393
509
539
625
531
620
536
642
678
494
456
382
569
437
462
521
523
526
394
539
448
411
483
432
401
469
531
460
488
572
529
450
449
499
451
390
499
358
250
484
592
429
235
232
278
321
256
189
328
254
266
415
430
511
366
245
498
433
368
328
292
293
326
282
160
309
327
317
276
159
185
191
222
197
202
224
178
210
175
245
270
398
377
348
250
400
274
348
405
175
253
220
105
134
188
69
176
-92
-4
14
-15
140
38
-5
46
-35
36
149
88
115
145
372
214
241
327
193
270
162
166
250
213
202
140
104
28
117
256
211
223
169
217
249
217
213
297
197
247
224
164
205
184
293
261
124
196
137
48
-10
-44
36
-38
-39
-116
-47
36
3
-111
18
31
-51
-41
14
87
131
107
45
102
66
16
140
97
53
24
66
56
31
35
-257
-69
85
-107
-5
142
-129
82
170
52
83
179
78
55
454
67
-148
67
188
-21
-82
179
184
-53
-316
-21
125
-225
-133
146
-65
-174
-59
15
-54
-221
-206
-18
-124
-199
-267
-93
-112
-255
-318
-347
-375
-1002
-1586
-1736
-1697
-1297
-769
-502
-84
144
343
192
6
-383
-618
-994
-1205
-1383
-1375
-1132
-901
-369
-143
114
148
106
-101
-251
-314
-443
-326
-221
77
82
146
40
-46
-79
-282
-190
14
3
-196
-290
-275
-351
-477
-536
-926
-975
-1309
-1157
-983
-848
-887
-1483
-1191
-1134
-1330
-1227
-1273
-1211
-834
-634
-513
-284
-333
-277
-339
-374
-203
-223
-188
-166
-208
-169
-79
-183
-144
-177
-305
-410
-498
-632
-727
-688
-671
-676
-560
-377
-498
-393
-367
-529
-646
-573
-596
-379
-216
-351
-274
-165
-227
-320
-600
-519
-492
-583
-452
-433
-398
-311
-208
-273
-324
-446
-491
-432
-288
-124
-149
-159
-143
-1
-115
-286
-63
1
71
65
101
-80
-143
-282
-362
