198
-75
141
2
-87
168
-102
70
49
-87
251
44
143
482
60
184
445
220
242
441
99
150
357
83
189
116
42
221
-7
-113
15
-23
233
344
140
254
277
212
91
84
-17
99
271
297
316
287
304
242
359
297
168
92
24
-10
-85
-139
-121
-96
2
52
114
234
89
211
5
55
94
63
121
244
371
227
412
27
192
-30
6
-63
-158
-7
-128
55
-209
5
-251
-193
65
-113
200
-73
-58
114
-115
185
8
224
311
118
271
128
138
195
11
203
245
191
280
-10
158
202
-55
177
-79
-216
163
103
265
437
366
308
373
274
201
203
165
130
299
174
339
423
202
291
344
316
157
184
77
237
89
29
148
147
139
68
220
119
198
160
139
270
197
231
51
170
296
245
236
62
252
187
240
236
38
133
301
368
275
309
255
409
541
583
608
537
526
507
509
529
495
519
627
610
545
498
475
446
394
399
358
330
371
351
406
353
309
316
345
440
373
453
506
451
415
371
371
480
362
336
398
250
229
212
298
369
403
295
250
291
256
160
44
18
77
141
197
339
362
338
490
460
342
322
230
255
192
195
251
224
180
95
-35
-67
-48
-17
-215
-182
-179
-97
141
-17
77
-49
78
185
78
21
157
235
180
170
217
30
-115
-85
-42
-32
-146
-91
-135
47
-22
-36
-52
-67
37
-57
-148
-107
-88
-5
30
101
183
186
63
32
27
-13
-35
49
228
57
17
74
96
-48
88
20
-8
227
171
128
225
474
495
437
377
588
594
380
338
221
173
194
226
270
319
109
229
231
119
109
90
83
207
203
91
133
231
169
145
137
137
306
300
286
266
200
277
234
261
91
35
65
101
-90
-119
-68
-101
-71
-95
-165
-202
-96
-80
-107
-67
-12
-14
15
-34
-58
25
12
-96
-20
-67
-90
-97
-105
-69
-79
-73
29
136
99
206
189
169
176
375
421
426
414
487
427
508
788
592
742
888
774
831
978
750
790
921
697
811
922
576
650
794
678
818
855
826
663
1014
950
773
972
1103
861
1025
1096
921
1082
814
828
1030
927
792
953
745
363
300
328
88
-40
285
145
-190
23
40
-214
-183
-188
-391
-588
-690
-785
-1017
-972
-1044
-994
-970
-1112
-1268
-1321
-1091
-1260
-1304
-1269
-1420
-1173
-1254
-1204
-1263
-1134
-910
-766
-864
-895
-607
-739
-719
-838
-729
-759
-905
-768
-920
-688
-762
-904
-615
-664
-577
-675
-470
-363
-354
-113
-163
-178
-51
-37
72
98
283
335
370
385
403
464
494
600
574
681
726
740
721
761
785
830
764
758
715
831
999
1128
1183
1346
1383
1379
1420
1475
1645
1713
1738
1698
1683
1540
1495
1494
1399
1104
863
697
478
394
254
116
-16
-171
-266
-436
-653
-718
-921
-1064
-1074
-1246
-1283
-1231
-1127
-1161
-1119
-994
-944
-892
-793
-697
-767
-690
-584
-606
-456
-316
-323
-197
-117
-76
-33
34
96
-38
-119
-85
-86
-213
-331
-214
-151
-438
-729
-568
-661
-852
-948
-979
-1136
-1299
-1235
-1382
-1384
-1398
-1302
-1358
-1487
-1236
-1153
-1192
-1155
-950
-907
-822
-700
-559
-480
-454
-280
-328
-109
14
223
266
333
495
521
581
494
729
755
899
743
633
847
950
1053
1167
1050
994
1083
1165
1212
1485
1647
1376
1519
1605
1728
1676
1536
1342
1066
1021
819
697
520
411
204
52
-43
-191
-458
-580
-799
-1062
-1220
-1299
-1328
-1412
-1430
-1595
-1663
-1584
-1503
-1540
-1514
-1454
-1322
-1277
-1227
-1082
-1005
-941
-792
-666
-550
-424
-350
-331
-140
-95
-120
-190
-165
-135
-159
-178
-201
-177
-252
-396
-546
-632
-723
-710
-882
-942
-926
-1092
-1203
-1179
-1217
-1259
-1317
-1163
-1215
-1189
-1191
-1170
-1126
-978
-1077
-1003
-840
-881
-528
-531
-329
-414
-240
-96
-191
142
56
166
374
244
726
701
723
808
654
1086
967
1089
1275
996
1353
1433
1369
1692
1494
1453
1497
1371
1574
1701
1670
1788
1863
1898
2067
2147
2096
2275
2262
1835
2011
2044
1808
1797
1776
1456
1042
822
674
361
308
203
-57
-247
-544
-793
-879
-1057
-1282
-1303
-1470
-1526
-1458
-1562
-1478
-1480
-1632
-1274
-1185
-1192
-1166
-938
-906
-929
-878
-669
-595
-433
-484
-710
-575
-402
-198
-509
-442
-422
-397
-479
-605
-462
-595
-548
-767
-792
-745
-891
-913
-914
-890
-934
-1065
-1228
-1172
-1167
-1330
-1269
-1466
-1454
-1409
-1458
-1456
-1502
-1305
-1301
-1289
-1088
-1047
-949
-966
-868
-652
-544
-441
-386
-174
-18
-30
166
311
377
474
478
454
560
547
553
599
656
739
759
821
882
974
1096
1075
1177
1233
1249
1398
1501
1567
1634
1673
1745
1863
1821
1772
1548
1305
1226
1252
1148
936
694
406
382
272
15
-269
-355
-540
-756
-795
-994
-1198
-1285
-1278
-1304
-1440
-1563
-1486
-1394
-1363
-1372
-1503
-1417
-1362
-1263
-1189
-1039
-964
-874
-837
-855
-728
-558
-417
-306
-181
-183
-164
-253
-159
-228
-264
-230
-162
-194
-297
-282
-374
-397
-422
-476
-443
-585
-754
-729
-821
-808
-995
-964
-750
-954
-916
-1046
-1055
-913
-1059
-996
-958
-964
-754
-807
-602
-422
-455
-334
-391
-209
-96
26
118
246
401
183
155
251
507
555
603
804
768
847
968
986
1036
1054
1109
1117
1190
1238
1300
1293
1352
1255
1417
1413
1480
1486
1515
1625
1664
1693
1632
1713
1549
1371
1332
1274
1240
1076
897
657
454
299
185
-3
-283
-436
-791
-925
-991
-1196
-1187
-1409
-1521
-1610
-1674
-1690
-1651
-1545
-1515
-1385
-1340
-1240
-1165
-1025
-986
-854
-720
-697
-447
-430
-188
-314
-95
187
-130
-7
261
39
58
203
4
91
131
-53
-2
7
-218
-114
60
-271
-465
-113
-94
-499
-552
-208
-377
-614
-529
-483
-602
-532
-374
-561
-499
-417
-427
-489
-274
-69
-254
-170
56
73
-4
145
416
233
404
670
771
621
744
808
865
941
914
970
924
1008
1040
961
869
987
1212
1061
887
1133
1137
1221
1445
1473
1562
1721
1751
1762
1824
1924
1932
1936
1825
1671
1725
1402
1261
1161
901
728
347
164
79
-45
-95
-357
-719
-772
-807
-1015
-1063
-1234
-1287
-1341
-1479
-1427
-1412
-1388
-1530
-1453
-1244
-1284
-1263
-1172
-1108
-952
-894
-937
-854
-869
-741
-596
-485
-358
-276
-181
-198
-18
-6
56
-2
-110
-55
-140
-202
-306
-239
-312
-386
-454
-505
-624
-641
-574
-715
-613
-704
-809
-812
-722
-665
-688
-632
-634
-614
-468
-349
-325
-340
-254
-207
-284
-175
-104
-139
-64
55
-32
192
314
374
402
517
537
542
697
627
639
793
818
839
924
883
991
980
965
1010
1130
1048
1088
1291
1258
1235
1341
1402
1411
1530
1643
1703
1705
1666
1659
1494
1443
1385
1399
1284
964
822
722
621
486
400
277
18
-318
-412
-603
-697
-817
-1084
-1160
-1287
-1406
-1350
-1420
-1392
-1295
-1222
-1272
-1231
-952
-914
-845
-878
-748
-624
-504
-474
-434
-293
-205
-40
-153
-209
-123
-5
41
29
4
-66
-173
-254
-307
-374
-282
-369
-353
-384
-472
-419
-517
-527
-661
-672
-514
-614
-639
-693
-709
-728
-711
-682
-800
-814
-811
-783
-766
-518
-581
-668
-565
-454
-413
-303
-169
-80
95
105
183
193
173
206
270
218
291
516
395
415
508
486
562
591
531
606
687
668
837
807
1025
1008
1066
1217
1160
1255
1383
1383
1418
1464
1410
1516
1432
1299
1385
1101
1095
983
584
667
429
190
218
-89
-153
-109
-455
-392
-551
-793
-646
-875
-805
-610
-913
-640
-781
-992
-663
-970
-903
-648
-856
-571
-501
-581
-260
-287
-361
-177
-354
-288
65
-129
-162
183
101
121
345
176
255
356
110
138
167
-117
-38
31
-224
-216
-257
-416
-420
-400
-465
-486
-475
-465
-378
-413
-456
-445
-337
-385
-424
-218
-179
-205
-100
43
155
-37
-6
-7
116
21
-59
138
87
129
90
357
198
273
352
368
578
597
759
800
1005
683
717
829
791
950
888
1047
1101
1017
982
1059
1169
1114
1091
1180
1199
1251
1226
1188
1247
1249
1224
1259
1279
1265
1240
1143
932
826
632
467
324
120
-21
-167
-275
-550
-564
-772
-921
-942
-1032
-1210
-1308
-1306
-1405
-1280
-1362
-1376
-1447
-1198
-1074
-1061
-915
-891
-769
-749
-610
-627
-497
-447
-405
-460
-477
-451
-492
-378
-534
-543
-515
-560
-531
-544
-555
-635
-649
-634
-777
-634
-714
-762
-679
-730
-547
-615
-723
-836
-781
-786
-853
-854
-815
-883
-1003
-891
-801
-846
-731
-691
-686
-520
-420
-308
-206
-120
-106
-101
41
156
185
86
239
262
183
282
273
382
351
401
483
595
564
538
577
559
669
681
700
697
748
986
1052
1193
1259
1362
1228
1277
1407
1398
1371
1354
1365
1308
1198
1324
1119
974
1044
722
446
223
302
231
63
168
46
-208
-444
-602
-746
-774
-804
-866
-879
-723
-786
-775
-806
-830
-798
-827
-915
-818
-670
-633
-573
-587
-588
-551
-432
-403
-364
-359
-327
-159
-161
-203
-85
-247
-107
-153
-226
-166
-216
-237
-384
-264
-432
-503
-506
-551
-521
-538
-545
-665
-564
-565
-537
-501
-440
-393
-304
-281
-257
-184
-223
-150
-230
-263
-127
-135
-93
8
-156
76
-119
-23
62
-91
259
69
261
462
304
629
480
552
699
507
955
777
797
1060
868
1032
1194
846
961
1240
817
1036
1227
941
1020
1181
1248
1132
1428
1552
1404
1395
1376
1249
1394
1424
1183
1388
1113
888
995
755
455
412
383
-90
-74
-158
-418
-517
-670
-791
-898
-863
-967
-1033
-885
-1009
-940
-885
-1224
-1101
-785
-794
-837
-753
-461
-701
-532
-305
-399
-392
-231
-122
-346
-249
-147
-165
-234
-159
-39
-51
-77
-177
-159
11
-113
-348
-338
-346
-322
-205
-532
-442
-465
-489
-529
-587
-608
-582
-537
-621
-650
-631
-588
-662
-556
-590
-388
-353
-403
-178
-150
-24
-34
1
193
224
384
454
429
394
378
315
280
321
384
413
505
546
539
641
632
671
608
657
775
716
839
813
927
963
997
1132
1267
1399
1395
1474
1407
1388
1315
1272
1184
1117
1078
1192
1147
941
961
951
653
580
572
429
256
98
-8
-223
-269
-383
-535
-531
-626
-742
-776
-759
-894
-943
-847
-847
-955
-1027
-995
-940
-904
-988
-726
-719
-624
-555
-584
-611
-551
-428
-368
-304
-321
-209
-195
-168
-147
-144
-170
-464
-465
-535
-639
-572
-457
-458
-558
-585
-623
-662
-697
-607
-661
-585
-447
-547
-671
-801
-666
-580
-691
-519
-449
-509
-564
-696
-618
-486
-471
-271
-339
-493
-307
-307
-71
45
186
86
11
62
140
332
342
607
709
502
547
484
509
557
496
609
576
653
767
650
620
721
761
835
803
842
870
920
1039
985
1126
1328
1352
1305
1184
1230
1275
1102
1023
1060
882
707
531
406
385
390
113
-52
-222
-440
-301
-366
-536
-558
-546
-552
-593
-743
-688
-716
-661
-620
-672
-686
-591
-597
-454
-386
-380
-331
-213
-101
-249
-174
-206
-50
-176
32
63
-111
170
202
153
263
304
143
114
199
-55
106
165
-166
-259
-101
-177
-273
-11
-360
-537
-233
-522
-495
-172
-599
-385
-192
-463
-251
-151
-395
-272
-69
-174
15
118
41
165
440
225
150
390
422
270
157
435
511
227
304
424
548
505
611
743
759
826
850
869
900
905
968
1054
897
1011
1185
1157
1238
1293
1226
1369
1285
1166
1150
1118
1084
1126
1117
1028
984
1095
916
658
498
337
301
26
-7
-111
-168
-281
-338
-431
-460
-619
-761
-738
-1048
-1111
-1191
-1148
-1157
-1243
-1275
-1196
-1084
-1114
-1011
-963
-814
-825
-565
-532
-565
-429
-287
-213
-171
-173
-294
-270
-290
-323
-432
-453
-458
-456
-523
-570
-525
-672
-784
-827
-921
-931
-877
-948
-942
-988
-877
-756
-769
-903
-851
-782
-812
-787
-769
-793
-705
-751
-819
-682
-691
-689
-693
-562
-407
-348
-278
-239
-217
-105
12
87
233
215
211
300
398
493
537
609
638
570
718
790
696
786
663
746
803
927
944
895
961
1062
1143
1148
1229
1122
1261
1310
1293
1298
1382
1399
1337
1213
1134
1098
1030
833
781
581
389
269
220
123
-121
-190
-272
-346
-409
-540
-672
-761
-679
-781
-948
-878
-843
-805
-843
-744
-635
-597
-467
-552
-546
-649
-635
-572
-458
-645
-627
-419
-485
-381
-487
-307
-27
-141
-283
-350
-333
-390
-459
-501
-666
-717
-694
-648
-635
-546
-715
-742
-761
-892
-929
-893
-956
-872
-1043
-887
-949
-973
-892
-850
-687
-716
-634
-563
-330
-328
-291
-265
-192
-37
-85
-31
-144
-172
56
17
-31
102
144
261
226
141
236
245
443
452
434
574
541
569
687
678
688
800
848
769
903
826
994
954
903
1031
1021
1043
1066
988
899
1078
903
845
703
970
590
427
508
189
259
226
-55
-32
116
-455
-198
-529
-712
-507
-958
-770
-988
-1228
-814
-1012
-1316
-1029
-1351
-1262
-816
-1051
-989
-737
-827
-641
-495
-661
-572
-342
-555
-549
-281
-499
-416
-216
-537
-514
-355
-621
-696
-475
-659
-902
-904
-781
-751
-992
-1021
-824
-696
-794
-801
-957
-856
-852
-718
-730
-782
-654
-793
-653
-777
-711
-680
-527
-703
-699
-466
-621
-409
-335
-276
-345
-153
45
-82
73
51
90
-24
-3
130
233
433
231
416
480
456
573
396
682
706
684
733
632
583
731
860
863
794
891
870
896
1156
1124
1136
1250
1334
1337
1222
1222
1151
1044
974
807
740
492
214
12
-49
-144
-239
-360
-508
-545
-735
-731
-825
-980
-1069
-1226
-1149
-1105
-1018
-1059
-1154
-1212
-1076
-1045
-1011
-942
-980
-860
-735
-806
-767
-838
-786
-606
-640
-703
-607
-544
-473
-623
-587
-435
-462
-598
-607
-506
-585
-481
-702
-651
-755
-832
-845
-732
-825
-992
-853
-748
-737
-957
-802
-664
-653
-673
-645
-563
-513
-573
-528
-298
-251
-42
-56
-75
93
189
302
220
239
209
260
410
290
252
361
389
453
593
574
562
667
547
563
533
601
750
710
702
845
859
900
910
946
1029
1117
1109
991
1080
1172
1106
1009
1073
1034
862
1039
949
515
590
645
516
188
114
126
-39
65
-50
-326
-504
-645
-691
-811
-1048
-1079
-1298
-1534
-1304
-1357
-1544
-1570
-1525
-1411
-1380
-1335
-1287
-1203
-1105
-1020
-998
-867
-804
-666
-733
-731
-539
-565
-600
-624
-641
-679
-754
-785
-792
-801
-824
-897
-982
-963
-957
-944
-1042
-1024
-973
-1062
-1010
-902
-790
-817
-720
-761
-767
-679
-686
-634
-602
-554
-535
-562
-440
-369
-358
-242
-330
-249
-169
-137
-220
-101
-48
-102
-205
179
333
68
514
556
470
698
699
560
645
599
516
775
617
435
727
785
551
804
1071
913
745
1207
1297
978
1263
1294
1274
1406
1476
1340
1366
1530
1308
1206
1278
1119
842
845
768
434
260
287
31
-257
-257
-157
-494
-552
-634
-766
-776
-878
-860
-951
-941
-1010
-900
-877
-885
-733
-770
-744
-773
-612
-544
-569
-412
-570
-368
-486
-421
-369
-474
-315
-203
-187
-494
-275
-275
-407
-433
-384
-444
-623
-513
-494
-576
-719
-874
-700
-592
-808
-721
-643
-797
-848
-931
-776
-759
-795
-663
-769
-729
-594
-482
-416
-454
-396
-328
-176
-73
-161
-162
-62
-196
-121
-93
-119
34
46
49
199
213
270
315
190
310
234
317
465
566
583
641
647
647
769
861
926
854
859
884
976
952
984
959
1025
1144
1128
1135
1102
1040
1015
1051
890
809
756
608
507
308
203
190
164
73
-59
-149
-358
-424
-621
-598
-674
-810
-900
-910
-937
-1113
-1026
-1000
-848
-918
-981
-763
-614
-587
-592
-521
-393
-297
-331
-277
-227
-211
-347
-256
-204
-322
-325
-320
-384
-349
-419
-328
-440
-496
-558
-616
-531
-618
-690
-668
-721
-732
-711
-663
-668
-657
-576
-600
-552
-632
-642
-608
-489
-616
-506
-338
-435
-402
-410
-312
-301
-401
-318
-304
-159
-203
-189
61
-73
-25
67
123
211
322
476
665
518
591
605
416
325
404
516
732
815
656
699
749
836
925
913
958
959
944
1180
1159
1172
1131
1102
1046
970
994
951
910
689
479
456
300
130
-69
-131
-248
-378
-418
-601
-613
-739
-703
-776
-857
-896
-954
-984
-1046
-983
-988
-921
-979
-1010
-943
-826
-785
-598
-600
-588
-613
-550
-425
-420
-367
-489
-357
-286
-445
-300
-423
-385
-439
-280
-569
-459
-272
-618
-339
-418
-696
-468
-551
-784
-485
-719
-674
-616
-904
-629
-625
-732
-377
-779
-577
-159
-407
-226
-58
-311
-113
97
-84
148
181
140
324
422
332
374
531
337
316
561
523
388
671
714
644
685
948
902
804
1032
1112
1243
1104
1291
1280
1329
1433
1486
1583
1598
1592
1566
1665
1621
1659
1625
1560
1547
1457
1433
1403
1407
1197
1198
999
1019
818
576
347
343
206
215
110
-203
-264
-390
-485
-757
-677
-933
-848
-932
-868
-823
-923
-1039
-1034
-980
-980
-808
-726
-685
-634
-432
-368
-281
-320
-302
-267
-299
-134
-110
-67
-78
-155
-174
-265
-430
-448
-504
-570
-640
-845
-749
-853
-809
-840
-942
-797
-895
-948
-927
-834
-957
-905
-776
-801
-787
-766
-683
-698
-708
-621
-622
-579
-542
-579
-489
-488
-424
-317
-288
-221
-143
-175
-148
95
135
166
289
409
366
489
518
618
698
683
812
758
863
855
856
996
973
877
1020
885
882
956
1023
1138
998
1048
1374
1496
1399
1271
1222
1248
1243
1002
1021
897
676
680
469
286
222
191
-49
-193
-300
-517
-531
-513
-697
-790
-953
-1002
-1007
-975
-1041
-988
-925
-955
-930
-810
-648
-680
-640
-584
-534
-527
-487
-309
-254
-321
-236
-231
-192
-49
-153
62
44
-67
55
-7
-278
-185
-71
-214
-350
-445
-398
-675
-782
-559
-721
-831
-769
-855
-839
-655
-686
-721
-701
-797
-830
-670
-642
-680
-597
-481
-364
-296
-224
-254
-210
-151
-46
40
-22
49
206
199
187
149
169
306
266
239
204
394
570
635
643
605
683
761
782
842
788
873
979
946
958
1036
1064
1169
1316
1377
1472
1424
1430
1365
1271
1203
1095
1056
1058
906
806
670
553
436
371
338
282
148
-26
-29
-372
-242
-424
-690
-493
-706
-874
-661
-730
-1057
-851
-989
-1033
-740
-869
-907
-588
-542
-757
-472
-362
-442
-499
-274
-43
-323
-199
103
199
-12
45
117
-87
-139
-104
10
-142
-403
-373
-344
-161
-507
-609
-686
-712
-475
-530
-469
-711
-691
-437
-575
-545
-468
-542
-531
-532
-496
-412
-264
-238
-251
-229
-144
-181
-157
77
-119
-80
7
-160
3
-21
193
467
428
582
663
732
753
973
713
762
932
887
760
918
1276
1177
1143
1257
1318
1033
1153
1286
1111
1354
1410
1313
1437
1502
1557
1613
1519
1421
1579
1555
1490
1399
1217
1063
844
701
606
481
287
114
-91
-278
-284
-286
-306
-423
-505
-580
-737
-847
-829
-771
-801
-681
-715
-704
-582
-486
-490
-511
-339
-336
-277
-266
-290
-192
-142
-144
-100
-66
-115
-173
-71
-61
-9
86
91
103
6
24
-4
-59
-124
-165
-169
-291
-408
-494
-554
-661
-581
-632
-695
-750
-743
-673
-774
-709
-648
-774
-695
-576
-587
-680
-560
-481
-263
-225
-222
-112
-111
33
-48
-13
112
194
222
477
354
386
420
548
479
390
644
572
673
603
864
974
736
711
899
1036
995
1033
1035
1082
1153
1187
1264
1378
1339
1339
1389
1386
1413
1181
1154
1084
996
807
802
618
349
424
195
116
30
-66
-66
-221
-425
-539
-594
-713
-785
-911
-1011
-1126
-1259
-1248
-1065
-996
-1127
-1191
-1011
-808
-838
-627
-737
-682
-584
-481
-367
-428
-394
-264
-204
-286
-308
-295
-316
-338
-334
-350
-425
-433
-370
-471
-605
-539
-550
-769
-788
-812
-825
-869
-823
-783
-808
-746
-659
-656
-719
-691
-590
-570
-599
-569
-496
-525
-551
-402
-499
-425
-326
-357
-317
-293
-201
-208
-154
19
111
145
194
244
291
398
471
477
535
707
661
524
852
815
529
789
808
663
830
799
732
846
999
827
1083
1355
1088
1367
1621
1400
1437
1546
1230
1260
1380
1092
961
936
813
699
720
322
112
223
87
-248
-225
-283
-642
-603
-544
-900
-991
-846
-1072
-1098
-833
-887
-1019
-707
-717
-802
-573
-460
-446
-447
-408
-438
-336
-390
-196
-288
-237
-43
-180
-284
-285
-143
-255
-118
33
-172
-90
19
-40
-106
-178
-201
-367
-497
-366
-534
-538
-491
-489
-546
-654
-628
-659
-526
-591
-684
-575
-593
-572
-490
-334
-426
-273
-262
-62
28
-81
0
-9
187
217
291
159
118
177
283
421
514
498
561
540
562
629
533
621
645
760
695
736
861
888
887
1063
1068
1121
1205
1290
1282
1361
1405
1601
1585
1429
1531
1427
1432
1287
1291
1314
1164
961
895
850
675
602
394
292
258
150
70
-69
-18
-77
-278
-392
-572
-625
-840
-908
-862
-864
-936
-770
-722
-741
-638
-516
-526
-563
-435
-304
-164
-75
47
77
-7
199
248
324
352
303
225
190
192
119
31
45
8
-135
-230
-258
-260
-267
-323
-404
-370
-309
-368
-354
-416
-358
-334
-434
-480
-358
-260
-279
-259
-254
-220
-189
-225
-193
-103
-222
-165
-43
95
130
53
145
47
220
244
176
376
247
456
465
442
554
775
740
608
933
848
879
927
983
1065
1043
940
1016
927
1107
1064
1252
1262
1227
1460
1315
1405
1469
1374
1326
1374
1280
1290
1084
862
649
589
580
386
97
80
-72
-185
-301
-512
-580
-648
-771
-825
-1036
-1095
-1099
-1173
-1200
-1118
-1136
-1198
-1133
-1094
-822
-975
-1028
-851
-929
-912
-810
-776
-745
-807
-657
-606
-632
-606
-465
-416
-395
-378
-411
-414
-502
-551
-451
-431
-479
-534
-661
-591
-601
-832
-766
-782
-891
-504
-786
-871
-728
-911
-935
-847
-938
-792
-921
-858
-499
-811
-468
-412
-543
-77
-251
-301
46
47
-244
188
188
13
365
225
211
302
180
65
279
209
254
501
576
368
577
758
749
746
1037
946
679
981
1207
1156
1013
1257
1405
1352
1395
1300
1411
1424
1463
1504
1336
1231
1233
1116
1013
911
858
765
711
464
435
494
163
299
167
-58
-71
-322
-585
-547
-699
-696
-724
-676
-868
-940
-901
-700
-651
-849
-681
-578
-555
-604
-490
-434
-417
-263
-57
-132
-24
45
-23
55
54
24
-152
-110
-37
-176
-262
-348
-356
-477
-417
-541
-651
-686
-831
-693
-736
-825
-721
-640
-624
-692
-722
-702
-779
-698
-754
-714
-554
-633
-489
-494
-573
-423
-349
-332
-249
-259
-212
-16
-39
72
133
198
124
140
252
347
388
580
637
541
666
649
687
851
918
905
940
923
947
877
1018
901
900
1054
1103
1318
1378
1367
1518
1608
1711
1677
1651
1690
1606
1481
1257
1227
1203
1144
940
743
678
573
423
193
106
-139
-329
-448
-436
-516
-636
-719
-839
-787
-809
-761
-879
-753
-663
-699
-548
-627
-536
-562
-545
-336
-413
-441
-266
-187
-197
-140
-121
-46
52
4
7
122
-37
-67
-63
-197
-74
-100
-154
-175
-262
-187
-378
-623
-688
-720
-429
-504
-872
-783
-726
-704
-786
-682
-808
-1036
-1097
-945
-800
-675
-431
-584
-378
-258
-263
-151
-212
-140
-117
-103
-44
-88
17
28
68
108
22
57
56
73
63
126
254
371
432
541
640
666
737
766
746
723
808
820
819
870
926
1007
1048
1073
1224
1215
1198
1260
1184
1138
988
944
974
802
687
573
440
410
238
223
235
-2
-36
-81
-224
-337
-456
-535
-641
-693
-730
-740
-898
-641
-844
-922
-789
-935
-751
-627
-509
-721
-402
-298
-409
-338
-63
-219
-216
154
-57
-216
194
384
54
47
201
-78
-30
139
-163
-200
-43
-214
-317
-250
-171
-348
-451
-194
-317
-515
-301
-299
-435
-540
-330
-249
-467
-346
-254
-429
-331
-131
-164
-205
-113
106
114
149
151
208
295
308
451
514
485
392
524
786
861
726
706
828
824
636
634
920
969
911
1016
815
913
882
951
906
882
1096
1093
1226
1140
1308
1444
1566
1550
1448
1662
1593
1550
1480
1324
1284
1168
983
881
730
620
557
378
245
-9
-95
-239
-359
-454
-364
-420
-538
-638
-697
-783
-848
-772
-786
-812
-807
-709
-669
-674
-634
-524
-538
-523
-545
-602
-560
-377
-419
-349
-294
-320
-402
-319
-268
-391
-326
-242
-98
-190
-153
-202
-268
-327
-336
-385
-441
-518
-515
-545
-813
-714
-728
-808
-702
-714
-857
-1037
-854
-825
-819
-838
-730
-540
-517
-314
-231
-272
-254
-219
-27
-42
-56
7
81
45
43
251
307
363
291
336
348
419
464
666
788
604
682
718
805
912
1060
1157
1153
1128
1251
1270
1229
1252
1243
1432
1263
1390
1412
1428
1514
1473
1528
1374
1496
1437
1314
1351
1218
1076
1003
816
564
673
636
620
295
234
170
91
96
-83
-157
-251
-350
-472
-343
-657
-742
-612
-633
-584
-558
-370
-326
-371
-403
-150
-168
-93
62
48
30
-5
76
93
10
133
159
129
137
-6
9
-40
-151
-174
-261
-357
-334
-528
-494
-513
-486
-528
-527
-480
-541
-493
-597
-555
-528
-567
-548
-527
-531
-535
-433
-396
-526
-443
-354
-350
-225
-222
-206
-168
-31
-27
-13
52
12
46
32
102
252
337
362
362
395
377
349
366
418
520
442
541
478
511
838
583
733
875
593
772
941
684
962
982
789
1230
1122
1024
1346
1000
1024
1163
836
821
812
310
336
535
36
80
187
-217
-172
-101
-329
-343
-349
-545
-584
-580
-731
-760
-653
-823
-750
-479
-796
-864
-588
-638
-754
-534
-479
-709
-496
-360
-438
-360
-353
-266
-231
-248
-76
-86
-78
-57
40
139
-18
-194
-123
73
-224
-358
-153
-399
-349
-256
-340
-399
-350
-340
-456
-411
-445
-168
-244
-159
-199
-135
-31
-41
155
-14
119
148
140
274
188
68
360
287
417
340
267
303
177
271
233
265
325
391
443
409
510
521
569
610
573
677
810
820
815
827
810
1085
1143
1107
1099
1115
1182
1206
1159
1159
1251
1195
1227
1188
1096
983
850
816
717
580
572
539
472
404
322
272
31
-40
-88
-173
-256
-370
-502
-693
-777
-779
-828
-808
-942
-941
-820
-795
-828
-602
-457
-646
-474
-345
-351
-343
-278
-266
-233
-145
-174
-273
-232
-238
-310
-261
-394
-408
-438
-348
-404
-401
-559
-636
-620
-741
-687
-622
-529
-494
-526
-435
-482
-514
-540
-436
-378
-393
-450
-361
-321
-299
-205
-265
-188
-180
-17
-3
1
32
59
111
37
147
172
111
182
337
420
562
500
423
496
419
635
566
729
774
636
746
789
832
657
776
662
754
826
595
729
844
926
1067
1110
1052
1144
1338
1390
1525
1438
1292
1317
1185
1133
990
887
674
700
636
514
398
231
239
83
-10
-19
-64
-179
-239
-211
-321
-300
-296
-403
-519
-453
-329
-411
-355
-481
-411
-370
-494
-526
-480
-379
-318
-342
-299
-252
-297
-284
-169
-139
-265
-324
-301
-337
-333
-289
-249
-277
-375
-424
-349
-417
-471
-454
-461
-457
-581
-566
-440
-505
-447
-486
-370
-449
-554
-392
-539
-393
-256
-373
-106
-112
-231
52
8
-162
158
53
-168
219
214
-98
208
286
265
-10
169
262
-30
390
392
104
392
536
306
437
612
585
584
775
739
679
593
799
973
834
823
1078
1148
957
874
1158
1060
774
875
1007
843
769
761
760
787
625
650
451
394
311
332
148
93
94
-178
-54
-371
-393
-387
-508
-576
-660
-571
-728
-790
-740
-695
-989
-801
-598
-442
-478
-514
-378
-100
-60
-170
-184
-64
-74
-170
-149
-345
-130
-271
-386
-366
-352
-385
-443
-450
-533
-431
-549
-544
-454
-582
-574
-418
-405
-402
-411
-489
-454
-369
-220
-215
-221
-271
-308
-204
-241
-294
-245
-224
-173
-228
-262
-7
94
5
83
8
101
175
174
303
179
309
264
264
383
412
413
481
515
536
484
460
420
363
414
365
431
456
638
657
702
796
872
957
982
974
1000
1098
1049
1004
803
760
736
780
577
489
489
416
447
263
139
-84
-299
-139
-202
-344
-486
-568
-653
-753
-769
-716
-674
-699
-578
-575
-517
-608
-636
-569
-594
-571
-571
-510
-441
-511
-589
-555
-464
-318
-401
-416
-383
-397
-297
-171
-307
-298
-417
-357
-236
-402
-294
-263
-348
-315
-336
-432
-343
-345
-279
-531
-424
-278
-340
-483
-556
-331
-268
-187
-175
-222
45
-138
-38
-52
-40
44
62
357
170
281
255
147
135
266
448
505
415
446
524
481
522
440
492
483
433
492
546
586
677
796
827
927
1047
1161
1140
1296
1188
1033
1156
1149
1069
1055
1106
1146
900
829
831
758
829
594
641
485
353
266
98
81
-47
-52
-136
-196
-231
-286
-436
-586
-580
-610
-633
-665
-732
-795
-764
-888
-850
-833
-854
-704
-744
-748
-537
-605
-563
-238
-557
-423
-189
-327
-225
14
-187
-96
-118
-334
-110
-200
-463
-237
-596
-599
-241
-626
-580
-445
-757
-820
-384
-662
-777
-578
-725
-592
-472
-562
-502
-431
-504
-440
-305
-404
-456
-231
-366
-263
-93
-321
-315
-87
-230
-143
87
-27
-175
-3
282
167
76
200
201
279
332
423
521
475
450
396
507
476
334
490
661
339
478
506
435
565
367
613
640
512
493
879
982
658
802
689
433
448
345
288
-37
20
25
-60
-271
-463
-506
-667
-711
-904
-862
-797
-942
-1022
-1071
-1076
-1142
-1093
-1086
-1169
-1017
-1055
-995
-947
-802
-784
-700
-650
-767
-624
-583
-591
-650
-641
-556
-440
-528
-500
-529
-533
-647
-581
-522
-626
-551
-534
-597
-496
-472
-566
-569
-446
-557
-621
-483
-495
-502
-513
-464
-478
-351
-381
-434
-395
-290
-254
-163
-202
-280
-125
-6
35
180
179
58
140
233
306
385
384
322
537
440
388
522
515
409
454
413
543
494
409
449
448
662
567
592
741
721
735
787
914
933
992
1059
1090
1098
1098
1121
931
1048
850
707
730
659
602
380
333
189
-42
96
39
-208
-218
-252
-307
-432
-427
-454
-609
-664
-604
-596
-649
-667
-815
-669
-746
-783
-726
-739
-497
-550
-495
-554
-756
-640
-441
-454
-435
-307
-338
-201
-158
65
195
161
287
-1
-124
-183
-68
-254
-104
-341
-396
-205
-382
-336
-426
-446
-414
-390
-355
-264
-216
-180
-237
-187
-265
-239
-114
-158
-64
13
51
90
137
48
123
140
251
303
130
288
230
250
230
165
362
415
555
591
438
612
586
594
595
646
777
731
808
902
809
733
797
793
688
725
786
827
814
771
691
728
804
671
632
597
593
521
621
608
228
389
52
-151
-3
-427
-537
-481
-770
-625
-684
-1130
-1001
-938
-1195
-880
-966
-1300
-976
-896
-1090
-793
-613
-903
-738
-367
-595
-683
-312
-409
-427
-238
-199
-191
-252
-197
-222
-297
-98
-167
-277
-439
-165
-96
-193
-338
-270
-176
-294
-474
-331
-160
-294
-163
-204
-194
-177
-235
-217
-157
-36
2
41
70
49
-29
111
106
-98
45
24
61
-50
72
69
129
239
288
263
351
440
390
519
458
509
454
476
704
734
628
761
795
677
512
706
630
689
828
854
927
890
846
794
755
748
882
857
771
576
485
459
315
232
148
2
-203
-255
-429
-572
-602
-676
-937
-961
-1045
-1049
-1027
-1138
-1155
-1269
-1120
-1155
-1127
-1028
-1013
-846
-910
-731
-702
-655
-524
-573
-541
-550
-470
-453
-482
-369
-270
-324
-200
-310
-182
-103
-183
-317
-435
-322
-231
-151
-143
-85
-75
-82
-37
-115
-22
35
52
-37
-16
166
16
175
197
202
198
290
469
457
302
248
438
540
525
423
613
625
607
550
742
669
597
643
740
826
717
695
594
635
658
757
658
718
689
714
539
536
593
695
736
759
794
808
725
664
725
712
769
646
643
708
466
389
407
345
249
-121
-234
-120
-294
-243
-490
-652
-475
-502
-601
-715
-738
-710
-536
-741
-865
-997
-893
-858
-1073
-959
-981
-1019
-980
-794
-934
-819
-768
-790
-673
-745
-613
-679
-611
-619
-555
-495
-534
-446
-429
-458
-462
-326
-407
-439
-362
-380
-459
-467
-378
-408
-266
-280
-255
-279
-215
-213
-84
-70
-57
60
66
161
242
261
284
338
361
277
410
539
496
489
425
448
353
347
283
255
350
263
206
230
193
202
179
309
339
265
249
196
227
559
366
407
706
231
455
424
227
314
344
330
209
332
97
-69
88
-35
-245
-90
-146
-359
14
-97
-513
-479
-242
-557
-630
-385
-633
-692
-559
-632
-852
-755
-706
-853
-699
-675
-1005
-893
-724
-860
-1073
-736
-680
-860
-622
-570
-631
-700
-432
-528
-594
-327
-415
-341
-390
-446
-389
-471
-413
-247
-306
-327
-196
-183
-266
-207
-224
-155
-268
-205
-103
-250
-46
-36
6
139
125
369
320
409
644
427
462
549
783
450
357
475
478
761
434
216
489
329
341
395
355
373
300
299
316
344
380
320
241
299
274
214
254
346
279
233
242
199
216
184
114
149
186
38
71
107
19
25
-138
-58
-110
-250
-262
-142
-124
-266
-157
-247
-301
-313
-438
-496
-483
-589
-831
-822
-806
-799
-846
-826
-815
-798
-745
-782
-687
-718
-662
-580
-494
-466
-451
-347
-457
-323
-131
-234
-265
-176
-201
-123
-66
-155
-258
-351
-198
-134
-184
-92
-94
-42
28
46
83
46
220
381
361
487
574
656
646
698
625
634
727
780
917
867
930
917
899
882
835
952
881
899
974
902
856
943
999
973
845
858
797
712
659
658
583
594
519
534
529
476
384
416
456
471
486
468
511
520
454
560
693
393
602
518
692
371
322
371
293
338
109
184
164
209
269
48
-26
-21
-303
-218
-146
-361
-496
-427
-274
-264
-358
-386
-327
-351
-295
-215
-198
-189
-181
-95
-58
-146
-62
-71
-105
-108
-76
-116
-117
-82
-147
-92
-141
-106
-158
-122
-123
-70
5
-22
190
269
313
323
318
405
531
574
525
656
525
497
621
609
639
589
638
626
699
803
705
868
963
885
954
935
1032
896
982
989
1073
980
916
932
684
867
488
460
666
513
284
356
316
149
286
211
-29
278
330
1
313
243
-33
290
307
41
303
122
-110
201
-5
78
180
-130
-41
-96
-215
-28
-173
-173
-79
-331
-243
-189
-303
-108
-217
-467
-150
-274
-313
-70
-460
-587
-266
-387
-393
-391
-388
-368
-407
-411
-360
-337
-428
-471
-436
-421
-608
-607
-478
-602
-420
-341
-515
-235
-304
-51
-138
-173
-16
-59
-81
-81
145
68
66
3
98
198
345
228
276
289
343
464
399
318
423
501
434
467
568
753
691
711
761
769
777
775
772
709
549
599
560
458
393
413
428
423
304
260
284
288
226
201
232
176
258
219
158
151
31
110
218
230
125
164
165
-21
-24
-102
-197
-268
-305
-327
-348
-276
-418
-415
-299
-210
-279
-354
-258
-272
-216
-232
-93
-38
-151
-157
-104
-15
-143
-55
-148
-229
-262
-265
-252
-267
-261
-322
-246
-147
-266
-245
-236
-255
-148
-287
-142
-120
-150
-159
4
165
91
151
127
130
228
108
100
210
199
268
133
139
246
215
225
193
327
394
366
423
325
337
348
434
634
546
595
523
536
486
488
587
692
759
528
554
721
688
634
580
622
613
705
718
576
651
644
456
580
642
597
456
438
493
623
560
371
205
284
351
213
135
-32
-53
-245
