321
402
412
298
240
198
174
153
264
201
163
110
92
25
11
131
210
105
10
-128
-141
-37
-14
-55
-43
36
3
-7
87
-9
-65
14
35
30
-48
-52
-37
28
-62
-118
-31
-82
-47
55
-97
-58
67
8
51
20
77
-1
-21
55
-3
64
32
-29
12
93
-25
32
33
-4
-17
-37
-34
-68
72
105
150
214
206
185
165
90
60
50
39
174
170
28
99
-24
5
149
15
14
57
11
-101
-60
-49
-55
0
-60
46
83
58
-76
11
14
-20
182
185
120
117
217
138
100
95
-42
-72
18
95
21
-7
88
36
43
-65
-26
-9
120
175
77
121
132
104
174
231
183
201
210
86
24
153
173
49
23
-6
10
13
-13
-53
-24
-6
-22
-48
39
23
-53
-67
-74
-11
-19
35
55
74
4
-54
-62
-143
-73
-50
2
-66
-296
-466
-367
-449
-478
-366
-359
-160
-282
-392
-467
-197
-131
-155
-307
-447
-334
-505
-363
-309
-302
-411
-555
-574
-610
-579
-541
-396
-320
-460
-570
-401
-376
-361
-91
-235
-352
-225
-156
-234
-99
-328
-384
-357
-415
-210
-305
-61
-165
-199
-253
-232
-126
-208
-52
-152
-117
-146
-16
50
204
227
1
135
53
190
127
253
251
227
183
113
225
132
206
65
89
-71
17
11
-21
212
81
120
-24
-60
-52
60
169
161
181
116
172
159
377
300
156
235
240
339
342
338
233
305
341
272
187
171
247
210
189
178
275
307
245
131
249
273
158
229
369
333
338
309
340
430
406
301
331
351
393
397
308
312
349
448
432
309
320
390
405
488
522
475
554
521
430
376
358
449
443
437
387
405
368
278
263
204
148
159
174
202
196
100
178
206
143
148
148
221
150
-55
-103
-77
56
68
46
118
6
59
-97
26
-82
-54
41
3
31
-31
93
91
179
108
129
107
68
121
80
-45
-35
107
115
131
70
34
17
87
138
100
123
2
41
210
140
19
27
86
55
37
125
55
28
79
137
193
170
149
109
88
16
46
44
106
218
207
239
107
30
-19
-32
14
150
17
-41
-47
-4
117
71
121
220
302
196
203
270
135
205
253
223
190
307
214
185
157
121
159
38
95
101
122
-3
-42
36
113
37
37
73
98
183
221
132
33
197
145
157
133
34
96
59
40
-59
-1
101
1
-32
-31
-30
42
-50
-68
3
-27
-9
121
220
136
131
232
172
203
221
293
387
159
103
152
108
109
106
102
20
78
-41
-273
-334
-235
-294
-130
-137
-59
-95
-289
-264
-53
-19
-123
-30
-229
-242
-318
-253
-409
-354
-227
-458
-478
-441
-523
-497
-432
-130
-167
-449
-439
-145
1
59
-123
-11
-36
5
-82
-190
82
-118
-187
-331
-77
-296
-157
-114
-325
-152
-397
-66
-138
-45
-10
-43
-128
-46
120
37
206
123
264
56
251
122
238
277
102
157
30
176
53
102
-105
36
31
-6
29
-2
110
-25
102
-20
-19
28
13
190
181
31
32
108
123
244
129
61
214
138
-20
229
252
209
233
168
164
87
143
105
114
146
107
164
197
247
208
189
227
203
228
290
275
225
273
254
303
384
263
101
270
468
388
378
275
254
235
271
276
308
337
312
429
452
469
468
584
420
383
467
491
400
304
365
284
249
200
271
103
104
101
217
160
72
236
60
203
161
169
183
196
250
316
275
151
238
178
104
118
160
261
114
105
-7
39
87
101
44
-27
57
79
208
8
-82
-69
30
88
79
140
76
112
23
80
-35
12
-14
-17
-17
-110
26
-90
40
73
-5
-72
-41
-89
-42
-17
-76
3
-17
10
17
20
-31
64
132
47
6
-48
96
164
71
-44
-77
96
-85
49
92
-68
66
-37
-103
-272
-223
-117
-100
-69
-25
-44
-66
117
93
37
126
187
75
-15
1
-73
-6
-27
-133
-11
-74
-115
-32
-76
-77
-33
39
43
58
-84
27
232
102
150
117
171
279
245
130
100
56
46
-9
-58
14
32
53
37
92
81
102
124
105
193
223
243
185
185
186
287
322
131
280
292
194
250
257
157
144
127
119
33
17
49
60
124
56
51
-136
-119
-129
-112
-56
155
189
50
137
66
24
-27
154
-76
-17
-108
-284
-145
-233
-237
-312
-406
-477
-426
-755
-612
-525
-638
-1189
-1924
-1949
-1776
-686
140
338
-747
-1826
-1997
-1892
-725
-383
-424
-653
-1449
-2248
-2767
-2141
-1223
-262
-184
-606
-1264
-1543
-1194
-276
577
827
458
-631
-1074
-1013
-518
99
812
894
345
-209
-1133
-1220
-1286
-1092
-151
-221
-645
-1250
-1754
-1754
-1489
-1373
-1060
-268
126
-183
-828
-1035
-1691
-1955
-1666
-1351
-674
-301
33
-45
-1015
-1047
-1387
-1370
-579
354
484
341
131
78
71
455
543
438
578
676
864
1487
1582
1599
1060
564
466
923
1303
1183
1302
986
1015
672
509
341
278
303
517
423
396
442
485
460
178
77
262
282
573
865
782
621
629
299
123
567
729
835
559
711
538
245
316
49
307
461
772
551
65
535
201
53
-102
45
201
476
753
577
187
-139
-142
340
674
750
1002
562
-13
-171
-221
195
649
512
204
364
822
405
276
408
673
765
493
445
769
1268
1273
709
533
636
736
1061
1142
1169
1135
1199
1220
703
569
751
953
1278
1202
1243
962
1082
1334
1285
1047
1052
1407
1421
1446
1315
1733
1601
1377
1354
1345
1238
1616
1880
1539
1186
964
970
994
1098
1082
1077
1095
990
977
802
566
685
1002
698
467
423
383
624
584
499
353
156
180
240
-3
40
-75
-162
-315
-329
-142
-114
-363
-503
-802
-1115
-667
-31
31
-312
-548
-587
-424
-655
-692
-484
-149
170
236
-166
-511
-623
-630
-426
-336
-285
-126
146
324
268
215
204
47
158
203
391
940
1414
1725
1499
1215
1029
1042
1152
1256
1499
1784
2075
2217
2467
2074
1741
1442
1404
1872
2530
2345
2402
2526
2233
2282
2075
1975
2039
2518
2740
3172
2938
2727
2440
2636
2699
2687
2574
2421
2139
1919
2046
1762
1568
1278
1372
911
664
404
226
281
-79
-324
-601
-524
-524
-642
-907
-1218
-1478
-1705
-1707
-1846
-1722
-1697
-1625
-1584
-1588
-1740
-1825
-1615
-1709
-1620
-1682
-1554
-1533
-1338
-971
-1053
-1098
-1143
-1179
-1284
-1098
-1064
-891
-817
-914
-815
-943
-983
-958
-853
-1159
-1091
-1007
-911
-644
-503
-482
-762
-840
-761
-390
81
338
426
434
441
460
496
533
444
783
1257
1271
1305
1541
1651
1858
1790
1756
1621
1814
2114
2382
2792
3060
3331
3493
3712
3727
3778
3825
4159
4506
4709
4749
4357
3918
3477
3252
3258
3239
3224
2814
2373
2050
1645
1206
853
557
281
-349
-845
-950
-1076
-1206
-1322
-1607
-1806
-2031
-2179
-2171
-2169
-2023
-2021
-2113
-2100
-1836
-1709
-1488
-1326
-1276
-1199
-1156
-985
-677
-398
-369
-182
-204
-162
-52
76
135
193
77
27
-1
-35
-115
-175
-293
-666
-1163
-1560
-1589
-1812
-2028
-2245
-2278
-2300
-2299
-2274
-2387
-2469
-2654
-2704
-2590
-2491
-2167
-1893
-1841
-1597
-1491
-1293
-961
-752
-550
-474
-271
176
586
699
1008
1276
1284
1477
1531
1832
2068
2456
2781
2971
3204
3466
3664
3834
3999
4129
4371
4555
4925
5215
5485
5683
5579
5229
4613
4103
3741
3664
3405
2959
2469
2134
1753
1360
971
341
-59
-678
-1390
-1957
-2295
-2318
-2269
-2238
-2495
-2588
-2594
-2557
-2572
-2802
-2952
-2962
-2912
-2785
-2564
-2083
-1531
-1271
-1093
-1143
-1077
-907
-691
-516
-395
-430
-324
-113
14
126
92
-10
-155
-290
-409
-403
-473
-613
-852
-1086
-1583
-1886
-2138
-2431
-2712
-3094
-3080
-3107
-3169
-3235
-3245
-3243
-3204
-3286
-3251
-2847
-2697
-2644
-2495
-2303
-1938
-1464
-1046
-846
-699
-506
-319
43
281
495
695
1044
1367
1609
1871
2194
2653
2607
2640
2856
2971
3053
3395
3515
3735
3976
4064
4334
4528
4980
5144
5479
5505
5333
4806
4195
3653
3087
3049
2791
2322
1876
1610
1161
820
669
344
-489
-1343
-1844
-2500
-2540
-2669
-2754
-3100
-3307
-3345
-3519
-3364
-3500
-3586
-3766
-3770
-3952
-3800
-3329
-2932
-2616
-2287
-2020
-2004
-1596
-1401
-1094
-1011
-933
-932
-990
-640
-527
-418
-545
-258
-470
-664
-809
-820
-1079
-1562
-1640
-2132
-2263
-2463
-2554
-2784
-3190
-3535
-3509
-3537
-3693
-3653
-3831
-3753
-3722
-3789
-3579
-3350
-3208
-2972
-2745
-2493
-2273
-1772
-1491
-1327
-962
-660
-237
139
267
687
1112
1334
1610
1744
1963
2107
2320
2662
2967
3136
3187
3258
3428
3369
3531
3776
4050
4407
4682
4938
5137
5549
5824
5910
5909
5782
5320
4615
4225
4273
3995
3392
2985
2682
2322
1808
1313
924
352
-562
-1378
-1922
-2240
-2446
-2685
-2772
-3027
-3114
-3067
-3088
-3216
-3403
-3520
-3496
-3599
-3377
-3001
-2746
-2381
-2097
-1903
-1746
-1636
-1407
-1157
-1168
-1183
-1255
-1356
-1094
-869
-755
-559
-606
-609
-621
-637
-629
-903
-1217
-1508
-1757
-1926
-2114
-2155
-2274
-2598
-2929
-3022
-3192
-3232
-3323
-3577
-3672
-3761
-3663
-3550
-3234
-3102
-3088
-2793
-2518
-2149
-1786
-1413
-1250
-812
-454
-283
-106
5
378
681
1163
1567
1950
2206
2532
2630
2787
3017
3092
3084
3215
3256
3425
3810
4003
4495
4755
5009
5222
5351
5436
5576
5699
5855
5918
5571
4795
4303
4412
4220
3777
3077
2662
2259
1749
848
452
344
-343
-1071
-1831
-2172
-2447
-2768
-2967
-3178
-3317
-3512
-3441
-3396
-3467
-3412
-3458
-3407
-3395
-3408
-3189
-2604
-2357
-2231
-1946
-1728
-1537
-1504
-1366
-1218
-1030
-1072
-1037
-790
-559
-408
-423
-363
-266
-387
-604
-678
-706
-1021
-1298
-1582
-1836
-2121
-2237
-2357
-2738
-2825
-2967
-3117
-3345
-3426
-3476
-3542
-3565
-3540
-3307
-3090
-2850
-2593
-2266
-2097
-1827
-1371
-1414
-1214
-1001
-668
-255
-39
390
672
1156
1358
1612
1658
2130
2458
2503
2482
2335
2583
2532
2757
2959
3208
3381
3825
3971
4000
4276
4501
4676
4546
4863
5298
5461
5791
5564
4837
4214
3988
3634
3243
2552
1958
1675
1079
623
72
206
-86
-829
-1801
-2185
-2542
-2799
-3082
-3406
-3415
-3740
-3543
-3640
-3341
-3247
-3185
-3246
-3464
-3403
-3362
-2848
-2893
-2684
-2549
-2222
-1874
-1667
-1173
-943
-880
-942
-816
-855
-708
-752
-901
-821
-863
-890
-904
-1017
-1056
-1309
-1545
-1660
-1978
-2383
-2666
-2721
-2855
-2860
-2904
-2809
-2759
-2760
-2684
-2703
-2596
-2563
-2457
-2344
-2196
-1926
-1607
-1217
-879
-456
-193
98
218
416
719
951
1309
1499
1611
1953
2364
2787
3091
3263
3439
3733
3759
3729
3775
3936
4094
4109
4268
4418
4664
4828
5052
5157
5170
5273
5351
5584
5725
5702
5265
4665
4004
3761
3810
3338
2648
2265
2084
1660
868
609
413
-114
-920
-1616
-1836
-2176
-2414
-2765
-2987
-3283
-3405
-3513
-3402
-3193
-3138
-3197
-3364
-3379
-3188
-2926
-2763
-2492
-2370
-2273
-1858
-1560
-1443
-1161
-960
-885
-839
-949
-898
-942
-913
-960
-952
-1158
-1117
-1008
-1171
-1332
-1556
-1715
-2078
-2258
-2424
-2588
-2816
-2930
-2733
-2693
-2661
-2595
-2555
-2484
-2506
-2431
-2378
-2134
-2026
-1955
-1747
-1511
-1062
-582
-310
62
509
842
1041
1241
1413
1404
1511
1907
2123
2436
2876
2937
3104
3325
3600
3494
3415
3562
3528
3445
3577
3778
3844
4244
4498
4618
4750
4909
4926
5020
5217
5295
5172
4752
4162
3799
3885
3411
2645
2226
1996
1683
1039
541
454
104
-804
-1581
-1918
-2145
-2570
-2948
-3021
-3298
-3517
-3555
-3420
-3342
-3323
-3286
-3373
-3445
-3426
-3100
-2941
-2925
-2801
-2586
-2222
-2056
-2059
-1918
-1637
-1469
-1350
-1490
-1399
-1232
-1272
-1378
-1402
-1282
-1280
-1347
-1590
-1657
-1666
-1945
-2177
-2436
-2397
-2481
-2663
-2841
-3019
-2979
-3032
-2808
-2943
-2791
-2701
-2667
-2711
-2361
-2247
-2155
-1858
-1778
-1485
-1257
-1037
-890
-366
-99
79
69
489
583
814
1349
1460
1963
2032
2129
2315
2537
2767
2762
2897
2949
3203
3169
3302
3376
3396
3422
3452
3578
3428
3868
4226
4439
4412
4962
5255
4939
4318
3608
3542
3118
2362
1628
1296
1307
646
2
54
58
-641
-1407
-1911
-2089
-2612
-3088
-3482
-3804
-3849
-3894
-3751
-3601
-3215
-3227
-3144
-3321
-3363
-3061
-3050
-3221
-3424
-3111
-2665
-2468
-2438
-2063
-1753
-1558
-1404
-1340
-1091
-1260
-1442
-1649
-1496
-1342
-1304
-1141
-1092
-1017
-1084
-1056
-1336
-1455
-1587
-1840
-2143
-2483
-2496
-2489
-2585
-2610
-2481
-2339
-2195
-2092
-1893
-1822
-1708
-1545
-1391
-1391
-1242
-834
-351
-87
85
617
1120
1345
1524
1764
1995
2034
1928
1830
2053
2453
2692
3122
3415
3480
3698
3706
3623
3514
3547
3506
3654
3895
4002
4268
4438
4553
4908
5288
5420
5441
5403
4911
3996
3371
3341
3037
2184
1561
1324
1364
730
200
259
115
-623
-1682
-2148
-2470
-2902
-3359
-3701
-3762
-3800
-3690
-3559
-3401
-3417
-3425
-3556
-3684
-3579
-3465
-3302
-3523
-3443
-3025
-2574
-2319
-2161
-1758
-1428
-1236
-1244
-1357
-1251
-1145
-1344
-1509
-1396
-1379
-1391
-1167
-1256
-1320
-1331
-1509
-1711
-2037
-2361
-2509
-2766
-2869
-2909
-2897
-2858
-2861
-2632
-2503
-2408
-2396
-2235
-2004
-1876
-1721
-1624
-1384
-1238
-979
-659
-548
-196
153
485
821
891
945
1144
1382
1565
1647
1842
2095
2330
2418
2531
2718
3052
3321
3397
3520
3478
3423
3431
3457
3646
3823
4030
4213
4244
4405
4558
4712
4664
4275
3619
3177
3236
2692
1807
1334
1289
1126
368
6
59
59
-591
-1194
-1434
-1694
-2278
-2882
-3235
-3557
-3744
-3749
-3583
-3471
-3342
-3336
-3303
-3361
-3312
-3068
-3017
-3219
-3280
-2973
-2660
-2467
-2361
-1994
-1655
-1449
-1349
-1240
-897
-1076
-1467
-1587
-1358
-1571
-1492
-1389
-1587
-1646
-1735
-1525
-1857
-1850
-1986
-2246
-2711
-2954
-2901
-3016
-2969
-3162
-3037
-3026
-2746
-2663
-2527
-2429
-2480
-2082
-2140
-1839
-1701
-1283
-853
-753
-583
-230
237
307
717
781
879
969
1168
1349
1384
1634
1869
2121
2085
2328
2546
2790
3190
3155
3219
3385
3634
3471
3715
3772
3963
4062
4462
4984
5162
5657
4998
4413
3784
3843
3621
2881
2057
1544
1433
693
276
207
357
-335
-1247
-1716
-2022
-2322
-3085
-3606
-3701
-4209
-4520
-4355
-4190
-3973
-3721
-3686
-3591
-3628
-3460
-3292
-3250
-3211
-3159
-2999
-2752
-2561
-2061
-1517
-1360
-1186
-963
-779
-708
-754
-873
-794
-915
-1048
-1133
-1186
-1076
-1086
-1045
-1100
-1058
-1115
-1277
-1518
-1796
-2093
-2242
-2303
-2472
-2408
-2110
-2009
-1989
-1830
-1694
-1810
-1844
-1742
-1604
-1341
-1071
-850
-758
-445
-42
134
512
823
970
1123
1313
1385
1552
1964
2274
2425
2592
2809
3121
3253
3450
3564
3521
3706
3841
3849
3879
3963
4266
4347
4503
4720
5005
5319
5478
5391
4783
4135
3863
3665
2868
2184
1723
1553
1172
393
181
269
104
-917
-1657
-1902
-2160
-2844
-3329
-3571
-3885
-3976
-4103
-3835
-3499
-3273
-3075
-3110
-3048
-2910
-2846
-2812
-2933
-2908
-2748
-2348
-2164
-2104
-1671
-1439
-1346
-1170
-927
-803
-934
-1130
-1180
-1198
-1329
-1430
-1391
-1314
-1375
-1286
-1270
-1376
-1494
-1677
-1744
-1986
-2288
-2483
-2458
-2694
-2869
-2574
-2482
-2395
-2106
-2085
-1979
-1669
-1763
-1584
-1357
-1288
-841
-559
-420
-144
129
421
659
936
1181
1553
1844
2048
2253
2306
2328
2207
2299
2642
2758
2901
3226
3461
3709
3967
4015
4197
4097
4024
4068
4259
4490
4738
5100
5501
5509
4954
4473
4102
4072
3276
2271
1629
1353
1110
273
23
145
57
-696
-1319
-1334
-1571
-2079
-2731
-3091
-3416
-3727
-3739
-3712
-3529
-3430
-3132
-3043
-2897
-2695
-2612
-2861
-3109
-3091
-2930
-2812
-2643
-2339
-2028
-1811
-1602
-1402
-1282
-914
-989
-1258
-1472
-1533
-1683
-1931
-1845
-2064
-2045
-1995
-2010
-2298
-2257
-2249
-2140
-2424
-2935
-3011
-3129
-2792
-2846
-2771
-2774
-2605
-2262
-2089
-1930
-1708
-1534
-1598
-1474
-1451
-1216
-829
-553
-231
-54
230
365
751
1173
1500
1313
1210
1503
1540
2005
2116
2388
2589
3030
3220
3231
3474
3525
3525
3454
3816
3724
4040
4317
4681
4964
5169
5621
5787
5810
5223
4726
4392
4221
3505
2628
2079
1972
1885
1168
1025
1138
1040
257
-508
-730
-1215
-1846
-2327
-2691
-2776
-3041
-3099
-2875
-2760
-2713
-2619
-2565
-2581
-2527
-2505
-2509
-2673
-2749
-2684
-2467
-2360
-2038
-1566
-1383
-1201
-874
-743
-647
-726
-757
-812
-1035
-1088
-984
-980
-1066
-1027
-1009
-971
-1039
-1199
-1347
-1483
-1632
-1854
-1961
-2009
-2032
-1872
-1802
-1704
-1570
-1359
-1194
-1153
-985
-851
-689
-610
-536
-306
-110
-37
131
277
587
854
1224
1427
1304
1434
1518
1954
2168
2430
2584
2663
2813
2886
2989
3153
3335
3505
3993
4173
4391
4562
4817
4988
5268
5558
5544
5746
5935
5799
4976
4451
4394
4586
3933
2970
2631
2566
2257
1333
1118
1114
608
-355
-1084
-1157
-1532
-1999
-2411
-2785
-2983
-3280
-3273
-3201
-3292
-3349
-3283
-3321
-3168
-2965
-2661
-2654
-2806
-2577
-2301
-2104
-1973
-1699
-1502
-1383
-1365
-1070
-852
-871
-865
-958
-992
-1031
-1227
-1314
-1423
-1704
-1624
-1584
-1557
-1666
-1881
-1975
-1954
-2144
-2199
-2270
-2286
-2186
-2353
-2228
-2157
-2107
-2034
-1766
-1590
-1363
-1270
-1309
-1097
-972
-625
-300
-141
42
49
133
334
578
930
1421
1795
2048
2209
2341
2399
2505
2665
2693
2859
3018
3376
3647
3868
4134
4255
4389
4372
4455
4525
4703
4861
5054
5460
5802
5596
4935
4469
4387
4515
3792
2875
2323
2185
1834
948
642
793
470
-373
-906
-1001
-1272
-1858
-2600
-3216
-3411
-3646
-3805
-3428
-3420
-3394
-3406
-3263
-3081
-2907
-2385
-2533
-2622
-2648
-2514
-2519
-2531
-2285
-2111
-2095
-1904
-1580
-1502
-1456
-1552
-1346
-1418
-1731
-1843
-1906
-1708
-1863
-2080
-2140
-2029
-2064
-2122
-2200
-2224
-2356
-2522
-2594
-2876
-2467
-2466
-2712
-2618
-2432
-1982
-1817
-1538
-1204
-1044
-950
-897
-734
-512
-234
-106
189
338
741
655
865
1301
1498
1962
2029
2425
2315
2465
2690
2688
2825
2741
3020
3200
3570
3707
4009
4166
4083
4314
4435
4433
4699
4865
5097
5543
5852
6034
5461
4897
4735
4797
4111
2995
2367
2149
1918
1004
782
983
675
-137
-805
-921
-1195
-1844
-2396
-2696
-3150
-3517
-3625
-3368
-3113
-3138
-2938
-2628
-2578
-2346
-2244
-2246
-2444
-2379
-2282
-2166
-2126
-1915
-1681
-1452
-1124
-896
-718
-625
-780
-924
-1056
-1353
-1571
-1652
-1630
-1646
-1827
-1801
-1687
-1814
-1885
-1815
-1817
-2139
-2338
-2568
-2579
-2446
-2522
-2493
-2391
-2182
-1746
-1422
-1274
-874
-824
-766
-721
-662
-401
-179
-10
126
529
835
1174
1368
1576
1648
1778
1970
2007
2109
2189
2214
2399
2482
2610
2993
3331
3557
3730
3843
4019
4188
4371
4356
4394
4812
4840
5134
5582
6046
6077
5303
4715
4379
4460
3724
2751
1986
1733
1461
551
309
456
230
-515
-1139
-1210
-1351
-2060
-2668
-3080
-3365
-3529
-3502
-3312
-3179
-3091
-2893
-2735
-2742
-2422
-2507
-2552
-2717
-2683
-2487
-2437
-2201
-2015
-1631
-1372
-1250
-1072
-893
-820
-976
-1049
-1198
-1354
-1508
-1759
-1682
-1755
-1723
-1861
-1770
-1898
-2040
-2066
-2285
-2457
-2734
-2827
-2922
-2957
-2928
-2745
-2469
-2275
-2064
-1811
-1599
-1396
-1155
-996
-911
-715
-398
-188
4
269
626
895
1131
1223
1441
1622
1744
1563
1493
1621
1777
2021
2181
2542
2910
3269
3274
3377
3516
3654
3757
3993
4178
4460
4689
4951
5330
5627
5898
6152
6016
5177
4445
4233
4323
3439
2148
1591
1368
1129
239
188
313
-61
-1070
-1812
-1870
-2414
-2940
-3336
-3718
-4098
-4186
-3987
-3889
-3586
-3706
-3542
-3558
-3622
-3352
-3319
-3398
-3390
-2902
-2773
-2479
-2399
-1719
-1342
-1106
-1098
-845
-727
-1037
-1221
-1214
-1028
-1612
-1805
-1819
-1756
-1698
-1764
-1899
-2043
-2162
-2530
-2621
-2781
-2940
-3133
-3265
-3296
-3277
-2833
-2734
-2377
-2334
-1838
-1628
-1478
-1187
-1062
-990
-869
-448
-253
250
764
1147
1284
1365
1477
1594
1614
1743
1767
2034
2236
2404
2825
2986
3166
3094
3216
3275
3214
3519
3678
3915
4084
4236
4572
4570
4856
5177
5438
5546
5853
5927
5365
4726
4168
4399
4168
3124
2526
2198
2249
1596
984
874
642
-172
-1213
-1447
-1557
-1886
-2489
-2798
-3050
-3170
-3219
-2953
-2842
-2809
-2721
-2672
-2585
-2443
-2331
-2088
-2116
-2061
-1686
-1428
-1283
-1163
-884
-637
-645
-624
-500
-526
-699
-933
-953
-1035
-1241
-1471
-1496
-1792
-1919
-2009
-2082
-2308
-2503
-2584
-2805
-2964
-3063
-3057
-3110
-2995
-2860
-2544
-2387
-2383
-2210
-2042
-1869
-1531
-1204
-1213
-888
-708
-454
-158
70
369
736
1051
1257
1461
1586
1727
1672
1757
1931
2028
2309
2522
2676
2681
2848
3048
3278
3369
3528
3630
3550
3695
3671
3789
4015
4167
4477
4843
5239
5649
5623
4895
4371
4013
4192
3552
2396
1864
1631
1539
666
405
459
277
-673
-1370
-1422
-1691
-2273
-2970
-3334
-3457
-3750
-3687
-3391
-3320
-3192
-3057
-2896
-2876
-2571
-2416
-2302
-2605
-2404
-2010
-1848
-1630
-1390
-966
-821
-697
-502
-351
-431
-614
-819
-1044
-1310
-1488
-1772
-1839
-1825
-1821
-1776
-1872
-2028
-2059
-2165
-2489
-2596
-2673
-2789
-2941
-2856
-2714
-2469
-2193
-2023
-1802
-1544
-1387
-1328
-1207
-1051
-753
-551
-178
213
531
871
1014
1174
1389
1800
2054
2107
2218
2434
2702
2820
2762
2919
3045
3085
3243
3319
3388
3396
3347
3477
3617
3805
4064
4227
4210
4220
4236
4572
4641
4957
5483
4707
4050
3675
3899
3551
2532
1946
1743
1529
577
203
-116
-262
-1049
-2028
-2252
-2325
-2757
-3373
-3569
-3697
-3606
-3782
-3776
-3686
-3413
-3174
-2898
-2912
-2727
-2427
-2451
-2345
-2315
-1937
-1886
-1945
-1984
-1598
-1285
-1292
-999
-960
-970
-1170
-1334
-1275
-1400
-1735
-1975
-2076
-2296
-2152
-2123
-2037
-2191
-2199
-2199
-2515
-2401
-2636
-2639
-2956
-2945
-2869
-2753
-2620
-2380
-2074
-1875
-1506
-1377
-976
-832
-575
-512
-237
158
150
613
988
1422
1773
1950
2174
2281
2370
2299
2289
2427
2662
2803
3100
3278
3474
3577
3435
3552
3604
3743
3632
3760
3963
4016
4232
4448
4799
4967
5275
5569
5745
5412
4771
4315
4021
4075
3235
2338
1893
1925
1476
646
654
691
186
-846
-1277
-1269
-1663
-2434
-2824
-3097
-3154
-3086
-2910
-2583
-2439
-2255
-2022
-1856
-1674
-1610
-1686
-1778
-1768
-1571
-1406
-1276
-1038
-829
-609
-610
-502
-335
-441
-591
-797
-730
-921
-1164
-1396
-1688
-1661
-1619
-1900
-2085
-2176
-2353
-2462
-2607
-2723
-3070
-3115
-3168
-3200
-2982
-2880
-2634
-2379
-2266
-2111
-1696
-1379
-1045
-922
-789
-478
-160
153
418
672
885
1344
1407
1575
1944
1953
1961
2066
2344
2324
2317
2476
2644
2782
2942
3164
3328
3447
3460
3559
3678
3650
3780
3951
4245
4413
4629
4928
5165
5223
5426
4909
4041
3591
3319
3355
2402
1516
1131
1102
474
-53
33
11
-533
-1504
-1688
-1790
-2041
-2780
-3218
-3452
-3451
-3457
-3236
-2985
-2797
-2472
-2377
-2163
-2106
-1964
-1761
-1822
-1992
-1667
-1489
-1428
-1306
-957
-683
-734
-497
-275
-334
-656
-751
-799
-978
-1310
-1585
-1776
-1982
-2084
-2121
-2109
-2248
-2376
-2506
-2622
-2792
-3001
-3086
-3152
-3241
-3152
-2913
-2743
-2411
-2172
-1816
-1394
-1092
-690
-488
-233
-29
255
576
681
1035
1338
1534
1765
1912
2352
2492
2397
2547
2577
2702
2768
2794
2799
2704
2599
2804
2901
3128
3370
3427
3547
3649
3627
3875
4187
4138
4260
4379
4435
4533
4513
3904
3220
2848
3117
2632
1465
1002
808
991
136
-228
-288
-501
-1021
-1650
-1515
-1956
-2469
-3223
-3334
-3363
-3372
-3488
-3496
-3192
-3236
-3035
-2868
-2531
-2419
-2265
-2278
-2394
-1924
-1674
-1456
-1627
-1378
-1127
-917
-741
-354
-354
-575
-588
-993
-874
-1209
-1353
-1783
-1956
-2152
-2368
-2302
-2403
-2516
-2717
-2681
-2913
-2909
-3069
-3005
-2941
-2931
-2721
-2573
-2510
-2336
-1876
-1606
-1343
-1087
-913
-670
-521
-172
34
239
506
692
1100
1540
1675
1881
2275
2253
2142
2342
2416
2624
2901
3011
3257
3462
3499
3619
3704
3647
3665
3751
3850
3899
4091
4271
4334
4653
5024
5328
5355
5425
4984
4339
3705
3905
3576
2431
1926
1724
1632
811
612
830
461
-398
-1050
-1037
-1269
-1954
-2599
-2955
-3211
-3294
-3233
-3069
-2922
-2730
-2455
-2245
-2036
-1868
-1568
-1563
-1711
-1491
-1193
-961
-977
-858
-482
-388
-292
-69
-4
-132
-453
-540
-674
-946
-1341
-1643
-1733
-2019
-2189
-2368
-2379
-2489
-2558
-2514
-2736
-2718
-2660
-2670
-2960
-2940
-2736
-2526
-2389
-2459
-2190
-1909
-1694
-1375
-916
-865
-631
-362
-209
88
195
471
596
988
1440
1698
1933
1984
2116
2326
2371
2365
2525
2600
2865
3057
3310
3393
3311
3288
3290
3612
3697
3716
3583
3648
3876
4061
4382
4640
4774
4972
4682
4184
3586
3267
3175
2185
1566
1130
1137
719
-72
-136
-138
-582
-1423
-1548
-1644
-2141
-2822
-3230
-3469
-3595
-3589
-3503
-3344
-3260
-2855
-2574
-2322
-2115
-1786
-1489
-1503
-1618
-1439
-1191
-1168
-1072
-962
-722
-606
-609
-494
-456
-540
-676
-893
-1164
-1701
-1915
-2039
-2238
-2396
-2531
-2516
-2558
-2465
-2565
-2533
-2687
-2935
-2964
-2956
-2933
-2838
-2885
-2818
-2684
-2401
-1996
-1794
-1382
-1197
-1035
-900
-828
-616
-226
107
307
627
619
899
1184
1532
1739
1745
2085
2377
2401
2182
2245
2398
2606
2685
2891
3109
3171
3170
3116
3314
3152
3082
3216
3289
3317
3406
3622
4134
4599
4407
3957
3255
3276
3376
2731
1634
1073
978
363
-261
-448
-140
-784
-1294
-1736
-1837
-1811
-2640
-2940
-3254
-3278
-3591
-3577
-3516
-3342
-2857
-2667
-2157
-1981
-1625
-1417
-1274
-1307
-1217
-880
-1184
-1289
-1170
-749
-825
-678
-634
-612
-511
-725
-567
-726
-1012
-1529
-1690
-1978
-2149
-2234
-2409
-2296
-2641
-2586
-2558
-2337
-2437
-2465
-2387
-2731
-2762
-2647
-2565
-2599
-2364
-2035
-1603
-1349
-1045
-800
-374
-132
155
359
587
830
973
1174
1201
1417
1738
1956
2097
2246
2443
2633
2675
2750
3015
2980
2902
2921
3039
3109
3123
3400
3749
4016
3955
4132
4412
4588
4694
4848
5010
5180
5151
4593
4144
3764
3893
3336
2363
1864
1739
1469
528
181
191
-135
-895
-1320
-1327
-1453
-2256
-2754
-2820
-3018
-3081
-3180
-2989
-2894
-2794
-2491
-2298
-2061
-1731
-1414
-1252
-1514
-1383
-1148
-1126
-1242
-1229
-829
-797
-759
-634
-573
-441
-443
-408
-459
-623
-990
-1152
-1389
-1574
-1876
-2181
-2244
-2436
-2576
-2608
-2738
-2825
-2893
-3019
-3087
-3046
-3011
-2891
-2722
-2456
-2252
-1956
-1711
-1637
-1374
-1171
-791
-542
-229
58
321
675
1028
1302
1412
1674
1694
1769
1935
2072
2226
2333
2373
2439
2603
2841
3087
3174
3217
3305
3487
3573
3662
3702
3682
3769
4155
4466
4532
4635
4725
4960
4772
4281
3772
3546
3354
2486
1531
1002
986
540
-229
-338
-303
-665
-1378
-1638
-1541
-1861
-2484
-2790
-2979
-3141
-3405
-3319
-3115
-3138
-2863
-2591
-2306
-2073
-1737
-1449
-1534
-1611
-1232
-1082
-1213
-1284
-1149
-782
-576
-512
-360
-228
-236
-329
-420
-507
-840
-1208
-1511
-1713
-1958
-2169
-2175
-2279
-2380
-2303
-2403
-2568
-2659
-2636
-2731
-2778
-2799
-2711
-2712
-2743
-2471
-2205
-1937
-2060
-1666
-1311
-1021
-483
21
324
97
332
452
725
1053
1061
1165
1300
1615
1708
2008
2149
2179
2242
2475
2610
2550
2612
2543
2559
2543
2783
2888
3100
3449
3755
3886
3965
4409
4296
4619
4568
4561
4101
3299
3038
2844
2767
1825
1399
1077
1064
366
-181
245
-100
-675
-1458
-1465
-1642
-2192
-2535
-2820
-2879
-3097
-2959
-2938
-2845
-2797
-2512
-2374
-2127
-1875
-1723
-1579
-1484
-1288
-1151
-920
-1078
-682
-359
-202
-284
-178
25
-215
-345
-354
-397
-788
-1057
-1305
-1651
-1642
-1941
-2124
-2179
-2283
-2375
-2534
-2507
-2541
-2686
-2602
-2572
-2502
-2326
-2091
-1938
-1908
-1697
-1577
-1541
-1339
-1006
-726
-536
-338
89
377
538
880
1257
1526
1485
1562
1683
1804
1815
1987
2294
2472
2615
2741
3125
3273
3247
3353
3555
3702
3652
3657
3604
3616
3827
3931
3999
4294
4534
4636
4801
4965
4966
4470
3882
3414
3367
2858
1826
1332
1288
1014
219
-51
181
-171
-835
-1268
-1264
-1430
-2080
-2557
-2829
-3062
-3286
-3310
-3169
-3130
-2775
-2563
-2298
-2127
-1781
-1517
-1376
-1272
-966
-660
-760
-832
-733
-386
-427
-565
-356
-158
-323
-456
-463
-504
-645
-1017
-1219
-1476
-1739
-1916
-2174
-2382
-2629
-2517
-2525
-2471
-2481
-2225
-2148
-2248
-2150
-2168
-2111
-2198
-2162
-1970
-1713
-1691
-1465
-1165
-937
-545
-166
163
305
592
925
1196
1311
1474
1546
1560
1598
1694
2036
2242
2422
2584
2556
2715
2899
2975
3026
2894
3027
2890
2977
3162
3303
3482
3599
3886
3988
4210
4429
4521
4683
4908
4709
4125
3533
3322
3114
2298
1437
1150
1124
560
-79
-63
-92
-536
-1286
-1501
-1552
-1891
-2481
-2772
-2913
-3129
-3183
-3292
-3116
-2980
-2715
-2316
-2086
-1798
-1437
-1323
-1277
-1171
-992
-919
-958
-1014
-879
-781
-785
-655
-563
-596
-621
-629
-703
-835
-1062
-1292
-1599
-1776
-2014
-2094
-2134
-2348
-2297
-2277
-2553
-2685
-2645
-2798
-2667
-2608
-2590
-2488
-2648
-2466
-2475
-2162
-2037
-1760
-1480
-1237
-995
-807
-242
-180
163
220
413
451
616
751
1003
1268
1186
1449
1595
2131
2568
2769
2788
2556
2595
2437
2554
2649
2766
2722
2900
3025
2974
3372
3480
3725
3802
4223
4191
4346
4616
4533
3953
3240
3292
3086
2577
1594
1334
1072
741
-50
-261
-115
-601
-1054
-1655
-1448
-1918
-2323
-2794
-2963
-3035
-3180
-3054
-3013
-2794
-2694
-2243
-1976
-1691
-1418
-1331
-1195
-1165
-768
-768
-760
-792
-620
-372
-426
-342
-217
-10
-328
-217
-58
-153
-481
-781
-886
-1150
-1277
-1542
-1603
-1733
-1804
-1821
-1876
-1788
-1843
-1869
-1982
-2002
-2014
-1964
-1843
-1729
-1629
-1520
-1292
-1032
-829
-807
-564
-148
309
669
761
1001
1244
1311
1365
1587
1779
1758
1894
2080
2283
2519
2541
2721
2890
2946
3035
3118
3106
3119
2978
2930
2891
3028
3117
3325
3632
3745
3963
4079
4216
4293
4377
4525
4507
3919
3459
3016
2825
2548
1614
1112
815
768
172
-252
-131
-360
-921
-1528
-1536
-1628
-2002
-2379
-2435
-2700
-2812
-2666
-2610
-2568
-2627
-2276
-2123
-1841
-1722
-1545
-1471
-1576
-1236
-1191
-1060
-1118
-958
-783
-673
-605
-537
-333
-454
-500
-535
-451
-676
-832
-1021
-1243
-1273
-1482
-1626
-1761
-1855
-2028
-2056
-2114
-2186
-2114
-2113
-2037
-2015
-2025
-1927
-1835
-1743
-1509
-1455
-1337
-1209
-865
-662
-506
-181
23
279
448
645
773
970
1273
1369
1574
1387
1487
1712
1857
1932
2054
2266
2411
2606
2710
2595
2544
2709
2723
2765
2905
3012
3154
3310
3396
3510
3435
3645
3775
3951
3881
3877
4136
3917
3383
2971
2880
2747
2105
1321
1032
968
522
-78
-107
-111
-613
-1153
-1327
-1418
-1717
-2122
-2404
-2584
-2655
-2813
-2922
-2757
-2748
-2579
-2401
-2145
-1793
-1538
-1402
-1361
-1276
-1094
-924
-885
-967
-934
-723
-830
-918
-1059
-1070
-1010
-1253
-1022
-979
-1069
-1101
-1289
-1496
-1702
-1835
-1977
-1897
-2076
-2211
-2214
-2410
-2308
-2353
-2093
-2300
-2006
-1859
-1925
-1842
-1666
-1403
-1481
-1389
-1307
-932
-632
-381
-296
-92
62
-9
176
348
447
480
756
793
766
936
977
1255
1194
1477
1496
1669
1784
1801
2164
2109
2321
2253
2226
2270
2398
2370
2452
2603
2535
2620
2671
3047
3015
3453
3423
3293
3491
3815
3471
2897
2649
2487
2387
1313
976
730
480
24
-643
-593
-421
-826
-1464
-1243
-1243
-1626
-2079
-2354
-2458
-2564
-2627
-2650
-2500
-2385
-2154
-2088
-1808
-1457
-1170
-1147
-1275
-1178
-982
-986
-1122
-1104
-948
-972
-985
-924
-748
-526
-641
-652
-488
-371
-393
-478
-547
-535
-594
-486
-447
-652
-926
-989
-858
-1069
-1131
-1048
-1154
-1205
-1201
-1147
-1089
-1282
-1105
-905
-818
-753
-639
-499
-404
-233
-27
133
362
483
588
688
771
904
969
999
1063
1286
1328
1602
1569
1605
1743
1817
1877
1937
2002
1903
1891
1930
1939
1962
2009
1970
2035
2236
2331
2432
2619
2674
2758
2859
2819
2861
3028
3121
3174
3017
2690
2433
2253
2089
1551
941
624
646
326
-263
-403
-184
-406
-916
-1216
-1093
-1150
-1560
-1807
-1998
-2119
-2346
-2373
-2398
-2481
-2413
-2348
-2337
-2261
-2013
-1912
-1780
-1698
-1550
-1335
-1315
-1357
-1243
-961
-826
-881
-613
-514
-430
-338
-355
-142
-129
-244
-354
-330
-286
-373
-626
-668
-741
-926
-1121
-1299
-1487
-1415
-1492
-1622
-1494
-1379
-1390
-1377
-1283
-1215
-1064
-999
-947
-869
-835
-741
-623
-370
-164
-67
116
159
260
314
477
507
564
690
677
794
808
863
986
1128
1301
1420
1507
1552
1584
1687
1625
1531
1577
1720
1782
1651
1736
1807
1906
1945
1951
2234
2244
2344
2589
2823
2900
3029
3109
3342
3185
2857
2545
2475
2442
1828
1244
1108
792
63
-423
-360
-205
-665
-1349
-1483
-1174
-1753
-2117
-2383
-2593
-2852
-3170
-3106
-3124
-3001
-2856
-2856
-2806
-2515
-2163
-1910
-1947
-1878
-1561
-1407
-1035
-1125
-985
-706
-742
-525
-93
60
-153
-53
-60
13
71
87
-80
-101
27
-423
-393
-555
-634
-760
-869
-999
-1367
-1490
-1617
-1618
-1725
-1581
-1690
-1837
-1825
-1504
-1442
-1371
-1130
-1097
-960
-951
-719
-687
-453
-363
-319
-167
-152
148
267
419
490
458
444
404
650
791
830
820
706
786
888
1004
967
1038
1037
1102
1146
1271
1225
1365
1630
1760
1803
1927
2069
2234
2405
2502
2800
2753
2827
2941
3027
3134
3315
3588
3413
2827
2408
2259
2345
1583
935
870
804
351
-281
-172
-25
-413
-903
-1018
-796
-896
-1518
-1691
-1742
-2016
-2049
-2164
-2177
-2053
-1912
-1658
-1653
-1449
-997
-779
-793
-721
-431
-235
-249
-197
112
374
343
378
657
878
808
799
970
825
766
661
541
438
209
147
131
-28
-95
-120
-339
-480
-711
-683
-885
-1102
-1203
-1308
-1413
-1478
-1554
-1544
-1408
-1440
-1417
-1371
-1287
-1120
-985
-1121
-1035
-973
-927
-968
-955
-782
-713
-564
-515
-264
-129
-56
122
211
312
271
277
384
356
496
636
776
969
999
1080
1179
1314
1431
1526
1611
1783
1810
1953
2039
2077
2153
2171
2332
2358
2396
2474
2446
2465
2392
2529
2604
2588
2583
2101
1858
1756
1799
1243
577
355
312
-17
-646
-520
-347
-597
-1193
-1244
-1029
-1032
-1404
-1625
-1664
-1850
-2099
-2193
-2107
-2202
-2188
-2034
-1931
-1586
-1313
-1047
-921
-906
-649
-514
-452
-368
-257
12
40
47
329
486
509
548
650
844
813
744
576
747
649
453
298
134
136
-119
-329
-608
-715
-811
-892
-1055
-1185
-1300
-1474
-1666
-1770
-1896
-1994
-2011
-2140
-2209
-2138
-2109
-1991
-1829
-1593
-1357
-1213
-1122
-1154
-1290
-1222
-1042
-1209
-976
-826
-440
-408
-258
-26
152
282
428
575
453
675
564
425
619
568
463
401
398
411
377
430
827
1040
963
1032
910
1108
1210
1360
1445
1611
1613
1589
1614
1951
2288
2346
2602
2415
2737
2885
2924
2589
2104
2109
1863
1478
753
864
651
401
-231
-438
-144
-397
-752
-1213
-817
-1117
-1440
-1715
-1593
-1801
-1991
-2020
-2102
-1891
-1861
-1630
-1785
-1491
-1242
-956
-829
-747
-402
-156
24
-104
-16
248
303
310
413
661
590
647
789
885
1034
1018
900
823
782
746
480
329
131
48
-273
-547
-569
-702
-868
-893
-889
-983
-1064
-1343
-1287
-1389
-1479
-1506
-1680
-1717
-1714
-1637
-1543
-1421
-1154
-1030
-1005
-888
-671
-503
-601
-541
-433
-466
-404
-276
-230
-250
-151
-16
112
276
468
546
518
643
712
839
986
1002
1286
1450
1541
1566
1646
1797
1874
1911
1817
1820
1967
2067
2008
2058
1967
2082
2200
2260
2285
2368
2337
2262
2368
2534
2695
2729
2828
3017
3187
3024
2583
2488
2525
2184
1585
1056
1021
750
233
-118
-144
-190
-576
-839
-842
-918
-1152
-1275
-1376
-1499
-1703
-1852
-1839
-1797
-1927
-1761
-1615
-1481
-1268
-953
-815
-756
-691
-505
-321
-330
-189
-92
7
11
98
219
463
576
718
1002
1100
1169
1153
1282
1251
1064
1093
890
654
564
406
256
77
-126
-242
-706
-979
-1129
-1367
-1651
-1980
-2189
-2225
-2203
-2412
-2587
-2710
-2625
-2447
-2388
-2290
-2096
-2074
-1965
-1697
-1541
-1403
-1381
-1191
-1027
-867
-736
-632
-435
-369
-204
-79
87
397
464
536
576
672
616
664
732
723
692
685
729
774
876
903
1007
1051
1073
1029
1209
1237
1184
1186
1164
1179
1219
1183
1338
1556
1747
1775
1896
2086
2224
2323
2413
2536
2495
2612
2776
2734
2652
2364
2192
2159
1749
984
528
232
-1
-393
-771
-802
-813
-1169
-1450
-1582
-1524
-1723
-2014
-1899
-2181
-2344
-2498
-2576
-2657
-2587
-2410
-2151
-1950
-1898
-1494
-1437
-1015
-1153
-961
-648
-494
-380
-258
5
-109
102
-8
195
242
264
431
314
514
524
432
328
289
199
177
119
-15
22
-393
-226
-449
-482
-423
-575
-705
-918
-807
-1165
-1002
-1195
-1169
-1519
-1531
-1453
-1868
-1632
-1716
-1754
-1891
-1765
-1741
-1576
-1464
-1474
-1343
-1415
-1314
-1256
-1192
-1053
-952
-768
-586
-679
-524
-253
8
209
177
382
420
513
758
813
741
646
860
955
949
938
997
1020
1083
1015
1136
1251
1246
1337
1273
1229
1248
1383
1430
1390
1381
1545
1597
1690
1663
1887
1984
1939
2092
2256
2498
2452
2655
2755
2711
2851
2842
2504
2305
2198
2066
1683
1246
1002
851
444
-104
-101
-285
-605
-879
-1109
-1105
-1309
-1657
-1894
-1952
-2112
-2187
-2202
-2128
-2013
-1818
-1679
-1525
-1292
-993
-696
-488
-282
-74
92
109
275
404
550
654
815
1091
1047
1160
1144
1089
1065
1201
1283
1233
1086
1040
1107
795
703
405
327
258
92
-192
-465
-521
-687
-691
-771
-820
-982
-1172
-1289
-1335
-1390
-1398
-1465
-1640
-1761
-1652
-1671
-1826
-1827
-1711
-1624
-1510
-1420
-1157
-1130
-1044
-827
-753
-750
-644
-536
-502
-472
-551
-336
-292
-316
-144
-105
-157
109
218
353
368
329
463
377
460
445
494
579
601
712
670
532
655
695
655
845
798
665
660
555
577
569
544
432
318
467
504
573
619
779
890
1029
1062
1226
1410
1586
1646
1824
2032
2055
1975
1793
1819
1547
1270
886
644
445
52
-165
-254
-299
-458
-744
-785
-737
-973
-1185
-1275
-1269
-1386
-1515
-1548
-1523
-1493
-1416
-1403
-1240
-977
-884
-562
-448
-260
-98
3
2
81
205
158
306
174
92
142
68
346
500
375
339
396
348
461
319
217
200
-154
-257
-294
-362
-549
-609
-754
-962
-998
-1127
-1060
-1247
-1385
-1422
-1315
-1456
-1590
-1277
-1226
-1230
-1207
-878
-875
-729
-669
-732
-670
-722
-743
-837
-572
-660
-698
-936
-982
-930
-892
-872
-957
-942
-1098
-855
-997
-812
-663
-757
-908
-936
-776
-976
-753
-798
-664
-913
-790
-682
-627
-278
-239
-212
-280
-38
-73
-2
127
200
185
243
561
475
698
894
1018
1115
1062
1156
1302
1450
1566
1586
1468
1695
1689
1752
1947
2035
2049
2082
2160
2238
2251
2184
2043
1871
1741
1520
1231
1076
897
571
359
32
-77
-166
-379
-547
-684
-728
-938
-954
-897
-851
-929
-1138
-1230
-1006
-974
-1142
-1169
-1022
-732
-721
-529
-279
-18
134
224
407
621
765
799
815
910
903
966
1085
1044
1133
1063
1036
1089
1090
1072
1075
894
826
722
677
624
416
495
353
298
227
90
107
125
60
-314
-436
-537
-579
-684
-871
-893
-1118
-1074
-1183
-1369
-1324
-1271
-1220
-1379
-1435
-1449
-1217
-1135
-1132
-1212
-1147
-1005
-939
-861
-835
-690
-622
-529
-496
-273
-230
-66
-112
-112
-43
-71
47
118
183
217
350
300
273
359
283
480
557
474
499
614
537
557
478
421
468
367
480
503
477
482
603
562
542
557
548
587
654
770
912
1091
1137
1277
1382
1541
1625
1950
2006
2137
1981
1914
1823
1626
1799
1366
1172
1026
754
400
141
168
-51
-423
-577
-582
-708
-837
-919
-984
-1103
-1247
-1354
-1356
-1190
-1107
-1107
-1068
-972
-884
-591
-435
-440
-274
-264
-282
-348
-287
-158
-84
-104
-131
-188
-151
-116
-179
-79
56
116
218
271
209
327
387
348
438
424
354
401
280
150
43
46
-93
-115
-111
-151
-338
-315
-372
-582
-659
-826
-785
-763
-854
-1007
-820
-918
-895
-1059
-1112
-1208
-1193
-1242
-1398
-1353
-1291
-1253
-1477
-1378
-1414
-1365
-1196
-1391
-1108
-1044
-797
-581
-629
-335
-186
-7
75
293
393
495
381
415
356
308
414
303
427
391
277
66
63
28
53
69
48
123
69
367
287
505
654
648
747
844
887
868
1107
1050
1290
1131
1340
1269
1309
1501
1372
1396
1211
1298
1159
1099
996
956
739
582
369
111
82
80
-124
-178
-177
-490
-615
-682
-701
-792
-932
-958
-931
-1084
-996
-1010
-1027
-909
-919
-867
-765
-681
-508
-462
-389
-250
-111
-102
133
276
236
209
156
225
229
207
192
293
278
174
347
413
246
62
64
80
94
-72
-266
-135
-128
-228
-305
-218
-329
-345
-375
-365
-314
-295
-308
-276
-186
-272
-273
-254
-208
-227
-231
-165
-72
28
-41
3
91
144
302
430
604
604
652
750
928
1062
1029
1279
1263
1340
1248
1250
1226
1292
1312
1270
1278
1087
1153
1281
1361
1281
1374
1430
1512
1363
1433
1534
1443
1585
1371
1371
1318
1237
1038
919
802
647
479
155
132
-3
-127
-224
-307
-473
-518
-474
-473
-424
-468
-390
-358
-298
-311
-194
-79
-160
-117
15
123
111
31
26
-10
-32
-27
-65
-199
-237
-261
-320
-466
-485
-594
-607
-767
-789
-762
-934
-701
-726
-649
-550
-592
-534
-369
-443
-397
-293
-95
-22
-62
134
155
192
227
190
254
377
194
295
397
229
301
360
291
214
360
348
242
133
178
287
158
107
41
50
-55
-146
-199
-291
-288
-263
-309
-443
-440
-417
-243
-231
-194
-173
-65
84
90
64
110
231
388
262
222
244
188
202
99
115
86
24
-60
-157
-141
-263
-384
-493
-612
-587
-545
-592
-558
-990
-1189
-1005
-940
-889
-819
-860
-581
-578
-285
-57
-145
-159
17
86
-62
176
135
76
-104
-207
-305
-261
-62
-149
-216
-331
-189
-44
-145
-293
-311
-298
-554
-471
-604
-465
-637
-843
-840
-897
-865
-971
-713
-800
-696
-831
-751
-781
-560
-449
-497
-423
-263
135
-62
234
258
284
363
427
530
453
780
597
598
300
258
169
57
240
113
96
-167
-27
-79
-99
-80
-11
-113
-178
-14
-20
10
78
270
121
228
285
250
254
312
449
383
430
351
350
469
476
474
455
483
423
498
527
418
425
303
314
267
189
238
325
269
233
231
241
175
62
15
6
-110
-97
-28
-21
-41
-15
22
125
195
169
308
492
574
432
492
605
635
431
400
509
563
563
431
528
552
519
555
469
525
484
434
424
523
601
600
622
625
776
725
887
924
969
978
1095
1072
1020
995
937
988
1026
861
767
707
665
564
690
706
621
592
568
582
440
625
678
497
321
231
344
359
388
256
123
174
182
120
176
82
-29
-35
-83
-47
-160
-81
-180
-265
-269
-321
-312
-421
-525
-545
-443
-531
-578
-483
-523
-473
-464
-369
-405
-448
-404
-421
-405
-442
-538
-473
-464
-524
-451
-479
-409
-370
-379
-369
-372
-438
-346
-281
-132
-138
-149
-176
-25
41
-60
44
-86
22
-105
-141
-139
-145
-168
-125
-44
-147
-96
-92
42
94
67
155
207
224
301
386
523
636
630
754
714
844
894
868
850
768
841
860
937
919
1024
1097
1076
1112
1090
1040
938
1208
1328
1286
1304
1151
1188
1123
959
873
691
534
397
196
52
-47
-30
-113
-309
-322
-218
-208
-403
-354
-244
-326
-293
-360
-257
-60
-169
-128
-94
-330
-293
-136
-179
-91
-119
-129
-153
-156
-129
-171
-294
-501
-528
-671
-724
-649
-660
-660
-713
-709
-704
-663
-606
-471
-568
-411
-171
-251
-104
-3
108
227
366
408
468
392
368
260
135
127
-95
179
159
4
-103
-143
-206
-332
-150
-256
-279
-605
-467
-585
-664
-278
-508
-525
-616
-479
-583
-527
-539
-448
-632
-675
-650
-816
-464
-580
-436
-517
-448
-545
-377
-339
-280
-133
-108
60
-25
222
298
273
240
417
353
183
68
179
196
88
-45
-174
-131
-235
-190
-259
-213
-256
-421
-380
-317
-320
-421
-339
-352
-321
-320
-193
-181
-223
-249
-315
-315
-259
-239
-303
-217
-255
-158
14
80
152
186
76
233
466
672
686
735
930
846
877
1027
1080
1152
1258
1294
1323
1343
1321
1290
1234
1177
1109
1109
945
920
909
818
759
727
666
620
471
451
464
410
379
351
312
200
188
205
200
118
19
146
133
-82
-209
-124
-153
-130
-18
-85
-104
-99
-73
-165
-2
152
26
-4
-31
-56
-15
-19
-152
-187
-173
-128
-150
-339
-357
-324
-372
-490
-427
-530
-485
-379
-571
-541
-563
-623
-612
-532
-435
-307
-348
-325
-255
-234
-183
-155
-145
-154
-145
-15
33
1
12
13
72
94
221
218
263
314
402
371
306
296
292
337
494
568
460
413
561
641
484
650
503
492
605
498
451
427
501
558
563
507
643
629
638
727
823
965
930
777
837
710
579
563
585
545
384
221
167
253
353
208
178
196
138
211
124
64
86
27
-30
-20
24
-73
-55
24
-30
-68
-97
-160
-82
-116
-57
-188
-296
-238
-266
-472
-533
-487
-553
-565
-586
-687
-658
-673
-613
-519
-485
-403
-399
-311
-206
-256
-128
-150
-353
-344
-183
-150
-231
-193
-63
-73
44
43
26
114
-205
-240
-303
-500
-511
-625
-709
-857
-802
-889
-941
-921
-890
-987
-1125
-997
-919
-810
-848
-732
-812
-672
-762
-742
-599
-586
-672
-745
-568
-826
-477
-503
-448
-401
-326
-281
-267
-14
52
120
-80
76
2
114
279
273
100
147
324
86
242
140
256
-36
-45
-67
-185
-14
-73
-33
-199
5
-113
-47
-76
-236
-243
-335
-313
-435
-211
-153
-295
-353
-268
-322
-382
-326
-383
-335
-345
-414
-407
-458
-449
-325
-222
-225
-263
-234
-237
-105
-59
-38
-65
-132
-166
-144
-88
-87
-149
-140
-267
-377
-298
-365
-374
-425
-499
-364
-451
-390
-327
-311
-382
-389
-208
-171
-165
-329
-205
-4
-150
-155
-18
-15
16
128
80
152
259
216
167
186
278
170
207
297
319
209
115
151
220
164
231
237
209
184
144
276
206
96
47
-23
-11
-25
-281
-211
-279
-444
-437
-431
-447
-475
-460
-383
-473
-438
-289
-370
-370
-234
-142
-101
-235
-249
3
-14
-80
-188
-169
-100
-74
-93
-220
-153
-74
-62
-221
-264
-211
-379
-252
-339
-426
-403
-374
-220
-341
-266
-341
-369
-422
-473
-399
-501
-520
-604
-529
-562
-668
-718
-738
-658
-644
-700
-758
-668
-790
-674
-622
-654
-566
-432
-365
-387
-366
-384
-465
-375
-232
-335
-242
-287
-442
-335
-194
-60
-104
-204
-131
-23
-34
-35
36
5
12
63
120
54
114
87
96
20
-5
-14
-68
-45
-76
-171
-219
-244
-334
-299
-295
-330
-447
-295
-372
-302
-215
-79
-145
-265
-63
-104
-46
140
235
275
265
270
