421
415
442
467
439
484
479
545
452
238
172
101
70
51
193
159
97
118
132
119
200
142
163
97
134
-6
123
74
28
30
71
15
-129
-128
-196
-20
-78
-170
-175
-137
-53
-64
-117
-244
-261
-185
-197
-160
-190
-179
-70
-9
4
87
103
145
72
55
65
-97
-7
-3
-80
-54
-84
6
12
-75
2
21
-91
27
-68
62
105
-53
-24
-66
-38
40
39
33
92
-9
-37
78
48
144
114
122
122
58
25
43
-35
-60
75
69
-45
-37
-1
-68
-6
17
49
-38
-50
95
78
41
90
115
98
49
-23
-123
-111
-95
-115
-110
-170
-179
-189
-222
-116
-101
-149
-218
-108
-14
45
41
33
14
-97
-8
-17
4
-5
-149
-50
-49
-6
29
-68
-138
-158
-209
-215
-217
-179
-114
17
-49
-78
-90
-41
16
-10
0
43
99
195
94
-15
-66
-204
-216
-222
-60
-183
-184
-225
-369
-309
-451
-494
-525
-554
-548
-405
-304
-511
-327
-282
-342
-348
-459
-265
-343
-499
-450
-497
-642
-674
-515
-455
-662
-669
-504
-467
-381
-544
-324
-393
-337
-335
-484
-310
-313
-236
-442
-269
-273
-300
-325
-300
-174
-288
-286
-501
-320
-252
-180
-270
-389
-239
-332
-207
-199
-46
-269
-348
-298
-430
-94
-123
18
-62
117
50
44
139
178
156
-138
-84
-101
-83
-214
-184
-130
-231
-320
-257
-311
-144
-175
-230
-118
-242
-139
-315
-294
-24
-93
-181
-79
-167
-14
-24
67
99
27
93
-33
59
111
40
123
143
21
-4
28
92
51
-61
0
101
5
81
79
148
174
240
244
251
233
238
128
74
265
229
82
143
280
137
76
124
119
31
134
208
277
263
203
167
199
231
250
359
339
447
415
308
281
314
225
147
120
110
123
35
131
226
101
98
200
147
183
189
237
175
24
42
50
96
214
243
337
205
209
239
221
31
154
164
52
17
-50
85
-10
19
-28
-6
29
92
68
39
50
10
102
45
214
194
141
252
185
107
-32
-17
39
197
187
165
209
100
-12
-46
-41
-62
35
39
130
62
149
157
207
299
290
241
192
214
109
211
186
192
155
37
-10
79
-3
-174
-56
-114
-250
-129
-390
-588
-1477
-1819
-979
-95
600
446
145
95
203
295
41
-319
-479
-288
150
24
-119
-354
-644
-752
-741
-972
-1815
-2080
-1708
-1398
-1598
-2074
-2237
-1683
-1326
-1202
-1360
-1300
-1173
-1022
-909
-811
-564
-201
-28
9
-349
-1034
-1344
-1065
-561
-710
-682
-905
-475
-844
-1331
-1443
-1586
-1126
-837
-897
-697
-806
-1081
-703
-601
-439
-437
-296
-169
-19
-86
-140
-482
-250
-87
-207
-126
-341
-384
-640
-501
-632
-820
-369
-217
-427
-767
-389
-824
-1223
-1139
-719
-500
-929
-870
-158
-344
-487
-656
-733
-303
-320
-185
-429
-62
-130
483
470
301
611
396
346
-84
-53
221
603
402
630
626
253
228
-7
306
286
176
357
523
474
184
143
111
496
428
409
433
91
337
286
509
467
447
283
457
510
450
713
606
608
569
752
827
846
1151
733
483
453
668
632
796
785
752
752
648
816
446
956
746
866
1018
751
608
522
706
975
1263
1238
1316
830
900
1167
1291
904
617
696
782
965
664
806
646
813
800
827
933
558
552
778
1196
856
946
925
988
977
958
1113
1207
1140
994
884
767
710
932
1080
1027
1368
1305
1203
931
992
1106
1168
1208
1300
1284
1229
1098
781
980
1036
927
867
801
557
727
842
466
490
462
320
346
466
303
422
74
193
489
239
473
506
518
151
221
105
152
212
390
570
430
524
380
437
103
-58
28
354
552
379
477
247
381
512
276
166
328
538
546
541
690
623
464
468
338
420
240
78
195
385
416
292
355
359
259
289
203
192
424
657
708
741
775
891
1037
887
924
924
869
938
1133
1248
1171
1317
1348
1257
961
810
744
999
948
723
907
1100
1258
1011
905
866
844
815
830
889
1012
1060
1058
1097
902
807
824
893
636
507
580
426
418
425
276
219
166
82
-12
-116
-191
-203
-218
-155
-141
-71
-87
-88
-208
-297
-121
-185
-200
-278
-279
-404
-428
-231
-349
-472
-689
-628
-399
-484
-541
-355
-272
-304
-413
-494
-523
-537
-627
-523
-230
-201
-210
-275
-204
-294
-503
-464
-490
-397
-276
-87
-109
-72
-124
-183
38
-89
173
321
507
637
878
1038
865
1076
1090
1201
1235
1078
1061
1168
1287
1298
1247
1129
1215
1249
1186
1127
1384
1803
1640
1556
1549
1693
1693
1642
1738
1886
1983
1841
1886
1713
1533
1308
1243
1193
865
676
404
381
9
-146
-260
-711
-672
-698
-869
-1123
-1175
-1434
-1530
-1611
-1408
-1351
-1283
-1220
-1432
-1425
-1559
-1340
-1600
-1293
-1274
-1301
-1166
-1264
-1065
-1187
-949
-1073
-1067
-1174
-919
-802
-865
-835
-931
-721
-839
-913
-922
-968
-899
-827
-948
-986
-905
-895
-813
-823
-775
-668
-629
-369
-255
-274
-211
-108
92
177
305
488
756
953
1163
1368
1394
1453
1624
1838
1973
2294
2459
2426
2477
2644
2779
2821
2778
2885
3350
3392
3339
3433
3622
3705
3684
3813
3510
3230
2772
2550
2669
2516
2264
1882
1802
1595
1056
568
222
-11
-382
-757
-1181
-1456
-1615
-1790
-1896
-1999
-1966
-2035
-2197
-1980
-1890
-1884
-1668
-1695
-1544
-1475
-1209
-902
-688
-517
-546
-303
-192
-109
-156
-62
41
66
-28
-96
80
97
208
-16
-240
-274
-324
-496
-705
-768
-1013
-1054
-1229
-1349
-1506
-1798
-1781
-1938
-1995
-2140
-2393
-2631
-2745
-2589
-2555
-2517
-2495
-2261
-2254
-2045
-1712
-1690
-1361
-1118
-1024
-697
-480
-57
259
489
665
698
1078
1429
1636
1939
2095
2240
2494
2533
2598
2648
2560
2509
2584
2764
3026
3257
3424
3453
3432
3624
3742
3833
3690
3377
2815
2410
2302
2137
1860
1413
1141
1044
551
124
-297
-456
-660
-1324
-1865
-2383
-2450
-2446
-2435
-2468
-2586
-2425
-2337
-2352
-2246
-2247
-2134
-1945
-1869
-1849
-1520
-1313
-921
-651
-590
-366
-294
-110
122
160
144
287
178
9
49
118
164
50
-107
-206
-370
-491
-549
-833
-1082
-1272
-1485
-1680
-1758
-1945
-2167
-2298
-2479
-2691
-2752
-2931
-3149
-3220
-3152
-3131
-2971
-2943
-2841
-2591
-2389
-2140
-1933
-1440
-1141
-911
-658
-267
-117
-71
524
782
1154
1340
1672
1917
1912
1946
2005
2259
2214
2483
2438
2748
2899
3263
3406
3502
3855
3852
4115
4215
4371
4505
4547
4357
3646
3023
2656
2782
2478
2046
1519
1108
847
444
30
-388
-464
-958
-1560
-2131
-2409
-2432
-2400
-2355
-2852
-2856
-2768
-2598
-2509
-2310
-2211
-2291
-2256
-2338
-1922
-1956
-1477
-1419
-1117
-937
-799
-472
-407
-6
-219
-102
-277
-365
-325
-283
-74
12
-178
-344
-322
-465
-534
-700
-922
-1152
-1418
-1668
-1697
-2118
-2288
-2306
-2707
-2744
-2887
-2854
-2852
-2940
-2916
-2882
-2756
-2638
-2515
-2412
-2012
-1801
-1516
-1087
-755
-431
-249
110
376
610
783
1085
1318
1552
1778
2004
2392
2800
2975
3132
3554
3618
3645
3738
3703
3799
3930
4162
4213
4365
4490
4629
4885
4853
4771
4777
4573
4007
3396
2986
2993
2647
2140
1635
1447
1190
689
354
131
-162
-695
-1132
-1648
-2034
-2198
-2277
-2283
-2507
-2624
-2516
-2647
-2626
-2487
-2444
-2237
-2285
-2388
-2063
-1942
-1825
-1582
-1319
-1055
-764
-445
-275
-143
-5
18
-207
-183
-95
-65
-45
-196
-88
-176
-170
-240
-401
-618
-819
-1056
-1532
-1669
-1943
-2069
-2426
-2628
-2598
-2716
-2818
-2911
-2887
-2899
-2940
-2947
-2747
-2603
-2475
-2430
-2175
-1912
-1661
-1379
-1058
-665
-326
8
247
355
641
937
1167
1467
1578
1958
2353
2759
3024
3224
3511
3595
3661
3834
3916
3885
3937
4046
4209
4386
4547
4826
4822
4829
5092
4982
4553
3813
3205
2991
2906
2356
1702
1361
1313
1084
430
202
75
-354
-952
-1708
-2069
-2356
-2723
-3064
-3339
-3389
-3128
-2921
-2736
-2736
-2517
-2280
-2380
-2492
-2411
-2197
-1948
-1705
-1409
-930
-647
-452
-75
173
324
398
304
183
-7
-47
-4
-61
-148
-221
-116
-100
-255
-447
-533
-734
-1018
-1499
-1766
-1810
-2045
-2714
-3087
-2992
-2966
-3072
-3218
-3268
-3238
-3150
-3211
-3153
-3077
-3038
-3022
-2778
-2376
-2121
-1725
-1255
-1040
-695
-392
125
419
601
930
1299
1786
1998
2216
2508
3183
3457
3447
3733
3770
4012
4135
4094
3949
3968
3940
3904
3991
4234
4569
4559
4872
4828
4862
4452
3773
3389
2963
2768
2071
1567
1235
1424
744
266
-26
-139
-379
-1246
-1680
-2320
-2568
-3034
-2930
-3373
-3448
-3294
-3210
-2953
-2898
-2492
-2281
-2204
-2311
-2144
-2040
-2009
-1827
-1609
-1219
-1015
-750
-426
-91
136
93
127
92
-112
-219
-344
-378
-581
-564
-401
-442
-499
-511
-574
-813
-1229
-1610
-1883
-2003
-2356
-2572
-2661
-2845
-2974
-2905
-2781
-2860
-2825
-2861
-2773
-2716
-2582
-2415
-2309
-2109
-1965
-1621
-1158
-615
-135
319
846
1344
1491
1688
1969
2103
2208
2386
2715
3049
3362
3551
3824
4068
4126
4196
4160
4106
4117
4188
4088
4107
4189
4315
4545
4778
5072
5072
5177
4902
4157
3478
3148
3008
2243
1442
1165
956
555
27
-237
-306
-657
-1374
-1907
-2488
-2885
-3201
-3385
-3583
-3698
-3556
-3312
-3047
-2895
-2381
-2061
-1920
-2110
-2004
-1821
-1884
-1688
-1591
-1363
-1199
-933
-545
-302
-51
-108
22
95
-106
-135
-285
-371
-540
-540
-642
-548
-734
-841
-823
-1079
-1175
-1600
-1821
-2104
-2419
-2796
-3022
-2942
-3056
-3104
-3075
-3026
-3121
-2878
-2670
-2583
-2363
-2317
-2115
-1724
-1461
-976
-533
-139
236
501
1091
1440
1806
2058
2162
2314
2427
2493
2789
3108
3191
3411
3674
3738
3811
4116
4176
4152
4136
4083
3942
3894
4052
4307
4619
4693
4879
5102
4873
4112
3415
2938
2930
2368
1377
815
598
329
-388
-832
-777
-988
-1514
-2105
-2389
-2557
-2875
-3062
-3210
-3642
-3728
-3445
-3350
-3285
-3045
-2425
-2183
-2310
-2255
-1890
-1756
-1812
-1760
-1618
-1457
-1291
-1096
-736
-497
-332
-288
-340
-362
-366
-301
-543
-725
-1139
-1215
-1289
-1580
-1578
-1617
-1512
-1656
-2102
-2260
-2601
-2819
-3176
-3445
-3528
-3631
-3779
-3645
-3703
-3592
-3413
-3307
-3046
-2796
-2312
-2276
-2140
-1714
-1237
-1243
-900
-472
-194
691
972
1330
1445
1795
2007
1980
2167
2159
2421
2379
2740
2908
3206
3548
3610
3887
3971
4181
4007
4032
4183
4306
4386
4413
4594
4638
4933
4818
4385
3604
3279
3070
2618
1812
1126
928
515
60
-521
-564
-735
-1019
-1533
-1998
-2259
-2751
-3040
-3287
-3498
-3766
-3900
-3624
-3572
-3318
-2839
-2596
-2510
-2452
-2184
-2180
-1991
-1961
-1805
-1532
-1320
-977
-734
-285
-110
72
287
305
243
206
34
-227
-646
-707
-745
-751
-1004
-1197
-1195
-1337
-1460
-1698
-1749
-2015
-2363
-2544
-2637
-2717
-2759
-2781
-2596
-2347
-2125
-1960
-1717
-1436
-1318
-951
-803
-577
-400
-146
279
563
952
1248
1747
2011
2211
2499
2648
2849
2877
3019
3177
3390
3605
3727
3857
4131
4306
4383
4546
4736
4721
4750
4854
4724
4774
4739
4812
4830
4646
4051
3573
3297
3139
2722
1796
1305
969
710
54
-312
-497
-743
-1029
-1687
-2002
-2280
-2451
-2692
-2994
-3256
-3508
-3475
-3545
-3549
-3297
-2958
-2754
-2729
-2528
-2248
-2110
-1901
-1717
-1473
-1339
-1276
-845
-608
-459
-239
-139
-4
-68
-41
-111
-216
-448
-869
-1003
-1224
-1371
-1510
-1605
-1695
-1809
-1923
-1948
-2077
-2308
-2550
-2755
-2878
-2993
-3057
-3067
-2879
-2691
-2518
-2208
-2014
-1759
-1531
-1329
-1156
-947
-629
-362
-88
203
605
1002
1392
1765
1941
2241
2421
2864
2988
3147
3427
3636
3868
3993
4113
4213
4435
4404
4406
4434
4511
4519
4441
4524
4670
4736
4895
4948
4366
3760
3395
3305
2914
2061
1398
1170
1011
285
-94
27
-173
-670
-1290
-1703
-2046
-2443
-2588
-2887
-3253
-3510
-3532
-3448
-3380
-3235
-2997
-2700
-2709
-2555
-2192
-1912
-1754
-1764
-1551
-1552
-1418
-944
-738
-608
-449
-357
-321
-432
-496
-577
-632
-923
-1136
-1224
-1377
-1659
-1774
-1850
-2015
-2114
-2336
-2347
-2456
-2613
-2765
-3193
-3236
-3291
-3202
-3282
-3311
-3203
-3047
-2493
-2209
-2059
-1922
-1454
-1421
-1272
-874
-563
-315
-374
130
516
801
1102
1618
1905
2108
2312
2457
2710
2910
3161
3084
3439
3370
3443
3672
3947
4207
3893
4033
4027
4250
4220
4382
4498
4369
4514
4222
3785
3224
3160
3080
2585
1850
1353
1175
893
314
17
4
-477
-1073
-1615
-1932
-2278
-2586
-2735
-2925
-3232
-3371
-3393
-3353
-3224
-2951
-2637
-2615
-2544
-2316
-2019
-1777
-1606
-1454
-1191
-1161
-1007
-739
-494
-310
-154
-94
-64
-14
35
131
-44
-495
-724
-959
-1201
-1220
-1467
-1433
-1442
-1647
-1743
-1838
-1883
-2058
-2214
-2332
-2330
-2416
-2546
-2511
-2404
-2386
-2168
-1887
-1697
-1513
-1256
-857
-602
-522
-291
21
252
480
754
1058
1416
1714
2001
2401
2690
2867
3020
3170
3359
3331
3457
3516
3589
3720
3874
3960
4091
4161
4234
4274
4330
4403
4447
4455
4643
4754
4813
4324
3876
3571
3533
3287
2471
1979
1744
1628
871
323
175
-24
-544
-1229
-1511
-1928
-2322
-2534
-2758
-3041
-3442
-3503
-3437
-3465
-3211
-2983
-2733
-2576
-2497
-2121
-1843
-1780
-1672
-1619
-1419
-1319
-1186
-890
-692
-630
-444
-254
-237
-273
-254
-276
-509
-802
-906
-1060
-1113
-1224
-1385
-1403
-1451
-1577
-1751
-1762
-2002
-2245
-2324
-2472
-2526
-2647
-2744
-2848
-2848
-2686
-2470
-2276
-2031
-1818
-1713
-1503
-1280
-1206
-893
-538
-261
-63
247
451
908
1447
1771
2003
2085
2431
2494
2608
2715
2805
3088
3203
3175
3253
3425
3596
3685
3686
3841
3845
3871
4021
4085
4283
4423
4433
4264
3894
3499
3282
3369
2980
2158
1638
1350
945
235
-74
-131
-380
-960
-1674
-1984
-2255
-2456
-2787
-3248
-3453
-3501
-3519
-3451
-3402
-3342
-3048
-3035
-3007
-2794
-2534
-2213
-1962
-1897
-1764
-1814
-1652
-1435
-1263
-998
-1026
-705
-616
-529
-621
-611
-700
-949
-951
-1239
-1197
-1560
-1810
-1843
-2179
-2277
-2411
-2318
-2546
-2768
-3002
-2958
-2875
-2992
-2988
-3002
-2845
-2799
-2921
-2589
-2211
-2107
-1892
-1660
-1597
-1207
-878
-558
-477
-136
274
322
715
1228
1734
1791
2038
2183
2387
2790
2904
3335
3490
3692
3616
3740
3790
3961
3885
3838
4158
4107
4264
4235
4505
4476
4516
4447
4350
4198
3724
3331
3042
2957
2227
1483
1050
878
372
-207
-220
-504
-851
-1434
-1850
-1985
-2082
-2464
-2689
-3224
-3354
-3228
-3145
-3067
-3034
-2756
-2447
-2340
-2302
-1940
-1789
-1685
-1654
-1451
-1313
-1201
-852
-610
-418
-362
-168
-85
-123
-249
-251
-57
-318
-558
-539
-595
-857
-981
-1064
-1048
-1188
-1409
-1510
-1524
-1745
-2045
-2196
-2425
-2597
-2819
-2667
-2682
-2815
-2540
-2376
-2138
-1839
-1489
-1193
-1068
-808
-517
-317
4
258
617
886
1108
1476
1784
2161
2262
2459
2767
2879
3013
3102
3376
3313
3388
3530
3506
3588
3673
3787
3763
3981
3961
4163
4166
4203
4284
4093
4435
4522
4116
3533
3040
3037
2747
1849
1211
894
878
412
-101
-108
-440
-829
-1332
-1697
-1881
-2215
-2394
-2642
-2946
-3049
-3055
-2922
-2937
-2916
-2607
-2345
-2386
-2350
-2057
-1975
-1891
-1716
-1613
-1479
-1318
-1038
-836
-667
-371
-184
-204
-91
-122
-151
-301
-456
-599
-752
-799
-905
-1176
-1294
-1300
-1531
-1766
-1933
-2113
-2243
-2491
-2840
-2760
-2943
-2934
-2889
-2815
-2699
-2613
-2477
-2279
-1855
-1693
-1213
-1038
-890
-544
-439
-142
52
383
594
809
1165
1546
1923
2100
2293
2396
2560
2700
2921
2988
3059
3360
3528
3772
3788
3883
3822
3829
4006
3827
3837
3895
4055
4074
4073
4131
4214
3695
3178
2805
2632
2357
1697
1235
843
591
-72
-474
-431
-503
-1041
-1469
-1676
-1832
-2090
-2395
-2631
-3013
-3077
-3128
-3085
-3152
-3292
-3058
-2723
-2759
-2567
-2308
-2090
-2112
-2021
-1894
-1771
-1701
-1623
-1290
-1166
-920
-744
-596
-631
-548
-583
-526
-878
-1065
-1161
-1465
-1746
-1788
-1704
-1862
-1866
-1944
-2055
-2044
-2398
-2464
-2527
-2789
-2905
-3147
-3061
-3169
-3123
-2867
-2491
-2479
-2097
-1824
-1809
-1425
-1262
-866
-912
-494
-271
31
582
1042
1523
1738
1935
2012
2386
2331
2685
2745
3004
3307
3171
3331
3438
3592
3440
3666
3717
3749
3717
3797
3709
3647
3833
3699
3773
3767
3776
3710
3258
2900
2499
2234
2016
1532
887
529
289
-227
-666
-856
-902
-1252
-1516
-1829
-1964
-2226
-2447
-2582
-2902
-3073
-3069
-2948
-2874
-2698
-2424
-2269
-2235
-2234
-1952
-1754
-1658
-1518
-1374
-1210
-1066
-756
-568
-411
-290
-89
-16
18
-100
-393
-494
-700
-1017
-1167
-1144
-1361
-1624
-1724
-1717
-1799
-1973
-2162
-2066
-2161
-2438
-2539
-2599
-2597
-2722
-2637
-2403
-2184
-2130
-1789
-1567
-1413
-1166
-982
-714
-516
-216
-30
191
395
568
786
1090
1471
1804
2034
2328
2489
2543
2681
2841
2990
2918
3019
3076
3139
3219
3308
3586
3673
3671
3675
3769
3692
3497
3452
3523
3550
3514
3576
3300
2725
2388
2409
2192
1479
1041
754
511
-30
-636
-820
-1040
-1333
-1886
-2138
-2280
-2428
-2459
-2728
-2882
-3109
-3187
-3092
-3108
-3005
-2831
-2700
-2604
-2382
-1999
-1700
-1540
-1432
-1244
-1210
-1295
-1084
-936
-830
-671
-672
-554
-505
-461
-367
-684
-857
-1046
-1257
-1205
-1374
-1653
-1771
-1844
-1967
-2211
-2221
-2277
-2197
-2403
-2457
-2382
-2474
-2564
-2535
-2624
-2640
-2330
-2368
-2039
-1885
-1426
-1078
-858
-562
-328
-182
55
322
469
712
868
1188
1396
1745
2049
2286
2506
2508
2726
2832
2866
3002
3168
3218
3223
3196
3152
3280
3271
3250
3355
3557
3653
3646
3610
3680
3740
3690
3686
3214
2805
2475
2346
2050
1385
994
796
476
-206
-464
-430
-721
-1258
-1984
-2218
-2382
-2826
-3109
-3136
-3381
-3555
-3394
-3352
-3109
-3145
-2805
-2632
-2841
-2621
-2237
-1880
-2016
-1984
-1851
-1753
-1683
-1526
-1234
-943
-788
-728
-576
-528
-610
-660
-684
-814
-1175
-1399
-1318
-1248
-1573
-1670
-1704
-1975
-2015
-1999
-2019
-2311
-2539
-2763
-2761
-2702
-2558
-2506
-2585
-2338
-2406
-2086
-1848
-1503
-1342
-1162
-900
-844
-503
-323
106
248
567
846
1142
1370
1505
1923
1938
2028
2080
2142
2305
2609
2605
2650
2882
2785
2793
2904
3066
3055
3100
3090
3113
3201
3280
3287
3343
3559
3541
3588
3680
3510
3024
2612
2397
2069
1450
824
598
403
-98
-583
-710
-743
-1055
-1327
-1693
-1913
-2151
-2427
-2493
-2625
-2820
-2900
-2868
-2891
-2694
-2347
-2060
-1987
-2003
-1680
-1384
-1302
-1255
-1198
-981
-952
-950
-780
-534
-388
-292
-191
-294
-252
-180
-273
-421
-603
-813
-811
-916
-1216
-1297
-1424
-1602
-1767
-1778
-1713
-1802
-2034
-2244
-2313
-2256
-2310
-2199
-2085
-2056
-1877
-1798
-1529
-1190
-1026
-723
-623
-447
-235
47
243
327
531
801
1161
1210
1286
1477
1804
1986
1976
2221
2379
2618
2538
2442
2413
2661
2753
2712
2787
2805
3027
3014
3164
3102
3294
3425
3500
3512
3440
3553
3538
3344
2828
2347
2101
2072
1539
882
576
418
136
-393
-578
-619
-914
-1351
-1745
-1871
-2077
-2328
-2453
-2789
-2866
-2782
-2696
-2777
-2655
-2408
-2169
-2138
-2196
-1990
-1658
-1599
-1593
-1536
-1308
-1206
-1125
-954
-696
-504
-543
-400
-507
-577
-585
-605
-707
-933
-1113
-1081
-1210
-1406
-1531
-1670
-1741
-1753
-1814
-1864
-1913
-2190
-2342
-2379
-2406
-2385
-2299
-2183
-2025
-1843
-1643
-1567
-1422
-1074
-753
-484
-392
-148
61
453
524
726
970
1071
1186
1195
1570
1790
1861
1816
1905
2079
2330
2321
2315
2405
2482
2507
2633
2838
2902
3037
3090
3123
3075
3195
3231
3174
3149
3150
3163
3295
3164
3017
2584
2078
1785
1728
1553
909
467
45
-12
-574
-810
-695
-950
-1321
-1841
-1862
-2031
-2223
-2565
-2746
-3032
-3393
-3358
-3529
-3112
-3104
-2662
-2427
-2646
-2308
-2018
-1482
-1531
-1318
-1174
-1349
-1273
-1044
-667
-652
-647
-549
-626
-644
-757
-617
-840
-910
-1165
-1352
-1488
-1686
-1672
-1857
-1575
-1823
-1987
-1857
-1618
-1688
-1931
-1797
-1911
-1812
-2104
-1920
-2028
-1754
-1498
-1584
-1087
-1126
-707
-537
-281
-193
75
133
344
537
378
616
748
897
1042
1444
1769
1734
1809
2029
2053
2111
2168
2176
2362
2361
2506
2556
2696
2723
2894
3012
2996
3076
3081
3105
2984
3110
3113
3308
3417
3455
3508
3066
2677
2174
2154
1872
1203
875
685
571
-55
-383
-217
-420
-753
-1229
-1480
-1583
-1940
-2114
-2221
-2442
-2602
-2697
-2532
-2479
-2361
-2058
-1908
-1794
-1712
-1436
-1209
-1135
-1044
-1010
-963
-942
-790
-634
-395
-392
-328
-346
-368
-378
-435
-539
-803
-913
-935
-996
-1138
-1333
-1320
-1275
-1292
-1363
-1451
-1361
-1344
-1530
-1637
-1475
-1501
-1470
-1468
-1344
-1369
-1467
-1280
-1005
-950
-851
-499
-317
-273
-42
176
356
519
564
783
852
1020
1363
1510
1721
1752
1916
1932
2097
2274
2282
2319
2318
2307
2379
2579
2576
2697
2627
2690
2852
2906
3042
3228
3323
3311
3375
3337
3386
3406
3514
3559
3153
2700
2448
2467
2039
1470
1185
946
426
-244
-439
-372
-588
-1114
-1454
-1494
-1772
-2101
-2041
-2203
-2459
-2417
-2428
-2380
-2373
-2100
-1808
-1723
-1715
-1626
-1353
-1157
-1086
-1008
-856
-828
-884
-673
-428
-534
-425
-327
-412
-465
-467
-304
-288
-499
-623
-613
-762
-803
-911
-927
-841
-1075
-1300
-1308
-1203
-1379
-1607
-1680
-1632
-1745
-1879
-1653
-1730
-1762
-1713
-1451
-1175
-1022
-865
-609
-400
-368
-10
211
424
419
520
636
711
891
1133
1306
1335
1455
1558
1626
1812
1888
1757
1750
1904
1892
1930
2146
2140
2414
2350
2513
2574
2416
2477
2671
2706
2514
2802
2730
2801
2802
2869
2840
2571
2317
1712
1617
1488
1191
615
153
134
-29
-600
-792
-610
-834
-968
-1439
-1604
-1719
-2036
-2003
-2378
-2452
-2483
-2397
-2393
-2565
-2198
-2025
-1839
-1905
-1743
-1631
-1559
-1410
-1240
-1054
-1104
-960
-1013
-821
-798
-457
-411
-373
-434
-538
-229
-411
-361
-601
-586
-788
-882
-956
-1031
-956
-1076
-1141
-1238
-1070
-1195
-1256
-1117
-1186
-1257
-1297
-1329
-1390
-1498
-1217
-937
-883
-899
-709
-474
-284
-245
-63
198
417
377
568
692
713
777
1081
1242
1372
1491
1768
2005
1919
1842
1951
2180
2181
2365
2411
2361
2249
2379
2495
2470
2510
2448
2492
2696
2777
2672
2655
2721
2853
2930
3032
3159
3221
3156
2926
2653
2355
2178
2153
1732
1234
1061
740
283
-99
-38
-77
-210
-484
-820
-1016
-1200
-1447
-1558
-1734
-2054
-1840
-1919
-1979
-2006
-1723
-1663
-1657
-1557
-1421
-1117
-1362
-1425
-1174
-1260
-1365
-1154
-1048
-809
-734
-634
-492
-507
-410
-261
-53
-103
-66
-62
29
-79
-228
-130
-42
-131
-406
-518
-516
-617
-884
-1080
-1215
-1279
-1346
-1490
-1492
-1501
-1672
-1514
-1558
-1603
-1438
-1406
-1242
-1215
-1081
-804
-545
-386
-136
-20
215
431
437
863
1036
1132
1213
1265
1358
1444
1521
1589
1703
1753
1813
1853
1758
1777
1980
2005
1999
1947
2033
2091
2052
2219
2292
2438
2559
2622
2656
2724
2713
2774
2818
2800
2911
2819
2530
2196
1958
1873
1507
1008
764
564
397
-61
-267
-228
-337
-702
-1052
-1192
-1289
-1514
-1774
-1868
-2148
-2244
-2346
-2463
-2451
-2418
-2193
-2161
-2132
-1970
-1734
-1395
-1364
-1183
-1081
-1029
-879
-780
-611
-491
-271
-86
-63
-42
130
359
403
244
205
184
9
-224
-375
-366
-619
-898
-926
-870
-808
-957
-1216
-1490
-1525
-1527
-1576
-1467
-1575
-1536
-1702
-1694
-1555
-1487
-1237
-1099
-1052
-1121
-987
-993
-725
-786
-699
-718
-673
-389
-445
-113
-46
-83
135
347
621
581
843
1043
1086
1017
1092
1057
1267
1214
1203
1337
1139
1166
1110
1464
1498
1653
1641
1627
1788
1751
2201
2303
2423
2477
2559
2733
2694
3067
3042
2707
2028
2042
1974
1576
1242
794
651
213
-146
-596
-548
-762
-1016
-1367
-1574
-1807
-2102
-2002
-2121
-2296
-2412
-2323
-2370
-2313
-2000
-1828
-1646
-1754
-1514
-1251
-1263
-1101
-827
-641
-663
-524
-372
-234
-67
122
207
259
381
538
707
851
669
797
913
931
817
665
762
554
340
250
192
202
49
-110
-216
-425
-522
-616
-872
-1161
-1322
-1474
-1419
-1386
-1374
-1315
-1094
-1095
-983
-782
-564
-429
-453
-364
-278
-231
-213
-67
95
206
258
414
581
733
913
932
1021
1039
1163
1178
981
1086
1194
1330
1444
1511
1746
1893
1947
2009
2081
2212
2322
2406
2239
2265
2366
2438
2553
2348
2360
2422
2432
2509
2534
2580
2312
1916
1518
1505
1195
736
436
251
61
-340
-611
-681
-656
-992
-1132
-1258
-1555
-1652
-1754
-1850
-2065
-2120
-2100
-2121
-2138
-2229
-1852
-1635
-1508
-1433
-1192
-989
-861
-567
-356
-211
-316
-193
-74
116
130
209
383
347
477
582
797
745
684
740
731
549
451
449
464
234
100
-125
-315
-280
-556
-504
-592
-670
-761
-912
-1279
-1461
-1542
-1706
-1824
-1909
-1900
-1794
-1720
-1702
-1650
-1488
-1381
-1350
-1170
-1082
-1013
-799
-715
-519
-345
-104
24
162
354
589
925
973
1149
1297
1417
1453
1416
1392
1315
1351
1234
1269
1452
1568
1758
1794
1708
1796
2025
2158
2181
2060
2162
2277
2355
2276
2322
2397
2367
2429
2449
2575
2691
2792
2572
2357
2096
1991
1779
1198
772
570
452
-78
-468
-514
-626
-732
-1087
-1357
-1152
-1348
-1576
-1643
-1807
-1977
-1944
-1988
-2187
-1999
-1984
-1752
-1866
-1854
-1421
-1260
-1296
-1200
-882
-843
-856
-719
-341
-190
-136
-48
16
451
431
713
744
892
973
854
1018
937
919
589
720
404
340
351
125
-35
-343
-333
-509
-559
-710
-916
-1388
-1627
-1770
-1978
-2183
-2350
-2145
-2342
-2265
-2371
-2211
-1807
-1704
-1403
-1458
-1240
-1190
-1081
-1019
-860
-872
-887
-552
-481
-95
64
309
410
665
888
742
776
834
953
899
898
845
864
1042
1164
1241
1203
1354
1592
1602
1672
1789
1841
1986
2047
2070
2224
2172
2161
2132
2190
2283
2387
2385
2459
2506
2531
2721
2661
2480
2034
1973
1862
1570
1198
773
773
475
165
-16
58
25
-274
-425
-535
-684
-865
-978
-1178
-1323
-1489
-1700
-1664
-1661
-1525
-1340
-1276
-1185
-1008
-847
-695
-658
-350
-133
-38
56
66
259
244
493
509
466
361
544
674
724
758
593
607
669
704
497
459
319
202
-7
-155
-180
-389
-527
-668
-700
-915
-1119
-1267
-1283
-1540
-1834
-1904
-1999
-2001
-2223
-2138
-2262
-2210
-2151
-2151
-2012
-2026
-1771
-1704
-1493
-1403
-1337
-1157
-960
-736
-665
-474
-313
-81
-12
203
389
534
811
834
879
1024
1268
1252
1176
1299
1335
1459
1414
1566
1636
1729
1709
1604
1737
1798
1774
1751
1744
1641
1721
1763
1743
1850
1880
1739
2041
2121
2307
2470
2508
2614
2375
2079
1868
1870
1741
1210
659
587
400
-75
-406
-301
-251
-653
-867
-894
-1059
-1119
-1125
-1364
-1586
-1822
-1948
-2111
-2118
-2139
-1908
-1812
-1900
-1715
-1421
-1190
-1217
-1034
-861
-723
-719
-633
-498
-357
-295
-214
25
62
114
226
413
487
346
520
621
504
435
256
252
178
-129
-295
-401
-597
-738
-972
-1092
-1191
-1350
-1554
-1845
-1978
-2063
-2048
-2187
-2383
-2551
-2426
-2435
-2450
-2352
-2257
-1887
-1958
-1532
-1424
-1448
-1316
-1424
-1103
-1082
-923
-849
-669
-469
-442
-165
98
249
217
364
189
373
689
813
900
965
1344
1298
1284
1308
1391
1398
1565
1475
1308
1342
1265
1400
1332
1480
1461
1255
1211
1570
1690
1730
1919
1849
1903
1853
2053
2284
2348
2475
2359
2265
1903
1788
1655
1505
1259
719
573
261
100
-243
-254
-291
-558
-835
-925
-968
-1268
-1223
-1398
-1471
-1534
-1551
-1732
-1899
-1791
-1715
-1645
-1826
-1747
-1530
-1242
-1026
-1026
-885
-812
-797
-842
-607
-389
-502
-312
-194
-83
24
258
391
586
638
549
636
662
724
708
700
598
421
307
268
206
135
-51
-68
-142
-362
-346
-530
-727
-769
-826
-926
-1127
-1212
-1182
-1225
-1390
-1475
-1521
-1521
-1644
-1552
-1459
-1524
-1439
-1370
-1227
-1127
-1137
-1096
-916
-703
-664
-481
-252
-151
84
194
331
426
569
683
779
806
935
1107
1074
1082
1141
1252
1255
1386
1409
1277
1356
1316
1304
1209
1120
1178
1203
1315
1290
1305
1374
1454
1645
1678
1671
1943
2062
1964
2002
1903
1992
2115
1887
1633
1378
1350
1086
600
385
283
-153
-703
-983
-1098
-1162
-1319
-1453
-1494
-1526
-1637
-1765
-1829
-1984
-1988
-2064
-2230
-2281
-2055
-1959
-1939
-1865
-1680
-1371
-1169
-911
-808
-542
-317
-261
-213
10
157
211
355
512
695
770
916
975
922
1097
1374
1259
1024
964
1337
1131
829
688
482
401
66
23
-134
-335
-476
-686
-776
-950
-1155
-1275
-1453
-1530
-1581
-1616
-1603
-1709
-1774
-1874
-1817
-1820
-1769
-1714
-1614
-1579
-1548
-1428
-1278
-1095
-1021
-905
-900
-626
-435
-372
-361
-87
33
38
278
494
681
835
770
998
1054
1036
1111
1049
1168
1247
1183
1250
1308
1332
1288
1280
1311
1373
1285
1227
1265
1182
1275
1267
1373
1283
988
1069
1137
1130
1131
1188
1293
1158
1150
1173
1414
1291
1014
682
675
570
206
-98
-318
-300
-921
-1287
-1667
-1471
-1518
-1783
-1749
-1615
-1371
-1677
-1485
-1562
-1386
-1172
-1310
-1535
-1568
-1201
-1204
-1072
-1202
-891
-827
-581
-327
-212
205
-67
-9
9
359
421
291
465
375
432
295
560
541
686
722
576
569
394
390
277
326
81
-11
-133
-206
-326
-539
-391
-668
-691
-1030
-1015
-1278
-1464
-1396
-1487
-1535
-1767
-1879
-2056
-2093
-2140
-1894
-1839
-1736
-1473
-1464
-1309
-1015
-1083
-839
-650
-616
-417
-297
-79
-58
111
266
326
514
620
672
755
762
968
1039
1128
1089
970
923
792
831
814
799
814
757
833
892
874
898
780
941
1024
1016
991
1056
1145
1172
1183
1117
1101
1215
1322
1445
1579
1759
1814
1960
2038
2125
2230
2126
1967
1750
1707
1664
1467
1181
1067
913
659
361
261
189
100
-56
-227
-431
-515
-621
-956
-1178
-1338
-1497
-1642
-1704
-1797
-1670
-1485
-1588
-1549
-1439
-1299
-1148
-1049
-937
-701
-608
-602
-388
-152
22
205
142
225
325
440
505
489
530
599
698
537
563
528
528
446
327
226
-6
-75
-220
-248
-394
-470
-537
-817
-991
-1048
-1227
-1259
-1243
-1410
-1370
-1556
-1518
-1693
-1683
-1639
-1678
-1682
-1730
-1551
-1480
-1464
-1555
-1483
-1290
-1202
-1209
-964
-673
-592
-536
-503
-409
-303
-209
-48
34
65
-56
-31
137
125
97
294
402
398
325
452
583
571
688
626
711
765
690
763
808
892
961
951
1072
1032
1155
1311
1248
1348
1431
1424
1577
1660
1652
1835
1797
1874
2042
2114
2097
1994
1720
1608
1635
1449
979
701
659
501
38
-317
-422
-423
-636
-831
-964
-1122
-1344
-1458
-1452
-1694
-1787
-1868
-1878
-1878
-1773
-1549
-1487
-1294
-1166
-785
-553
-537
-364
-258
-88
-48
-175
66
256
214
314
442
426
439
661
480
662
728
609
608
380
279
331
225
44
-11
-228
-114
-319
-329
-198
-384
-566
-902
-852
-1001
-914
-1067
-1225
-1122
-1620
-1569
-1802
-1908
-1889
-1927
-1950
-1955
-1801
-1680
-1319
-1218
-897
-1011
-1065
-907
-904
-686
-572
-425
-544
-416
-412
-543
-501
-147
-39
-215
-38
-248
24
-118
-65
-63
-94
-15
-48
166
217
266
1
150
130
207
225
202
364
301
458
434
463
630
696
773
942
974
1035
1189
1418
1531
1676
1872
1866
1958
2142
2220
2255
2031
1943
1783
1777
1622
1068
865
750
510
53
-285
-327
-433
-691
-975
-1073
-1179
-1281
-1284
-1408
-1442
-1469
-1501
-1580
-1512
-1400
-1344
-1253
-1012
-865
-729
-463
-219
-168
-60
79
26
291
492
612
568
608
724
796
771
800
803
868
829
851
896
881
710
613
690
562
280
167
96
-150
-328
-381
-429
-655
-703
-815
-925
-1002
-1223
-1206
-1430
-1521
-1497
-1518
-1559
-1547
-1453
-1476
-1402
-1291
-1128
-979
-914
-752
-708
-584
-669
-563
-732
-648
-484
-585
-619
-569
-528
-621
-408
-422
-424
-346
-284
-260
-269
-194
-217
-152
-222
-241
-92
-123
8
26
185
328
301
465
395
386
471
523
606
723
831
987
1036
1116
1283
1260
1459
1648
1693
1771
1817
1817
1941
2024
2256
2093
1746
1548
1413
1445
965
514
339
318
-115
-669
-794
-819
-867
-1035
-1126
-1097
-1242
-1389
-1445
-1515
-1618
-1749
-1696
-1613
-1607
-1515
-1214
-1146
-1171
-913
-718
-601
-400
-177
90
162
150
331
341
364
294
358
411
325
348
517
557
569
541
460
339
247
302
173
72
-140
-270
-304
-461
-628
-766
-842
-858
-910
-969
-1075
-1060
-1090
-1093
-1072
-1063
-1111
-1057
-1147
-1192
-1223
-1068
-1127
-1428
-1327
-1350
-1168
-1139
-1228
-1187
-1242
-1160
-1143
-921
-1127
-1174
-1245
-1418
-1298
-1212
-1003
-1068
-1025
-1205
-1094
-1002
-885
-919
-952
-545
-478
-516
-385
-82
33
101
276
316
380
249
438
388
448
547
398
480
709
845
778
736
590
440
411
636
834
598
781
707
683
753
637
613
591
677
612
747
686
859
606
766
795
745
801
678
896
743
763
568
666
518
398
260
148
178
18
35
-247
-268
-387
-442
-410
-664
-857
-821
-830
-1069
-1016
-901
-948
-1017
-1041
-981
-796
-841
-876
-737
-712
-581
-592
-593
-548
-516
-478
-447
-399
-313
-280
-292
-143
28
61
162
106
113
259
435
530
568
542
462
567
602
670
538
390
581
495
342
331
255
154
-20
-99
-160
-285
-426
-424
-408
-556
-632
-834
-892
-887
-957
-904
-951
-1016
-931
-763
-826
-621
-618
-665
-545
-441
-352
-226
-296
-183
-216
-184
144
178
182
218
312
397
464
634
708
807
724
815
921
830
830
786
800
649
596
559
588
402
381
136
7
72
106
308
95
106
230
126
165
76
-13
24
-4
-19
146
206
373
420
416
529
430
513
347
267
279
279
75
73
45
-72
-26
-124
-95
-206
-291
-355
-407
-464
-535
-558
-557
-620
-721
-793
-935
-859
-844
-832
-882
-923
-831
-867
-755
-710
-679
-692
-644
-445
-396
-419
-278
-252
-376
-350
-310
-336
-287
-113
-68
59
-7
-31
8
-39
25
-36
-59
-47
-144
-220
-224
-343
-502
-444
-447
-480
-514
-382
-430
-416
-356
-325
-235
-398
-525
-458
-200
-221
-182
-109
-245
-171
33
29
4
20
27
79
170
171
390
489
535
605
550
738
889
1119
1147
1117
1159
1079
1152
1066
1076
1165
1231
1017
880
793
665
712
784
810
755
669
495
432
367
338
94
4
-367
-497
-571
-713
-648
-1061
-1082
-1310
-1247
-1241
-1323
-1173
-1342
-998
-1190
-1310
-1192
-987
-851
-963
-724
-831
-642
-576
-523
-411
-296
-174
-236
-127
55
286
163
376
91
-68
196
31
268
99
95
-36
-117
-115
-75
-107
-217
-80
-269
-98
-234
-134
-344
-366
-383
-514
-404
-274
-121
-382
-249
-338
-247
-361
-447
-386
-474
-393
-300
-386
-458
-360
-268
-159
-132
-136
-23
13
185
219
242
356
313
334
442
504
541
569
523
580
502
464
274
206
226
65
0
-31
-90
-136
-173
-243
-186
-198
-306
-287
-215
-326
-333
-95
-56
-99
-104
-68
38
50
79
-135
-48
-10
-10
1
-65
-8
-53
-39
-55
-26
-13
134
144
111
149
151
142
99
163
202
72
70
80
-52
11
72
-21
-64
-16
-92
-49
5
-40
-5
-66
-113
-107
-55
-122
-142
-205
-142
-215
-220
-138
-235
-45
5
24
51
-33
33
91
29
-98
-31
-36
-23
-258
-341
-164
-252
-153
-128
-2
-68
18
9
206
184
100
211
91
195
167
188
228
248
261
225
154
39
176
188
198
236
172
267
298
225
174
201
196
180
162
237
204
178
278
298
261
251
195
178
131
40
93
53
-23
-88
-211
-76
-147
-169
-101
-148
-186
-146
-117
-125
-111
-117
-66
-144
-136
-118
-36
71
188
122
22
72
166
173
164
16
-65
82
199
146
-8
-30
-46
91
92
70
142
36
-27
-64
-35
58
-34
18
-16
-58
-136
-107
-191
-159
-193
-205
-163
-226
-311
-300
-249
-205
-80
-230
-117
19
82
55
123
168
175
90
128
188
142
152
173
262
266
187
189
171
-143
-187
-286
-341
-255
-256
-212
-207
-241
-307
-338
-376
-193
-218
-247
-196
-376
-273
-225
-275
-422
-436
-576
-490
-641
-715
-600
-466
-165
-459
-557
-408
-263
-332
-397
-229
-302
-366
-414
-232
-284
-379
-290
-362
-336
-415
-209
-287
-171
-180
-365
-311
-468
-233
-241
-291
-200
-411
-437
-322
-169
-233
1
-43
-18
-136
21
229
50
338
150
209
85
220
173
184
286
206
239
44
212
16
196
123
-23
-15
-12
280
147
202
366
277
266
261
101
187
138
187
316
197
256
177
102
214
155
133
133
98
111
138
63
125
260
172
252
243
323
468
407
493
533
569
588
701
723
712
726
839
869
831
839
561
570
669
621
481
478
466
410
350
186
140
242
192
194
111
111
37
55
89
-24
90
113
88
129
45
8
63
-100
-44
-41
22
96
-22
11
43
35
33
3
134
72
165
77
85
187
194
225
159
17
24
107
-72
-126
-241
-132
-152
-201
-228
-375
-260
-417
-461
-573
-444
-318
-259
-269
-277
-112
-139
-98
-98
-45
99
71
80
141
54
121
142
130
100
22
67
63
88
79
51
42
107
55
-57
40
117
50
131
123
165
211
145
124
161
93
38
130
32
-5
