-23
94
92
-38
55
186
258
165
88
278
437
337
436
368
302
324
256
360
316
224
228
243
126
127
142
234
312
306
261
280
414
369
414
244
301
442
504
417
346
434
385
382
435
381
329
357
382
345
319
369
469
450
354
420
366
363
185
260
305
323
292
348
378
267
197
136
197
204
220
150
171
92
96
34
88
-56
-96
-41
-308
-168
-124
-235
-166
-111
-125
-119
-34
-32
-64
-143
-129
37
65
-99
-43
-67
-108
-172
-261
-263
-210
-229
-141
-220
-92
-82
-89
-27
-133
-110
-125
-60
-114
-30
-85
-42
-19
-112
-102
-151
-145
-224
-171
-196
-270
-271
-251
-256
-348
-283
-279
-342
-300
-186
-200
-172
-145
-168
-171
-225
-187
-150
-190
-238
-134
-72
-161
-202
-209
-201
-90
-60
-262
-173
-137
-292
-366
-234
-268
-271
-269
-301
-203
-214
-190
-88
-27
-48
-84
-107
-192
-173
-139
-222
-184
-303
-244
-276
-281
-292
-348
-257
-334
-236
-183
-220
-132
-107
-94
-26
-51
-58
-92
-135
-156
-34
-31
-212
-129
-133
-157
-209
-205
-168
-206
-218
-245
-245
-323
-349
-258
-243
-181
-151
-159
-65
-1
101
-85
-72
-167
-172
-143
-153
-61
-10
-277
-362
-270
-330
-396
-307
-213
-261
-189
-223
-141
-309
-286
-214
-275
-283
-416
-307
-292
-356
-645
-573
-571
-560
-396
-448
-348
-437
-287
-584
-451
-237
-317
-232
-408
-290
-404
-263
-156
-354
-146
-267
-374
-383
-160
-267
-182
-48
-224
-193
-350
-211
-138
17
-113
-232
-161
-131
-87
-261
-85
-215
-97
-215
-185
-103
-133
9
-142
86
-79
84
18
194
264
207
132
80
284
70
92
125
198
-59
30
72
-7
96
41
-79
-167
-129
95
37
45
169
130
78
111
26
166
209
167
294
288
314
304
302
244
219
246
212
307
278
202
210
69
172
114
159
379
287
342
338
372
343
329
297
284
436
434
361
325
357
157
55
209
166
111
107
118
225
238
214
161
244
294
273
303
272
314
258
264
316
272
243
228
289
282
258
163
194
127
139
102
34
145
76
32
56
74
66
-29
-40
5
43
214
214
98
40
171
169
81
17
177
140
90
-48
-171
-3
-248
-220
-251
-199
-187
-156
-138
-218
-54
-148
-83
-145
-164
-44
-37
185
86
104
35
76
100
-90
-103
-197
-92
-134
-171
-121
-148
-92
-55
-107
-108
-141
-113
-29
-42
-41
-87
47
125
38
7
20
49
-10
-22
117
54
26
138
-35
-118
-41
-118
-118
14
-172
110
-12
-413
-118
-152
-41
-42
-130
-91
-64
69
-47
35
24
64
9
53
-64
-31
-15
-101
-13
-202
-114
-120
-171
-112
-216
-239
-292
-268
-200
-229
-126
-32
-47
-57
-64
-51
-125
-175
-159
-113
-141
-170
-257
-170
-68
-192
-95
-114
-183
-141
-122
-149
-57
-84
-1
55
-8
44
9
60
76
5
75
30
110
201
96
46
105
51
-152
-463
-613
-627
-600
-463
-421
-352
-481
-423
-538
-442
-354
-191
-155
-285
-259
-336
-324
-515
-485
-391
-438
-489
-558
-661
-554
-134
-247
-433
-467
-392
-142
-223
-151
-159
-158
-165
-251
-96
-210
-5
76
97
-57
-57
-105
-262
67
-13
54
-11
-24
-65
-164
-33
107
35
-205
61
1
202
191
283
146
183
237
-55
172
225
379
176
172
110
49
233
312
298
163
143
-43
20
135
152
132
-34
143
106
-68
60
297
208
159
155
176
220
229
256
227
310
314
219
268
389
389
336
331
262
315
227
362
477
429
400
394
307
281
239
193
273
344
258
366
430
392
399
373
302
208
350
282
346
384
357
301
278
273
264
312
328
341
313
370
430
311
377
297
323
325
235
270
419
532
377
294
237
215
125
158
276
354
281
197
152
296
336
233
278
247
197
290
225
155
243
285
285
341
237
280
387
339
242
95
229
302
263
123
168
279
203
109
-20
-57
97
224
259
195
101
192
271
298
333
423
463
333
262
201
248
365
314
136
204
136
116
105
94
-21
-122
-63
-59
14
21
93
71
144
114
263
240
178
211
284
417
385
407
255
336
239
311
262
307
201
144
133
83
81
111
107
164
262
-54
78
59
23
162
35
135
192
221
225
115
76
61
75
23
53
66
156
152
31
-31
31
23
-149
-104
-73
8
110
77
-17
31
83
94
142
123
266
226
228
183
223
313
269
171
99
169
196
5
-1
-6
39
151
67
174
197
174
196
229
183
214
78
92
243
152
156
11
-55
-115
-62
-185
-67
-202
-419
-474
-416
-208
-151
-131
-204
-71
-264
-1
-177
-216
-32
-163
-19
-275
-258
-173
-249
-321
-335
-350
-503
-442
-654
-614
-690
-345
-332
-634
-428
-497
-268
-129
16
-72
-77
-102
-89
-28
-134
-24
-300
-400
-329
-136
-22
-246
-133
-380
-347
-296
-244
-186
-214
15
-54
-114
-161
21
-142
165
200
122
142
143
332
129
395
241
288
220
182
257
223
270
21
183
-129
-18
13
98
178
138
44
-1
38
148
199
281
375
235
207
372
194
267
272
149
276
298
304
139
124
133
151
171
98
182
75
19
27
70
-23
1
44
-178
-403
-627
-749
-1322
-1687
-1346
-671
-133
-80
-268
-261
-449
-385
129
558
403
-162
-519
-453
-64
114
206
462
522
-151
-751
-1023
-831
-359
-91
-13
-255
-656
-1084
-1130
-802
-549
-579
-787
-1023
-1012
-1248
-1507
-1102
-464
-357
-268
-114
-294
-646
-871
-743
-27
266
99
-13
-303
-456
-531
-506
-417
-181
-166
-97
-139
-376
-497
-600
-202
4
-128
-244
-288
-262
-434
-516
-251
230
228
198
-67
-266
-303
-392
-262
-125
134
78
-90
-170
-145
-303
-494
-349
-82
-54
-102
-67
-126
-41
114
13
-23
76
399
356
153
125
-85
22
143
207
261
211
82
-181
-283
-309
-137
207
138
-263
-165
-35
71
117
-108
-37
-31
146
158
481
401
277
404
320
26
-232
-59
148
491
561
339
202
7
75
83
-43
-113
-16
370
648
404
132
-9
-26
127
252
345
369
717
828
564
428
370
371
576
701
936
1058
861
740
642
559
617
623
670
731
1096
1404
1392
1215
899
651
688
907
1025
1338
1545
1452
1367
1069
1005
1027
995
1057
1063
1199
1104
1227
1066
1017
1054
914
798
677
703
570
689
611
848
707
844
730
307
367
317
337
251
477
289
-18
-324
-349
-515
-701
-581
-549
-301
-396
-568
-491
-443
-742
-953
-690
-389
-119
-31
-163
-400
-722
-645
-710
-586
-528
-537
-480
-660
-608
-748
-638
-908
-751
-727
-813
-754
-675
-316
-384
-197
-409
-255
-244
-189
-303
-323
-2
24
262
200
487
153
215
248
271
576
520
815
808
925
1045
979
885
857
1157
1374
1497
1577
1520
1477
1366
1422
1324
1379
1675
1826
1865
2029
2138
1986
2166
2038
1890
1991
2105
2260
2345
2374
2438
2334
2117
2075
2160
2190
2094
2089
1950
1696
1394
1175
1117
936
815
683
436
283
89
-151
-274
-433
-682
-764
-807
-892
-1108
-1090
-1039
-1151
-1146
-1019
-899
-925
-964
-1049
-889
-765
-706
-592
-383
-403
-569
-484
-462
-489
-449
-460
-427
-456
-477
-397
-303
-362
-467
-501
-485
-415
-403
-332
-345
-426
-499
-456
-662
-586
-788
-734
-758
-861
-940
-828
-798
-913
-813
-722
-715
-765
-644
-519
-296
-184
-118
117
359
453
571
673
712
998
972
1076
1360
1438
1858
1937
2127
2137
2192
2303
2393
2445
2566
2769
2800
2991
3183
3347
3364
3284
3077
2812
2789
2810
2583
2553
2412
2236
1932
1599
1336
953
669
370
149
-143
-546
-851
-986
-1284
-1666
-1927
-2149
-2350
-2350
-2358
-2444
-2533
-2458
-2291
-2162
-2139
-2036
-1831
-1716
-1649
-1577
-1561
-1349
-1138
-1062
-937
-953
-753
-576
-395
-325
-224
-155
-252
-161
-33
49
22
42
72
-16
-115
-175
-91
-193
-213
-312
-519
-716
-818
-984
-1139
-1194
-1424
-1565
-1625
-1788
-1947
-1995
-2008
-1960
-1935
-1836
-1727
-1646
-1619
-1458
-1216
-994
-887
-762
-457
-239
-106
165
451
637
828
1030
1127
1222
1413
1449
1539
1757
1915
2113
2305
2389
2290
2224
2601
2709
2848
3152
3443
3672
3512
3724
3822
4084
4063
3932
3731
2982
2760
2664
2641
2381
1903
1745
1097
781
328
142
-309
-460
-637
-1225
-1469
-1751
-1498
-1867
-1990
-2258
-2467
-2592
-2900
-2701
-2625
-2545
-2731
-2704
-2739
-2714
-2409
-2412
-2098
-2077
-2029
-1950
-1726
-1315
-1270
-1056
-945
-630
-542
-310
-167
-28
92
22
110
-5
166
22
81
-111
-12
-156
-519
-420
-443
-547
-900
-858
-1034
-1098
-1329
-1442
-1483
-1561
-1572
-1783
-1895
-1870
-1841
-1730
-1688
-1660
-1528
-1496
-1494
-1186
-1114
-1010
-807
-794
-582
-362
-31
197
312
472
811
1047
1222
1356
1602
1799
1999
2300
2479
2570
2717
2843
2880
2946
3081
3268
3397
3537
3728
3793
3829
3856
3891
4108
4277
4050
3747
3668
3449
3132
2989
2973
2945
2436
1995
1693
1393
1034
546
165
-194
-619
-1072
-1372
-1484
-1680
-1996
-2239
-2382
-2501
-2692
-2666
-2782
-2721
-2785
-2702
-2562
-2425
-2257
-2181
-1991
-1893
-1632
-1509
-1188
-1135
-1074
-975
-858
-771
-683
-414
-420
-233
-257
-304
-204
-203
56
167
97
-26
-80
22
38
-150
-329
-329
-430
-545
-622
-662
-865
-967
-1110
-1419
-1483
-1688
-1774
-1900
-1983
-2018
-1976
-1994
-1956
-1655
-1718
-1541
-1434
-1267
-1014
-922
-725
-495
-277
-61
170
317
539
784
784
965
1077
1293
1419
1568
1837
1813
1955
2050
2107
2254
2220
2290
2480
2690
2857
3022
3034
3076
3148
3247
3437
3489
3585
3392
3318
3064
2834
2656
2302
2080
1725
1602
1243
940
735
352
47
-349
-660
-946
-1369
-1648
-1787
-1940
-2193
-2355
-2477
-2559
-2606
-2666
-2751
-2883
-2838
-2816
-2850
-2717
-2540
-2447
-2365
-2321
-2220
-1942
-1644
-1527
-1425
-1243
-1109
-902
-809
-626
-503
-499
-444
-268
-113
-145
-75
-88
-122
-170
-183
-242
-225
-218
-327
-447
-557
-693
-679
-851
-935
-1016
-1266
-1578
-1618
-1702
-1742
-1654
-1993
-1886
-1898
-1770
-1735
-1726
-1501
-1606
-1474
-1484
-1304
-1154
-1020
-821
-991
-721
-544
-154
23
-24
294
355
606
703
982
1070
1357
1530
1603
1724
1662
1876
1780
1817
1953
1978
1900
2031
2401
2187
2449
2634
2608
2597
2632
3023
2973
3101
2700
2705
2433
2170
2039
1794
1948
1589
1291
736
659
261
-258
-395
-886
-1185
-1661
-1617
-1979
-2096
-2156
-2332
-2425
-2651
-2661
-2925
-2917
-2853
-2664
-2659
-2534
-2327
-2387
-2190
-2019
-1782
-1723
-1693
-1394
-1402
-1197
-1138
-911
-633
-564
-503
-590
-402
-316
-151
-92
21
99
168
217
227
200
201
269
235
197
108
14
-10
-157
-264
-405
-547
-703
-795
-801
-844
-1038
-1223
-1282
-1240
-1056
-1163
-1185
-951
-910
-922
-800
-667
-572
-553
-464
-190
9
117
216
371
439
507
644
729
981
1149
1153
1405
1587
1712
1799
1845
1985
1932
2062
2132
2422
2633
2674
2893
2950
3150
3240
3185
3242
3297
3343
3326
3193
2951
2773
2560
2333
2105
1984
1837
1320
975
838
593
276
-44
-381
-838
-1086
-1480
-1859
-1825
-1963
-2242
-2361
-2565
-2715
-2659
-2820
-2728
-2781
-2824
-2614
-2597
-2430
-2309
-2202
-2099
-2019
-1871
-1559
-1406
-1281
-1073
-892
-700
-492
-271
-267
-80
-52
-111
31
21
18
35
49
56
12
34
0
-67
-236
-314
-514
-442
-507
-572
-744
-797
-926
-1205
-1220
-1292
-1438
-1585
-1405
-1511
-1463
-1510
-1615
-1582
-1563
-1482
-1422
-1263
-1113
-1016
-1020
-963
-898
-753
-612
-484
-127
65
204
530
717
948
1108
1110
1217
1280
1563
1692
1729
1903
2052
2016
2043
2173
2199
2345
2409
2630
2689
2789
2995
3174
3282
3332
3361
3159
2930
2802
2486
2178
2031
1807
1701
1366
1117
813
417
160
-196
-689
-988
-1287
-1588
-1841
-2074
-2331
-2385
-2495
-2560
-2336
-2400
-2559
-2749
-2810
-2833
-2622
-2631
-2475
-2194
-2044
-1782
-1791
-1590
-1457
-1208
-1174
-1398
-1259
-1223
-1052
-953
-947
-700
-691
-523
-563
-479
-427
-115
-73
-276
-185
-327
-86
-261
-286
-260
-549
-662
-933
-961
-1215
-1308
-1632
-1665
-1668
-1966
-1951
-2249
-2091
-2153
-1936
-2000
-1955
-1854
-1898
-1480
-1339
-1070
-1044
-836
-858
-622
-426
-230
34
40
323
206
595
567
760
884
934
1289
1204
1491
1732
1890
1757
1952
2072
2223
2398
2276
2447
2561
2911
3066
2987
3023
3109
3189
3275
3345
3205
3006
2748
2631
2500
2303
2174
1861
1796
1561
1291
1076
787
577
116
-247
-691
-1037
-1173
-1343
-1572
-1912
-1992
-2051
-2173
-2323
-2329
-2419
-2461
-2413
-2445
-2312
-2131
-1967
-1816
-1443
-1317
-1207
-963
-745
-708
-727
-535
-462
-475
-261
-32
120
153
125
217
349
228
102
54
23
-144
-288
-217
-310
-317
-329
-388
-575
-603
-748
-869
-1050
-1202
-1330
-1444
-1591
-1708
-1805
-1847
-1730
-1763
-1733
-1675
-1779
-1744
-1540
-1491
-1423
-1261
-1050
-763
-578
-556
-436
-58
104
308
440
678
875
1051
1029
1086
1196
1346
1448
1467
1594
1596
1629
1765
1869
2103
2209
2331
2370
2464
2584
2694
2862
2877
3089
3180
3287
3290
3301
3160
3099
2848
2525
2373
2037
1796
1555
1449
1137
869
664
363
-46
-484
-754
-1162
-1512
-1659
-1910
-2113
-2246
-2186
-2181
-2299
-2238
-2249
-2241
-2360
-2444
-2462
-2508
-2333
-2189
-2067
-1853
-1670
-1487
-1446
-1314
-1071
-1064
-958
-719
-523
-502
-314
-203
-206
-125
100
146
108
68
93
-15
-110
-169
-393
-460
-536
-549
-659
-800
-957
-1062
-1224
-1299
-1467
-1480
-1542
-1737
-1798
-1842
-1722
-1655
-1670
-1624
-1407
-1363
-1385
-1297
-1225
-1104
-1030
-942
-757
-527
-483
-265
-103
-37
181
289
424
613
667
812
936
1114
1322
1523
1583
1701
1765
1720
1779
1869
1915
1981
2297
2410
2517
2433
2497
2603
2628
2720
2802
2973
2805
2554
2327
2262
1798
1619
1403
1187
979
493
485
136
343
90
-476
-894
-1166
-1283
-1659
-1755
-2076
-2342
-2717
-2913
-3008
-2956
-2904
-2986
-2940
-3045
-3047
-2957
-2881
-2645
-2395
-2163
-2214
-1811
-1556
-1249
-875
-838
-655
-726
-559
-616
-485
-362
-299
-117
-229
72
-18
-24
-40
15
-174
-271
-333
-463
-354
-472
-326
-539
-625
-800
-981
-920
-1240
-1150
-1290
-1534
-1568
-1740
-1804
-1809
-1743
-1829
-1895
-1894
-1807
-1613
-1422
-1178
-965
-989
-667
-388
-116
45
295
447
597
895
879
953
1326
1492
1585
1758
1775
1934
2039
2242
2278
2234
2391
2510
2631
2712
2987
2993
3017
3265
3517
3486
3534
3692
3584
3613
3658
3711
3635
3432
3054
2841
2618
2359
2127
1821
1516
1256
1059
718
441
181
-71
-529
-840
-1049
-1388
-1646
-2075
-2062
-1978
-2149
-2214
-2236
-2229
-2294
-2371
-2339
-2233
-2219
-2153
-1905
-1884
-1676
-1371
-1112
-960
-974
-768
-683
-505
-454
-413
-309
-184
36
45
183
242
339
178
100
-36
-81
-154
-236
-237
-408
-499
-593
-639
-750
-860
-1021
-1200
-1169
-1348
-1623
-1573
-1662
-1856
-1778
-1696
-1722
-1590
-1623
-1620
-1538
-1481
-1493
-1406
-1245
-997
-817
-752
-421
-220
-81
73
113
338
515
555
732
938
1099
1180
1342
1485
1508
1694
1972
1923
2014
2130
2220
2177
2300
2171
2339
2453
2358
2595
2658
2867
2946
2927
2955
3172
3045
3004
2735
2567
2418
2195
2050
1678
1468
1240
1049
813
501
195
-222
-531
-800
-1075
-1361
-1627
-1790
-2107
-2207
-2252
-2207
-2186
-2317
-2314
-2353
-2387
-2252
-2080
-1986
-1863
-1808
-1497
-1281
-975
-848
-768
-586
-566
-504
-399
-263
-152
-79
-22
26
75
217
242
246
198
212
268
116
35
-27
-251
-322
-504
-666
-686
-915
-1116
-1176
-1210
-1469
-1631
-1775
-2008
-2085
-2301
-2066
-2181
-2357
-2070
-2074
-2150
-1992
-1711
-1631
-1532
-1476
-1413
-1247
-1104
-685
-341
-27
-117
-125
237
534
795
776
1139
1235
1162
1210
1393
1564
1557
1814
1729
1819
1639
1683
1998
2034
2222
2031
2326
2288
2517
2551
2681
2946
2941
3110
3031
3184
2908
2838
2525
2371
1843
1471
1437
937
1099
783
606
358
156
-178
-579
-803
-1013
-1308
-1714
-1758
-1835
-1891
-2025
-2175
-2279
-2230
-2168
-2272
-2313
-2131
-1910
-1896
-1959
-1863
-1760
-1451
-1196
-911
-685
-441
-412
-409
-239
-179
-126
-170
-123
-89
-75
24
133
134
18
-28
-88
-150
-129
-270
-360
-486
-511
-535
-653
-629
-723
-1024
-1274
-1257
-1175
-1234
-1462
-1345
-1327
-1416
-1284
-1346
-1269
-1138
-1109
-1078
-947
-855
-707
-582
-542
-420
-201
-44
85
370
447
646
847
893
1094
1286
1326
1481
1770
1787
1954
1863
2031
2094
2047
2306
2343
2431
2537
2494
2469
2461
2539
2614
2744
2922
3018
3338
3380
3440
3483
3382
3258
2995
2831
2556
2290
2214
1875
1566
1273
905
811
590
160
-129
-447
-875
-1207
-1559
-1721
-1861
-1875
-1918
-1926
-1944
-2037
-2008
-2044
-2022
-2106
-2140
-2069
-1914
-1708
-1565
-1390
-1241
-967
-878
-816
-971
-832
-826
-736
-645
-710
-627
-588
-413
-360
-296
-302
-360
-312
-386
-382
-421
-456
-493
-682
-869
-910
-975
-964
-1198
-1224
-1404
-1528
-1650
-1913
-1943
-1943
-1902
-1864
-1894
-1841
-1631
-1575
-1379
-1211
-1051
-984
-833
-667
-573
-468
-319
-199
-42
206
209
319
488
570
771
889
973
1125
1298
1487
1681
1890
1961
1946
1958
1873
2042
2237
2383
2370
2349
2531
2720
2751
2775
2856
2959
2968
2959
2942
2911
2973
2828
2738
2535
2376
2203
2043
1703
1492
1311
957
652
377
192
-140
-409
-802
-1093
-1425
-1726
-2047
-1990
-2193
-2322
-2386
-2428
-2386
-2480
-2420
-2286
-2270
-2275
-2254
-2207
-2122
-1916
-1735
-1539
-1443
-1294
-1190
-1138
-890
-703
-451
-663
-775
-843
-783
-543
-281
-222
-472
-367
-699
-758
-684
-741
-764
-905
-794
-1045
-1087
-1019
-1170
-1257
-1454
-1567
-1785
-1822
-1715
-1701
-1720
-1717
-1734
-1708
-1656
-1496
-1352
-1475
-1163
-1220
-1081
-1082
-829
-565
-441
-58
-38
115
295
653
686
817
871
954
1086
1194
1373
1650
1626
1681
1684
1640
1742
1873
1972
1950
2003
2045
2166
2226
2498
2736
2901
2831
3084
3230
3164
3390
3431
3334
3276
3099
2801
2645
2362
2233
2045
1744
1591
1317
1013
662
391
152
-182
-531
-715
-923
-1250
-1386
-1463
-1725
-1883
-1822
-1847
-1878
-2018
-2019
-1970
-1993
-2011
-1925
-1843
-1867
-1805
-1602
-1376
-1205
-1008
-759
-569
-573
-406
-248
-171
-116
-159
-77
-101
36
116
133
68
-16
-30
-111
-241
-264
-314
-554
-650
-837
-852
-985
-1252
-1280
-1382
-1322
-1491
-1533
-1485
-1572
-1609
-1652
-1628
-1662
-1604
-1551
-1339
-1186
-1066
-901
-819
-590
-439
-556
-461
-391
-149
101
115
255
467
565
777
945
1101
1286
1387
1537
1494
1611
1603
1797
1728
1899
1999
1876
1994
2024
2194
2209
2352
2360
2324
2388
2502
2671
2741
2856
3057
2885
2746
2529
2395
2595
2308
1981
1604
1343
982
672
478
139
81
-180
-445
-766
-1101
-1505
-1639
-2027
-2219
-2216
-2380
-2368
-2336
-2425
-2345
-2381
-2320
-2210
-2098
-2093
-2003
-1853
-1746
-1493
-1506
-1493
-1377
-1251
-987
-897
-665
-477
-519
-593
-636
-521
-535
-519
-516
-462
-331
-407
-408
-402
-417
-379
-554
-798
-929
-834
-926
-1083
-1226
-1279
-1258
-1364
-1476
-1720
-1769
-1744
-1875
-1859
-1837
-1871
-1804
-1595
-1416
-1356
-1260
-1151
-1010
-765
-551
-501
-416
-230
-64
42
141
365
485
379
316
429
679
615
1024
1195
1248
1217
1453
1442
1478
1716
1674
1814
1704
1783
1715
1865
1938
2034
1983
2098
2347
2277
2296
2429
2681
2752
2432
2423
2158
2298
2280
1857
1448
1240
1099
654
453
415
182
-445
-654
-1007
-1116
-1238
-1711
-1815
-2251
-2186
-2465
-2514
-2367
-2347
-2293
-2489
-2294
-2447
-2230
-2184
-2012
-1935
-1781
-1600
-1664
-1211
-1108
-760
-875
-843
-657
-674
-521
-589
-464
-552
-403
-504
-550
-559
-476
-278
-435
-462
-731
-753
-867
-868
-999
-1179
-1264
-1453
-1431
-1547
-1317
-1429
-1577
-1447
-1505
-1503
-1576
-1565
-1404
-1332
-1286
-1285
-1120
-879
-794
-703
-521
-296
-117
-48
-134
59
206
305
364
725
933
1109
1394
1392
1547
1639
1695
1666
1848
1935
1801
1865
1963
2080
2154
2221
2320
2348
2430
2530
2609
2634
2654
2905
2967
2964
3105
3306
3491
3469
3332
3236
3016
2769
2544
2105
1912
1581
1375
1141
884
658
394
154
-309
-451
-808
-948
-1165
-1486
-1663
-1885
-1967
-2160
-2168
-2107
-2119
-2073
-1895
-1786
-1791
-1870
-1974
-1699
-1570
-1615
-1493
-1314
-1078
-946
-759
-651
-494
-383
-321
-402
-434
-456
-467
-338
-412
-353
-268
-324
-271
-316
-401
-414
-510
-744
-704
-737
-905
-1107
-1347
-1269
-1451
-1376
-1583
-1592
-1610
-1589
-1547
-1562
-1502
-1494
-1353
-1357
-1190
-965
-939
-837
-696
-550
-412
-393
-224
-35
135
216
261
339
370
634
765
734
982
1278
1383
1346
1453
1370
1286
1463
1641
1701
1785
1854
2009
2247
2419
2476
2395
2487
2497
2624
2729
2694
2692
2846
2950
2810
2749
2602
2629
2511
2250
1864
1492
1245
996
751
561
465
145
-230
-469
-674
-864
-1145
-1546
-1951
-2068
-2085
-2212
-2403
-2476
-2435
-2415
-2237
-2108
-2129
-2026
-1903
-1881
-1846
-1670
-1494
-1344
-1189
-1027
-917
-935
-864
-797
-688
-678
-616
-579
-778
-943
-1025
-1112
-1022
-1042
-681
-751
-840
-813
-757
-829
-1061
-1044
-1188
-1477
-1646
-1634
-1832
-1609
-1825
-1835
-1866
-1925
-1782
-2081
-1927
-1739
-1774
-1901
-1911
-1592
-1332
-1106
-1050
-729
-650
-655
-306
-100
201
-27
147
44
262
525
512
860
915
1037
931
1175
1233
1607
1770
1575
1626
1594
1842
1759
1852
2049
2196
2257
2321
2519
2401
2735
2751
2846
2987
2937
3196
3124
3127
3010
2901
2576
2491
2061
1803
1640
1373
1258
932
523
269
86
-291
-483
-683
-952
-1136
-1500
-1684
-1796
-1931
-1848
-1914
-1945
-2048
-1916
-1929
-1828
-1852
-1734
-1752
-1795
-1670
-1580
-1475
-1457
-1152
-891
-783
-711
-652
-588
-477
-427
-384
-298
-257
-345
-334
-194
-222
-252
-163
-158
-165
-335
-429
-328
-481
-640
-793
-727
-940
-1014
-1126
-1167
-1028
-1143
-1141
-1134
-1176
-1167
-1249
-1183
-1100
-1163
-946
-892
-774
-734
-614
-449
-418
-303
-312
-259
-47
152
218
391
542
683
875
1021
1054
1242
1278
1216
1410
1476
1605
1646
1818
1885
1967
2140
2083
2156
2195
2418
2429
2460
2510
2717
2808
2767
2951
3048
3308
3356
3371
3151
3054
2926
2699
2486
2119
1948
1624
1312
1167
858
660
321
-32
-285
-615
-937
-1301
-1479
-1824
-2068
-2070
-2188
-2258
-2301
-2222
-2179
-2028
-1971
-1953
-2010
-1925
-1958
-1833
-1557
-1545
-1414
-1266
-1092
-963
-883
-833
-589
-540
-700
-597
-661
-740
-620
-640
-563
-496
-467
-290
-290
-240
-293
-353
-415
-440
-558
-776
-817
-985
-1153
-1125
-1130
-1245
-1235
-1386
-1385
-1440
-1532
-1579
-1533
-1536
-1489
-1461
-1296
-1050
-928
-771
-614
-474
-294
-173
-28
81
115
195
271
580
622
788
919
1055
1069
1201
1307
1217
1362
1439
1539
1612
1631
1723
1841
1997
2156
2281
2367
2477
2612
2624
2669
2682
2804
2870
2879
2951
3196
3219
3105
2871
2567
2341
1959
1812
1528
1195
1071
657
560
415
190
-12
-310
-625
-1065
-1392
-1857
-2034
-2385
-2568
-2702
-2974
-2997
-2996
-2733
-2737
-2629
-2451
-2415
-2491
-2251
-2087
-1977
-1774
-1781
-1660
-1441
-1101
-1089
-986
-788
-860
-873
-863
-651
-722
-836
-842
-978
-960
-750
-641
-681
-463
-526
-485
-510
-523
-488
-765
-642
-986
-934
-1108
-1103
-1300
-1281
-958
-1279
-1275
-1455
-1156
-1304
-1335
-1328
-1359
-1323
-1431
-1159
-1107
-890
-760
-685
-595
-528
-205
119
262
387
436
437
727
708
830
1159
1247
1414
1433
1559
1861
1760
1770
1819
1927
2037
1985
2147
2196
2309
2471
2691
2720
2801
2949
3044
3219
3376
3260
3228
3424
3510
3444
3282
3181
3095
2825
2560
2194
2029
1894
1399
998
792
765
227
-80
-171
-499
-777
-1069
-1194
-1423
-1572
-1710
-1750
-1784
-1937
-1834
-1944
-2031
-1908
-1780
-1823
-1863
-1880
-1668
-1658
-1515
-1406
-1227
-965
-911
-775
-766
-426
-375
-417
-430
-423
-187
-166
-170
-253
-227
-190
-352
-222
-254
-380
-368
-236
-410
-374
-542
-700
-739
-850
-948
-1174
-1219
-1364
-1396
-1412
-1301
-1341
-1228
-1321
-1214
-1089
-1053
-926
-1012
-878
-792
-674
-609
-643
-491
-393
-229
-141
-50
150
275
466
494
568
624
728
887
1032
1098
1181
1316
1487
1640
1766
1787
1897
1885
1987
2103
2143
2168
2368
2423
2484
2653
2570
2690
2702
2828
2799
2852
3126
3176
2865
2600
2454
2297
2240
1825
1659
1415
983
657
162
108
-144
-455
-727
-905
-1143
-1507
-1743
-1989
-2102
-2249
-2516
-2408
-2429
-2370
-2364
-2361
-2097
-1949
-1928
-1897
-1883
-1722
-1560
-1576
-1462
-1304
-1269
-1052
-860
-839
-716
-535
-436
-488
-536
-482
-418
-431
-389
-270
-306
-324
-315
-347
-214
-264
-410
-466
-499
-551
-681
-790
-799
-1043
-1061
-1156
-1372
-1362
-1391
-1350
-1333
-1384
-1657
-1477
-1712
-1707
-1489
-1422
-1166
-1205
-1012
-713
-772
-718
-373
-505
-275
-195
-249
-126
-233
155
77
252
284
459
653
596
900
1134
1311
1321
1359
1449
1568
1715
1931
2135
2124
2256
2084
2415
2549
2495
2756
2630
2586
2343
2494
2548
2684
2740
2702
2807
2560
2404
2050
2127
1723
1375
1106
693
516
229
270
7
-24
-598
-712
-861
-1529
-1442
-1740
-1858
-2351
-2371
-2452
-2564
-2215
-2256
-2153
-2257
-2080
-2142
-2091
-2017
-1955
-1833
-1718
-1518
-1516
-1316
-1003
-847
-822
-720
-452
-464
-437
-483
-450
-263
-191
-217
-305
-216
-76
-74
9
41
127
169
-30
-6
-144
-267
-312
-520
-561
-656
-746
-961
-1054
-1057
-1214
-1270
-1221
-1275
-1363
-1353
-1281
-1083
-1069
-1083
-840
-770
-694
-552
-293
-288
-165
29
157
250
437
630
783
803
828
1153
1162
1356
1462
1547
1484
1540
1686
1765
1810
1889
2016
2152
2133
2251
2341
2374
2602
2477
2619
2602
2591
2698
2721
2838
2764
2819
2860
2949
2897
2580
2365
2204
2132
1644
1359
1020
923
672
320
374
158
-45
-356
-568
-684
-911
-1018
-1256
-1450
-1685
-1932
-2088
-2015
-2154
-2116
-2036
-2207
-2129
-2027
-2025
-2014
-1923
-1981
-1899
-1793
-1806
-1521
-1367
-1188
-927
-665
-643
-593
-464
-446
-283
-176
-215
-314
-281
-233
-223
-184
-71
-44
-194
-244
-190
-294
-441
-596
-750
-747
-910
-876
-1119
-1100
-1170
-1298
-1319
-1503
-1419
-1401
-1382
-1487
-1396
-1490
-1633
-1426
-1256
-1170
-1207
-1001
-724
-613
-602
-443
-357
-280
-116
-19
233
379
521
651
769
1027
1195
1305
1450
1554
1654
1692
1654
1780
1739
1828
1853
1827
1998
2014
1924
2051
2124
2169
2218
2308
2395
2399
2387
2303
2306
2326
2338
2331
2210
2179
2050
1885
1645
1341
1175
906
554
228
35
-100
-265
-274
-564
-809
-936
-1325
-1525
-2164
-2136
-1939
-2373
-2356
-2482
-2501
-2320
-2360
-2335
-2211
-2126
-2188
-1965
-1933
-1931
-2067
-1913
-1760
-1919
-1660
-1559
-1453
-1240
-756
-634
-439
-343
-305
-194
-357
-11
75
-29
51
-213
-94
-228
-103
-168
-238
-223
-625
-505
-745
-714
-938
-1007
-1049
-1357
-1340
-1539
-1313
-1390
-1231
-1295
-1297
-1461
-1384
-1169
-1350
-1008
-1186
-975
-985
-732
-586
-526
-246
-353
-211
-144
190
256
433
564
669
715
952
1165
1174
1473
1437
1504
1441
1590
1557
1687
1795
1712
1934
1826
1769
1714
1704
1792
1894
1824
1864
1824
1796
1990
1930
2113
2026
2076
2092
2140
2455
2349
2236
2245
2046
1812
1501
1121
1144
999
719
547
284
159
-165
-320
-552
-959
-931
-912
-1216
-1515
-1681
-1748
-1976
-2042
-1991
-2013
-2040
-2022
-1894
-1787
-1610
-1479
-1377
-1302
-1164
-1239
-1165
-1075
-905
-718
-691
-502
-327
-129
-34
0
67
197
273
266
262
416
274
252
202
283
262
207
200
34
-82
-136
-358
-428
-527
-825
-862
-1029
-1029
-1014
-1160
-1182
-1147
-1112
-1251
-1197
-1165
-1093
-1160
-1209
-997
-929
-837
-727
-513
-534
-370
-183
16
129
144
261
323
469
517
540
641
833
910
970
1086
1127
1223
1306
1338
1373
1332
1267
1263
1295
1295
1259
1282
1293
1254
1181
1397
1354
1274
1422
1452
1464
1603
1643
1627
1666
1815
1846
2104
2031
1957
2174
1950
1906
1713
1434
1165
1083
708
432
133
-32
-166
-496
-672
-925
-1173
-1473
-1531
-1608
-1974
-2112
-2209
-2449
-2454
-2359
-2389
-2167
-2071
-1942
-1743
-1711
-1622
-1584
-1456
-1399
-1262
-1204
-1194
-1128
-996
-848
-615
-456
-331
-167
-52
12
129
257
172
243
309
328
246
295
254
294
336
188
235
244
99
-17
-192
-424
-560
-744
-883
-856
-997
-1165
-1092
-1282
-1231
-1267
-1294
-1153
-1237
-1516
-1330
-1211
-1118
-915
-853
-675
-770
-506
-407
-313
-219
-59
-106
27
-53
-142
21
55
101
-83
-92
-59
25
205
406
581
816
789
590
486
771
758
853
809
864
921
625
898
977
1084
905
984
903
960
1201
1179
1264
1104
1385
1343
1399
1580
1673
1714
1364
1448
1194
1050
883
872
500
206
114
-369
-320
-681
-823
-1078
-1165
-1415
-1846
-1887
-1988
-2126
-2342
-2285
-2446
-2291
-2337
-2142
-1868
-1924
-1623
-1475
-1448
-1368
-1187
-1085
-991
-637
-620
-485
-446
-233
6
-53
153
292
501
488
575
693
820
792
762
717
763
746
643
612
574
522
355
171
-13
-76
-214
-352
-399
-636
-685
-651
-835
-799
-843
-866
-947
-843
-797
-833
-838
-751
-692
-688
-581
-452
-355
-362
-343
-324
-99
-45
105
133
118
177
70
67
96
176
140
169
260
270
326
454
512
591
630
698
907
922
902
918
973
1027
1053
981
1081
1054
975
1234
1166
1147
1171
1258
1379
1431
1473
1462
1508
1485
1650
1543
1534
1554
1613
1695
1695
1588
1224
1267
877
707
574
262
35
-190
-302
-513
-596
-971
-919
-1116
-1433
-1574
-1773
-1733
-1916
-1948
-1881
-1889
-1987
-1744
-1578
-1520
-1350
-1123
-962
-930
-806
-559
-562
-455
-250
-160
9
69
263
357
524
543
632
818
744
673
742
814
712
608
665
619
627
506
501
317
358
435
287
158
-3
-101
-344
-441
-534
-679
-786
-881
-997
-1064
-1048
-1107
-1240
-1256
-1242
-1200
-1218
-1050
-994
-1031
-1113
-1052
-964
-934
-828
-764
-600
-616
-391
-421
-533
-334
-286
-242
-167
-106
-100
32
113
151
282
324
452
620
583
742
868
839
829
942
918
969
983
957
1001
983
1040
990
1014
1091
1163
1221
1276
1308
1281
1306
1236
1499
1355
1113
1009
1197
1280
1255
1270
962
1019
571
553
222
-28
-118
-390
-646
-877
-1000
-1394
-1313
-1368
-1583
-1758
-1953
-1802
-1979
-2200
-1887
-1758
-1751
-1892
-1705
-1614
-1445
-1218
-907
-841
-945
-883
-987
-829
-637
-480
-411
-310
-190
-176
123
259
375
365
505
538
669
744
811
812
454
569
318
453
464
447
217
-1
-4
-250
-257
-474
-484
-883
-873
-1103
-1245
-1179
-1398
-1232
-1406
-1408
-1472
-1438
-1388
-1323
-1233
-1120
-1098
-1158
-1020
-1095
-933
-736
-760
-803
-891
-664
-485
-479
-379
-352
-299
-186
-79
75
64
189
210
360
492
462
549
621
714
853
817
808
883
885
938
869
873
960
928
897
890
1004
1045
1081
1061
1194
1434
1424
1408
1477
1574
1444
1543
1647
1650
1648
1672
1747
1830
1795
1723
1742
1593
1486
1279
1005
769
593
431
166
20
20
-215
-443
-604
-499
-810
-958
-1024
-1230
-1301
-1419
-1434
-1535
-1490
-1368
-1395
-1407
-1191
-1088
-994
-931
-818
-670
-522
-400
-351
-166
78
118
90
204
349
435
501
546
558
563
442
355
314
287
150
44
-208
-365
-333
-476
-590
-605
-678
-809
-787
-1072
-1196
-1173
-1247
-1344
-1414
-1411
-1478
-1499
-1371
-1324
-1561
-1468
-1301
-1357
-1179
-1140
-1080
-953
-946
-965
-926
-921
-833
-791
-634
-489
-423
-248
-100
-119
70
300
191
289
374
400
400
498
465
404
368
369
282
224
354
176
295
366
335
511
474
400
462
472
572
642
702
701
769
937
936
1150
1172
1217
1435
1441
1315
1389
1546
1563
1660
1584
1623
1707
1711
1876
1901
1864
1823
1784
1623
1296
1217
1028
802
554
408
290
360
141
-118
-197
-293
-324
-636
-818
-1005
-1274
-1341
-1440
-1497
-1512
-1433
-1410
-1341
-1180
-1066
-960
-849
-794
-681
-560
-512
-372
-543
-633
-440
-260
-213
-170
-144
-2
-7
-108
160
-13
199
-49
-359
-449
-612
-660
-842
-713
-925
-836
-1104
-1067
-994
-1185
-1079
-1358
-1260
-1516
-1520
-1253
-1382
-1043
-1226
-1369
-1453
-1324
-1302
-1240
-1159
-1034
-962
-1162
-877
-722
-462
-479
-634
-660
-524
-266
-375
-90
244
47
1
-83
9
-154
-102
-90
-41
-176
-330
-317
-615
-387
-454
-366
-397
-313
-235
-283
20
19
229
175
212
374
397
607
681
771
794
1000
984
1098
1186
1270
1443
1493
1637
1529
1606
1832
2018
2111
2283
2362
2310
2456
2555
2535
2285
2249
2101
1593
1368
1090
841
659
288
101
-12
-200
-515
-663
-879
-1124
-1199
-1377
-1353
-1450
-1585
-1727
-1654
-1636
-1610
-1457
-1219
-1145
-920
-702
-610
-511
-293
-144
-180
-42
-26
227
228
235
300
445
525
456
473
521
629
604
510
492
425
314
313
319
370
245
229
118
53
-38
-104
-113
-117
-203
-200
-242
-440
-644
-736
-803
-813
-859
-827
-791
-776
-601
-454
-396
-400
-195
-96
-90
-67
-61
-125
-124
-125
-209
-230
-235
-112
-264
-267
-256
-276
-226
-367
-189
-231
-220
-241
-321
-299
-208
-238
-307
-98
-50
42
209
290
343
425
562
567
726
558
690
775
805
917
909
1101
1131
1157
1179
1301
1435
1468
1543
1521
1468
1658
1519
1471
1493
1448
1454
1340
1537
1460
1390
1239
1057
905
792
525
244
107
-236
-519
-735
-710
-736
-831
-966
-1048
-1068
-989
-1174
-1228
-1280
-1475
-1402
-1461
-1433
-1535
-1475
-1385
-1274
-1189
-1053
-893
-786
-601
-403
-258
-239
-164
11
-8
17
101
165
207
236
426
499
488
442
505
600
521
446
381
283
141
5
-130
-207
-168
-224
-307
-172
-150
-133
-117
-215
-186
-90
-237
-292
-205
-249
-347
-384
-669
-634
-730
-719
-678
-502
-523
-392
-371
-577
-590
-706
-374
-560
-430
-444
-475
-321
-499
-273
-244
-48
30
83
78
-22
10
-49
342
249
27
119
176
442
566
632
335
476
341
331
433
347
452
398
311
114
94
147
104
238
257
211
53
138
-129
11
145
-72
-142
-241
-119
-502
-347
-274
-233
-357
-237
-1
-103
146
63
388
288
242
383
263
389
381
545
448
499
440
425
468
380
340
336
354
206
53
-34
-132
-158
-270
-360
-509
-504
-457
-398
-347
-217
-381
-325
-311
-270
-259
-284
-284
-330
-357
-428
-157
-154
-245
-171
-136
-184
-85
-16
36
66
223
315
287
351
440
397
369
453
619
793
778
802
885
855
737
659
634
531
489
454
343
303
293
194
159
186
208
237
225
252
227
180
217
281
293
254
254
321
238
436
450
383
587
652
635
588
539
550
682
654
678
478
525
690
818
786
846
934
1046
1191
1181
1256
1279
1424
1422
1423
1338
1354
1440
1409
1470
1429
1468
1493
1363
1230
1094
876
615
496
373
11
-159
-77
-128
-335
-510
-457
-385
-413
-586
-685
-681
-724
-845
-849
-839
-838
-850
-825
-663
-582
-401
-391
-191
-13
90
68
108
111
209
277
241
359
289
381
385
259
344
543
311
368
377
471
460
228
188
177
125
94
-27
-195
-100
-107
-180
-80
-33
65
68
46
84
125
113
34
-44
-148
-259
-244
-249
-184
-209
-297
-330
-246
-245
-211
-205
-208
-128
-144
-118
-219
-178
-177
-168
-297
-257
-188
-97
16
-44
-57
-90
-90
-81
-111
-84
-123
-188
-299
-350
-284
-327
-269
-258
-172
-106
-24
54
-22
-51
-85
-38
21
45
106
147
130
176
86
-26
-46
-180
-112
-56
347
352
301
380
152
255
368
457
363
505
634
359
332
472
518
540
629
442
573
420
532
573
712
773
428
494
538
572
498
304
408
169
-7
-209
-183
-31
-225
-189
-361
-374
-496
-382
-641
-645
-522
-745
-786
-794
-559
-738
-660
-603
-520
-563
-531
-449
-680
-368
-563
-485
-416
-367
-226
-469
-165
-114
-117
-182
-151
-81
-74
-16
13
-38
-209
-239
-176
-189
-241
-143
-261
-347
-158
-363
-436
-207
-78
-22
-109
-55
-33
-25
-146
13
168
196
293
383
385
324
259
230
323
269
175
310
418
415
378
293
231
329
450
518
540
554
663
685
753
789
833
916
982
1175
1421
1374
1254
1356
1319
1341
1363
1477
1540
1532
1559
1562
1582
1477
1502
1451
1206
999
971
738
573
375
301
403
336
195
165
143
42
-56
-275
-289
-325
-452
-534
-526
-403
-389
-418
-376
-245
-340
-350
-141
-103
38
179
163
212
241
297
252
263
443
501
471
446
395
466
520
465
334
283
183
179
149
144
148
86
86
-67
-35
-116
-203
-162
-369
-360
-325
-387
-325
-299
-222
-314
-496
-594
-595
-606
-571
-560
-611
-640
-603
-535
-683
-607
-505
-474
-238
-266
-191
-167
-212
-102
-116
-30
-122
-231
-86
-17
36
-60
8
-2
-139
-116
-98
-142
-283
-216
-186
-163
-250
-270
-190
-169
-253
-229
-105
-181
-186
-37
37
-41
-155
-228
-140
-124
-142
-164
-200
-172
-135
-164
-131
-13
22
76
155
144
200
366
303
275
410
473
459
461
433
523
575
492
563
601
681
697
669
579
605
654
642
580
535
461
393
473
473
593
604
591
582
584
531
399
450
436
292
229
116
139
95
-59
-389
-525
-481
-757
-626
-514
-541
-734
-702
-753
-824
-755
-705
-679
-766
-818
-853
-866
-875
-628
-685
-858
-559
-713
-693
-707
-677
-540
-536
-598
-640
-368
-273
-118
-215
-190
-197
-467
-207
-256
-219
-193
-293
-253
-307
-538
-397
-312
-474
-205
-431
-470
-470
-485
-447
-507
-342
-544
-532
-426
-197
-355
-426
-172
-294
-132
-297
-79
-202
-16
201
61
140
120
369
250
379
410
481
390
408
535
450
644
530
521
616
573
603
650
930
1044
738
932
939
885
1000
1055
1207
1199
1283
1269
1272
1155
1139
1119
1077
1101
942
808
786
866
770
479
271
234
159
-48
-40
-118
-171
-184
-287
-284
-345
-361
-467
-309
-250
-147
-215
-265
-253
-248
-261
-347
-391
-347
-231
-144
-45
-68
-2
77
283
422
346
318
232
262
261
330
373
321
442
351
275
262
175
75
110
61
38
106
84
33
-149
-77
36
-111
-20
-2
-62
-73
-100
-86
-34
-29
-73
-29
-12
106
127
180
235
274
211
265
361
343
236
138
218
238
342
264
327
424
461
602
522
571
524
549
463
421
390
428
402
326
338
388
349
320
248
227
193
146
66
-10
146
-50
33
143
58
184
134
-35
5
156
141
76
-52
91
196
25
22
78
23
44
52
280
160
28
218
192
177
70
158
176
168
107
180
227
81
138
-42
-30
-16
13
-121
-102
-162
-296
-350
-433
-409
-481
-661
-622
-522
-587
-614
-712
-505
-475
-427
-423
-347
-221
-254
-121
-129
-58
91
-18
34
39
77
183
192
186
79
127
214
215
251
345
289
368
385
426
366
323
456
474
542
644
538
490
532
409
441
459
435
380
456
366
211
78
-56
-157
-183
-94
-265
-191
-158
-29
-29
-190
-173
-38
91
33
49
-60
-53
-83
-117
50
-174
-28
-266
-166
-54
-347
-354
-135
70
-159
-150
-296
-101
-35
18
181
-74
87
-3
-40
246
176
129
137
164
-32
36
-74
40
-132
-104
-18
-405
-198
-134
37
-69
-14
4
-124
-160
-183
89
-160
103
-145
-158
-78
-106
5
-190
-88
-76
-106
-248
14
0
35
-34
-71
-40
-298
-193
-229
-141
-69
-147
-34
-68
-13
44
43
191
242
123
298
383
441
655
774
709
668
737
746
693
708
659
651
642
718
562
624
670
503
470
387
403
363
423
330
393
506
511
447
458
544
484
372
331
521
515
362
387
477
427
517
567
433
477
440
439
548
643
653
709
686
639
648
522
500
555
449
420
439
449
408
365
277
232
227
194
255
136
70
-8
125
167
82
46
38
129
202
91
40
73
158
110
62
22
98
140
40
28
-69
-64
2
-21
-70
-83
-22
-7
-56
-91
0
8
80
88
149
169
126
185
84
185
107
91
41
46
110
74
110
90
0
68
63
30
81
119
147
226
320
318
309
263
308
389
412
455
436
382
272
205
283
302
189
251
283
257
257
234
213
351
196
155
170
134
348
108
77
190
301
311
154
114
226
277
205
292
186
139
311
257
268
300
308
139
56
23
50
28
-3
-4
-79
-74
-2
134
139
126
135
174
-1
-75
2
-151
-53
-20
-6
-98
-182
-147
-88
15
-51
31
4
41
113
-18
33
214
195
209
111
144
105
105
105
146
158
86
105
90
119
-25
50
-137
-140
-211
-179
-237
-246
-414
-570
-505
-633
-621
-520
-221
-325
-387
-460
-332
-318
-233
-131
-225
-232
-280
-142
-251
-207
-143
-131
-333
-286
-190
-290
-114
-54
341
203
264
299
393
695
557
513
442
504
447
251
469
407
246
188
111
79
200
69
-27
38
-282
-200
-306
-143
-11
-108
-293
-338
-200
-211
-52
-94
162
-32
87
40
-49
188
12
293
6
155
93
44
146
140
238
247
261
129
162
247
357
309
245
242
277
317
369
492
462
321
356
376
286
365
524
247
344
268
264
233
169
165
213
158
100
84
40
86
89
93
170
181
227
329
238
279
237
311
349
307
297
293
250
386
427
255
379
339
534
406
259
495
525
386
314
527
473
428
458
603
660
640
630
726
712
719
663
633
651
577
659
600
515
476
466
369
510
494
414
422
474
470
451
445
363
580
586
456
323
455
445
307
314
296
221
-6
-6
-21
36
-39
-107
-151
-228
-117
-181
-226
-227
-136
-188
-328
-247
-302
-139
-132
-161
-43
-120
-91
36
67
10
133
226
205
315
253
348
159
110
221
190
202
276
320
301
348
322
413
404
376
280
259
320
338
403
293
284
307
189
121
71
87
48
-52
-35
-132
-162
-200
