-21
-61
-87
-77
-75
-213
-146
-236
-91
-60
-165
-126
-58
-9
17
154
148
109
210
200
245
150
6
51
193
245
121
149
121
40
-63
-36
-130
-98
-130
-99
-47
-78
72
92
166
116
87
62
98
279
296
215
303
161
81
131
3
112
50
128
-11
-69
-47
24
180
101
-34
26
180
21
5
157
139
238
208
389
465
483
364
288
372
244
274
162
81
131
137
41
-33
-166
-152
-227
-189
-66
-112
-132
-48
102
142
80
68
92
183
223
236
246
210
166
263
165
60
75
6
111
-39
-40
-54
-23
-10
-42
12
-16
-7
-37
-57
-146
17
80
101
90
-5
9
52
-104
140
91
-122
-139
-331
-263
-460
-475
-563
-395
-494
-412
-426
-265
-142
-274
-144
-240
-293
-230
-25
-69
-31
-286
-177
-149
-298
-63
-171
-179
-417
-407
-109
-222
-303
-342
-67
-205
-127
-93
-123
-103
-243
-146
-374
-178
-124
-91
-233
-197
59
-40
-68
-269
-51
-79
45
-142
-224
-208
-266
-39
-205
-12
-82
-91
-94
-82
-31
-66
121
92
55
-165
-35
97
39
244
-8
148
118
137
97
77
194
61
204
-22
-24
4
-1
68
81
92
-160
64
4
116
69
26
25
-17
99
66
342
223
253
149
148
212
258
155
91
317
197
125
178
272
153
166
107
177
204
288
220
249
246
247
277
362
366
278
273
378
498
344
342
407
359
252
203
99
111
93
145
169
280
104
112
106
79
180
205
170
190
191
202
219
253
172
229
253
83
173
65
46
73
126
19
-28
-44
-4
44
-112
85
184
-61
-170
-169
-140
-77
-71
-56
-11
55
51
20
6
52
69
-16
-128
-73
-110
-119
-74
-145
15
-78
-68
-80
-26
-33
-91
-49
-61
24
85
228
224
81
53
65
166
87
86
72
5
9
-69
-119
-144
-75
-153
-93
-124
-176
11
41
4
-15
88
134
198
300
151
253
257
217
261
233
109
122
226
140
179
53
-52
76
77
171
53
2
160
79
-54
-105
-132
29
60
154
291
126
148
170
125
85
170
32
-59
-10
17
-48
-91
-54
-114
-195
-245
-264
-166
-60
-54
-77
7
60
-17
83
7
-4
-8
42
51
16
81
76
57
-30
-110
-135
-81
-91
-188
-188
-242
-140
-150
-145
-82
-72
-2
-10
-36
11
85
143
80
148
118
-91
-141
-78
52
-51
104
-70
-129
-206
-400
-403
-445
-271
-308
-211
-176
-145
-198
-234
-137
-299
-173
-207
-118
-275
-380
-317
-485
-550
-362
-299
-461
-331
-418
-185
-235
-398
-230
-322
-207
-123
-306
-119
25
50
-108
-35
-186
-338
-198
-116
-164
-256
-192
-382
-363
-345
-185
-291
-230
-142
-337
-176
-62
117
-70
-29
-139
-110
-79
-169
100
-131
86
9
42
41
23
160
28
125
116
226
46
269
135
17
123
125
248
193
39
8
196
273
168
11
33
9
33
175
152
115
33
75
145
153
80
80
5
-9
154
64
172
246
321
237
159
257
236
273
212
167
197
170
229
219
201
235
235
271
261
261
186
154
246
296
165
52
200
220
128
108
91
88
-14
45
144
264
303
297
405
270
346
264
297
367
240
200
190
282
291
246
204
176
0
102
101
144
216
41
7
52
94
-1
87
119
123
-3
7
53
91
23
39
103
-58
-5
-21
8
3
-131
8
-97
-182
-219
-11
64
-16
-128
-8
6
-127
105
-101
-127
-43
-89
-35
-30
-3
129
16
-260
-123
-157
-256
-150
-105
-140
-176
-239
-159
-150
-230
-103
69
-42
22
152
12
21
-52
23
20
70
10
13
131
166
116
15
-9
-32
-65
-51
-13
-197
-235
-157
-183
-237
-100
-170
-107
-75
-198
-121
-147
-68
-74
-20
-88
44
-54
-35
100
30
38
-44
-51
-156
-198
-164
-68
-72
-104
-110
-110
-111
-194
-116
-46
-37
7
96
55
106
29
1
-17
1
-78
-118
-78
-37
-91
-125
-50
-40
-44
-57
26
-10
-5
69
118
26
40
21
33
115
92
106
130
243
88
88
58
30
53
-58
-35
-57
9
-142
46
-29
-221
-180
-271
-218
-320
-287
-293
-417
-63
-140
-338
-385
-221
-84
-354
-258
-305
-269
-577
-480
-336
-329
-345
-465
-610
-710
-345
-411
-368
-433
-322
-364
-302
-72
-127
36
-35
-86
-243
-31
-69
-164
4
-161
-226
-383
-289
-303
-342
-296
-340
-394
-483
-360
-213
-283
-19
-63
-84
-140
28
52
1
108
179
201
-54
18
-120
-48
-123
-61
-110
-235
-93
-205
-197
-237
-204
-61
-131
-63
-195
-199
74
154
209
128
38
61
168
187
247
152
175
163
108
214
191
168
194
190
202
52
133
134
195
291
332
255
270
259
223
303
253
317
265
353
266
332
282
320
400
388
267
219
210
292
385
327
263
118
309
397
275
278
447
410
411
415
429
468
562
693
645
689
625
446
437
358
394
358
328
353
285
150
58
73
81
-26
-65
42
156
75
107
125
95
239
148
132
59
-51
-157
-187
-181
-226
-234
-242
-254
-432
-229
-280
-282
-227
-334
-242
-253
-222
-222
-63
-243
-243
-112
-136
-24
-140
-65
-102
35
112
-15
30
-12
-74
38
-57
-82
-92
-158
-107
-176
-225
-146
-192
-235
-190
-232
-162
-166
-302
-440
-566
-738
-941
-1438
-1571
-1378
-980
-506
-293
-226
-38
94
-126
-335
-729
-838
-639
-408
-889
-1140
-970
-451
-57
-195
-334
-714
-908
-1005
-1068
-1122
-848
-634
-479
-465
-763
-873
-1073
-841
-704
-811
-1291
-1603
-1391
-1375
-1232
-1113
-1105
-1091
-948
-939
-1111
-1026
-1045
-806
-701
-644
-832
-827
-777
-891
-722
-642
-593
-546
-713
-808
-777
-576
-554
-478
-450
-462
-533
-447
-306
-315
-224
-170
-55
-133
-85
-199
-79
-187
-380
-137
16
268
63
-129
-115
5
161
-67
-314
-198
239
198
-91
-454
-286
-167
-226
-526
-391
67
-1
90
-28
-95
296
221
144
-128
30
-102
-19
-89
-54
335
254
-94
-204
-140
-105
-234
-522
-109
276
416
105
-49
99
434
284
188
-31
-78
-105
406
115
-114
219
144
96
-211
-254
-281
-48
47
-408
-459
-213
-20
-2
42
170
224
284
101
443
41
155
-64
9
313
303
630
343
530
293
268
93
276
-21
77
402
401
708
509
690
533
510
554
384
160
251
442
521
640
642
713
861
872
724
413
544
625
572
426
576
665
814
942
664
726
716
718
893
882
679
795
825
885
925
989
1035
996
957
827
735
606
608
720
831
849
678
740
785
808
686
607
731
649
654
818
846
970
748
683
557
559
594
424
320
333
481
461
550
530
344
99
75
-156
-214
-263
-47
128
188
313
137
77
-58
-178
-171
-118
26
42
-97
182
241
309
186
-28
-39
-219
-246
-220
-217
28
98
-33
-61
24
115
79
-120
-89
66
344
387
340
432
362
527
479
579
547
467
524
320
484
570
714
872
824
680
540
708
695
693
614
769
1081
1233
1255
1123
1071
1074
1025
1065
1005
982
1372
1481
1396
1360
1319
1370
1191
876
812
930
981
1068
1117
1281
1243
1188
1004
849
736
680
832
744
794
811
914
841
686
564
501
316
67
110
-70
-234
-395
-273
-211
-349
-381
-451
-493
-762
-855
-861
-893
-889
-863
-767
-713
-670
-606
-557
-683
-852
-884
-905
-836
-841
-798
-850
-957
-845
-899
-913
-807
-779
-687
-712
-742
-660
-510
-456
-458
-484
-386
-304
-147
146
73
52
80
142
160
272
320
428
474
457
534
577
567
409
501
607
620
701
825
942
1124
979
1089
1090
1138
1067
1193
926
875
1143
1182
1501
1686
1788
1525
1581
1553
1467
990
965
1170
1238
1485
1393
1462
1797
2096
1873
1465
1541
1283
1000
865
754
615
515
488
123
208
17
-308
-710
-882
-1140
-1564
-1639
-1632
-1644
-1855
-1598
-1530
-1451
-1470
-1613
-1405
-1510
-1311
-1407
-1256
-1156
-953
-715
-763
-455
-670
-560
-663
-534
-605
-603
-436
-589
-648
-748
-578
-728
-564
-668
-769
-733
-751
-819
-1197
-984
-968
-1012
-1046
-1066
-1061
-1095
-1015
-863
-813
-965
-931
-693
-819
-857
-489
-185
-160
-113
88
53
268
364
466
562
679
811
959
1191
1273
1374
1555
1648
1764
1795
1724
1682
1726
1858
1931
2084
2365
2497
2543
2719
2785
2878
2934
3025
3113
3153
3253
3327
3388
3449
3580
3448
3275
3048
2661
2364
2107
1680
1330
1096
930
749
430
269
-8
-339
-710
-1105
-1340
-1679
-1729
-1811
-2008
-2033
-1986
-1892
-1725
-1768
-1825
-1669
-1505
-1699
-1655
-1605
-1541
-1306
-1281
-1015
-928
-596
-460
-462
-373
-377
-174
-158
-233
-387
-363
-264
-275
-229
-319
-326
-389
-520
-631
-728
-809
-981
-1168
-1248
-1373
-1543
-1556
-1495
-1475
-1656
-1793
-1776
-1880
-1919
-1815
-1730
-1655
-1383
-1234
-1039
-914
-682
-554
-517
-316
-356
-160
-39
134
199
280
573
730
821
963
1233
1331
1305
1352
1457
1399
1629
1720
1702
1602
1653
1939
1934
2109
2118
2138
2303
2262
2383
2353
2402
2522
2448
2488
2535
2762
3054
3029
2821
2664
2396
2022
1700
1441
1156
849
529
233
134
-74
-342
-605
-869
-1038
-1406
-1564
-1871
-2131
-2386
-2636
-2765
-2711
-2651
-2613
-2451
-2408
-2191
-2036
-1957
-1935
-1909
-1844
-1715
-1560
-1494
-1347
-1114
-873
-794
-606
-361
-318
-316
-343
-398
-496
-541
-653
-686
-627
-583
-660
-753
-682
-595
-683
-819
-936
-1221
-1262
-1465
-1724
-1685
-1822
-1738
-1788
-1725
-1713
-1780
-1679
-1783
-1709
-1674
-1643
-1559
-1428
-1475
-1498
-1232
-1097
-646
-506
-270
-192
-292
77
42
186
228
579
818
873
1070
1125
1310
1225
1311
1329
1417
1463
1372
1543
1511
1747
1489
1616
1831
2167
2331
2431
2732
2602
2655
2642
2981
2927
3032
3018
2736
2664
2192
2277
1916
1710
1354
821
526
151
52
-213
-475
-801
-940
-1533
-1684
-1799
-2036
-2117
-2376
-2317
-2307
-2377
-2359
-2382
-2222
-2153
-2177
-2070
-1956
-1928
-1866
-1681
-1555
-1413
-1423
-1194
-1034
-897
-619
-539
-389
-280
-155
9
127
60
147
140
115
127
-2
-43
-162
-331
-318
-332
-516
-451
-602
-665
-693
-872
-984
-1042
-1200
-1181
-1201
-1161
-1108
-1161
-859
-791
-796
-782
-697
-677
-621
-511
-290
-14
149
394
466
568
693
823
843
852
903
993
1115
1242
1270
1406
1654
1658
1680
1731
1812
1852
1903
2024
2015
2068
2011
1997
2148
2276
2478
2395
2365
2431
2451
2488
2429
2523
2519
2524
2590
2681
2378
2145
2132
1864
1508
1253
1067
752
428
77
-136
-275
-500
-739
-951
-1186
-1535
-1733
-1887
-2281
-2410
-2535
-2501
-2589
-2561
-2435
-2441
-2314
-2368
-2219
-2175
-2011
-1907
-1700
-1668
-1529
-1246
-1187
-859
-724
-568
-581
-583
-479
-464
-420
-525
-496
-564
-547
-529
-517
-449
-591
-765
-651
-531
-677
-745
-760
-999
-1010
-943
-1110
-1075
-1128
-1157
-1203
-1265
-1235
-1210
-1228
-1188
-1215
-1321
-1222
-1220
-1058
-712
-565
-427
-312
-199
78
73
235
366
392
437
449
667
841
1027
1118
1255
1353
1318
1252
1132
1086
1182
1195
1323
1515
1637
1802
1978
2189
2288
2349
2282
2321
2439
2455
2507
2576
2715
2816
2924
3105
3058
2932
2675
2356
2162
1750
1299
915
703
344
69
-32
-191
-453
-634
-838
-1029
-1339
-1911
-2154
-2535
-2501
-2674
-2829
-2686
-2718
-2519
-2383
-2165
-2138
-2116
-2020
-2089
-2001
-2053
-1942
-1863
-1765
-1567
-1189
-1168
-935
-625
-632
-228
-140
-117
-397
-332
-91
-395
-283
-354
-396
-337
-271
-283
-430
-387
-520
-633
-983
-991
-1100
-1219
-1309
-1520
-1452
-1361
-1223
-1296
-1248
-1029
-1232
-1283
-1289
-1033
-1052
-985
-1052
-960
-759
-706
-343
-482
-34
33
51
196
272
457
375
555
735
838
822
985
1041
1174
1394
1548
1812
1742
1893
1998
1878
1978
2001
2001
2047
2208
2319
2381
2471
2548
2783
2926
3044
3119
3308
3504
3298
3127
2787
2534
2290
1960
1733
1447
1295
1089
834
457
295
56
-365
-867
-1111
-1254
-1542
-1739
-2104
-2123
-2276
-2230
-2240
-2045
-1841
-1806
-1792
-1742
-1560
-1494
-1456
-1392
-1397
-1322
-1141
-908
-788
-549
-241
-57
-34
-92
-2
-126
-92
-57
-153
-86
-45
-25
-31
71
0
-33
7
-27
-3
-184
-294
-469
-698
-953
-1033
-1225
-1280
-1296
-1427
-1512
-1452
-1462
-1593
-1476
-1446
-1248
-1389
-1278
-1190
-1026
-784
-653
-387
-281
-56
215
278
320
423
576
624
735
712
654
731
754
819
1051
1314
1434
1600
1676
1726
1624
1603
1664
1635
1686
1842
1932
2134
2181
2345
2484
2436
2470
2540
2571
2570
2663
2663
2816
2914
3005
2755
2514
2347
2196
1885
1429
1093
842
495
40
-125
-85
-276
-644
-885
-1160
-1391
-1726
-1842
-2115
-2317
-2310
-2410
-2419
-2388
-2219
-2078
-2203
-2087
-1772
-1673
-1657
-1591
-1450
-1283
-1175
-1158
-1030
-862
-843
-650
-565
-291
-20
-161
-217
-249
-189
-193
-392
-449
-595
-619
-700
-807
-728
-787
-623
-743
-967
-1118
-1184
-1144
-1270
-1484
-1612
-1603
-1614
-1604
-1567
-1532
-1513
-1599
-1566
-1453
-1428
-1352
-1233
-1092
-965
-846
-783
-552
-302
-7
226
390
499
531
639
584
700
759
867
790
682
862
1176
1307
1201
1343
1316
1346
1458
1405
1555
1652
1704
1708
1664
1900
2089
2231
2076
2228
2244
2436
2558
2570
2872
2971
3339
2938
2668
2598
2535
2081
1762
1456
996
830
499
259
1
32
-321
-853
-1189
-1206
-1160
-1784
-1953
-2083
-2363
-2559
-2487
-2313
-2218
-2021
-2076
-2075
-2095
-1887
-1578
-1716
-1520
-1550
-1258
-1337
-1205
-988
-938
-462
-683
-324
-211
122
44
-32
85
16
-182
-402
-162
-355
-220
-225
-245
-254
-496
-449
-638
-855
-815
-859
-1102
-1131
-1194
-1349
-1344
-1360
-1138
-1205
-1142
-1034
-997
-851
-763
-752
-548
-477
-474
-369
-105
97
231
474
502
588
655
823
780
900
1031
1064
1194
1295
1485
1857
2065
2015
2133
2163
2424
2428
2315
2443
2456
2230
2376
2500
2608
2692
2791
2983
3150
3290
3326
3320
3341
3368
3337
3499
3503
3418
3139
2974
2848
2748
2468
1950
1716
1447
1153
605
313
276
109
-450
-717
-824
-999
-1311
-1601
-1704
-1962
-2104
-2264
-2277
-2321
-2263
-2202
-2064
-1957
-1745
-1462
-1451
-1188
-1171
-1106
-972
-957
-760
-715
-560
-564
-390
-193
3
72
-82
-86
-101
-290
-340
-189
-226
-320
-251
-226
-276
-313
-248
-380
-507
-529
-699
-762
-994
-1064
-1211
-1282
-1371
-1411
-1303
-1245
-1136
-1189
-1084
-1030
-1082
-954
-749
-711
-567
-315
-308
-33
212
329
483
615
894
966
1024
1131
1248
1348
1443
1453
1624
1586
1686
1792
1892
1889
1872
1967
2083
2152
2253
2230
2141
2403
2497
2607
2641
2690
2763
3008
3106
3145
3297
3384
3378
3285
3185
3042
2813
2535
2285
1866
1408
1152
875
748
394
216
144
-92
-423
-696
-910
-1103
-1465
-1859
-1958
-2122
-2120
-2206
-2134
-2086
-2043
-1928
-1800
-1821
-1752
-1695
-1651
-1580
-1397
-1220
-1085
-971
-651
-450
-426
-368
-118
13
-31
34
-42
-163
-475
-537
-729
-689
-574
-655
-568
-479
-489
-602
-434
-778
-1042
-1335
-1263
-1565
-1733
-1760
-1707
-1761
-1842
-1868
-2005
-1750
-1699
-1645
-1504
-1222
-1334
-1572
-1222
-969
-724
-552
-417
-388
-209
239
243
529
417
510
560
622
799
961
1209
1207
1265
1261
1425
1411
1643
1835
1780
1839
1586
1744
1923
2231
2242
2378
2599
2484
2687
2515
2890
2656
2899
3005
2997
3356
3376
3650
3539
3418
2991
2811
2422
2072
1675
1268
1240
848
447
350
445
315
-167
-541
-747
-1074
-1435
-1713
-1893
-2143
-2189
-2086
-1898
-1783
-1561
-1399
-1285
-1138
-1035
-921
-1060
-1131
-1073
-931
-780
-727
-434
-131
58
88
116
264
316
335
200
58
20
-97
-155
-114
-143
-135
14
157
51
103
139
-94
-321
-604
-747
-983
-1120
-1238
-1246
-1086
-1066
-938
-864
-776
-813
-802
-703
-780
-858
-934
-759
-583
-338
-190
9
142
278
481
487
668
742
778
705
672
819
972
1253
1236
1341
1523
1452
1637
1584
1632
1792
1859
1977
1980
2064
2112
2207
2189
2454
2634
2573
2743
2915
2869
2819
2851
2854
2882
3003
3097
2992
2656
2461
2448
2436
2005
1321
1049
862
511
-42
-40
39
-198
-698
-807
-892
-1054
-1380
-1776
-1949
-2308
-2427
-2388
-2272
-2251
-2073
-1944
-1873
-1555
-1442
-1262
-1201
-1319
-1104
-927
-901
-796
-562
-410
-491
-433
-210
-141
29
-67
-165
-170
-317
-398
-543
-719
-821
-611
-731
-728
-692
-599
-754
-934
-945
-1058
-1140
-1347
-1481
-1672
-1643
-1640
-1675
-1565
-1364
-1264
-1249
-1068
-1121
-1095
-1210
-1132
-1045
-957
-806
-615
-262
-60
222
398
666
796
735
711
822
874
982
1109
1187
1474
1582
1699
1874
1815
1876
1886
1697
1647
1573
1586
1735
1891
2065
2249
2393
2534
2654
2754
2834
2907
3021
3010
3164
3293
3317
3355
3403
3017
2622
2489
2246
1751
1365
1031
946
634
47
-36
-62
-323
-622
-881
-1181
-1414
-1752
-2050
-2217
-2474
-2688
-2855
-2737
-2575
-2717
-2389
-2386
-2015
-1935
-1843
-1637
-1827
-1571
-1462
-1399
-1598
-1270
-1248
-1135
-789
-659
-437
-411
-316
-679
-705
-553
-700
-925
-1100
-1021
-1139
-1091
-1082
-916
-975
-927
-1110
-1405
-1357
-1463
-1383
-1605
-1516
-1643
-1599
-1565
-1618
-1336
-1482
-1079
-1134
-1062
-743
-840
-835
-829
-597
-639
-455
-370
5
327
566
687
569
680
806
846
911
1000
1122
1143
1279
1523
1699
1791
2045
2305
2386
2406
2346
2370
2319
2298
2348
2375
2571
2738
2766
2894
3158
3276
3461
3536
3560
3709
3680
3527
3431
3112
2801
2724
2681
2303
1801
1551
1343
1142
886
736
459
138
-347
-680
-868
-1181
-1475
-1799
-1926
-2062
-2015
-1916
-1805
-1810
-1769
-1705
-1716
-1594
-1595
-1415
-1308
-1244
-1071
-853
-733
-594
-466
-372
-298
-276
-20
224
179
-205
-326
-294
-219
-318
-539
-387
-698
-642
-565
-733
-745
-867
-882
-1035
-1123
-1230
-1297
-1505
-1562
-1543
-1531
-1577
-1479
-1170
-1210
-1261
-1327
-1290
-1168
-1046
-1001
-1018
-961
-755
-502
-305
-74
0
204
431
490
750
837
796
748
878
951
1059
1229
1356
1801
1810
1831
1745
1678
1607
1465
1580
1630
1905
2047
2274
2436
2566
2689
2903
2994
3095
3207
3051
3085
3096
3238
3293
3470
3319
3064
2636
2547
2499
1845
1416
1078
942
615
113
117
-120
-400
-651
-840
-1105
-1274
-1650
-1951
-2097
-2331
-2375
-2396
-2464
-2445
-2304
-2308
-2129
-2076
-1833
-1620
-1848
-1962
-1826
-1608
-1464
-1342
-1113
-933
-729
-550
-302
-240
-232
-228
-318
-299
-309
-350
-487
-597
-724
-776
-743
-807
-858
-788
-989
-1183
-1172
-1223
-1352
-1535
-1516
-1482
-1584
-1531
-1515
-1488
-1424
-1307
-1333
-1258
-1188
-1057
-1049
-758
-617
-449
-472
-504
-322
-565
-316
-249
-33
135
460
627
596
691
658
859
955
1237
1195
1226
1194
1312
1389
1281
1487
1510
1656
1615
1569
1882
2101
2038
1945
2285
2478
2475
2788
2933
3081
3181
3262
3398
3463
3199
2717
2397
2271
2097
1371
993
1096
968
434
7
-62
-121
-717
-1226
-1114
-1520
-1817
-2345
-2533
-2646
-2694
-2494
-2456
-2222
-2416
-1892
-1985
-1722
-1488
-1489
-1313
-1669
-1356
-1273
-1073
-1039
-911
-642
-653
-515
-442
23
-45
-164
-236
-540
-523
-718
-700
-657
-519
-610
-634
-642
-714
-664
-660
-697
-972
-1104
-1163
-1330
-1529
-1504
-1560
-1700
-1731
-1592
-1463
-1352
-1409
-1388
-1207
-1221
-1199
-993
-911
-827
-517
-257
-26
143
327
629
701
709
933
1083
1232
1046
1126
1291
1269
1378
1445
1462
1566
1683
1774
1896
1831
1846
1919
1965
2014
2142
2119
2310
2358
2596
2806
2964
3111
3223
3380
3406
3524
3438
3593
3590
3201
2780
2579
2625
2080
1561
1360
1255
890
409
193
26
-213
-783
-1026
-1116
-1251
-1734
-2028
-2193
-2443
-2689
-2640
-2543
-2653
-2525
-2311
-2307
-2306
-2200
-2133
-1912
-2002
-1790
-1453
-1324
-1102
-911
-693
-509
-483
-373
-160
-93
-191
-349
-395
-445
-477
-581
-791
-928
-941
-903
-980
-965
-1033
-1344
-1462
-1553
-1591
-1530
-1645
-1730
-1793
-1789
-1798
-1847
-1769
-1596
-1596
-1671
-1586
-1479
-1443
-1518
-1619
-1277
-1141
-991
-847
-651
-457
-214
122
175
221
245
401
378
474
661
642
894
1066
1156
1379
1399
1462
1576
1683
1666
1686
1628
1621
1757
1870
2018
2075
2214
2292
2469
2541
2657
2989
2934
3012
3271
3494
3506
3177
2921
2558
2593
2418
1922
1369
1065
1002
337
25
-62
-191
-631
-1102
-1218
-1434
-1794
-2169
-2377
-2497
-2866
-2911
-2773
-2650
-2636
-2597
-2415
-2306
-2124
-1923
-1929
-2060
-1932
-1541
-1431
-1238
-1176
-1127
-1097
-1036
-933
-711
-553
-384
-339
-509
-382
-687
-595
-794
-755
-811
-986
-1084
-1347
-1165
-1253
-1371
-1553
-1672
-1894
-2041
-2194
-2527
-2295
-2249
-2346
-2477
-2362
-2021
-2004
-1628
-1446
-1353
-1542
-1441
-1379
-1265
-1032
-1032
-727
-667
-386
-304
-67
217
192
181
101
347
340
514
798
859
1073
1079
1231
1066
1418
1576
1804
1646
1779
1946
1821
2120
2117
2291
2208
2455
2526
2664
2928
3062
3091
3078
3339
3266
3453
3581
3201
2878
2457
2553
2281
1772
1459
1472
1259
708
355
198
190
-514
-877
-916
-1097
-1492
-1844
-2058
-2291
-2502
-2435
-2374
-2331
-2341
-2222
-2112
-2030
-1737
-1524
-1526
-1567
-1405
-1124
-956
-916
-745
-445
-227
-161
-52
89
291
82
31
113
11
-44
-284
-356
-321
-463
-599
-680
-805
-786
-844
-993
-1069
-1052
-1016
-1147
-1342
-1494
-1486
-1541
-1626
-1622
-1468
-1432
-1464
-1374
-1295
-1139
-1084
-1076
-966
-858
-754
-506
-347
-189
67
122
447
457
557
619
669
688
835
807
810
1040
1139
1305
1390
1613
1635
1741
1912
1884
1843
1764
1743
1773
1755
1935
2038
2361
2472
2681
2880
2973
3188
3231
3358
3454
3426
3428
3185
2678
2528
2585
2268
1552
1131
1192
896
221
-4
252
-58
-682
-1211
-1128
-1324
-1846
-2023
-2171
-2391
-2598
-2450
-2358
-2433
-2354
-2265
-2266
-2234
-2100
-1875
-2074
-2130
-1939
-1567
-1412
-1437
-1159
-726
-628
-771
-465
-187
-188
-244
-347
-341
-621
-703
-731
-751
-766
-744
-774
-849
-818
-1022
-1127
-1200
-1368
-1560
-1653
-1838
-1880
-1945
-2050
-2049
-1962
-1847
-1884
-1827
-1793
-1655
-1456
-1392
-1427
-1272
-1181
-1011
-878
-796
-573
-322
-180
-16
281
357
348
365
540
546
599
629
666
814
983
1135
1293
1493
1664
1826
1865
1947
2024
1949
1848
1941
1955
2044
2071
2197
2378
2460
2630
2800
2923
2900
2873
2876
2934
3050
2906
2629
2534
2209
2309
1857
1412
1188
1045
559
118
-6
-40
-479
-1271
-1340
-1619
-2152
-2649
-2762
-2825
-3198
-3050
-2823
-2812
-2739
-2718
-2400
-2464
-2095
-2133
-2111
-2008
-2001
-1583
-1504
-1331
-1320
-976
-926
-811
-523
-470
-256
-370
-582
-536
-465
-539
-600
-498
-599
-770
-920
-772
-831
-880
-949
-1197
-1267
-1421
-1318
-1537
-1465
-1629
-1800
-1850
-1926
-1793
-1903
-1711
-1805
-1772
-1818
-1777
-1583
-1579
-1141
-1007
-801
-739
-720
-463
-345
-197
13
113
318
517
384
591
590
534
697
746
829
1107
1195
1317
1345
1377
1423
1407
1468
1591
1703
1730
1925
2178
2415
2542
2720
2754
2814
2787
2965
3042
3036
3147
3260
3446
3667
3754
3352
3116
2997
2924
2452
1884
1496
1264
1031
471
266
399
270
-242
-557
-508
-767
-1208
-1529
-1691
-2000
-2260
-2281
-2302
-2356
-2378
-2189
-2211
-2185
-2018
-1798
-1785
-1808
-1592
-1323
-1145
-992
-870
-639
-415
-352
-121
112
301
57
-25
73
4
-120
-332
-463
-500
-584
-560
-648
-868
-752
-765
-847
-996
-1118
-1066
-1295
-1567
-1589
-1626
-1800
-1859
-1863
-1715
-1705
-1649
-1490
-1316
-1248
-1324
-1366
-1102
-999
-1001
-984
-807
-544
-332
-92
-51
29
126
190
258
370
627
775
780
861
1053
1079
1147
1262
1370
1543
1564
1727
1717
1781
1665
1605
1710
1652
1851
1867
2006
2224
2167
2412
2551
2672
2832
2857
2968
3013
3502
3464
3251
2754
2364
2484
2175
1612
1125
974
667
143
-166
-83
-40
-586
-1026
-1137
-1274
-1700
-2104
-2248
-2449
-2810
-2873
-2822
-2816
-2628
-2483
-2362
-2259
-2163
-1853
-1768
-1936
-1852
-1698
-1646
-1462
-1373
-1083
-906
-924
-554
-353
-290
-299
-329
-314
-462
-576
-662
-748
-795
-847
-810
-906
-905
-917
-974
-1014
-1082
-1266
-1478
-1620
-1746
-1958
-1964
-1985
-2027
-1823
-1887
-2029
-2084
-2049
-1788
-1836
-1711
-1610
-1516
-1493
-1299
-949
-847
-693
-546
-451
-610
-495
-315
-188
-289
-305
28
-92
42
139
300
417
575
921
722
836
1192
1427
1539
1715
1577
1485
1848
1889
2079
1974
2164
2310
2142
2199
2478
2653
2452
2702
2512
2768
2861
2960
3183
2901
2858
2426
2592
2375
1897
1293
1215
911
358
90
-35
190
-494
-837
-1231
-1381
-1665
-2061
-2148
-2523
-2610
-2830
-2753
-2713
-2659
-2552
-2346
-2148
-1991
-1826
-1793
-1773
-1604
-1311
-1268
-1227
-1216
-749
-688
-642
-360
-185
54
-172
-136
-108
-216
-209
-257
-436
-541
-594
-608
-574
-542
-491
-578
-697
-635
-704
-933
-1128
-1418
-1405
-1568
-1624
-1634
-1588
-1417
-1454
-1416
-1223
-1138
-1074
-855
-775
-822
-856
-619
-513
-384
-255
-51
97
189
331
498
640
730
822
907
1013
921
979
1028
1174
1151
1370
1507
1429
1505
1488
1557
1539
1583
1616
1829
1808
1945
2013
2229
2453
2400
2668
2668
2626
2722
2637
2620
2571
2758
2763
2886
3029
2800
2457
2228
2224
1868
1418
956
778
576
95
-119
-108
-308
-827
-1028
-1048
-1109
-1455
-1928
-2007
-2233
-2490
-2767
-2756
-2672
-2636
-2507
-2416
-2194
-1975
-1682
-1659
-1636
-1610
-1438
-1429
-1448
-1304
-1003
-958
-999
-675
-330
-193
-311
-285
-246
-362
-414
-545
-663
-683
-665
-786
-857
-750
-794
-711
-902
-1071
-922
-975
-1267
-1416
-1560
-1541
-1603
-1657
-1547
-1587
-1310
-1297
-1228
-1099
-1098
-1067
-1082
-999
-998
-1003
-994
-852
-675
-528
-363
-294
-94
83
165
308
527
595
566
583
682
731
964
986
1004
1184
1147
1197
1401
1500
1583
1489
1421
1426
1457
1469
1483
1691
1928
1969
1896
2262
2293
2300
2296
2268
2352
2408
2401
2414
2582
2618
2528
2140
1790
1888
1684
1146
774
716
539
-126
-562
-458
-465
-977
-1280
-1427
-1480
-1866
-2247
-2268
-2363
-2591
-2853
-2750
-2700
-2769
-2544
-2587
-2496
-2525
-2255
-2110
-2229
-2006
-1834
-1903
-2002
-1882
-1793
-1491
-1633
-1356
-1101
-720
-682
-973
-507
-304
-407
-620
-478
-613
-676
-774
-882
-789
-1219
-1160
-1354
-1403
-1380
-1510
-1678
-1710
-1652
-1797
-1605
-1691
-1567
-1667
-1510
-1455
-1322
-914
-1111
-1097
-1124
-939
-1111
-849
-674
-591
-572
-565
-367
-447
-111
-134
72
-10
118
277
281
507
603
839
828
924
1030
1110
1105
1283
1488
1451
1632
1605
1619
1615
1598
1682
1596
1654
1685
1625
1821
1973
2015
2060
2143
2291
2318
2294
2341
2454
2447
2632
2757
2754
2449
2122
2012
1947
1529
910
840
901
385
40
-42
-54
-355
-931
-995
-988
-1232
-1569
-1817
-1743
-1973
-2131
-2323
-2286
-2228
-2196
-2027
-1875
-1802
-1628
-1393
-1466
-1392
-1272
-1296
-1370
-1355
-1322
-1063
-1137
-904
-566
-442
-499
-391
-270
-317
-325
-231
-184
-253
-211
-300
-186
-350
-459
-411
-329
-319
-712
-702
-813
-1182
-1234
-1237
-1379
-1604
-1555
-1452
-1493
-1437
-1256
-1164
-1093
-1177
-1159
-939
-888
-844
-873
-706
-619
-657
-547
-388
-257
-33
91
177
260
291
390
462
523
652
613
562
662
855
1094
1103
1187
1246
1342
1421
1421
1510
1589
1693
1592
1596
1608
1547
1534
1476
1463
1565
1575
1636
1678
1678
1844
1714
1718
1707
1841
1968
2072
2044
1810
1569
1363
1609
1453
959
802
747
367
-172
-283
-104
-406
-1043
-1173
-1383
-1655
-1959
-2170
-2229
-2516
-2746
-2842
-2661
-2665
-2555
-2385
-2346
-2205
-2031
-1874
-1841
-1723
-1480
-1399
-1342
-1235
-1049
-897
-956
-845
-648
-472
-314
-294
-29
-75
-120
11
-59
-275
-243
-25
45
66
28
34
17
-203
-243
-392
-628
-766
-975
-1037
-1123
-1247
-1487
-1523
-1410
-1426
-1488
-1409
-1226
-1202
-1136
-1071
-1015
-842
-1001
-857
-850
-754
-675
-451
-376
-121
90
-56
226
213
329
274
282
361
319
420
431
378
431
398
501
615
684
752
755
879
1046
958
1016
1251
1064
1251
1215
1298
1141
1360
1488
1416
1317
1260
1543
1327
1463
1523
1759
1644
1673
1849
1992
2136
1599
1449
1479
1338
1017
849
861
436
-81
-456
-201
-685
-978
-1111
-1222
-1486
-1957
-2038
-2455
-2487
-2684
-2597
-2732
-2600
-2567
-2473
-2088
-2051
-1683
-1472
-1367
-1439
-1173
-924
-910
-838
-796
-588
-644
-577
-302
122
345
282
425
468
377
416
510
456
274
401
340
321
296
266
339
208
180
147
149
1
-266
-399
-442
-714
-842
-820
-897
-924
-946
-1003
-980
-881
-870
-742
-552
-389
-413
-430
-253
-125
-49
106
268
326
399
468
546
662
719
854
1011
1023
937
1037
1010
897
877
888
1005
1047
1064
992
988
1082
1144
1187
1157
1015
1098
1116
1125
1136
1101
1135
1076
1311
1361
1264
1369
1449
1572
1515
1645
1752
1773
1783
1876
1922
1884
1994
1867
1794
1614
1352
1067
668
541
387
-152
-511
-521
-598
-1021
-1346
-1371
-1418
-1809
-2068
-2130
-2368
-2398
-2681
-2554
-2437
-2401
-2281
-2123
-1909
-1693
-1479
-1286
-1181
-1022
-691
-665
-528
-334
-78
-80
-119
22
290
357
393
431
545
483
420
455
349
293
213
142
48
29
-5
-11
-121
-168
-245
-454
-625
-789
-657
-818
-958
-950
-982
-1060
-1172
-1261
-1229
-1224
-1114
-1140
-1051
-862
-861
-983
-939
-811
-838
-618
-660
-469
-430
-343
-163
-152
-88
15
87
109
96
147
192
175
214
109
107
94
180
199
171
214
462
544
366
421
536
736
708
709
741
750
814
897
1081
1183
1177
1221
1296
1235
1330
1345
1289
1318
1442
1504
1493
1395
1535
1758
1610
1581
1362
1092
875
424
185
38
-45
-475
-1017
-1004
-824
-1049
-1506
-1481
-1402
-1720
-2110
-2171
-2079
-2306
-2343
-2537
-2456
-2427
-2276
-2074
-1952
-1665
-1382
-1125
-1177
-905
-598
-378
-359
-360
-174
-239
69
-14
359
636
420
472
427
662
570
659
568
495
261
262
301
392
436
182
270
11
89
20
-53
-5
-200
-418
-726
-630
-873
-770
-831
-993
-1014
-1030
-847
-1016
-767
-738
-697
-826
-788
-799
-800
-758
-782
-520
-481
-509
-461
-456
-361
-144
-181
-348
-153
-37
55
187
143
256
344
394
332
661
833
949
1027
1037
1067
1088
1067
1083
1117
1153
1169
1047
1075
1210
1313
1337
1336
1283
1309
1397
1480
1469
1456
1444
1546
1624
1746
1838
2084
2167
2174
2465
2601
2574
2367
2082
2003
1778
1260
888
760
683
216
-23
58
141
-259
-509
-542
-739
-1011
-1161
-1362
-1569
-1740
-1645
-1597
-1557
-1368
-1223
-1055
-1038
-636
-422
-342
-318
-199
-47
-74
-208
-40
170
188
353
503
795
922
1044
1187
1155
1278
1097
918
941
944
596
542
453
468
471
291
136
-50
-35
-173
-338
-557
-645
-806
-1005
-1260
-1383
-1443
-1522
-1582
-1477
-1338
-1331
-1375
-1347
-1332
-1263
-1297
-1267
-1258
-1171
-1071
-1012
-755
-661
-562
-495
-455
-400
-368
-369
-260
-334
-253
-216
-194
-160
-164
10
-51
148
285
336
234
417
543
470
416
505
627
535
576
612
717
728
775
872
624
612
726
819
828
943
1005
1136
1217
1246
1380
1334
1376
1505
1617
1686
1772
1943
2055
2139
2160
1988
1873
1829
1691
1364
912
692
722
363
69
-64
-53
-128
-541
-617
-541
-695
-957
-1072
-1144
-1239
-1397
-1352
-1320
-1326
-1224
-1078
-861
-702
-541
-419
-322
-292
-184
-93
30
134
176
107
254
405
547
722
767
789
769
695
431
354
200
143
-137
-99
-234
-587
-548
-551
-630
-786
-728
-1091
-1246
-1292
-1601
-1627
-1693
-1729
-1914
-1987
-1896
-1897
-2022
-1861
-1669
-1497
-1672
-1878
-1613
-1414
-1342
-1204
-1330
-1210
-1307
-1159
-948
-975
-716
-836
-790
-993
-719
-581
-510
-431
-416
-351
-393
-175
-227
104
139
95
65
18
193
87
196
147
188
45
134
171
213
404
269
441
312
518
513
542
847
788
905
848
1040
977
1016
1206
1232
1381
1414
1419
1451
1613
1711
1805
1931
1976
2080
2145
2394
2508
2402
2269
2221
2158
1721
1430
1420
1242
726
557
541
303
40
-75
-160
-386
-668
-1069
-1160
-1391
-1649
-1685
-1789
-1681
-1619
-1438
-1224
-1087
-956
-786
-641
-530
-331
-200
-228
-274
-46
109
113
216
403
417
509
522
582
496
379
333
290
135
154
82
-34
-4
-94
-169
-266
-307
-385
-414
-530
-661
-856
-940
-908
-1005
-1099
-981
-963
-863
-856
-868
-915
-785
-758
-725
-643
-592
-484
-480
-366
-288
-144
8
-73
-87
-14
58
32
39
-115
-176
-104
-218
-346
-452
-464
-425
-398
-496
-562
-665
-565
-396
-428
-196
-168
-87
-5
64
63
101
280
248
490
525
678
893
908
937
1072
1163
1261
1390
1462
1550
1538
1554
1594
1786
1952
1858
2007
2023
1952
2095
2072
2156
1957
1837
1957
1967
1864
1616
1369
1247
992
608
204
209
-15
-452
-535
-725
-734
-1126
-1136
-1417
-1592
-1544
-1578
-1739
-1920
-1844
-1875
-1726
-1750
-1637
-1551
-1327
-1212
-1144
-935
-820
-739
-662
-528
-449
-359
-377
-383
-193
-152
-105
-32
88
192
93
116
80
58
-7
-158
-113
-23
-102
-263
-342
-282
-325
-266
-287
-328
-314
-385
-494
-489
-421
-487
-557
-586
-518
-521
-651
-608
-572
-569
-599
-720
-692
-633
-556
-660
-708
-1101
-1172
-1147
-1126
-954
-867
-965
-1093
-1059
-965
-1098
-981
-905
-904
-970
-1066
-843
-932
-737
-716
-509
-444
-395
-276
-174
89
69
614
499
465
649
726
1005
970
1192
1020
896
948
1064
1183
1065
1119
922
919
875
935
844
767
917
661
861
790
933
972
948
1024
978
1078
1064
1115
693
715
623
360
115
-151
-34
-388
-211
-500
-582
-680
-838
-834
-1043
-943
-1108
-1322
-1550
-1542
-1745
-1678
-1726
-1630
-1598
-1636
-1462
-1413
-1201
-935
-890
-946
-833
-704
-673
-614
-481
-137
7
214
290
391
592
435
583
598
641
621
497
397
337
463
307
196
159
148
223
117
5
207
225
201
167
34
-113
-212
-225
-265
-221
-239
-266
-329
-169
-95
-189
-190
-255
-309
-398
-495
-487
-421
-399
-286
-289
-262
-212
-225
-154
-74
47
44
77
162
252
303
318
229
280
360
297
261
261
367
438
423
524
471
460
412
402
458
418
403
274
269
343
399
283
363
440
398
530
575
607
524
499
538
580
696
476
501
497
602
822
820
939
1034
1219
1436
1704
1626
1486
1415
1376
1280
990
827
756
666
317
156
110
-29
-175
-423
-551
-608
-784
-1037
-1280
-1448
-1621
-1786
-1867
-1599
-1582
-1570
-1422
-1299
-1074
-843
-816
-904
-716
-638
-639
-623
-492
-548
-472
-360
-296
158
254
151
209
309
364
388
298
280
176
225
264
132
345
267
340
299
345
384
321
173
3
-82
-234
-182
-489
-558
-694
-802
-794
-847
-819
-783
-856
-859
-843
-697
-697
-677
-662
-561
-501
-511
-408
-441
-296
-172
-68
-81
-45
-119
-154
-165
-93
-107
-146
-119
-115
-159
-240
-150
-269
-185
-94
-7
-46
65
25
-62
77
-104
-185
-143
-102
-96
-117
-71
-220
-252
-291
-462
-123
-51
193
250
214
354
287
295
356
634
666
814
854
1058
1191
1311
1492
1402
1425
1626
1393
1216
1064
1103
937
701
509
320
178
-66
-137
-349
-169
-492
-906
-970
-968
-1233
-1492
-1450
-1670
-1652
-1753
-1556
-1586
-1480
-1077
-1281
-1189
-1220
-851
-755
-774
-614
-588
-512
-412
-76
-128
154
257
361
365
582
657
442
855
706
539
256
373
228
325
354
286
170
-10
129
4
-38
-155
-169
-226
-278
-431
-366
-506
-514
-486
-548
-509
-575
-490
-385
-421
-170
-33
-185
-119
-145
-113
52
-53
21
87
40
-19
-59
96
139
209
215
240
272
249
302
324
334
388
420
492
562
605
774
822
969
997
882
1108
1201
1104
1152
1146
1240
1176
1164
1304
1430
1464
1531
1586
1469
1622
1432
1437
1513
1598
1466
1215
1274
1252
983
760
661
545
327
244
105
2
-68
-172
-228
-337
-507
-563
-539
-635
-709
-919
-866
-996
-805
-620
-517
-535
-564
-488
-551
-390
-347
-269
-150
-102
-207
-104
-32
-75
-109
-65
76
67
38
-25
164
190
43
-2
-47
-59
-132
-207
-263
-260
-419
-573
-383
-504
-598
-494
-608
-732
-840
-722
-919
-914
-799
-716
-752
-780
-553
-620
-341
-374
-288
-242
-263
-170
-48
-10
-8
33
-70
64
70
21
135
126
108
269
147
115
291
404
179
107
246
207
329
386
458
482
594
718
693
731
858
975
997
1159
1107
1054
1212
1359
1399
1468
1681
1614
1447
1287
1229
1086
902
693
502
441
145
-70
-86
-33
-145
-418
-344
-493
-602
-729
-780
-820
-1006
-1060
-991
-984
-1012
-963
-847
-677
-614
-463
-325
-276
-227
-127
7
59
111
237
253
183
292
362
476
578
757
659
625
586
578
276
29
29
-74
50
-69
-77
-46
-106
-127
-130
7
-210
-490
-501
-469
-691
-730
-957
-960
-1101
-1330
-1346
-1412
-1183
-1263
-1356
-1196
-996
-1104
-1116
-983
-791
-647
-684
-561
-570
-580
-458
-692
-458
-358
-375
-224
63
136
23
204
-206
155
-2
14
124
28
74
-109
143
-13
214
151
79
-182
-118
5
-109
-10
-160
33
-274
-7
-237
-186
-65
-430
-279
-420
-223
-256
-296
-362
-417
-363
-325
-262
-300
-447
-322
-129
-57
-131
19
12
147
382
261
190
225
368
212
341
449
363
257
199
-4
-67
-30
-133
-168
-222
-126
-74
-56
-20
-8
-143
-181
-100
-207
-115
-168
-82
-4
-23
94
129
278
296
274
370
436
310
331
422
195
154
332
241
216
265
276
460
414
391
540
488
489
362
438
464
338
333
254
328
302
246
278
129
72
40
-31
5
-6
4
-146
-79
-77
-174
-187
29
28
20
-61
104
202
83
255
228
273
284
354
344
268
171
196
273
122
282
332
444
346
205
212
248
326
345
383
195
294
116
223
169
156
246
105
99
-41
51
32
5
-8
-80
-194
-247
-321
-326
-366
-280
-318
-358
-392
-349
-279
-173
-141
-153
-199
-144
-41
-149
-202
-87
13
-50
-70
-172
-167
-239
-281
-276
-229
-472
-555
-461
-355
-278
-409
-409
-353
-386
-367
-372
-361
-360
-399
-383
-349
-285
-226
-157
-195
-233
-158
-195
-225
-335
-300
-286
-333
-269
-220
-174
-246
-392
-251
-157
-156
-108
-157
-145
-18
6
19
-26
-67
-14
-91
-113
-92
-132
-115
-157
-157
-195
-171
-124
-249
-192
-2
24
12
12
117
252
254
180
171
256
269
244
269
234
238
226
211
236
209
218
220
44
-64
-286
-317
-362
-359
-88
-343
-296
-180
-128
-76
-208
-44
-211
-303
-360
-284
-436
-384
-461
-565
-473
-683
-567
-640
-767
-653
-861
-861
-847
-869
-811
-765
-741
-858
-787
-1012
-808
-813
-725
-603
-831
-818
-891
-837
-877
-701
-761
-812
-794
-770
-601
-701
-505
-592
-450
-613
-403
-401
-417
-234
-465
-351
-553
-231
-263
-94
-60
-123
-57
-246
-37
-379
-95
-233
-241
-118
-253
-181
-169
-66
19
171
-4
154
161
256
424
433
526
495
542
640
683
897
960
896
841
882
829
644
741
647
510
373
487
374
212
195
94
-85
-183
-15
-15
-47
-99
3
-126
-17
-43
-86
-25
-100
-2
225
351
306
373
207
222
423
361
358
482
450
423
501
532
491
499
608
592
646
706
779
845
685
545
579
516
572
659
541
592
430
420
409
428
321
264
181
100
71
120
116
-13
39
89
136
233
325
377
438
373
358
346
353
309
285
284
231
239
192
114
10
168
127
-33
103
229
169
-22
-20
-54
106
66
70
-43
-76
-87
-189
-172
-319
-315
-345
-343
-479
-469
-497
-533
-496
-444
-427
-420
-305
-154
-175
-196
-130
-125
-35
48
23
176
165
137
291
383
431
409
541
438
484
433
362
426
403
342
219
245
157
159
180
23
164
124
79
159
178
117
193
201
171
-59
75
-53
-99
-72
-112
-53
-23
102
17
8
31
30
-119
-4
35
80
207
259
231
153
181
213
266
222
200
344
434
358
223
82
80
90
108
50
2
-80
-141
-27
-27
-53
-186
-119
-9
-20
-153
-158
-86
-241
-132
-97
-51
-77
-4
135
127
129
63
42
-73
-21
53
57
54
43
82
61
37
-102
-199
-253
-102
-368
-307
-214
-181
-104
-139
-105
-324
-48
-284
-334
-275
-282
-309
-588
-560
-671
-737
-730
-563
-563
-671
-489
-376
-240
-417
-284
-126
202
300
-3
206
149
234
77
197
54
43
-35
-93
53
-130
51
-233
-301
-156
-85
50
-90
120
-99
-163
-151
99
101
124
268
23
269
117
312
172
349
295
241
325
376
506
301
403
193
130
138
287
248
137
317
223
367
302
294
234
292
393
275
195
205
382
160
183
74
94
175
206
102
51
278
153
201
136
99
206
163
114
78
115
157
285
402
497
524
543
500
410
424
403
534
332
388
363
364
411
238
248
149
226
180
-52
-15
28
-76
-74
-49
28
-106
48
140
220
241
293
374
389
367
322
432
460
510
396
407
495
497
563
612
607
705
723
687
753
721
745
837
798
921
813
772
739
770
676
488
500
370
345
265
258
114
56
52
-79
-251
-201
-127
-206
-158
-251
-92
-4
-46
4
19
42
204
232
189
332
417
402
377
413
499
566
