-115
-105
-220
-168
-142
-295
-152
-101
-251
-271
-185
-186
-230
-234
-192
-139
-90
-161
-210
-278
-230
-188
-277
-241
-236
-211
-238
-341
-197
-228
-225
-67
-301
-261
-264
-360
-278
-252
-369
-343
-363
-266
-372
-359
-379
-363
-190
-171
-192
-275
-255
-250
-288
-245
-306
-370
-320
-229
-311
-398
-503
-539
-440
-637
-636
-499
-363
-397
-430
-505
-423
-555
-530
-428
-576
-704
-821
-886
-939
-1036
-1136
-1218
-1210
-1020
-1023
-1052
-1054
-769
-619
-748
-730
-549
-542
-507
-386
-379
-489
-619
-628
-634
-682
-843
-713
-804
-733
-605
-674
-752
-785
-658
-563
-584
-731
-575
-355
-393
-349
-293
-203
-74
-179
-218
-162
-132
-71
-92
-215
-121
-104
-146
-127
-273
-304
-342
-401
-367
-381
-415
-367
-391
-449
-479
-475
-433
-416
-423
-405
-386
-305
-203
-213
-223
-281
-337
-340
-207
-256
-164
-109
-253
-230
-155
-178
-237
-275
-303
-81
-158
-327
-430
-274
-115
-143
-178
-10
-92
-128
-141
-110
-14
-146
-135
-142
5
-101
-278
-322
-299
-58
-57
-229
-295
-195
-79
-99
-27
74
42
50
43
170
152
65
139
111
199
179
29
73
90
46
21
1
10
82
19
-81
-30
-45
-151
-88
-81
-131
-66
8
67
85
45
178
166
77
-149
-125
42
-56
-41
-43
0
64
27
26
-20
-168
-127
-68
-131
-129
-1
69
-59
-171
-118
-101
-72
-191
-152
-119
-237
-168
-183
-255
-301
-351
-389
-452
-423
-504
-507
-567
-627
-671
-699
-759
-744
-755
-786
-694
-781
-668
-632
-587
-511
-485
-590
-479
-449
-389
-457
-553
-534
-626
-523
-665
-713
-816
-696
-716
-834
-882
-885
-816
-771
-709
-731
-587
-554
-606
-626
-476
-514
-507
-463
-329
-119
-100
115
2
-71
-3
-64
3
17
-15
57
31
53
34
-50
48
83
139
117
142
101
-33
108
121
107
126
207
169
215
312
423
435
455
391
418
424
289
444
447
389
389
515
482
337
369
438
331
253
144
-61
-105
-131
-422
-558
-557
-752
-818
-831
-931
-1021
-960
-876
-816
-903
-904
-951
-975
-1335
-1418
-1386
-1613
-1450
-1310
-1250
-1364
-1310
-1309
-1492
-1487
-1473
-1562
-1752
-1725
-1769
-1970
-2079
-2276
-2266
-2432
-2475
-2545
-2578
-2492
-2362
-2118
-2141
-2274
-2094
-1833
-1723
-1611
-1474
-1331
-1194
-1100
-835
-706
-611
-417
-320
-308
-272
-372
-587
-555
-574
-454
-573
-511
-364
-235
69
211
328
579
609
714
702
750
960
907
1003
1012
934
1138
1238
1314
1411
1485
1434
1528
1443
1598
1849
1864
2005
1861
1828
1736
1579
1384
1244
1156
773
469
-90
-373
-543
-1047
-1508
-1674
-1702
-1799
-1898
-1714
-1425
-1083
-969
-863
-520
-226
-76
69
264
354
507
452
490
567
586
605
329
-94
-501
-909
-1393
-2067
-2506
-2976
-3386
-3808
-4065
-3967
-3999
-3993
-3819
-3399
-2961
-2585
-2200
-1980
-1751
-1467
-1219
-1169
-1199
-1112
-984
-896
-940
-919
-766
-880
-909
-895
-886
-934
-924
-916
-863
-817
-836
-788
-744
-542
-414
-213
113
314
703
1063
1265
1335
1607
1859
1965
1989
1982
1967
1978
2048
1943
1991
1935
1981
1932
1885
1827
1721
1553
1387
1297
986
700
336
93
-158
-530
-826
-1253
-1478
-1518
-1787
-2076
-2288
-2136
-2040
-1861
-1766
-1514
-1133
-823
-486
-276
101
252
460
600
700
921
947
979
727
755
724
540
315
-41
-305
-712
-1135
-1579
-2198
-2617
-3082
-3530
-3790
-3965
-3936
-3986
-3916
-3688
-3444
-3177
-2821
-2623
-2341
-2080
-1989
-1834
-1683
-1587
-1576
-1579
-1594
-1632
-1787
-1944
-2180
-2276
-2387
-2564
-2657
-2623
-2697
-2728
-2526
-2297
-1962
-1646
-1271
-872
-526
-135
208
529
899
1178
1431
1640
1746
1869
1971
2067
2170
2383
2546
2591
2686
2773
2899
2860
2871
2827
2549
2481
2521
2350
2139
1945
1884
1788
1601
1264
986
969
783
351
-208
-596
-877
-1300
-1733
-2183
-2353
-2322
-2193
-2041
-1885
-1407
-878
-221
377
786
1204
1587
1824
1919
1810
1783
1545
1387
1211
1035
825
487
124
-326
-608
-1195
-1542
-2073
-2588
-3116
-3616
-3839
-3994
-4153
-4350
-4194
-4083
-3715
-3475
-3083
-2561
-2211
-2139
-1803
-1485
-1471
-1543
-1849
-1914
-2081
-2364
-2623
-2824
-2983
-3208
-3342
-3548
-3477
-3362
-3363
-3228
-3159
-2914
-2637
-2224
-1917
-1562
-1035
-529
-172
153
527
945
1275
1493
1659
1853
1969
1975
2071
2081
2077
2181
2319
2344
2259
2358
2537
2681
2899
3263
3220
3171
3189
3301
3279
3029
2882
2564
2446
2192
1915
1655
1335
674
3
-702
-1241
-1566
-2012
-2444
-2669
-2567
-2309
-2022
-1792
-1299
-691
-17
515
1026
1523
1945
2118
2405
2646
2662
2482
2179
2027
1727
1360
1025
575
146
-190
-578
-1119
-1511
-1979
-2489
-2723
-2942
-3197
-3349
-3334
-3105
-2832
-2570
-2069
-1696
-1318
-1046
-844
-590
-491
-607
-891
-1066
-1285
-1592
-2003
-2256
-2510
-2703
-2840
-2952
-3101
-3145
-3141
-3222
-3023
-2797
-2622
-2443
-2185
-1688
-1379
-1026
-550
-103
474
940
1377
1475
1690
1802
1918
1989
1897
1942
1933
1925
1997
2123
2163
2236
2371
2584
2692
2861
3164
3445
3563
3651
3725
3771
3826
3724
3596
3476
3215
3219
2953
2384
1877
1387
787
-165
-997
-1494
-2041
-2731
-3189
-3354
-3247
-2977
-2767
-2421
-1729
-895
-234
341
927
1456
1910
2019
2175
2215
2164
2153
1818
1678
1579
1338
883
280
3
-412
-995
-1676
-2176
-2576
-3044
-3539
-3826
-3979
-4074
-3926
-3768
-3366
-2814
-2354
-1951
-1384
-891
-541
-442
-349
-459
-631
-891
-1349
-1749
-2071
-2475
-2874
-3156
-3374
-3383
-3387
-3551
-3489
-3352
-3261
-3174
-3076
-2750
-2480
-1980
-1613
-1111
-507
-90
500
933
1554
1963
2172
2467
2573
2576
2558
2706
2660
2623
2536
2508
2644
2638
2617
2684
2916
2995
3096
3381
3739
3997
4078
3906
4008
4305
4276
4136
3958
3859
3869
3614
3197
2656
2119
1346
423
-413
-1333
-2266
-3181
-3717
-3760
-3646
-3606
-3271
-2574
-1861
-1134
-367
347
1064
1475
1758
2193
2349
2236
2185
2044
1697
1434
1346
955
554
104
21
-478
-1256
-1450
-1912
-2451
-2878
-3200
-3733
-3861
-3902
-4048
-3816
-3522
-3010
-2375
-1813
-1323
-862
-492
-349
-183
-96
-346
-621
-876
-1130
-1552
-1920
-2160
-2544
-2684
-2833
-3045
-3053
-3102
-3148
-3161
-2949
-2810
-2631
-2284
-1897
-1451
-999
-347
150
700
1364
2081
2592
2798
3044
3181
3449
3279
3022
2902
2824
2732
2656
2643
2605
2633
2726
2754
2936
3171
3382
3493
3666
3917
4051
4104
3980
4188
4390
4335
4276
4222
4266
4040
3526
2896
2229
1329
341
-709
-1455
-2413
-3227
-3619
-3655
-3515
-3236
-2813
-2077
-1071
-218
590
1227
2154
2544
2832
3035
3078
2982
2964
2766
2496
2273
2141
1901
1438
999
492
139
-546
-1186
-1769
-2267
-2764
-3302
-3593
-3680
-3750
-3499
-3161
-2642
-1946
-1305
-706
-107
368
696
814
669
710
548
-9
-437
-860
-1392
-2067
-2705
-2979
-3083
-3323
-3539
-3576
-3516
-3249
-3146
-2924
-2705
-2376
-1844
-1344
-713
-323
484
1192
1727
2241
2533
2911
3183
3261
3185
3300
3091
2950
2774
2767
2653
2480
2496
2542
2677
2592
2732
2845
3167
3456
3635
3928
4262
4378
4361
4472
4825
5002
4883
4718
4495
4285
3870
3333
2504
1587
371
-702
-1497
-2278
-3172
-3880
-4090
-3929
-3855
-3504
-2871
-2123
-1203
-401
493
1232
1948
2508
2974
3227
3175
2980
2811
2601
2323
2025
1724
1271
860
476
-172
-834
-1431
-2022
-2557
-2997
-3404
-3697
-3799
-3723
-3666
-3243
-2691
-2087
-1316
-612
8
738
1287
1670
1965
2034
1821
1378
979
329
-213
-1006
-1793
-2288
-2906
-3334
-3699
-3826
-4002
-4043
-3912
-3540
-3070
-2760
-2186
-1681
-1081
-506
60
777
1381
1858
2298
2717
3034
3115
3196
3097
2942
2808
2674
2638
2472
2381
2212
2211
2139
2143
1988
1802
2177
2360
2697
2970
3217
3530
3795
4053
4226
4379
4695
4890
4822
4596
4503
4234
3517
2728
1850
731
-354
-1509
-2429
-3221
-3910
-4532
-4950
-4587
-4255
-3734
-3162
-2323
-1267
-425
313
1112
1737
2105
2397
2653
2812
2785
2556
2352
2490
2322
2082
1711
1084
568
18
-703
-1374
-2016
-2688
-3311
-3732
-3894
-4086
-4010
-3767
-3165
-2509
-1823
-985
-338
395
991
1479
1741
1739
1664
1415
1020
638
149
-271
-803
-1263
-1687
-1978
-2507
-2853
-3079
-3300
-3401
-3614
-3504
-3320
-2996
-2658
-2014
-1287
-679
54
902
1546
2127
2652
2972
3198
3337
3390
3394
3286
3125
2930
2823
2771
2708
2501
2309
2271
2352
2444
2396
2459
2707
2806
3092
3546
3889
4065
4144
4338
4821
5012
4705
4597
4656
4504
4010
3279
2372
1395
206
-817
-1677
-2723
-3635
-3981
-3994
-3893
-3700
-3289
-2553
-1607
-682
215
1020
1700
2276
2605
2889
3020
3051
3147
2864
2583
2559
2319
1885
1461
965
487
-157
-761
-1564
-2456
-3049
-3543
-3864
-3988
-3822
-3619
-3222
-2569
-1771
-1112
-273
545
1358
1863
2103
2299
2312
2125
1795
1531
1067
606
89
-557
-1193
-1811
-2258
-2808
-3460
-3965
-4217
-4469
-4613
-4434
-4297
-3784
-3286
-2589
-1727
-900
-57
685
1389
1812
2058
2339
2404
2408
2388
2185
1997
1810
1658
1530
1404
1306
1118
1005
1008
1128
1170
1226
1371
1641
1896
2064
2443
2806
3235
3723
4335
4701
4883
5223
5391
5309
5102
4896
4480
3885
2937
1956
947
-376
-1620
-2713
-3588
-4387
-4981
-5282
-5002
-4617
-4164
-3476
-2615
-1505
-636
240
1078
1844
2351
2668
3026
3142
3154
3156
3060
2826
2560
2338
1938
1313
705
54
-792
-1653
-2403
-3057
-3430
-3866
-4154
-4106
-3744
-3319
-2836
-1965
-1139
-207
583
1193
1779
2180
2508
2448
2439
2294
1941
1400
778
154
-439
-1104
-1669
-2245
-2684
-3159
-3769
-4137
-4520
-4885
-4792
-4611
-4413
-3844
-3187
-2335
-1749
-1061
-321
269
746
1079
1453
1538
1466
1441
1322
1283
1158
936
781
688
605
653
511
567
489
420
678
782
878
1010
1313
1608
1869
2333
2933
3364
3846
4158
4076
4406
4779
4689
4420
4064
3761
3094
2241
1066
222
-871
-2179
-2992
-3617
-4075
-4449
-4603
-4399
-3769
-3083
-2379
-1697
-830
86
890
1528
1957
2456
2828
2902
2994
3042
2880
2726
2619
2456
2168
1769
1132
440
-323
-1098
-1790
-2365
-3085
-3488
-3711
-3728
-3476
-3087
-2456
-1788
-1015
-179
670
1612
1985
2202
2558
2715
2752
2431
2073
1648
1208
779
262
-300
-804
-1396
-1926
-2516
-2975
-3446
-3768
-4160
-4174
-3918
-3643
-3208
-2739
-2049
-1321
-719
-148
479
1018
1267
1519
1799
1802
1796
1638
1593
1361
1231
1190
1125
1067
1013
1003
971
995
984
1007
926
1140
1385
1650
1879
2142
2631
2968
3327
3709
4210
4631
4761
4699
4898
5058
4922
4383
3846
3399
2640
1949
940
-149
-1329
-2393
-3054
-3428
-3895
-4622
-4531
-3878
-3160
-2728
-2075
-1030
-162
615
1271
1905
2410
2677
2760
2699
2792
2890
2656
2307
1958
1683
1216
748
95
-558
-1114
-1633
-2259
-2889
-3279
-3558
-3753
-3728
-3153
-2639
-2101
-1504
-899
-173
531
1054
1514
1953
2072
2032
1779
1395
1159
806
284
-206
-750
-1205
-1714
-2138
-2612
-3120
-3382
-3739
-3989
-4425
-4405
-4110
-3740
-3385
-2960
-2301
-1599
-783
-213
272
704
985
1203
1438
1425
1313
1177
1105
999
849
793
745
789
936
952
894
1005
1015
1019
1038
1163
1375
1522
1810
1980
2396
2657
3121
3660
4013
4138
4303
4614
4948
4726
4139
3706
3144
2596
1812
915
-194
-1319
-2377
-2964
-3230
-3782
-4113
-4091
-3645
-2869
-2245
-1605
-727
94
752
1255
1893
2292
2547
2661
2731
2777
2729
2583
2284
1991
1587
1158
701
49
-636
-1222
-2064
-2663
-3275
-3641
-3831
-3846
-3729
-3270
-2702
-2170
-1723
-1157
-395
171
709
817
1081
1157
1116
1008
602
73
-424
-799
-1246
-1663
-2081
-2456
-3156
-3448
-3479
-3755
-4041
-4140
-4002
-4070
-3836
-3335
-2832
-2444
-1782
-1053
-639
-46
325
806
1143
1196
1314
1400
1172
1016
932
853
695
484
681
784
717
705
793
876
878
870
1102
1270
1493
1753
2138
2400
2918
3272
3721
3972
4155
4446
4673
4916
4807
4526
4132
3669
3072
2181
1401
503
-731
-1821
-2414
-2674
-3183
-3809
-3940
-3334
-2747
-1978
-1421
-551
354
1034
1743
2238
2724
3088
3142
3083
3042
3024
2827
2361
1951
1762
1493
1032
435
-193
-792
-1289
-1835
-2185
-2610
-2933
-3028
-3043
-2579
-2093
-1706
-1085
-201
455
1005
1462
1853
2113
2202
2308
1998
1658
1275
806
302
-257
-732
-1202
-1772
-2213
-2564
-2838
-3087
-3244
-3425
-3452
-3267
-3079
-2674
-2284
-1768
-1304
-647
-80
400
844
1115
1314
1458
1467
1467
1355
1180
1030
797
748
695
583
588
715
737
761
1012
1034
1159
1199
1265
1675
1739
1925
2221
2718
2930
3243
3753
3859
4082
4210
4372
4479
4264
3943
3513
3154
2554
1821
778
-365
-1379
-2109
-2600
-3305
-3979
-4137
-3795
-3177
-2471
-1862
-1144
-223
576
1319
2014
2533
2739
2700
2624
2502
2354
2149
1684
1316
1087
862
560
30
-407
-856
-1298
-1867
-2349
-2838
-3159
-3359
-3250
-3230
-2902
-2405
-2088
-1302
-428
199
639
1104
1325
1672
1701
1471
1123
704
341
-310
-754
-1156
-1521
-1871
-2361
-2719
-2889
-3015
-3192
-3504
-3461
-3414
-3243
-3094
-2859
-2424
-1769
-1248
-714
13
435
755
1017
1328
1392
1376
1197
1090
981
804
856
685
668
709
694
725
754
789
901
1086
1086
1139
1283
1585
1790
1972
2301
2917
3323
3607
3825
4029
4276
4381
4361
4202
3867
3394
3089
2451
1902
936
-456
-1459
-2504
-2905
-3296
-3977
-4223
-4045
-3379
-2796
-2312
-1736
-741
54
656
1274
1907
2218
2100
2054
1976
1926
1560
1139
656
503
460
264
-255
-820
-1187
-1532
-1866
-2279
-2663
-3008
-3260
-3181
-2867
-2644
-2308
-2111
-1406
-685
-38
408
699
1281
1444
1402
1285
877
453
235
-220
-632
-1032
-1501
-1907
-2379
-2584
-2716
-2796
-2991
-3109
-3073
-2921
-2634
-2351
-2068
-1809
-1308
-819
-371
125
608
971
1345
1543
1478
1450
1341
1210
1175
1092
977
893
861
989
1104
1142
1200
1330
1444
1591
1844
1924
2142
2432
2585
2796
3216
3600
3991
4155
4272
4506
4810
4992
4678
4394
4165
3752
3222
2609
1637
503
-654
-1498
-2032
-2694
-3241
-3583
-3321
-2859
-2193
-1709
-869
170
928
1569
2291
2884
3089
3242
3227
3257
3183
3031
2682
2241
1923
1834
1406
1006
544
-230
-663
-1147
-1735
-2206
-2403
-2766
-2872
-2479
-2011
-1715
-1414
-875
-136
618
1169
1415
1692
1819
1979
1878
1514
1184
753
132
-469
-853
-1317
-1745
-2163
-2418
-2571
-2807
-3014
-3214
-3391
-3186
-2758
-2444
-2236
-1957
-1357
-725
-422
-55
334
650
977
1124
1264
1292
1213
1104
1064
992
709
674
634
625
699
728
847
894
916
1073
1221
1239
1550
1835
2063
2367
2693
3144
3543
3842
4134
4263
4409
4693
4751
4420
3959
3662
3226
2627
1897
806
-155
-1143
-2037
-2675
-3171
-3815
-4187
-4096
-3665
-3059
-2422
-1574
-583
320
1172
1850
2380
2730
2827
2957
2880
2824
2757
2349
2059
1705
1248
975
428
-233
-844
-1288
-1792
-2286
-2824
-3088
-3325
-3537
-3243
-2910
-2411
-1814
-1303
-441
360
984
1333
1581
1900
2030
2000
1543
1134
793
187
-219
-703
-1172
-1727
-2261
-2478
-2743
-2815
-3134
-3392
-3397
-3204
-2951
-2740
-2438
-2036
-1448
-868
-386
52
516
929
1078
1238
1400
1453
1415
1272
1264
1100
999
943
628
644
605
440
570
698
890
1113
1068
1121
1189
1562
1878
2085
2503
2818
3312
3598
3933
3828
3834
3967
4145
4172
3538
3021
2668
2355
1552
731
-205
-1210
-1973
-2726
-3186
-3469
-3802
-3817
-3413
-2938
-2255
-1607
-800
-50
686
1348
1925
2338
2535
2550
2527
2720
2378
2172
1809
1436
1334
935
397
-226
-665
-1148
-1683
-2213
-2632
-2920
-3159
-3276
-3137
-2805
-2337
-1956
-1358
-415
219
750
1178
1710
2017
1832
1803
1542
1251
852
301
-129
-651
-1109
-1601
-2072
-2280
-2436
-2669
-2937
-3130
-2992
-2862
-2808
-2609
-2241
-1883
-1486
-970
-435
-18
417
932
1310
1559
1677
1774
1925
2008
2005
1906
1558
1469
1408
1287
1375
1360
1376
1396
1544
1666
1808
1916
1908
2237
2619
2911
3122
3560
3966
4312
4449
4639
5068
5271
5315
5066
4745
4321
3883
3312
2423
1275
80
-817
-1697
-2303
-2864
-3354
-3596
-3358
-2766
-2301
-1622
-934
-123
681
1459
2003
2559
2946
2998
3050
3092
3120
3016
2723
2242
2016
1724
1174
592
-55
-598
-1197
-1731
-2335
-3006
-3385
-3389
-3213
-2988
-2691
-2368
-1716
-1036
-288
393
818
1236
1588
1826
1832
1693
1442
980
460
52
-330
-887
-1415
-1992
-2386
-2616
-2891
-3250
-3539
-3554
-3512
-3304
-3216
-3050
-2647
-2146
-1549
-947
-498
-13
501
944
1348
1514
1649
1506
1445
1489
1519
1375
1154
929
929
988
929
643
559
734
824
822
1029
1298
1386
1685
2078
2321
2680
2963
3356
3816
4008
4160
4274
4474
4517
4334
3766
3331
2960
2439
1567
449
-572
-1512
-2349
-2966
-3461
-3816
-4054
-3956
-3448
-2750
-2154
-1459
-518
289
1065
1813
2444
2679
2869
3012
2867
2791
2621
2208
1878
1574
1165
698
241
-403
-1007
-1520
-2170
-2790
-3148
-3359
-3522
-3510
-3192
-2672
-2201
-1766
-961
-15
596
924
1399
1751
1865
1907
1580
1412
943
285
-338
-793
-1304
-1977
-2650
-3175
-3390
-3509
-3637
-3835
-3862
-3728
-3551
-3520
-3309
-2800
-2304
-1799
-1225
-732
-303
157
432
778
880
920
917
888
898
1048
884
590
753
822
887
631
561
763
831
930
995
1134
1277
1545
1746
1988
2230
2519
2812
3248
3595
3814
3921
3908
4179
4365
4275
3948
3450
3145
2708
1990
942
-300
-1377
-2259
-2805
-3460
-4134
-4507
-4328
-3617
-3018
-2423
-1589
-633
332
1216
2041
2749
3114
3154
3174
3167
3226
3027
2537
1998
1602
1373
949
422
-253
-849
-1475
-2155
-2745
-3210
-3450
-3560
-3612
-3256
-2638
-1974
-1519
-734
167
1073
1708
2046
2537
2627
2590
2320
1942
1512
902
258
-399
-1004
-1575
-2089
-2512
-2833
-3081
-3310
-3504
-3477
-3530
-3446
-3062
-2707
-2343
-1912
-1264
-546
-15
529
1096
1519
1843
2021
2242
2202
1983
1919
1803
1578
1400
1225
1170
1044
1068
1104
1107
1037
921
1063
1187
1453
1532
1775
2214
2641
2820
3116
3582
3897
4364
4314
4487
4574
4732
4664
4474
4056
3537
3036
2485
1817
693
-462
-1727
-2672
-3344
-3881
-4373
-4869
-4745
-4103
-3302
-2440
-1580
-481
576
1569
2290
2872
3223
3198
3281
3098
2891
2554
2107
1622
1207
927
535
-18
-634
-1271
-1843
-2363
-3004
-3480
-3723
-3937
-3809
-3474
-2861
-2180
-1364
-496
566
1466
1929
2543
2679
2748
2691
2331
1727
1139
514
-352
-1100
-1863
-2348
-3042
-3708
-4096
-4320
-4390
-4638
-4571
-4410
-4137
-3743
-3285
-2692
-2113
-1491
-780
-122
411
777
1099
1298
1391
1378
1332
1023
740
506
258
171
-10
-194
-353
-221
-251
-199
-93
63
180
335
579
932
1239
1445
1823
2201
2697
2988
3280
3625
3850
4069
4143
4122
4183
4149
4056
3753
3209
2680
2066
1437
502
-803
-2044
-2991
-3423
-4085
-4860
-5213
-4870
-4087
-3450
-2720
-1740
-558
376
1251
1929
2525
2903
2941
2802
2598
2466
2070
1512
1022
662
538
109
-295
-882
-1382
-1940
-2728
-3333
-3800
-4055
-4240
-4232
-3962
-3313
-2575
-1841
-1126
-119
604
1407
1861
1966
2158
2175
2041
1392
974
472
-326
-1107
-1721
-2249
-2807
-3542
-4039
-4282
-4496
-4762
-4874
-5030
-4831
-4403
-3919
-3311
-2578
-1892
-1286
-509
187
919
1231
1219
1407
1550
1570
1318
1000
875
611
444
359
414
247
137
79
25
176
77
42
185
476
702
1102
1441
1842
2336
2647
3089
3583
3883
4188
4414
4629
4880
4910
4751
4560
4631
4325
3577
2734
2141
1653
558
-875
-2160
-2847
-3432
-4290
-5128
-5117
-4456
-3793
-3023
-2075
-750
478
1606
2413
3012
3737
3973
3768
3539
3331
3121
2714
2257
1823
1396
1187
796
204
-371
-792
-1243
-2047
-2645
-2951
-3038
-3231
-3183
-2674
-1975
-1101
-328
473
1337
2163
2857
3272
3280
3300
3074
2723
2037
1291
606
-251
-949
-1539
-2170
-2743
-3237
-3570
-3928
-4025
-4084
-4133
-4033
-3808
-3255
-2835
-2283
-1663
-888
-195
370
931
1271
1485
1503
1600
1531
1330
1125
672
362
43
-2
7
-200
-244
-251
-96
-109
-157
-128
75
348
608
897
1162
1695
2087
2573
3136
3517
3769
3960
4230
4418
4599
4439
4177
4082
3883
3746
3473
2871
2096
1555
1098
159
-1046
-1941
-2638
-3131
-3760
-4428
-4466
-3894
-3241
-2741
-1810
-661
466
1249
1841
2497
2998
3283
3052
2694
2554
2392
1983
1463
1030
696
587
279
-183
-439
-711
-1125
-1648
-2128
-2484
-2858
-2883
-2844
-2624
-2177
-1640
-877
-92
554
1215
1859
2094
2307
2276
2220
1884
1370
944
279
-444
-1258
-1729
-2196
-2751
-3289
-3717
-4031
-4404
-4605
-4753
-4771
-4476
-3997
-3587
-3044
-2376
-1546
-781
-159
436
973
1246
1436
1364
1206
1125
830
523
186
-85
-331
-513
-599
-636
-594
-616
-519
-473
-240
44
197
487
716
1127
1553
2121
2616
2977
3245
3332
3768
3944
4195
4373
4288
4247
3908
3807
3565
3040
2247
1679
1194
359
-762
-2107
-3047
-3598
-4106
-4907
-5270
-5180
-4638
-4008
-3205
-2200
-981
19
921
1727
2320
2859
2990
2832
2501
2287
2033
1674
1109
630
199
5
-335
-840
-1238
-1551
-2099
-2695
-2765
-3053
-3280
-3127
-2872
-2497
-1990
-1231
-524
206
933
1652
2073
2447
2636
2624
2432
1964
1512
991
502
-92
-836
-1401
-1979
-2396
-2940
-3416
-3850
-4295
-4648
-4769
-4619
-4444
-4216
-3963
-3259
-2527
-1652
-738
-127
492
844
1156
1278
1369
1289
1059
770
376
179
-203
-466
-550
-511
-558
-560
-431
-343
-281
-60
326
627
839
1207
1608
2120
2604
2919
3351
3736
4157
4488
4550
4708
4892
4877
4688
4613
4426
4237
4028
3584
3018
2637
2211
1456
450
-694
-1578
-2254
-2775
-3459
-3892
-3697
-3279
-2755
-2271
-1437
-407
613
1272
1969
2777
3212
3278
3137
2911
2784
2539
2246
1765
1396
1309
1197
863
518
156
-350
-474
-1343
-1906
-2103
-2352
-2496
-2648
-2455
-1961
-1451
-787
27
460
1263
1854
2421
2555
2570
2621
2357
1894
1362
876
356
-220
-656
-1313
-1905
-2411
-3009
-3464
-3948
-4335
-4661
-4795
-4812
-4477
-4091
-3627
-2959
-2253
-1545
-860
-197
232
700
976
1072
1031
992
921
609
354
123
-182
-290
-329
-379
-508
-486
-357
-354
-325
-159
-63
79
485
698
1145
1738
2191
2508
2982
3406
3791
4154
4401
4608
4545
4562
4561
4251
3871
3846
3583
3036
2368
1910
1491
826
-230
-1532
-2493
-2837
-3198
-3982
-4488
-4435
-3897
-3310
-2703
-1827
-664
161
955
1834
2545
3030
3044
2843
2837
2706
2412
2064
1656
1211
975
809
368
-100
-507
-819
-1255
-1717
-2133
-2457
-2767
-3069
-3171
-2802
-2450
-1971
-1379
-725
109
759
1479
1986
2136
2195
2050
1737
1277
728
256
-330
-1069
-1755
-2278
-2870
-3424
-4023
-4441
-4613
-4714
-5006
-4938
-4687
-4488
-4061
-3711
-3175
-2570
-1839
-1315
-763
-291
91
373
404
397
219
35
-209
-410
-520
-616
-785
-739
-742
-908
-560
-457
-390
-245
-13
138
258
291
615
989
1106
1493
1913
2301
2816
3283
3445
3649
3807
4053
3962
3676
3586
3552
3367
2845
2100
1612
1309
834
-79
-1337
-2175
-2591
-2896
-3521
-4056
-4096
-3701
-3255
-2765
-1976
-982
-154
528
1314
2104
2767
3061
2972
2930
2900
2945
2694
2063
1633
1271
951
638
275
-212
-608
-973
-1417
-1841
-2097
-2377
-2501
-2398
-2277
-1948
-1572
-931
-280
478
1148
1742
2227
2460
2769
2875
2782
2461
1932
1360
616
44
-546
-1026
-1514
-2125
-2643
-3135
-3455
-3737
-4005
-4350
-4405
-4032
-3788
-3473
-2925
-2121
-1357
-784
95
779
1260
1634
1836
1904
1803
1582
1360
986
590
275
-127
-429
-552
-657
-607
-547
-338
-94
19
137
511
891
1128
1439
1845
2436
2860
3223
3590
3943
4324
4476
4589
4528
4463
4525
4158
3742
3375
3409
3173
2702
2157
1837
1541
1035
232
-794
-1602
-2326
-2844
-3486
-3871
-3974
-3703
-3234
-2652
-1918
-878
238
1129
1970
2708
3249
3370
3226
3115
3038
2681
2209
1727
1370
1138
958
510
50
-316
-739
-1123
-1613
-1967
-2329
-2770
-2920
-2862
-2730
-2439
-1949
-1376
-679
39
706
1300
1643
1945
2139
2030
1630
1108
700
38
-605
-1005
-1528
-1965
-2396
-2748
-2983
-3247
-3481
-3746
-4003
-3974
-3918
-3603
-3532
-3026
-2346
-1760
-978
-483
84
548
930
1125
1298
1110
800
375
-90
-403
-697
-947
-1124
-1190
-1239
-1054
-884
-771
-574
-478
-364
-27
118
314
684
950
1225
1666
2094
2432
2859
3200
3438
3638
3595
3705
3864
3653
3314
2859
2531
2450
2480
2098
1676
1398
1369
1145
540
-190
-772
-1280
-1780
-2227
-2665
-2811
-2916
-2674
-2255
-1637
-978
-266
302
890
1487
1923
2162
2109
2014
1840
1777
1558
1159
762
353
182
122
-228
-612
-830
-1007
-1334
-1729
-2046
-2505
-2856
-2953
-3026
-2775
-2353
-1932
-1451
-860
1
527
881
1226
1478
1481
1291
1060
634
165
-408
-982
-1514
-1944
-2413
-3028
-3372
-3643
-3843
-3953
-4056
-4047
-4007
-3639
-3381
-3040
-2527
-2032
-1477
-1038
-364
107
397
665
636
561
496
272
-7
-355
-431
-593
-756
-973
-890
-740
-709
-401
-183
108
220
527
711
772
1096
1323
1579
1804
2149
2438
2610
2821
3099
3154
3247
3471
3627
3799
3529
3263
3149
3145
2989
2548
2272
2008
1812
1652
1333
720
28
-445
-872
-1216
-1644
-2154
-2318
-2053
-1703
-1130
-574
5
831
1515
2196
2571
2777
3138
3178
2954
2816
2706
2238
1818
1422
1220
1009
648
418
-24
-437
-723
-958
-1240
-1493
-1819
-1942
-1944
-1776
-1442
-927
-478
7
766
1333
1809
2104
2245
2179
2070
1771
1298
887
321
-352
-971
-1467
-1893
-2465
-2863
-3427
-3688
-3736
-3779
-3965
-3830
-3537
-3205
-2736
-2448
-1867
-1365
-756
-80
230
371
492
714
585
521
310
-51
-265
-527
-775
-862
-965
-940
-931
-815
-749
-674
-471
-306
-105
135
371
701
1058
1288
1667
1943
2208
2469
2750
3002
3088
3189
3329
3416
3392
3339
3247
3034
2743
2640
2676
2597
2209
1975
2017
1725
1462
1147
386
-64
-644
-1005
-1244
-1710
-1948
-2184
-1991
-1552
-1202
-692
-154
549
1185
1641
2131
2168
2186
2097
1954
1956
1766
1388
941
642
472
337
155
-176
-657
-895
-1174
-1424
-1705
-1937
-2050
-2204
-2228
-1973
-1657
-1225
-676
-126
347
920
1325
1694
2000
1880
1728
1320
767
322
-222
-891
-1633
-2236
-2534
-3016
-3365
-3529
-3617
-3701
-3845
-3890
-3839
-3674
-3379
-3082
-3022
-2402
-1645
-1190
-740
-258
-9
207
321
320
196
-50
-178
-425
-585
-1013
-1326
-1519
-1670
-1575
-1420
-1093
-842
-632
-546
-548
-312
96
223
231
564
900
1153
1582
1890
2016
2159
2414
2756
2843
2818
2820
3197
3263
2972
2716
2535
2537
2424
2035
1599
1515
1404
1195
748
144
-392
-1086
-1461
-1794
-2197
-2585
-2805
-2487
-2023
-1621
-1004
-283
351
976
1646
2104
2368
2342
2291
2029
1699
1560
1293
778
425
251
151
-9
-300
-553
-857
-1161
-1586
-1865
-2147
-2251
-2235
-2242
-1967
-1769
-1371
-717
-177
291
630
1074
1472
1681
1538
1178
940
576
215
-412
-905
-1248
-1670
-2038
-2392
-2647
-2939
-3132
-3227
-3349
-3298
-3269
-3036
-2678
-2293
-1756
-1336
-829
-270
79
402
640
808
874
823
655
458
328
179
-17
-172
-301
-492
-409
-154
-198
-112
205
350
583
813
1122
1336
1510
1872
2200
2500
2803
2887
3212
3614
3814
3827
3910
4105
4072
4050
3986
3920
3718
3485
3311
3271
3093
2670
2362
2154
2001
1802
1433
968
455
58
-456
-747
-931
-1535
-1812
-1665
-1361
-884
-441
-107
436
903
1336
1770
1815
1892
1865
1771
1561
1207
1076
792
458
86
-63
-30
-282
-632
-928
-1215
-1394
-1625
-1884
-2087
-2205
-2164
-1941
-1682
-1379
-929
-559
-245
101
498
872
926
846
704
580
335
-39
-464
-827
-1168
-1493
-1870
-2178
-2367
-2651
-2916
-3095
-3222
-3203
-3121
-3172
-2979
-2559
-2212
-1920
-1594
-1297
-754
-286
-233
85
146
393
333
71
32
-87
-76
-452
-498
-432
-524
-317
-156
27
169
318
474
512
744
749
967
1173
1429
1790
1963
2248
2576
2869
3057
3182
3210
3229
3490
3557
3621
3393
3103
3088
3016
2850
2557
2379
2259
2031
1758
1381
1096
610
-48
-684
-1138
-1332
-1673
-2172
-2285
-2005
-1549
-1227
-907
-405
171
646
875
1280
1487
1575
1514
1279
1141
936
691
344
236
28
-186
-402
-755
-1146
-1648
-1856
-2092
-2524
-2753
-2696
-2554
-2465
-2383
-2099
-1695
-1268
-760
-125
202
607
970
1084
900
746
492
-80
-338
-707
-1230
-1650
-2037
-2226
-2793
-3249
-3371
-3556
-3698
-3925
-4002
-4077
-4069
-3839
-3536
-3361
-3017
-2299
-1647
-1198
-770
-326
-83
58
161
103
96
-43
-208
-267
-404
-536
-467
-460
-567
-554
-352
-206
-222
-66
14
179
367
605
881
1245
1631
2072
2423
2612
2886
3213
3527
3664
3793
3715
3787
3976
3954
3811
3517
3283
3165
2932
2815
2538
2327
2150
1848
1483
1064
394
-284
-884
-1176
-1914
-2390
-2574
-2611
-2282
-2069
-1498
-890
-259
306
907
1358
1887
2118
2147
2019
1880
1702
1488
1266
743
496
364
206
41
-232
-572
-972
-1254
-1379
-1727
-2168
-2171
-2118
-1973
-1619
-1105
-518
95
762
1388
2050
2412
2589
2881
2810
2350
1987
1475
839
270
-323
-932
-1561
-2078
-2357
-2705
-3190
-3444
-3653
-3840
-3930
-4003
-3722
-3488
-2952
-2457
-1792
-880
-283
390
767
1276
1471
1513
1523
1423
1044
679
270
-192
-454
-812
-932
-892
-824
-968
-890
-730
-522
-303
-241
12
392
683
950
1303
1846
2249
2657
2894
3204
3284
3354
3503
3469
3474
3239
3126
3016
2877
2735
2652
2758
2529
2406
2533
2487
2358
2104
2055
2044
1677
1310
842
272
-486
-1075
-1440
-1813
-2235
-2732
-2668
-2341
-1943
-1684
-1242
-757
-251
231
660
1184
1165
1075
1044
1240
1139
906
845
519
373
296
172
-79
-331
-511
-769
-1169
-1527
-1831
-1856
-1993
-2084
-1832
-1696
-1345
-892
-474
-23
514
998
1337
1434
1563
1415
1290
1043
505
128
-368
-837
-1376
-1721
-2184
-2582
-2795
-3234
-3585
-3679
-3686
-3768
-3704
-3585
-3092
-2607
-2127
-1617
-1136
-575
-60
273
577
726
752
738
600
469
223
-94
-467
-824
-807
-1041
-1054
-1067
-1083
-1001
-906
-819
-919
-829
-930
-820
-481
-180
78
327
816
1436
1840
2008
2093
2177
2378
2590
2336
2153
1953
1759
1864
1881
1749
1725
1939
2167
2209
1955
2020
2360
2154
1901
1541
1277
1247
839
127
-608
-1054
-1604
-2119
-2429
-2854
-3222
-3257
-3054
-2936
-2638
-2134
-1583
-1162
-599
164
867
1326
1551
1695
1850
1920
1865
1847
1316
1026
852
727
406
-193
-640
-1050
-1429
-1941
-2373
-2487
-2581
-2749
-2624
-2317
-1906
-1399
-894
-308
358
894
1546
1860
1887
1916
1894
1814
1427
1005
715
156
-312
-719
-1254
-1719
-2216
-2453
-2773
-2926
-3147
-3116
-3157
-3005
-2634
-2152
-1762
-1218
-528
89
629
1147
1744
2161
2346
2348
2288
2049
1727
1108
809
457
-74
-450
-730
-1138
-1509
-1654
-1689
-1426
-1420
-1243
-846
-461
-33
365
876
1384
1857
2262
2737
3185
3525
3544
3653
3681
3593
3336
2966
2765
2531
2381
2121
1950
1835
1766
1866
2138
2212
2134
2161
2544
2677
2442
2099
2077
2096
1550
996
460
177
-464
-1200
-1539
-1591
-1906
-2187
-2354
-2108
-1715
-1517
-1090
-791
-423
202
695
949
1000
1221
1473
1530
1443
1357
1433
1241
952
548
341
160
-487
-949
-1340
-1628
-1875
-2106
-2266
-2265
-2075
-1689
-1247
-825
-164
510
1063
1434
1862
2158
2318
2195
2167
2092
1808
1503
953
478
27
-233
-763
-1228
-1530
-1926
-2220
-2361
-2607
-2855
-2761
-2688
-2556
-2128
-1700
-1117
-670
-132
326
640
1154
1312
1396
1460
1455
1174
798
422
15
-342
-638
-936
-1068
-1118
-1218
-1333
-1361
-1081
-808
-788
-693
-401
-186
73
249
660
1123
1379
1722
1863
1997
2241
2263
2107
1937
1754
1664
1341
1202
958
732
703
613
626
694
1146
1485
1825
2031
2212
2603
2829
2826
2590
2391
2328
1863
1026
292
-314
-928
-1783
-2470
-2899
-3182
-3358
-3545
-3358
-3063
-2656
-2107
-1643
-1078
-410
281
633
671
769
1239
1445
1407
1412
1211
1301
982
537
158
-255
-784
-1247
-1711
-2235
-2582
-2871
-3031
-3065
-2876
-2564
-2122
-1527
-826
-188
426
1293
1579
1723
2140
2418
2436
2212
1940
1593
1216
660
162
-309
-797
-1372
-1901
-2367
-2701
-3238
-3727
-3951
-3758
-3728
-3822
-3444
-3017
-2363
-1728
-1155
-598
79
674
1075
1192
1327
1477
1272
1059
728
390
161
-248
-642
-894
-1091
-1235
-1495
-1622
-1679
-1655
-1517
-1284
-1215
-899
-527
-286
-34
250
659
1081
1335
1469
1611
1737
1792
1670
1587
1470
1346
1112
1096
1013
830
787
693
613
677
1001
1115
1340
1599
2062
2259
2345
2539
2753
2806
2476
2267
1785
1218
610
-25
-585
-1223
-1908
-2278
-2466
-2488
-2563
-2404
-1773
-1255
-884
-329
475
1018
1498
1933
2295
2501
2685
2885
2838
2665
2701
2661
2284
1872
1591
988
388
-140
-602
-1034
-1484
-1771
-1970
-1901
-1612
-1153
-705
-171
424
1111
1771
2160
2406
2718
2659
2725
2633
2258
1867
1310
1014
738
283
-161
-445
-929
-1194
-1568
-1963
-2337
-2728
-2761
-2659
-2659
-2696
-2365
-1717
-1214
-864
-395
198
725
1170
1408
1469
1453
1267
1087
671
277
-148
-477
-785
-1170
-1392
-1664
-1812
-1925
-1892
-1841
-1826
-1674
-1554
-1212
-925
-584
-60
237
503
892
1082
1219
1253
1240
1222
1006
824
471
286
59
-97
-180
-340
-285
-194
-104
160
271
757
916
1153
1573
1938
2402
2734
3086
3359
3583
3880
4006
3989
3575
2834
2065
1258
444
-451
-1721
-2732
-3335
-3731
-3913
-3885
-3591
-2940
-2094
-1386
-444
535
1325
1800
2206
2540
2917
3205
3240
3128
2993
2786
2683
2343
1761
1187
629
56
-757
-1437
-2096
-2533
-3012
-3336
-3247
-2833
-2234
-1709
-1032
18
1035
1943
2538
2805
3147
3260
3214
2917
2559
2059
1498
1025
452
-13
-411
-782
-1324
-1773
-2118
-2498
-2768
-3228
-3621
-3700
-3526
-3270
-3027
-2453
-1826
-1204
-511
-134
229
692
742
821
686
426
-114
-477
-895
-1336
-1685
-2173
-2334
-2551
-2434
-2471
-2474
-2620
-2747
-2622
-2442
-2290
-2163
-1780
-1501
-1065
-714
-228
185
523
727
883
859
794
619
376
174
-138
-256
-276
-360
-349
-187
-100
134
377
619
900
1092
1314
1510
1742
1961
2189
2472
2795
3145
3452
3537
3712
3751
3559
3048
2035
1281
436
-308
-1289
-2467
-3144
-3489
-3544
-3426
-3126
-2585
-1691
-918
-149
542
1256
1748
2019
2176
2203
2393
2489
2353
2182
2070
1997
1806
1373
988
549
146
-526
-1111
-1542
-2050
-2292
-2334
-2138
-1710
-1097
-408
181
722
1496
2074
2387
2514
2477
2363
2200
1862
1467
870
623
352
-52
-341
-524
-769
-1157
-1247
-1377
-1577
-1843
-1960
-2098
-2001
-1812
-1425
-1045
-690
-260
85
492
787
1073
1115
879
704
342
54
-15
-266
-612
-907
-900
-1047
-1214
-1368
-1313
-1350
-1580
-1528
-1488
-1329
-1392
-1416
-1208
-797
-310
-9
359
671
1055
1253
1338
1303
1021
1080
1174
1040
908
770
803
664
542
587
813
1079
1076
1022
1030
1303
1503
1547
1663
1939
2178
2363
2456
2729
2886
2943
3280
3450
3705
3858
3785
3554
2596
1395
729
242
-750
-2216
-3072
-3187
-3044
-2914
-2671
-2029
-1082
-172
615
1269
1910
2305
2499
2370
2103
2090
2122
2011
1354
1136
1169
1081
788
24
-645
-1095
-1670
-2413
-3025
-3405
-3281
-3092
-2853
-2187
-1327
-353
576
1096
1658
2185
2468
2388
1949
1505
1170
819
470
89
-254
-328
-480
-662
-823
-1027
-1210
-1567
-1851
-1856
-2010
-2095
-1987
-1775
-1305
-706
-40
481
840
1018
1052
1090
787
205
-484
-955
-987
-1418
-1724
-1891
-1913
-1636
-1527
-1294
-1172
-1240
-1266
-1349
-1419
-1329
-1267
-1201
-1109
-977
-664
-266
81
319
550
721
623
666
379
-52
-205
-278
-373
-272
-81
-47
-82
-12
-102
94
-18
-53
-74
-142
52
69
86
163
479
893
1137
1390
1508
1736
1994
2077
2095
1636
1626
1765
1521
1608
1892
2157
2482
2316
1452
420
-368
-796
-1255
-2538
-3804
-3909
-3627
-3396
-3050
-2240
-1392
-586
122
748
1072
1313
1364
1059
650
403
288
291
240
166
237
373
449
2
-661
-1299
-1803
-2333
-2850
-3081
-3100
-2741
-2289
-1478
-534
479
1343
1818
2099
2176
2230
1913
1581
946
471
172
-10
-18
-44
-37
-201
-272
-449
-671
-894
-1322
-1712
-2091
-2215
-1952
-1621
-1169
-656
-288
89
374
608
595
466
314
-52
-511
-778
-846
-876
-994
-721
-501
-378
-300
-290
-347
-504
-630
-834
-686
-671
-620
-468
-201
9
166
327
451
579
586
484
509
502
532
751
772
891
964
954
895
946
836
613
553
405
310
263
245
348
537
739
1116
1298
1523
1701
1914
2040
2170
2235
2418
2641
2725
2896
3258
3574
3173
2232
1316
557
-251
-1133
-2368
-3258
-3729
-3646
-3240
-2820
-2317
-1692
-943
-418
148
797
1052
1172
1127
932
1180
1549
1795
1773
1649
1433
1251
881
234
-508
-1397
-2208
-2954
-3177
-3210
-2858
-2189
-1690
-968
-52
788
1606
1801
1880
1832
1738
1633
1603
1402
1179
972
859
849
880
719
316
-174
-643
-1079
-1618
-1879
-2032
-2023
-1785
-1208
-763
-63
338
607
856
1008
1164
1009
811
628
439
260
296
230
159
181
231
83
-153
-361
-488
-610
-894
-1052
-1036
-904
-803
-543
-260
31
151
140
44
-30
-145
-349
-546
-688
-664
-700
-665
-511
-368
-288
-444
-502
-819
-899
-932
-1047
-1130
-1144
-803
-492
-202
-115
103
315
425
426
423
299
394
437
492
759
970
1160
1320
1449
1460
1444
1473
1348
1165
1087
1034
1196
1244
1129
1167
1487
1666
1893
2318
2386
2144
1284
433
-84
-633
-1378
-2187
-2641
-2728
-2583
-2388
-1962
-1725
-1378
-1131
-808
-517
-544
-434
-137
455
410
587
1099
1475
1644
1473
1471
1054
496
-122
-870
-1510
-1983
-2179
-2277
-2191
-1855
-1338
-1094
-685
-220
89
235
265
303
487
697
654
1027
1254
1234
1329
1305
1125
768
282
-237
-805
-1283
-1488
-1628
-1680
-1454
-1359
-1347
-1340
-1274
-1192
-1170
-1172
-1206
-1299
-1455
-1387
-1216
-937
-879
-746
-382
-150
-91
-146
-300
-238
-541
-801
-867
-811
-785
-633
-559
-479
-372
-333
-303
-473
-435
-447
-360
-206
84
473
844
1307
1809
2026
2163
2079
2081
2004
1924
1761
1684
1689
1497
1604
1687
1961
1903
1882
2173
2386
2420
2595
2513
1955
1244
846
609
210
-147
-607
-870
-918
-926
-758
-680
-654
-590
-518
-396
-321
-133
121
502
727
1012
1227
1410
1635
1748
1637
1451
1157
636
229
-315
-559
-769
-1005
-976
-875
-838
-893
-697
-533
-360
-143
24
369
686
968
1244
1597
1779
2066
2091
1763
1478
1209
906
413
-186
-614
-930
-1213
-1435
-1620
-1661
-1756
-1739
-1500
-1331
-1194
-944
-760
-476
-334
-39
349
613
918
1018
993
808
615
351
88
-144
-285
-441
-624
-688
-851
-853
-850
-918
-944
-1101
-1016
-942
-910
-823
-594
-498
-235
-86
38
211
243
348
324
360
78
-181
-264
-301
-305
-317
-496
-445
-350
-304
-395
-471
-370
-390
-361
-434
-416
-314
-240
-139
156
357
515
598
573
691
659
528
454
497
260
141
50
46
121
81
170
128
183
-34
-22
45
-114
-53
-7
86
81
170
406
454
559
638
503
649
631
650
680
670
666
621
766
856
851
816
686
746
638
551
469
313
221
207
363
364
392
474
471
444
427
292
146
99
-53
11
61
159
318
383
353
283
251
-78
-298
-643
-1005
-1314
-1534
-1606
-1628
-1654
-1674
-1514
-1283
-1270
-1266
-1048
-795
-832
-820
-488
-402
-295
-69
-23
142
81
157
-46
-238
-320
-623
-794
-948
-1031
-1035
-1052
-986
-682
-378
-188
25
65
6
88
-73
-2
216
432
527
686
814
785
877
865
813
785
795
879
917
928
851
639
565
546
556
565
684
663
617
665
636
507
528
729
796
810
1001
1086
1014
992
1038
1238
1232
1343
1440
1378
1317
1219
1087
758
653
463
351
240
115
150
180
266
217
212
152
212
172
118
161
290
458
493
559
756
749
742
615
403
378
171
16
89
41
-156
-168
-104
-196
-112
-19
3
37
39
-59
-104
-50
41
185
196
285
278
246
124
-35
48
31
-66
-185
-203
-285
-157
-55
5
71
66
89
-18
170
24
-118
-58
-56
6
35
50
62
68
17
22
-62
-168
-85
-41
-75
-267
-301
-234
-114
-62
-48
121
178
474
579
377
329
453
555
524
399
285
434
541
489
500
354
245
183
187
114
176
153
223
204
282
277
183
315
303
365
422
526
615
510
510
574
484
466
407
399
371
270
150
112
149
54
-33
17
-81
-38
-121
-111
106
134
187
141
141
200
138
86
35
-175
-427
-483
-474
-318
-311
-397
-449
-465
-468
-562
-587
-616
-674
-651
-580
-527
-492
-465
-462
-369
-293
-290
-175
-197
-177
-138
-219
-257
-247
-329
-428
-334
-408
-321
-294
-295
-284
-144
-121
-258
-303
-393
-237
-140
-174
-5
128
249
272
276
282
246
333
245
357
370
263
135
-24
-1
-77
-218
-119
-19
98
267
303
329
306
331
346
613
324
297
375
327
365
360
436
334
155
132
36
35
-28
-97
6
-156
-137
-177
-389
-459
-525
-552
-541
-477
-512
-480
-349
-128
-202
-395
-221
-165
-51
-240
-383
-409
-596
-707
-830
-891
-920
-755
-659
-746
-748
-869
-876
-851
-779
-705
-658
-378
-285
-235
-190
-191
-158
38
93
-84
-47
-35
-81
-216
-264
-401
-356
-345
-308
-365
-363
-356
-338
-217
-124
-27
129
148
78
186
130
194
61
158
133
148
282
379
295
205
111
39
12
37
-58
-30
153
135
145
191
206
346
402
478
580
787
1037
947
954
878
811
852
958
1083
1039
975
898
777
701
524
461
562
532
442
411
427
408
216
326
390
297
425
640
731
713
748
844
794
707
699
675
716
698
667
497
394
377
318
214
153
105
187
162
102
207
262
347
307
295
229
238
289
327
182
260
124
64
150
12
97
-72
-283
-259
-162
-187
-264
-327
-380
-336
-273
-232
-339
-312
-217
-176
-120
-227
-140
-11
15
-126
-102
-57
-42
26
210
255
258
392
363
311
274
172
164
134
176
228
207
166
87
146
79
196
207
68
88
37
74
69
5
69
158
213
156
