74
210
494
544
503
512
287
120
220
139
175
117
-59
164
311
511
521
477
495
384
280
137
230
212
-178
-216
23
249
240
332
665
630
496
409
486
171
-16
32
24
168
30
63
293
203
254
321
395
259
43
132
-69
-55
165
109
-96
199
531
395
307
342
176
-99
-8
-15
90
223
129
136
103
144
359
299
203
107
137
84
-65
231
215
159
406
659
433
253
35
-130
171
22
101
247
320
239
165
129
257
252
211
189
-77
147
179
95
-65
-41
106
19
147
218
9
-189
-173
31
145
259
332
374
356
303
223
272
203
115
263
274
207
327
378
75
104
245
195
373
519
492
374
236
289
159
-38
-141
-139
-46
98
87
242
232
188
82
-63
-6
-195
-253
-276
-258
-53
347
455
437
482
212
-5
-207
-156
18
88
-35
-140
-105
-163
-294
24
432
433
80
87
34
-116
111
165
-165
-248
-126
-135
-190
59
342
259
365
335
57
52
161
249
199
165
89
17
55
51
79
-132
-197
97
317
28
72
290
310
117
117
171
155
206
261
319
510
412
121
-119
-165
-81
-110
5
103
217
247
356
262
247
251
154
75
-99
-116
7
42
54
188
187
57
67
186
190
177
213
241
139
205
374
264
226
365
298
141
184
255
76
21
245
382
395
307
405
272
7
131
367
271
160
266
323
236
63
196
245
244
209
147
112
14
57
45
83
280
350
416
442
526
629
518
512
452
246
33
52
111
118
160
97
119
243
149
205
52
-89
196
296
291
310
347
342
333
310
294
202
132
181
332
401
186
-152
-304
-203
-34
208
213
231
138
20
69
-18
156
347
399
424
513
290
29
191
342
393
400
335
142
155
107
5
12
138
269
53
-105
21
160
237
377
366
371
240
-101
-42
152
167
215
283
268
230
133
147
109
101
161
245
212
85
115
92
124
49
40
-62
38
91
-92
34
-68
22
63
208
290
341
389
298
430
176
206
242
368
489
362
360
381
281
168
293
327
366
256
180
167
128
117
172
206
103
188
173
192
391
442
226
132
19
-6
178
82
-151
-156
94
281
422
271
275
362
175
-12
-107
-136
-108
-59
89
274
247
178
-44
-60
21
113
-58
-228
-36
-22
116
276
215
109
221
408
302
225
246
289
166
89
-21
-163
-126
-74
19
-5
-41
-116
-38
-15
-27
-97
-208
-175
-21
144
73
9
38
38
24
-37
-79
-160
-123
-77
11
-4
104
148
62
160
288
358
202
32
-30
-94
-151
-191
-198
-84
-123
-202
-208
-92
-93
-207
-308
-288
-177
-184
-112
7
65
51
-49
-178
-124
-119
-153
-160
-195
-278
-404
-390
-321
-226
-116
-84
-103
-174
-128
-149
-175
-124
-46
-98
-212
8
-58
-156
-193
-86
-210
-259
-16
-51
7
89
143
190
189
224
279
208
169
123
85
6
-53
-36
-5
-56
-74
-17
-72
-93
-79
-10
80
75
92
110
107
71
127
163
84
56
34
4
51
102
64
118
233
249
255
281
204
153
111
103
96
95
44
105
77
-3
15
18
-45
-10
34
35
124
130
156
241
265
207
169
128
5
-90
-3
-25
-49
107
104
21
132
162
114
72
130
288
276
137
146
80
-53
-55
-29
4
-32
53
66
28
-18
35
-78
-146
-144
-42
-57
-123
-130
-155
-166
-98
-59
10
-41
-129
-57
-104
-106
-190
-238
-180
-97
-233
-241
-102
-98
15
7
-64
-101
-152
-160
-79
-32
-177
-144
-147
-207
-186
-199
-133
-186
-86
-131
-119
-135
-270
-243
-133
-9
0
-48
-40
-157
-117
-38
-84
-20
-2
88
98
144
228
159
-5
-40
20
6
-12
-95
-17
101
2
23
-58
1
-39
-18
28
-70
-23
-50
-55
-1
-94
-67
-144
-137
-188
-152
-144
-267
-252
-285
-318
-304
-282
-363
-260
-348
-350
-404
-530
-475
-518
-574
-558
-578
-557
-539
-571
-525
-491
-508
-483
-375
-395
-221
-271
-358
-419
-421
-426
-456
-431
-423
-420
-410
-423
-468
-496
-591
-576
-602
-618
-576
-521
-525
-513
-454
-495
-461
-360
-142
-118
-187
-127
-68
19
35
103
118
186
272
239
274
339
277
243
313
354
288
213
254
248
181
251
281
383
464
429
506
526
561
527
553
585
775
844
847
951
978
1070
1151
1214
1168
1049
968
909
818
805
723
555
275
9
-186
-398
-636
-772
-976
-1198
-1342
-1456
-1562
-1648
-1609
-1661
-1658
-1664
-1734
-1667
-1622
-1599
-1469
-1449
-1342
-1279
-1252
-1189
-1137
-1170
-1253
-1339
-1436
-1424
-1521
-1603
-1632
-1705
-1744
-1707
-1698
-1792
-1696
-1572
-1702
-1672
-1573
-1464
-1352
-1350
-1283
-1172
-1053
-947
-763
-797
-736
-553
-513
-416
-370
-236
-95
-63
-61
-13
6
-13
100
147
268
314
231
192
293
412
502
639
683
868
959
1022
1096
1167
1326
1452
1421
1430
1497
1499
1489
1595
1741
1766
1882
1947
1921
1997
1914
1991
1883
1576
1345
1178
869
476
71
-267
-521
-850
-940
-1094
-1116
-1118
-1238
-1188
-1118
-981
-851
-812
-788
-698
-594
-418
-348
-330
-188
-76
70
259
477
547
561
437
372
117
-188
-529
-867
-1177
-1336
-1440
-1569
-1618
-1640
-1686
-1715
-1611
-1581
-1675
-1808
-1842
-1881
-1769
-1803
-1740
-1645
-1503
-1355
-1248
-1110
-862
-774
-662
-689
-805
-946
-1140
-1250
-1594
-1647
-1655
-1694
-1709
-1688
-1583
-1468
-1322
-1369
-1344
-1270
-1161
-1172
-1096
-857
-830
-681
-457
-189
36
244
330
473
662
714
874
886
944
1078
1125
1165
1317
1374
1457
1579
1622
1709
1755
1821
1798
1937
2009
2025
2106
2147
2296
2427
2419
2539
2654
2751
2864
2888
2756
2450
2102
1910
1577
1013
396
-91
-417
-903
-1284
-1522
-1740
-1901
-1969
-1908
-1814
-1746
-1595
-1443
-1286
-1020
-845
-687
-513
-323
-153
120
447
559
820
860
838
764
649
556
246
-72
-348
-577
-939
-1213
-1593
-1853
-1931
-2033
-2041
-1964
-1885
-1878
-1841
-1751
-1707
-1537
-1409
-1386
-1217
-1055
-930
-926
-850
-715
-803
-875
-790
-821
-958
-943
-1009
-1194
-1295
-1414
-1517
-1732
-1799
-1887
-2057
-2037
-2018
-1854
-1724
-1649
-1607
-1386
-1190
-1081
-863
-680
-380
-276
-83
81
219
363
559
751
818
957
1093
1133
1193
1253
1255
1179
1090
1158
1195
1271
1262
1426
1459
1578
1646
1733
1942
2028
2012
2114
2225
2302
2302
2359
2650
2838
2932
2975
3230
3305
3223
2876
2431
2222
1703
993
156
-549
-1304
-1899
-2246
-2555
-2977
-3055
-2840
-2512
-2362
-2216
-1981
-1786
-1584
-1232
-1007
-892
-680
-531
-164
254
591
858
1142
1284
1360
1476
1361
1170
827
265
-171
-648
-1085
-1515
-1940
-2271
-2439
-2500
-2455
-2376
-2252
-2157
-1998
-1880
-1652
-1574
-1446
-1271
-1171
-953
-669
-408
-243
-61
30
76
80
-92
-446
-725
-1030
-1386
-1742
-1941
-2208
-2412
-2425
-2451
-2473
-2462
-2304
-2071
-1877
-1776
-1655
-1487
-1334
-1224
-1020
-746
-559
-283
-105
231
538
628
792
799
800
871
865
844
845
843
915
719
711
717
816
893
929
1021
1134
1250
1257
1335
1495
1664
1712
1897
1941
2094
2290
2463
2555
2732
2951
3094
3172
3226
3422
3727
3659
3209
2808
2463
1882
1108
134
-838
-1454
-1959
-2487
-2946
-3227
-3125
-2874
-2563
-2311
-2009
-1715
-1339
-1113
-873
-541
-348
-220
-101
231
553
803
1150
1435
1564
1656
1726
1628
1340
1082
505
-152
-613
-1018
-1447
-1908
-2174
-2327
-2253
-2220
-2122
-1885
-1812
-1614
-1489
-1327
-1276
-1124
-867
-691
-408
-177
115
317
357
468
550
458
194
-107
-522
-920
-1228
-1683
-2169
-2452
-2570
-2812
-2869
-2730
-2585
-2434
-2266
-2073
-1779
-1546
-1461
-1247
-1008
-850
-540
-319
-171
242
483
769
1050
1248
1394
1423
1355
1335
1291
1227
1215
1021
971
892
902
1171
1335
1377
1420
1543
1572
1657
1777
2017
2033
2099
2182
2273
2508
2637
2735
2818
3013
3183
3458
3689
3878
3956
3867
3559
3155
2750
2213
1403
366
-673
-1474
-2105
-2499
-3048
-3454
-3383
-3191
-2738
-2523
-2167
-1730
-1418
-1076
-772
-411
-249
-33
96
364
753
1022
1392
1639
1888
2012
1926
1803
1599
1051
502
-30
-738
-1321
-1762
-2198
-2589
-2669
-2593
-2589
-2501
-2384
-2158
-1911
-1601
-1405
-1288
-1019
-895
-739
-468
-216
48
153
467
661
686
640
359
14
-452
-832
-1410
-1939
-2380
-2720
-3010
-3303
-3286
-3294
-3053
-2757
-2648
-2354
-2024
-1766
-1594
-1414
-1234
-1099
-941
-689
-443
-79
185
467
790
1023
1242
1177
1086
1054
1060
837
649
507
375
480
548
626
579
801
1066
1217
1377
1546
1737
1936
2093
2115
2208
2329
2388
2468
2696
2975
3237
3490
3803
3974
4176
4172
4243
4349
4169
3779
3003
2360
1832
870
-538
-1683
-2302
-2930
-3581
-4038
-4154
-3834
-3595
-3302
-2801
-2232
-1794
-1394
-1025
-681
-356
-137
72
299
543
1039
1431
1666
1907
2180
2213
1916
1670
1213
680
-30
-765
-1378
-1965
-2566
-2986
-3171
-3154
-2934
-2751
-2527
-2202
-1855
-1480
-1198
-882
-678
-539
-387
-219
32
293
555
644
794
890
809
553
217
-290
-811
-1378
-2046
-2656
-3187
-3569
-3858
-3959
-3974
-3714
-3518
-3374
-3041
-2667
-2155
-1768
-1424
-1156
-827
-432
-304
-178
122
536
665
822
904
917
1074
1053
920
807
802
629
552
469
337
432
659
783
877
1141
1296
1396
1549
1790
1975
2118
2169
2361
2539
2684
2918
2983
3158
3315
3386
3556
3714
3838
3908
4014
4034
4127
4116
3712
2979
2279
1766
826
-430
-1610
-2435
-3055
-3712
-4178
-4366
-4168
-3798
-3293
-2747
-2160
-1527
-1078
-694
-254
56
356
355
485
694
954
1288
1586
1786
1966
2117
2008
1729
1415
989
249
-471
-1122
-1640
-2244
-2769
-3010
-3099
-2821
-2602
-2218
-2032
-1531
-1000
-799
-517
-253
36
87
201
367
484
636
739
784
709
646
418
-17
-599
-1204
-1810
-2368
-2945
-3415
-3615
-3625
-3629
-3545
-3297
-3017
-2656
-2181
-1798
-1485
-1202
-1047
-871
-664
-554
-407
-264
10
232
475
725
749
916
955
1025
971
1000
1027
913
754
784
766
592
754
928
1277
1363
1548
1814
2026
2264
2370
2502
2693
2729
2707
2932
3039
3131
3018
3072
3242
3379
3592
3781
3854
3928
4143
4139
3967
3290
2552
2025
1356
187
-1257
-2244
-2846
-3475
-4145
-4467
-4341
-4121
-3700
-3195
-2459
-1791
-1365
-926
-570
-135
-18
216
362
435
696
1068
1363
1528
1752
1955
1932
1768
1417
1015
450
-299
-979
-1659
-2103
-2744
-3131
-3279
-3142
-2866
-2628
-2292
-1782
-1339
-1011
-663
-432
-153
-70
78
202
276
353
376
337
168
209
175
-144
-591
-1116
-1455
-1823
-2352
-2752
-3283
-3577
-3624
-3784
-3602
-3394
-3150
-2721
-2288
-1867
-1561
-1175
-836
-766
-602
-296
-182
-80
61
245
510
609
747
804
901
794
868
833
736
669
549
529
440
526
564
662
784
919
1236
1511
1728
1897
2078
2342
2487
2722
2781
2708
2784
2926
2988
3021
3159
3185
3326
3481
3568
3659
3774
3879
4062
3690
2855
2131
1582
692
-657
-1928
-2717
-3198
-3789
-4341
-4435
-4137
-3694
-3240
-2650
-1872
-1402
-858
-418
-124
127
390
634
616
703
1058
1480
1664
1691
1951
2165
2198
1904
1670
1280
544
-202
-913
-1415
-1993
-2640
-2944
-2976
-2731
-2471
-2122
-1753
-1270
-868
-420
-43
87
232
324
380
353
404
387
407
490
440
315
235
1
-367
-731
-1247
-1812
-2298
-2686
-3140
-3311
-3435
-3581
-3481
-3133
-2768
-2391
-1894
-1624
-1169
-752
-465
-195
53
168
213
401
637
777
897
1047
1213
1324
1349
1309
1358
1309
1014
861
728
772
759
585
616
672
925
1053
1328
1611
1831
2038
2116
2283
2415
2555
2644
2657
2762
2929
2936
3067
3194
3328
3509
3663
3779
3898
3889
3991
4012
3773
3291
2567
1947
1404
448
-774
-1732
-2472
-2917
-3577
-3864
-3820
-3695
-3308
-2865
-2164
-1560
-1080
-655
-184
185
399
663
909
928
1127
1475
1621
1760
1956
2078
2128
1986
1726
1392
733
2
-662
-1274
-1829
-2362
-2718
-3042
-2934
-2625
-2359
-1989
-1572
-1076
-757
-397
-157
44
115
213
282
249
314
278
248
246
92
16
-205
-391
-737
-1130
-1460
-1987
-2491
-2838
-3187
-3446
-3376
-3311
-3129
-2817
-2386
-1968
-1592
-1187
-913
-677
-407
-149
14
203
277
310
403
611
806
945
1077
1084
1235
1188
1073
862
778
819
639
529
550
641
774
921
1041
1274
1586
1806
1965
2184
2378
2473
2493
2588
2757
2779
2795
2762
2802
2917
3101
3202
3242
3453
3666
3944
4223
4283
4134
3655
2905
2200
1536
325
-1111
-2135
-2888
-3600
-4223
-4471
-4363
-4089
-3563
-2970
-2183
-1553
-977
-483
-70
251
492
751
770
805
1030
1288
1529
1663
1877
2167
2263
2006
1717
1360
825
48
-801
-1429
-2135
-2640
-3056
-3319
-3277
-2915
-2618
-2334
-1803
-1302
-925
-558
-330
-176
39
113
148
176
273
277
369
355
225
222
37
-270
-515
-990
-1433
-1944
-2434
-2839
-3135
-3285
-3416
-3279
-3041
-2823
-2328
-1894
-1475
-1039
-764
-460
-293
-92
34
20
222
396
517
714
774
1049
1195
1182
1214
1246
1292
1259
1147
985
919
895
786
838
907
1107
1237
1351
1535
1772
2080
2218
2449
2607
2710
2883
3037
3071
3069
3121
3228
3298
3430
3710
3876
4099
4331
4510
4558
4334
3697
2941
2291
1378
142
-1172
-2280
-3195
-3789
-4128
-4178
-4121
-3795
-3187
-2474
-1679
-962
-426
-28
394
554
776
944
935
1022
1093
1428
1712
1942
2288
2382
2328
2199
1921
1470
847
6
-812
-1518
-2193
-2694
-3029
-3192
-3135
-2931
-2405
-1848
-1372
-869
-575
-122
136
181
162
309
369
304
426
444
453
429
402
293
55
-256
-651
-1144
-1621
-2180
-2661
-3123
-3540
-3631
-3704
-3585
-3352
-3091
-2627
-2150
-1657
-1213
-940
-647
-369
-170
-2
103
172
306
461
604
756
809
1053
1149
1168
1211
1114
1081
929
865
736
606
602
632
711
793
1051
1325
1535
1727
1828
2100
2379
2390
2439
2511
2637
2793
2809
2903
3031
3107
3282
3388
3717
3916
4013
4409
4549
4531
4209
3468
2764
2124
1084
-324
-1425
-2361
-3215
-3838
-4220
-4190
-3887
-3574
-2974
-2236
-1518
-884
-426
77
281
515
908
857
747
907
1188
1611
1708
1870
2107
2242
2182
1950
1580
1042
365
-569
-1300
-1911
-2401
-2875
-3171
-3151
-3005
-2616
-2177
-1691
-1240
-762
-300
9
345
401
476
539
670
661
628
496
351
289
125
20
-387
-746
-1158
-1728
-2225
-2686
-3107
-3541
-3824
-3892
-3851
-3656
-3389
-2982
-2519
-2038
-1540
-1171
-867
-565
-380
-213
-89
-4
98
294
348
376
543
557
584
653
772
691
693
591
425
398
353
323
302
350
533
825
972
1186
1365
1638
1835
1994
2183
2268
2399
2512
2484
2607
2765
2832
2933
3001
3222
3515
3705
3846
4170
4422
4653
4634
4241
3461
2609
1912
812
-661
-1947
-2803
-3660
-4390
-4561
-4509
-4231
-3653
-3031
-2254
-1382
-787
-411
89
376
600
842
863
916
976
1246
1551
1778
2071
2181
2161
2013
1787
1379
690
-89
-874
-1676
-2348
-2882
-3401
-3583
-3425
-3223
-2799
-2279
-1726
-1032
-469
24
375
698
726
780
805
804
828
751
690
507
407
230
-62
-586
-1022
-1303
-1823
-2365
-2826
-3320
-3650
-3818
-3879
-3873
-3652
-3362
-2927
-2365
-1888
-1484
-1097
-903
-668
-374
-169
-109
-108
-7
157
266
289
417
411
514
503
523
448
310
359
277
91
58
136
127
264
401
534
779
913
1200
1518
1740
2007
2176
2291
2367
2420
2597
2621
2593
2794
2950
3035
3298
3562
3541
3663
3985
4114
4294
4378
4035
3166
2346
1763
928
-361
-1721
-2682
-3234
-3879
-4351
-4485
-4164
-3738
-3313
-2638
-1733
-1044
-587
-89
236
608
877
1046
839
850
1256
1416
1464
1608
1688
1818
1771
1552
1157
530
-108
-892
-1620
-2144
-2564
-3117
-3439
-3342
-2985
-2534
-2083
-1520
-1036
-455
1
282
515
715
899
876
833
691
555
478
211
16
-90
-327
-726
-1193
-1617
-1969
-2410
-2854
-3258
-3654
-3783
-3891
-3856
-3754
-3547
-3157
-2682
-2155
-1767
-1375
-1051
-733
-430
-280
-212
-174
-69
31
48
114
21
86
71
101
167
90
89
61
5
-48
-70
41
155
327
525
695
856
964
1157
1306
1534
1772
1920
1978
2154
2285
2352
2387
2523
2638
2715
2832
3018
3236
3423
3714
3892
4074
4201
4453
4398
3982
3025
1963
1125
14
-1332
-2660
-3714
-4642
-5078
-5079
-4873
-4549
-3905
-3180
-2282
-1410
-755
-209
151
384
565
602
517
521
606
754
1059
1323
1440
1652
1628
1411
1100
555
-46
-742
-1596
-2408
-2915
-3316
-3685
-3754
-3529
-3122
-2513
-1983
-1375
-772
-239
279
524
642
690
680
657
514
376
256
186
-15
-187
-313
-604
-988
-1362
-1776
-2295
-2724
-3134
-3614
-3920
-4017
-3902
-3684
-3399
-2982
-2527
-2033
-1579
-1114
-733
-486
-185
-57
-89
-50
22
99
52
285
330
391
517
583
656
624
579
511
444
335
306
294
384
537
689
754
817
1062
1330
1536
1613
1807
1987
2030
2141
2289
2438
2469
2521
2570
2770
2834
2986
3147
3419
3728
3915
4189
4212
4429
4618
4327
3523
2569
1953
1147
-134
-1574
-2621
-3351
-4095
-4617
-4786
-4538
-4072
-3585
-2908
-2005
-1271
-759
-284
158
398
698
857
792
748
911
1147
1244
1367
1538
1634
1615
1321
930
493
-75
-831
-1617
-2224
-2570
-2982
-3269
-3194
-2944
-2557
-2171
-1658
-1124
-554
-113
319
519
714
727
813
899
852
790
674
511
290
94
-125
-452
-1189
-1977
-2565
-2857
-3482
-4284
-4676
-4705
-4503
-4307
-4084
-3606
-2970
-2263
-1765
-1163
-686
-416
-352
-219
-148
-26
-63
-364
-191
23
162
134
183
336
445
426
340
228
138
129
65
-36
104
368
565
665
878
1226
1416
1415
1406
1581
1669
1820
1860
1953
2186
2483
2648
2722
2982
3331
3531
3525
3581
3831
4012
3972
4066
4114
4150
4202
4030
3405
2534
1806
1073
-218
-1675
-2710
-3571
-4347
-4814
-4964
-4799
-4391
-3922
-3132
-2192
-1376
-593
-138
308
538
776
944
852
919
1070
1285
1274
1429
1616
1636
1561
1288
1015
597
-4
-680
-1475
-2024
-2449
-2918
-3178
-3214
-2965
-2726
-2310
-1716
-1046
-525
-29
293
606
852
929
977
972
834
571
462
141
-134
-228
-375
-816
-1126
-1526
-2047
-2465
-2978
-3314
-3585
-3812
-3967
-3866
-3697
-3346
-2906
-2396
-1889
-1376
-772
-469
-241
-14
127
214
229
197
211
303
424
438
616
788
758
821
789
719
611
526
516
487
466
498
524
750
873
918
1094
1339
1664
1822
1969
2091
2353
2610
2657
2681
2736
2987
3061
3119
3147
3256
3613
3848
3936
4108
4247
4401
4519
4653
4621
3833
2648
1768
971
-251
-1679
-2921
-3816
-4460
-4789
-4794
-4497
-4062
-3510
-2747
-1807
-955
-370
209
629
760
1099
1198
1087
976
1243
1459
1536
1667
1783
1839
1627
1452
1020
658
165
-576
-1327
-1875
-2181
-2450
-2791
-2755
-2423
-2129
-1792
-1338
-726
-150
191
540
665
736
830
620
532
347
180
79
-202
-521
-526
-654
-1113
-1416
-1702
-2039
-2397
-2830
-3174
-3435
-3537
-3510
-3425
-3133
-2765
-2316
-1973
-1573
-1085
-686
-360
-230
9
130
199
277
255
344
518
416
452
634
744
789
753
742
675
652
586
439
411
441
437
472
456
680
1004
1199
1572
1762
1842
1924
2148
2257
2436
2474
2519
2704
2830
2927
3054
3194
3310
3607
3786
3760
3819
3953
3978
4035
4088
3713
2811
2031
1424
501
-902
-2088
-2913
-3760
-4361
-4645
-4506
-4085
-3684
-3223
-2467
-1501
-741
-222
285
511
797
974
1018
1028
1075
1123
1204
1204
1251
1335
1181
1158
861
568
132
-536
-1118
-1747
-2165
-2467
-2815
-2965
-2710
-2499
-2120
-1681
-1090
-467
-19
291
523
766
890
881
752
591
379
336
111
-198
-439
-671
-1382
-1905
-2203
-2576
-3126
-3604
-3840
-3998
-4101
-3984
-3823
-3638
-3106
-2681
-2271
-1782
-1326
-988
-737
-771
-532
-397
-330
-393
-385
-169
0
18
-14
103
200
275
228
262
238
254
85
64
181
282
338
316
558
762
1070
1242
1322
1546
1600
1850
2065
2150
2276
2460
2710
2797
2991
3005
3001
3105
3074
3205
3290
3271
3401
3426
3489
3607
3762
3895
3543
2851
2267
1694
717
-640
-1808
-2486
-3369
-4178
-4601
-4524
-4144
-3762
-3186
-2425
-1499
-779
-128
367
631
878
1196
1175
934
1009
1156
1068
1042
1153
1357
1411
1243
1100
821
391
-114
-675
-1185
-1593
-2118
-2545
-2653
-2479
-2186
-1907
-1551
-927
-479
-46
237
595
777
650
601
485
219
-62
-138
-416
-684
-940
-1006
-1196
-1505
-1666
-1823
-2188
-2624
-2898
-3257
-3439
-3529
-3461
-3451
-3156
-2692
-2308
-1787
-1365
-896
-492
-318
-99
83
120
152
129
90
84
158
244
466
626
670
742
779
675
624
475
330
383
361
364
448
651
839
957
1195
1397
1643
1850
2072
2204
2351
2498
2633
2800
2760
2770
2946
3024
3102
3290
3323
3420
3611
3703
3650
3715
3791
3877
3676
2826
2108
1518
660
-679
-1770
-2602
-3296
-3937
-4301
-4235
-4104
-3675
-3008
-2165
-1427
-772
-157
333
641
904
1012
1080
1014
961
1056
1015
944
1126
1154
1207
1237
987
712
291
-130
-817
-1371
-1684
-2118
-2507
-2691
-2484
-2215
-1887
-1517
-1039
-521
-77
197
337
408
409
293
108
4
-224
-429
-678
-898
-1013
-1098
-1356
-1627
-1834
-2126
-2457
-2782
-3055
-3368
-3469
-3518
-3463
-3410
-3106
-2735
-2399
-2045
-1583
-1083
-760
-490
-370
-134
-44
-129
-70
-20
111
242
350
495
531
760
815
731
689
663
437
283
372
389
374
407
362
599
864
983
1262
1506
1770
1924
2168
2421
2464
2496
2598
2650
2736
2790
2870
3076
3071
3179
3269
3346
3434
3541
3759
3846
3555
2985
2380
1780
979
-351
-1487
-2258
-3024
-3868
-4329
-4485
-4179
-3778
-3403
-2629
-1761
-1083
-452
104
432
689
876
838
796
845
800
845
799
836
1047
1046
934
753
392
70
-290
-999
-1501
-1842
-2275
-2512
-2641
-2501
-2284
-2015
-1618
-1306
-717
-197
123
430
602
623
576
449
328
187
-2
-199
-501
-737
-849
-1120
-1428
-1660
-1947
-2267
-2599
-2951
-3255
-3375
-3375
-3357
-3240
-2992
-2687
-2260
-1962
-1542
-1103
-831
-580
-339
-202
-126
-39
-20
13
106
243
294
411
569
669
732
722
789
850
856
803
760
713
719
766
875
1014
1157
1365
1427
1598
1766
1784
1960
2174
2232
2413
2528
2693
2722
2686
2819
2906
3096
3273
3350
3540
3602
3673
3734
3960
4097
3810
3147
2375
1783
767
-455
-1563
-2582
-3341
-3963
-4312
-4261
-3931
-3625
-3099
-2150
-1380
-712
-111
378
592
732
867
803
605
641
851
933
999
1115
1175
1186
1187
953
556
195
-411
-1052
-1578
-1936
-2255
-2589
-2587
-2385
-2033
-1657
-1311
-771
-181
236
615
923
1016
1098
1084
1017
900
763
654
413
167
48
-268
-621
-806
-1043
-1530
-1991
-2511
-3251
-3774
-3987
-4294
-4627
-4506
-4183
-3719
-3120
-2415
-1850
-1234
-601
-250
84
360
256
153
180
88
94
122
-65
-24
191
185
265
365
380
247
148
191
28
40
188
227
321
584
940
1184
1389
1708
1926
2230
2269
2352
2507
2460
2559
2686
2872
2808
2955
3167
3183
3304
3487
3542
3497
3482
3483
3571
3760
3713
3365
2625
1979
1431
355
-926
-1989
-2767
-3609
-4254
-4206
-4103
-3877
-3437
-2795
-1846
-1137
-505
21
433
632
830
776
599
555
624
682
655
875
1061
1122
1024
1053
784
450
55
-625
-1284
-1853
-2204
-2537
-2759
-2732
-2517
-2041
-1544
-1159
-559
-58
331
611
817
863
916
809
589
593
543
464
283
44
-114
-290
-547
-767
-1211
-1701
-2172
-2486
-3013
-3638
-4155
-4465
-4389
-4404
-4378
-4146
-3618
-3009
-2343
-1777
-1221
-671
-314
-17
158
159
93
-21
-104
-140
-145
-118
-322
-118
55
-15
-75
-100
-54
-56
-50
-172
-27
116
201
244
472
859
1130
1298
1693
2042
2121
2308
2449
2413
2549
2727
2752
2843
2859
2917
2957
3070
3235
3429
3477
3514
3607
3682
3663
3755
3934
3680
2965
2177
1603
824
-288
-1370
-2243
-2948
-3555
-3734
-3701
-3448
-3059
-2579
-1717
-844
-377
101
536
721
926
849
798
772
708
803
896
1000
1098
1124
1179
990
776
511
79
-439
-1072
-1630
-1927
-2389
-2561
-2502
-2266
-1747
-1364
-921
-293
258
567
769
1080
1161
1057
1026
830
711
605
459
213
60
-108
-254
-623
-970
-1321
-1764
-2213
-2757
-3084
-3405
-3592
-3664
-3622
-3236
-3054
-2751
-2260
-1820
-1283
-969
-728
-534
-247
-93
-30
112
113
184
338
344
369
526
563
504
478
358
277
136
130
104
46
187
315
481
621
720
922
1108
1365
1594
1775
2008
2252
2393
2672
2698
2818
2968
2960
3040
3022
3137
3083
3170
3309
3377
3490
3665
3833
3947
4004
4119
4237
3752
2928
2088
1343
232
-1030
-2058
-2953
-3656
-4029
-3942
-3712
-3190
-2594
-1910
-1116
-503
9
469
665
760
824
909
824
776
917
1114
1248
1452
1646
1626
1483
1312
793
283
-395
-1106
-1727
-2179
-2344
-2572
-2464
-2226
-1817
-1346
-809
-295
179
559
913
1058
979
986
1053
824
704
727
640
578
379
207
-144
-486
-914
-1486
-2109
-2670
-3106
-3405
-3812
-3868
-3758
-3596
-3246
-2722
-2251
-1734
-1255
-946
-716
-483
-291
-253
-295
-210
-38
23
21
102
186
342
490
517
430
264
38
14
-103
-299
-223
-229
-165
14
242
552
648
914
1246
1328
1447
1609
1820
2002
2035
2207
2367
2462
2618
2721
2653
2562
2645
2603
2687
2616
2610
2838
2898
3072
3243
3516
3829
4157
3968
3202
2517
1841
984
-291
-1548
-2537
-3275
-3756
-3942
-3929
-3480
-2923
-2262
-1559
-820
-144
69
259
256
335
398
251
255
422
657
827
1109
1316
1357
1442
1210
683
279
-201
-847
-1779
-2376
-2621
-2774
-2669
-2540
-2139
-1588
-1001
-588
-120
378
581
645
614
599
506
390
239
118
111
-21
-165
-285
-512
-683
-1057
-1591
-2130
-2458
-2894
-3312
-3557
-3616
-3472
-3400
-3054
-2761
-2428
-2046
-1728
-1416
-1137
-1050
-928
-881
-649
-486
-318
-148
-33
126
160
201
257
202
278
170
-7
-84
-46
115
78
148
317
499
637
803
926
1134
1263
1318
1441
1491
1735
2016
2046
2214
2486
2683
2730
2787
2928
2924
2836
2794
2931
3025
3231
3342
3499
3725
3965
4258
4420
4464
4059
3197
2320
1499
305
-1023
-2222
-2916
-3473
-3924
-4030
-3688
-3152
-2649
-1931
-1220
-637
-165
73
96
238
439
476
410
535
761
1123
1324
1571
1698
1577
1392
911
375
-138
-730
-1494
-2105
-2421
-2516
-2569
-2338
-1799
-1321
-843
-490
-58
246
447
553
530
513
507
477
410
476
494
539
408
296
171
-221
-645
-1113
-1600
-2181
-2708
-3054
-3241
-3386
-3305
-3249
-3099
-2828
-2487
-2285
-2078
-1780
-1582
-1262
-1115
-1028
-692
-379
-128
44
361
424
465
511
366
304
202
14
-181
-213
-294
-370
-321
-141
-15
79
215
399
497
602
782
824
946
1159
1345
1565
1861
2083
2319
2440
2529
2682
2651
2628
2569
2574
2501
2522
2629
2765
3066
3286
3534
3687
3879
4144
4356
4287
3471
2526
1735
899
-369
-1672
-2556
-3165
-3627
-3778
-3581
-3068
-2558
-2142
-1652
-1074
-527
-261
-32
45
132
346
442
658
1017
1238
1450
1736
1759
1752
1465
1074
369
-273
-804
-1546
-2083
-2439
-2473
-2312
-2114
-1715
-1256
-707
-329
-106
136
357
401
368
385
483
667
677
789
1046
1185
1053
905
636
176
-239
-659
-1294
-1872
-2343
-2856
-3332
-3511
-3458
-3471
-3442
-3246
-3111
-2943
-2609
-2154
-1889
-1643
-1421
-1023
-624
-325
172
229
284
380
550
360
90
-63
-266
-415
-519
-591
-761
-592
-504
-444
-229
-60
109
51
165
383
450
562
771
1070
1289
1515
1788
2069
2348
2481
2507
2615
2741
2619
2598
2473
2469
2650
2666
2834
3039
3253
3422
3627
3755
3840
4007
4191
4229
3949
3098
2026
1231
247
-995
-1986
-2726
-3264
-3597
-3628
-3189
-2811
-2327
-1856
-1376
-901
-478
-270
-283
-241
8
168
328
760
1119
1371
1610
1808
1777
1665
1282
670
-139
-896
-1464
-2028
-2454
-2538
-2438
-2118
-1738
-1267
-749
-484
-167
40
-9
83
254
219
360
592
808
943
1092
1230
1183
999
598
128
-388
-1067
-1470
-1941
-2412
-2490
-2714
-2878
-2734
-2588
-2582
-2806
-2953
-2967
-3075
-3089
-3027
-2650
-2213
-1719
-1190
-625
99
409
603
618
546
328
27
-388
-644
-776
-862
-783
-753
-648
-511
-493
-414
-467
-526
-529
-583
-459
-277
102
442
722
1134
1584
2041
2368
2643
2833
2692
2549
2466
2333
2247
2224
2239
2363
2563
2660
2926
3097
3259
3261
3219
3334
3384
3372
3350
3514
3729
3630
2871
1957
1303
348
-823
-1887
-2668
-3252
-3588
-3565
-3262
-2677
-2116
-1691
-1229
-672
-328
-232
-238
-220
55
184
391
818
1294
1668
1899
2021
1825
1581
1221
423
-480
-1085
-1696
-2153
-2420
-2329
-2107
-1842
-1376
-874
-574
-300
-177
-202
-177
-111
-31
-5
159
375
622
854
990
1027
1017
644
110
-420
-935
-1440
-1871
-2293
-2445
-2502
-2603
-2724
-2996
-3181
-3307
-3234
-3354
-3243
-2846
-2261
-1724
-1252
-618
-162
138
267
389
418
219
-88
-384
-704
-767
-844
-908
-910
-802
-730
-631
-517
-569
-732
-786
-594
-542
-366
-226
51
437
841
1282
1571
1684
1835
1935
2094
2153
2120
2102
2049
2147
2146
2166
2314
2198
2114
2209
2276
2264
2277
2314
2446
2723
2791
2935
3231
3542
3767
3851
3504
2520
1436
599
-313
-1348
-2298
-2834
-3034
-3181
-2960
-2548
-2193
-1844
-1558
-1482
-1190
-884
-816
-717
-538
-152
393
868
1542
2040
2171
2235
1860
1527
1103
488
-288
-927
-1347
-1661
-1674
-1635
-1514
-1274
-1055
-958
-906
-861
-708
-700
-804
-658
-503
-200
36
274
563
825
903
795
510
35
-373
-878
-1388
-1799
-2128
-2232
-2308
-2272
-2243
-2154
-2188
-2344
-2302
-2277
-2290
-2123
-1819
-1645
-1284
-1014
-751
-499
-328
-285
-259
-224
-305
-340
-489
-686
-516
-366
-486
-341
-264
-130
-42
-170
-269
-366
-412
-345
-150
-36
90
358
620
897
1263
1430
1662
1807
1839
1824
1858
1865
1915
1919
1799
1950
2074
2173
2130
2122
2192
2213
2347
2467
2533
2719
2787
2857
3021
3158
3281
3467
3519
2963
2163
1384
599
-251
-1173
-1993
-2495
-2861
-2871
-2749
-2546
-2195
-1882
-1648
-1398
-1043
-750
-533
-326
-102
186
657
1143
1476
1709
1811
1723
1477
1099
630
222
-245
-655
-986
-1314
-1323
-1357
-1262
-1164
-1089
-1078
-999
-902
-902
-912
-811
-632
-394
-24
306
471
622
751
807
650
344
-40
-367
-660
-1096
-1445
-1656
-1802
-1821
-1773
-1930
-1888
-1808
-1874
-1751
-1704
-1571
-1379
-1244
-1115
-909
-669
-521
-436
-362
-320
-231
-124
-271
-196
-282
-244
-229
-231
-367
-376
-314
-296
-280
-308
-220
-284
-169
-132
43
153
336
488
628
912
1097
1302
1375
1459
1547
1689
1879
1972
1966
1975
1971
1872
1858
1892
1990
1948
1890
1976
2109
2293
2511
2680
2724
2598
2721
3027
3019
3072
3215
3301
2893
2086
1345
631
-191
-1110
-1753
-2318
-2683
-2628
-2540
-2237
-1850
-1664
-1562
-1424
-1280
-1034
-818
-660
-414
3
445
807
1200
1523
1641
1586
1541
1224
880
493
-22
-325
-598
-803
-882
-1041
-1035
-1041
-1042
-1069
-1218
-1157
-1181
-1128
-987
-670
-496
-208
119
293
575
727
671
534
310
41
-235
-511
-743
-950
-1115
-1420
-1579
-1641
-1715
-1754
-1848
-1906
-1961
-1982
-1874
-1682
-1569
-1347
-1202
-1004
-716
-500
-355
-286
-171
-229
-100
-133
-29
-21
-189
-172
-226
-255
-296
-290
-364
-378
-280
-134
-29
102
266
279
447
534
669
874
1006
1073
1184
1477
1722
1878
1966
2234
2239
2196
2222
2341
2354
2127
1998
2026
2018
2050
2271
2418
2537
2650
2732
2699
2726
2807
2830
2944
3159
3163
2630
1889
1281
599
-214
-998
-1360
-1654
-2055
-2051
-1860
-1633
-1476
-1220
-1087
-1031
-959
-869
-764
-545
-79
209
659
1042
1442
1770
1882
1789
1633
1391
993
710
294
22
-219
-476
-668
-698
-708
-767
-843
-956
-1040
-1155
-1278
-1243
-1013
-791
-653
-393
-46
169
341
355
382
419
276
134
-92
-204
-436
-709
-893
-816
-866
-1118
-1050
-1219
-1448
-1534
-1565
-1636
-1730
-1676
-1622
-1425
-1233
-1031
-798
-660
-538
-388
-296
-117
-70
-156
-159
-180
-184
-208
-331
-416
-506
-490
-383
-385
-366
-312
-220
-184
-115
3
117
328
456
609
806
1105
1314
1497
1567
1628
1805
1895
2071
2093
2029
2096
2037
1908
2037
2016
2090
2080
2123
2210
2220
2275
2422
2647
2733
2762
2828
3015
3116
3183
3015
2449
1738
980
91
-657
-1023
-1307
-1632
-1721
-1778
-1634
-1516
-1467
-1363
-1212
-1124
-1146
-1031
-950
-714
-207
347
818
1238
1545
1831
1901
1940
1863
1588
1283
816
533
338
115
-73
-215
-341
-551
-886
-998
-1167
-1343
-1445
-1526
-1549
-1429
-1219
-893
-503
-231
-19
220
287
392
511
549
598
666
656
478
420
337
116
-63
-264
-587
-964
-1442
-1894
-2077
-2221
-2322
-2090
-1872
-1633
-1491
-1257
-969
-855
-702
-711
-624
-400
-313
-128
24
9
95
113
77
125
124
73
-71
-249
-312
-275
-287
-193
-82
36
51
94
205
377
467
603
895
1204
1423
1489
1637
1860
2026
2097
2128
2147
2061
2068
2006
1988
1972
1945
2072
2112
2161
2251
2329
2321
2277
2362
2274
2196
2214
2326
2562
2529
2353
2027
1607
1031
414
-257
-789
-1073
-1185
-1081
-1103
-1091
-1055
-1048
-1092
-979
-1009
-964
-801
-691
-328
-117
200
658
1118
1321
1352
1384
1256
1165
951
825
631
481
474
300
294
128
-67
-268
-504
-559
-850
-869
-933
-850
-624
-512
-393
-196
147
274
460
576
677
759
680
767
753
798
956
913
825
499
315
79
-157
-269
-582
-625
-683
-716
-499
-386
-321
-248
-124
-64
-98
-141
-152
-194
-113
-214
-243
-305
-239
-126
-139
-105
-204
-177
-262
-250
-270
-412
-333
-361
-396
-217
-121
-80
7
175
180
159
106
272
369
381
431
403
349
506
492
382
349
230
101
57
-79
-152
-213
-247
-307
-261
-342
-484
-359
-519
-426
-422
-398
-351
-267
-319
-357
-239
-244
-285
-306
-353
-291
-301
-324
-336
-356
-349
-350
-323
-404
-349
-386
-354
-278
-264
-245
-148
-70
-70
-56
-137
-162
-76
-65
-113
-139
-106
-231
-280
-350
-481
-519
-584
-640
-753
-862
-826
-779
-700
-744
-712
-594
-645
-596
-497
-517
-391
-368
-374
-208
-229
-293
-369
-284
-303
-417
-427
-478
-495
-562
-642
-699
-603
-511
-464
-411
-348
-367
-308
-261
-104
-80
-182
-202
-213
-253
-307
-187
-206
-209
-195
-255
-284
-253
-317
-339
-367
-346
-324
-389
-405
-341
-224
-143
-25
-24
-16
84
129
74
88
109
123
169
134
169
99
97
127
39
32
-39
-58
-112
-125
-176
-357
-324
-364
-452
-448
-417
-433
-398
-340
-246
-324
-470
-393
-513
-565
-477
-511
-439
-361
-332
-306
-365
-314
-295
-403
-391
-234
-166
-220
-221
-62
-135
-269
-137
-45
47
30
-128
-31
-42
-191
-74
-196
-254
-241
-223
-180
-294
-232
-309
-312
-447
-515
-574
-725
-611
-571
-477
-461
-473
-545
-572
-564
-485
-569
-545
-341
-316
-324
-454
-572
-844
-1041
-1484
-1815
-1874
-1943
-1526
-771
-209
336
611
523
218
-264
-434
-512
-552
-393
-271
-88
-15
-297
-541
-944
-2079
-2586
-2779
-3026
-2710
-2406
-1745
-965
-623
-889
-1306
-1576
-1497
-1084
-570
-116
346
731
780
518
158
-219
-365
-485
-683
-775
-636
-355
-324
-417
-557
-907
-1184
-1250
-1267
-1269
-1274
-1350
-1229
-1047
-884
-661
-484
-156
-146
-222
-319
-425
-217
-140
-91
-99
73
123
-14
-184
-333
-494
-658
-813
-998
-1042
-897
-709
-789
-791
-715
-691
-635
-504
-448
-302
-49
-26
23
219
250
333
467
408
506
380
262
106
49
129
4
-73
-130
-260
-396
-470
-496
-581
-619
-567
-597
-595
-533
-556
-497
-393
-312
-220
-201
-212
-232
-242
-308
-217
-147
-83
-65
-37
-99
-181
-220
-214
-132
-164
-149
-49
-60
-114
-95
-204
-255
-242
-252
-135
-101
-43
-120
-141
-68
-89
-133
-47
-59
-194
-127
-179
-101
-55
-48
19
77
-67
-217
-194
-83
31
140
152
131
159
119
34
68
169
248
233
247
210
94
74
159
145
36
112
221
211
34
41
152
340
381
504
585
741
951
862
701
610
627
662
699
784
837
922
911
1035
1054
1126
1140
1219
1212
1040
1015
1021
1169
1240
1338
1423
1606
1512
1454
1524
1394
1241
1147
959
814
781
661
515
319
203
-53
-330
-524
-656
-783
-855
-952
-994
-1040
-1073
-1109
-1176
-1213
-1125
-1063
-937
-883
-763
-492
-490
-418
-324
-347
-350
-484
-561
-591
-673
-656
-821
-792
-805
-835
-838
-896
-879
-835
-876
-934
-806
-819
-757
-770
-812
-749
-695
-564
-524
-547
-470
-381
-361
-251
-330
-272
-199
-182
-182
-172
-22
-1
58
88
114
50
-1
58
156
221
305
346
382
342
305
340
349
513
530
587
649
525
515
515
400
373
583
687
598
608
679
748
761
783
925
1030
1032
1056
918
829
906
970
932
947
1066
1206
1206
1257
1202
1062
881
636
474
219
91
13
-2
79
154
32
-193
-292
-475
-632
-717
-799
-794
-733
-574
-424
-238
-210
-361
-390
-459
-398
-353
-323
-252
-158
-98
-80
20
-101
-205
-239
-400
-412
-393
-459
-548
-521
-500
-489
-524
-596
-526
-501
-479
-308
-260
-326
-319
-410
-375
-240
-207
-172
-148
-50
-69
-122
-153
-43
-86
-156
-223
-298
-361
-300
-242
-408
-379
-447
-495
-548
-456
-271
-355
-313
-248
-319
-263
-235
-144
-74
-40
-5
59
114
99
83
124
120
195
332
255
330
355
343
406
325
217
202
221
203
300
312
347
407
399
260
213
254
210
251
132
106
265
225
162
130
157
203
35
38
55
-2
20
42
34
125
110
115
195
175
202
126
166
129
148
168
128
177
109
47
35
121
142
105
63
22
68
27
-92
-141
-157
-199
-166
-286
-273
-245
-340
-238
-233
-241
-195
-150
-132
-209
-176
-112
-102
-268
-421
-430
-485
-464
-480
-412
-470
-481
-377
-447
-381
-389
-357
-316
-311
-263
-261
-126
-157
-81
-113
-160
-120
-116
-215
-377
-272
-229
-218
-190
-271
-328
-332
-403
-488
-472
-402
-478
-459
-374
-351
-287
-270
-263
-203
-229
-177
-112
-95
-42
-105
-125
-45
64
126
220
168
153
121
126
207
133
152
93
117
112
-30
36
-20
-98
-117
-123
-106
-93
-137
-198
-82
-148
-120
-209
-258
-295
-274
-205
-345
-224
-355
-332
-201
-184
-322
-204
-162
-202
-100
-149
-86
11
-16
36
-21
-69
-79
-10
-14
-41
-77
-89
42
-18
-130
-122
-88
-60
-175
-56
-112
-104
-94
-143
-110
-147
-80
-196
-284
-156
-116
-26
24
-34
-132
-73
-51
-88
-60
-118
-22
27
-103
-129
-122
-124
-120
-36
-48
-107
-167
-175
-101
-43
-1
-80
-110
-151
-163
-66
-33
-81
-143
-139
-152
-113
-63
-215
-179
-260
-425
-412
-402
-489
-415
-297
-468
-439
-443
-457
-395
-371
-243
-244
-260
-207
-266
-216
-193
-150
-12
-66
-39
39
2
23
-7
-12
-38
-137
-125
-80
-67
-55
-100
-16
-31
-167
-56
-52
-39
36
51
46
121
223
221
107
36
240
306
253
152
2
111
29
12
-45
-88
-49
-4
35
-31
5
18
78
151
199
211
131
276
356
309
419
390
456
490
484
502
373
444
438
351
359
294
388
290
319
242
280
336
213
177
158
104
50
162
105
76
39
91
67
25
53
36
47
52
1
44
