-288
-140
-118
-260
-338
-388
-167
-103
-241
-203
-233
-222
-224
-176
-72
-31
-75
-177
-237
-174
-154
-187
-252
-334
-435
-400
-395
-401
-383
-274
-218
-301
-377
-520
-504
-524
-314
-252
-177
-158
-118
-23
-39
-26
-130
-179
-176
-356
-300
-356
-416
-375
-358
-435
-433
-275
-312
-291
-249
-106
-130
-230
-252
-319
-314
-342
-286
-319
-234
-248
-256
-218
-189
-218
-264
-402
-377
-179
-228
-231
-222
-166
-340
-660
-669
-676
-581
-639
-663
-527
-551
-486
-720
-738
-838
-908
-934
-1049
-814
-796
-960
-1062
-1105
-1283
-1380
-1368
-1439
-1461
-1345
-1182
-1130
-1195
-980
-1036
-1062
-946
-1015
-939
-851
-923
-979
-1077
-1113
-1023
-825
-924
-949
-918
-921
-900
-779
-622
-849
-869
-634
-523
-503
-447
-226
-108
-231
-235
-94
18
199
280
370
479
412
481
455
407
412
411
348
426
292
342
432
502
348
317
461
450
580
552
701
618
710
739
748
738
799
671
632
615
461
572
497
349
372
307
177
82
-120
-248
-309
-284
-340
-339
-470
-604
-696
-769
-756
-794
-806
-848
-817
-796
-827
-889
-747
-605
-590
-638
-451
-380
-588
-700
-775
-720
-959
-1263
-1227
-1198
-1409
-1511
-1542
-1498
-1523
-1527
-1488
-1573
-1548
-1510
-1357
-1288
-1296
-1243
-1111
-1001
-968
-890
-856
-721
-683
-799
-645
-504
-456
-511
-311
-126
-56
70
115
110
249
407
403
491
850
770
642
714
722
813
885
798
759
778
962
913
839
1015
957
1076
1192
1351
1569
1527
1551
1748
1727
1893
1810
1547
1579
1538
1244
965
704
646
323
-199
-646
-928
-1184
-1704
-1893
-1979
-1914
-1972
-1945
-1753
-1529
-1454
-1496
-1197
-931
-826
-778
-502
-204
-219
-37
77
79
271
399
507
346
276
354
185
39
-125
-403
-582
-947
-1225
-1354
-1572
-1673
-1778
-1753
-1567
-1528
-1569
-1726
-1749
-1634
-1567
-1612
-1682
-1620
-1504
-1553
-1689
-1771
-1759
-1854
-2040
-2244
-2255
-2103
-2214
-2320
-2306
-2215
-2218
-2303
-2214
-2171
-2142
-2156
-2072
-1854
-1720
-1533
-1604
-1566
-1328
-1136
-954
-777
-422
-267
-216
-135
44
228
400
434
456
517
524
694
708
691
791
964
1175
1309
1450
1584
1762
1930
2081
2301
2363
2514
2593
2534
2641
2617
2648
2492
2224
2021
1816
1720
1117
573
88
-490
-817
-1132
-1678
-2177
-2596
-2697
-2843
-3013
-2917
-2540
-2245
-2174
-1819
-1448
-952
-719
-439
-380
-78
205
371
495
580
966
955
1058
1206
1166
1018
743
433
150
-353
-827
-1338
-1788
-2159
-2436
-2517
-2731
-2724
-2658
-2680
-2651
-2354
-2155
-1970
-1829
-1541
-1266
-1273
-976
-915
-835
-867
-765
-654
-809
-812
-837
-823
-1075
-1435
-1599
-1744
-1933
-2213
-2315
-2419
-2519
-2597
-2506
-2277
-2163
-1961
-1902
-1602
-1257
-1064
-853
-781
-454
-226
-155
-21
175
221
394
506
460
591
732
738
891
1007
1096
1125
1147
1257
1282
1329
1369
1348
1528
1743
1838
2023
2255
2449
2678
2780
2801
3005
3209
3328
3476
3569
3520
3368
3265
3185
2953
2546
1997
1706
1166
364
-147
-553
-1024
-1627
-1965
-2117
-2157
-2191
-2287
-2224
-1985
-1734
-1420
-1120
-664
-442
-392
-153
154
518
709
894
1059
1175
1376
1561
1618
1501
1377
1132
918
603
231
-234
-806
-1276
-1650
-2064
-2427
-2644
-2760
-2713
-2848
-2775
-2453
-2217
-2048
-2007
-1838
-1866
-1724
-1723
-1499
-1397
-1506
-1383
-1275
-872
-946
-1001
-909
-1025
-1206
-1450
-1620
-1923
-2144
-2310
-2535
-2630
-2621
-2477
-2405
-2186
-1938
-1649
-1333
-1055
-854
-578
-351
-141
265
404
607
859
1132
1384
1544
1583
1606
1765
1815
1789
1721
1640
1576
1485
1581
1595
1562
1468
1615
1685
1746
1949
2200
2414
2570
2918
3295
3644
3595
3595
3543
3351
3027
2499
2063
1230
106
-751
-1186
-1816
-2693
-3363
-3677
-3423
-3517
-3515
-3102
-2635
-2244
-2026
-1573
-1135
-675
-426
-213
127
502
1045
1364
1430
1823
2123
2388
2568
2307
2211
2004
1531
997
348
-397
-1005
-1680
-2196
-2449
-2646
-2789
-3012
-2963
-2748
-2399
-1980
-2035
-1954
-1535
-1126
-1099
-1090
-896
-795
-700
-761
-487
-340
-441
-464
-548
-468
-431
-925
-1383
-1651
-1954
-2296
-2649
-3007
-3248
-3264
-3285
-3043
-2763
-2605
-2284
-2026
-1592
-1293
-1222
-1108
-860
-658
-357
-267
-272
-33
168
427
334
491
635
676
599
571
802
690
705
710
784
729
794
881
870
1055
1180
1249
1419
1642
1738
1967
2189
2299
2439
2695
2689
2864
2988
3087
3222
2996
2771
2612
2354
1853
641
-269
-737
-1213
-2114
-2972
-3535
-3600
-3523
-3739
-3536
-3081
-2613
-2239
-1795
-1163
-601
-365
-3
250
586
1009
1289
1416
1504
2017
2307
2394
2324
2275
2266
1902
1400
910
416
-254
-1179
-1720
-2118
-2482
-2798
-3084
-2905
-2678
-2415
-2292
-2105
-1707
-1352
-1133
-943
-638
-663
-517
-496
-347
-130
-50
-63
-156
-74
-128
-273
-581
-897
-1365
-1651
-1979
-2368
-2750
-3065
-2935
-2851
-2797
-2521
-2214
-1927
-1556
-1076
-444
-116
54
251
596
764
930
1144
1206
1436
1626
1736
1884
1956
1947
1986
1846
1751
1675
1474
1421
1437
1233
1175
1161
1173
1336
1535
1691
1862
2212
2446
2751
2997
3230
3436
3773
4096
4190
4370
4377
4060
3735
3707
3187
1888
520
-178
-670
-1794
-3001
-3787
-3739
-3764
-4098
-4118
-3475
-2869
-2627
-2166
-1378
-776
-304
-63
116
576
1123
1586
1702
1850
2325
2833
3027
3085
3234
3338
3034
2423
1877
1231
466
-426
-1360
-1957
-2311
-2606
-2970
-3194
-3291
-3022
-2627
-2416
-2251
-1936
-1591
-1319
-1187
-1156
-778
-693
-687
-441
-54
231
182
-64
192
366
113
-313
-856
-1267
-1614
-2127
-2479
-2834
-3228
-3293
-3224
-3207
-2902
-2474
-2217
-1987
-1530
-949
-704
-520
-207
60
516
719
961
1233
1448
1531
1590
1792
1759
1735
1584
1525
1345
1103
853
636
452
454
545
606
666
756
976
1299
1502
1656
1786
2028
2407
2592
2761
3013
3391
3640
4025
4418
4541
4489
4289
4110
3906
3278
2007
922
-7
-815
-1754
-2878
-3737
-4031
-4139
-4126
-3948
-3515
-3057
-2816
-2379
-1871
-1153
-672
-354
-110
389
786
1055
1164
1331
1855
2395
2676
2651
2712
2687
2412
1802
1151
391
-248
-1243
-2293
-2897
-3107
-3368
-3864
-4036
-3759
-3194
-3029
-2849
-2418
-1911
-1713
-1715
-1616
-1363
-1260
-1479
-1526
-1439
-1201
-1006
-1039
-1120
-907
-815
-820
-1126
-1370
-1570
-2020
-2448
-2926
-3160
-3326
-3556
-3626
-3343
-3020
-2736
-2176
-1648
-1172
-619
-286
-199
124
491
683
794
1115
1443
1760
1939
2015
2093
2281
2359
2079
2038
1868
1654
1356
1106
1032
918
815
669
714
768
1106
1460
1662
1986
2314
2765
3095
3491
3751
4095
4406
4826
5232
5356
5197
4783
4627
4653
4179
2869
1311
226
-380
-1292
-2686
-3912
-4207
-4342
-4656
-4515
-3828
-3317
-2975
-2287
-1427
-689
-219
296
656
957
1536
2152
2159
2268
2605
3089
3408
3339
3348
3348
3055
2400
1726
981
230
-774
-1783
-2571
-3098
-3484
-3803
-4056
-3945
-3550
-3057
-2734
-2364
-1868
-1429
-1026
-844
-720
-524
-502
-427
-415
-389
-287
-334
-348
-371
-272
-531
-937
-1307
-1722
-2274
-2802
-3138
-3430
-3657
-3899
-3802
-3417
-3131
-2742
-2254
-1777
-1128
-585
-75
225
459
731
1042
1236
1330
1521
1797
1953
2136
2278
2204
2184
2041
1867
1596
1430
1113
826
664
556
484
507
573
605
731
919
1341
1596
1849
2070
2413
2723
2968
3261
3633
4018
4286
4719
5055
5191
4946
4860
4775
4337
3286
1832
525
-368
-1165
-2467
-3822
-4635
-4829
-5037
-5155
-4783
-4154
-3585
-3107
-2445
-1627
-712
-387
-76
197
773
1404
1701
1861
2256
2811
3183
3511
3551
3634
3366
2917
2292
1527
696
-210
-1416
-2405
-3034
-3660
-4132
-4407
-4411
-4106
-3683
-3240
-2909
-2514
-1971
-1538
-1394
-1320
-953
-785
-791
-783
-688
-473
-302
-266
-328
-152
-259
-551
-946
-1463
-1805
-2591
-3171
-3644
-4146
-4167
-4258
-3992
-3679
-3140
-2518
-2073
-1532
-1246
-616
-233
-66
309
579
930
1194
1300
1509
1562
1795
1911
2039
2039
1907
1636
1204
1002
654
495
-145
-289
-264
-429
-324
-164
201
505
862
1385
1803
2173
2682
3011
3382
3594
3855
4195
4358
4633
4922
5082
5006
4560
4237
4051
3155
1590
135
-648
-1516
-2929
-4222
-4991
-5160
-5330
-5521
-5243
-4583
-3819
-3233
-2505
-1728
-822
-148
189
437
1028
1648
1969
2167
2364
2820
3186
3462
3461
3619
3484
2860
2125
1642
972
-150
-1284
-2373
-2953
-3731
-4147
-4459
-4523
-4310
-3933
-3348
-2819
-2266
-1713
-1163
-790
-498
-93
218
279
360
640
881
873
788
760
653
451
200
-282
-837
-1569
-2145
-2626
-3232
-3560
-3774
-3687
-3551
-3304
-2711
-2004
-1422
-1022
-378
386
819
1046
1353
1772
2060
2212
2521
2615
2666
2660
2710
2742
2634
2321
2205
1981
1783
1442
1090
785
648
532
397
515
633
933
1084
1501
1842
2158
2433
2869
3284
3715
4055
4314
4529
4651
4767
4980
5124
5172
5133
4910
4578
4132
3572
2634
1072
-360
-1223
-2278
-3512
-4733
-5134
-5288
-5350
-5363
-4764
-3989
-3377
-2730
-2067
-1133
-386
163
364
793
1361
1821
2126
2406
2674
3207
3523
3654
3535
3422
3238
2658
1950
1223
368
-752
-1825
-2688
-3411
-3961
-4196
-4324
-4245
-3987
-3532
-3003
-2595
-2172
-1714
-1281
-1018
-755
-462
-226
28
-19
309
661
544
554
385
200
57
-418
-1000
-1683
-2151
-2569
-3112
-3540
-3844
-3868
-3712
-3549
-3218
-2559
-1895
-1503
-862
-243
243
541
833
1128
1453
1777
1938
2156
2101
2113
2185
2312
2178
1971
1724
1568
1336
1005
701
518
333
178
284
247
329
605
832
1007
1350
1770
2168
2527
2897
3369
3555
3879
4173
4477
4620
4757
5021
5015
4789
4411
4112
3770
3171
2143
931
-357
-1355
-2166
-3300
-4468
-5072
-5166
-5227
-5229
-4856
-4213
-3540
-2938
-2107
-1366
-647
-224
257
896
1316
1781
2090
2432
2595
2852
3096
2937
2849
2601
2380
1836
1163
256
-274
-1164
-2304
-3108
-3828
-4204
-4633
-4560
-4467
-4551
-4143
-3263
-2709
-2530
-2054
-1451
-1043
-1012
-689
-501
-411
-340
-138
21
108
70
33
-96
-309
-653
-1156
-1646
-2210
-2450
-2914
-3391
-3590
-3663
-3628
-3404
-3067
-2580
-1917
-1398
-895
-266
197
656
990
1335
1563
1848
2185
2229
2249
2205
2199
2270
2316
1990
1762
1752
1378
1203
1050
639
552
404
416
485
652
776
1080
1429
1747
2120
2443
2774
3236
3640
3893
4078
4246
4352
4566
4668
4763
4952
4968
4804
4475
4193
3731
3061
2023
637
-628
-1498
-2424
-3550
-4557
-4830
-4883
-5051
-4660
-3989
-3245
-2718
-1955
-669
181
650
1071
1641
1982
2360
2780
2975
3072
3304
3561
3658
3554
3367
3253
2750
2147
1455
665
-132
-1111
-1960
-2709
-3371
-3747
-3849
-3912
-3787
-3305
-2827
-2349
-1893
-1273
-1061
-725
-643
-523
-300
-216
-69
-47
108
172
181
-40
-110
-187
-445
-824
-1291
-1805
-2468
-3011
-3290
-3381
-3548
-3646
-3464
-3230
-2620
-2002
-1672
-1125
-531
45
366
598
852
981
1272
1459
1533
1626
1757
1821
1896
1870
1713
1514
1398
1219
1229
1004
574
411
260
167
157
411
747
1072
1213
1492
1927
2268
2596
2927
3175
3343
3637
3977
4149
4325
4500
4653
4723
4762
4510
4194
3896
3429
2670
1628
253
-958
-1871
-2903
-4025
-5144
-5511
-5576
-5494
-5269
-4728
-3894
-3043
-2121
-1217
-268
459
983
1317
1762
2292
2662
2772
2820
3031
3373
3544
3385
3081
2692
2145
1467
779
-43
-901
-1884
-2875
-3495
-4089
-4382
-4456
-4517
-4234
-3666
-3048
-2704
-2147
-1570
-995
-645
-483
-143
105
230
121
153
512
575
441
118
94
-106
-569
-1156
-1780
-2168
-2658
-3144
-3642
-3807
-3822
-3762
-3412
-2997
-2479
-1879
-1345
-760
-438
-72
317
389
514
753
1061
1222
1434
1494
1469
1556
1413
1359
1415
1120
733
614
348
-10
-287
-382
-436
-374
-397
-179
124
706
939
1094
1485
1923
2247
2540
2977
3167
3143
3382
3589
3756
4059
4093
4222
4171
4197
3885
3487
2860
2167
1295
-306
-1564
-2530
-3285
-4344
-5193
-5400
-5329
-5151
-5026
-4388
-3549
-2863
-2088
-1119
-337
323
845
1216
1651
2052
2566
2773
2807
3033
3455
3658
3503
3265
2982
2279
1639
904
-28
-928
-1978
-2730
-3551
-3834
-3981
-4102
-4176
-3930
-3335
-2667
-2015
-1612
-962
-552
-112
127
338
547
527
533
526
749
738
660
349
108
-29
-431
-949
-1495
-2210
-2665
-3045
-3399
-3534
-3504
-3307
-3152
-2548
-1896
-1204
-671
-320
354
937
1066
1272
1520
1636
1893
2075
2240
2395
2412
2427
2371
2226
2132
1819
1551
1224
974
775
623
557
441
424
608
866
1128
1391
1634
2011
2421
2701
2986
3211
3404
3711
3901
4140
4411
4760
4998
5290
5380
5136
4843
4428
3873
2803
1445
-126
-1269
-2235
-3453
-4999
-5831
-5901
-5710
-5673
-5472
-4594
-3704
-2866
-2147
-1179
-318
235
704
978
1415
1979
2459
2678
2808
3221
3604
3690
3393
3310
3022
2483
1501
607
-353
-1475
-2369
-3496
-4182
-4599
-4807
-4920
-4804
-4380
-3743
-3113
-2649
-2147
-1576
-1126
-738
-442
-162
155
262
233
371
586
552
339
-23
-206
-454
-879
-1479
-2166
-2625
-3138
-3676
-3981
-4014
-3959
-3895
-3546
-2949
-2268
-1727
-1131
-534
17
621
889
1117
1404
1603
1718
1837
1877
1878
1982
1920
1830
1735
1558
1312
893
338
53
-172
-319
-413
-373
-184
24
189
463
926
1249
1588
1960
2263
2603
2900
3366
3759
3886
4069
4348
4688
4937
5163
5256
5265
5143
4740
4233
3369
2034
485
-942
-1998
-3076
-4599
-5773
-6132
-6086
-6155
-5889
-5180
-4237
-3453
-2683
-1644
-695
-279
165
612
1007
1535
2134
2548
2624
3062
3547
3735
3543
3328
3145
2618
1637
755
-86
-1026
-2218
-3403
-4087
-4808
-5130
-5380
-5371
-4856
-4139
-3486
-3017
-2326
-1557
-1034
-825
-450
-114
115
15
31
56
71
83
10
-254
-430
-654
-1231
-1646
-2129
-2651
-3250
-3699
-4117
-4352
-4212
-4152
-3948
-3433
-2899
-2287
-1617
-994
-502
90
525
793
1022
1200
1431
1426
1445
1615
1676
1653
1418
1471
1423
1113
901
554
285
11
-179
-468
-647
-496
-365
-58
250
569
872
1328
1628
2013
2484
2804
3220
3637
4002
4156
4376
4549
4626
4823
4899
4961
4807
4514
4303
3782
3222
2352
1065
-300
-1536
-2399
-3436
-4693
-5427
-5639
-5511
-5387
-4879
-3959
-3145
-2370
-1467
-591
487
1357
1665
1908
2447
2957
3321
3481
3546
3872
4010
4024
3764
3491
3134
2497
1656
918
26
-952
-1898
-2770
-3372
-3835
-4064
-4104
-3958
-3627
-3091
-2412
-1873
-1294
-711
-211
122
254
633
617
621
400
252
280
95
-176
-559
-690
-1059
-1525
-1872
-2376
-2870
-3341
-3662
-3987
-4061
-4006
-3709
-3374
-2938
-2370
-1738
-1070
-668
-179
383
907
1134
1171
1434
1453
1488
1548
1727
1594
1445
1383
1183
1039
723
509
162
50
-148
-196
-359
-415
-147
15
283
641
983
1368
1701
2008
2372
2730
3131
3436
3639
3932
4151
4194
4346
4444
4455
4489
4485
4220
3832
3311
2696
2072
1208
-175
-1398
-2393
-3047
-4067
-5192
-5739
-5579
-5307
-5150
-4624
-3783
-2852
-2140
-1212
-211
489
1173
1655
1972
2268
2686
2954
2881
2928
3119
3285
3032
2594
2290
1795
1141
335
-503
-1253
-2187
-3019
-3762
-4255
-4587
-4604
-4373
-4282
-3640
-3059
-2510
-1851
-1273
-662
-182
3
144
237
265
136
-116
-393
-515
-666
-970
-1315
-1624
-1937
-2344
-2692
-3072
-3516
-3869
-4019
-4178
-4221
-3991
-3581
-3095
-2524
-1914
-1374
-930
-475
-93
47
217
370
583
738
801
755
707
720
615
512
228
3
30
-134
-358
-585
-668
-876
-1074
-985
-1055
-796
-624
-303
128
528
989
1091
1638
2109
2634
2944
3119
3519
3754
3922
3855
3957
4004
4128
3991
3689
3505
3213
2916
2279
1323
276
-914
-1997
-2781
-3823
-4774
-5482
-5735
-5428
-5235
-4882
-4119
-3300
-2487
-1460
-359
457
1050
1641
2176
2526
2723
3035
3073
2925
3144
3212
3169
3020
2646
2286
1601
988
123
-766
-1537
-2631
-3311
-3912
-4341
-4589
-4447
-4269
-3878
-3292
-2553
-1715
-1179
-570
33
339
618
721
588
674
529
92
-110
-350
-490
-749
-1258
-1473
-1723
-2118
-2544
-2905
-3256
-3580
-3680
-3791
-3706
-3410
-2988
-2444
-1878
-1264
-564
-207
261
836
1114
1173
1367
1551
1444
1339
1372
1320
1237
1197
1080
898
787
771
640
443
241
161
122
115
172
422
510
863
1257
1599
1803
2147
2488
2675
2969
3139
3474
3655
3740
3807
3924
4044
4054
4076
3923
3938
3881
3808
3699
3336
2699
1805
715
-556
-1653
-2667
-3657
-4738
-5366
-5523
-5579
-5284
-4728
-4009
-3209
-2298
-1336
-246
487
1034
1481
1899
2234
2543
2872
2749
2749
3084
3319
3268
3036
2678
2123
1534
757
-109
-968
-2096
-3016
-3846
-4531
-4845
-4889
-4681
-4271
-3786
-3078
-2219
-1479
-791
-246
207
520
609
741
743
530
325
-26
-199
-491
-887
-1047
-1286
-1594
-1955
-2455
-2960
-3271
-3565
-3841
-4032
-3986
-3783
-3494
-3052
-2498
-1890
-1267
-761
-247
295
602
815
1015
1005
1082
1057
1071
963
816
755
717
599
490
324
-20
-191
-370
-447
-559
-641
-492
-307
-108
235
667
1139
1466
1733
2078
2291
2482
2673
2904
3130
3362
3398
3410
3631
3666
3646
3529
3733
3631
3491
3460
3292
2947
2279
1476
610
-523
-1684
-2497
-3446
-4495
-5276
-5289
-5056
-4992
-4550
-3816
-2979
-2224
-1465
-575
60
660
1239
1538
1672
2081
2459
2514
2308
2531
2833
2777
2637
2278
1782
1038
359
-461
-1375
-2501
-3404
-4001
-4654
-5013
-4969
-4802
-4607
-4201
-3424
-2665
-1863
-1192
-563
-138
192
451
473
492
219
121
-180
-455
-755
-1024
-1339
-1828
-2173
-2502
-2791
-3335
-3582
-3746
-3879
-3949
-4041
-3853
-3518
-3117
-2723
-2199
-1470
-915
-544
-128
185
604
856
886
926
939
972
995
907
772
751
621
474
384
297
65
-41
-244
-431
-219
-170
-28
165
442
856
1275
1573
1811
2193
2549
2869
3003
3318
3453
3540
3635
3742
3762
3798
3920
3837
3878
3895
3816
3729
3791
3682
3191
2631
1779
717
-476
-1553
-2316
-3216
-4207
-4660
-4688
-4588
-4311
-3750
-2869
-1918
-1064
-297
719
1483
1906
2241
2407
2659
2932
3096
3023
3052
3235
3490
3254
2946
2663
2070
1390
683
-287
-1311
-2280
-2967
-3609
-4231
-4430
-4300
-3966
-3544
-3016
-2191
-1369
-782
-123
328
720
1005
889
797
632
394
-9
-339
-529
-851
-1133
-1403
-1678
-1984
-2289
-2681
-3094
-3420
-3548
-3743
-3905
-3975
-3789
-3250
-2819
-2447
-1862
-1417
-823
-373
-88
271
347
495
627
691
775
815
715
674
626
632
475
421
176
41
-16
-258
-316
-452
-365
-248
-29
219
491
763
1196
1501
1778
2184
2531
2699
2871
3105
3311
3334
3299
3373
3142
3030
2999
3071
2912
2779
2829
2863
2780
2467
1932
1411
672
-441
-1384
-2066
-2797
-3646
-4427
-4677
-4264
-4036
-3604
-2845
-1931
-1097
-176
570
1108
1543
1896
2060
1960
1986
2095
2004
1759
1788
1785
1669
1466
1052
775
317
-340
-949
-1695
-2539
-3166
-3570
-3905
-4003
-3933
-3520
-3103
-2458
-1605
-868
-325
127
539
822
880
738
484
154
-90
-374
-678
-954
-1233
-1412
-1445
-1690
-1915
-2017
-2240
-2537
-2801
-3017
-3177
-3287
-3225
-3033
-2819
-2474
-2094
-1897
-1525
-1224
-1020
-567
-411
-254
-146
-63
-55
87
8
46
1
-8
102
101
-12
-321
-496
-501
-506
-821
-690
-857
-801
-352
182
373
625
1072
1603
2031
2153
2401
2523
2776
2881
2981
2873
2700
2751
2621
2579
2493
2468
2528
2493
2465
2333
2300
2334
2401
2307
1812
1300
770
137
-760
-1722
-2425
-3070
-3786
-3883
-3881
-3591
-3205
-2562
-1719
-1103
-358
293
856
1189
1477
1661
1658
1589
1655
1547
1389
1422
1346
1256
1004
793
444
74
-530
-1117
-1805
-2571
-3032
-3477
-3710
-3602
-3319
-2821
-2308
-1750
-1071
-350
234
586
938
1056
1125
903
569
281
17
-138
-447
-709
-980
-1052
-1183
-1607
-1734
-1851
-2159
-2530
-2665
-2695
-2790
-2668
-2737
-2606
-2093
-1637
-1418
-1136
-681
-259
-51
60
347
534
552
594
592
706
760
846
776
824
907
903
846
508
342
359
301
233
236
394
511
665
978
1305
1685
1987
2306
2516
2589
2796
2924
2934
2817
2799
2785
2511
2518
2469
2492
2428
2459
2482
2490
2705
2646
2656
2735
2862
2463
2026
1505
714
-188
-1175
-1835
-2629
-3372
-3689
-3657
-3424
-3138
-2540
-2005
-1403
-654
-96
546
886
1224
1430
1346
1443
1519
1490
1576
1536
1497
1557
1416
1015
713
259
-320
-974
-1738
-2354
-2815
-3154
-3416
-3454
-3332
-2944
-2463
-1926
-1267
-685
-193
218
491
753
691
523
348
164
-137
-412
-705
-798
-942
-1087
-1171
-1461
-1681
-1945
-2143
-2412
-2722
-2945
-3073
-3000
-2890
-2650
-2518
-2164
-1939
-1583
-1281
-943
-708
-607
-445
-259
64
116
209
224
469
600
593
636
671
717
497
271
128
132
-35
-156
-101
66
160
388
689
1027
1411
1715
1910
2014
2170
2266
2283
2234
2249
2209
2233
2240
2188
2068
2018
2186
2323
2448
2519
2502
2499
2579
2642
2571
2518
2087
1583
1011
260
-723
-1647
-2284
-3099
-3676
-3936
-3663
-3330
-3183
-2609
-2124
-1517
-958
-424
49
366
650
842
845
712
949
923
877
664
714
718
603
384
17
-463
-1197
-1762
-2395
-2775
-3128
-3431
-3549
-3584
-3280
-2866
-2421
-1951
-1496
-994
-452
-92
53
105
255
382
96
-67
-255
-440
-705
-1064
-1259
-1496
-1687
-2007
-2248
-2367
-2561
-2768
-2919
-2947
-2942
-2778
-2657
-2603
-2434
-2059
-1852
-1697
-1324
-1094
-870
-560
-337
-189
42
73
228
390
307
368
453
439
316
362
252
174
144
240
334
283
342
531
889
980
1184
1315
1521
1727
1749
1784
2017
2198
2181
2246
2312
2434
2534
2620
2548
2490
2500
2352
2165
2247
2593
2387
2433
2546
2644
2912
2797
2460
1862
1568
980
-134
-1109
-1658
-2197
-2898
-3347
-3044
-2684
-2367
-1807
-1215
-599
-4
563
836
1116
1380
1558
1458
1308
1396
1606
1678
1742
1754
1758
1616
1177
812
249
-377
-1071
-1673
-2293
-2661
-2896
-2966
-2838
-2684
-2083
-1636
-1131
-541
-104
217
592
757
902
1045
974
876
740
562
183
-66
-381
-777
-1130
-1491
-1951
-2484
-2866
-3094
-3298
-3270
-3233
-3031
-2790
-2679
-2341
-1989
-1679
-1422
-1256
-974
-759
-776
-612
-459
-274
-144
-71
128
127
299
333
137
79
128
63
-26
-81
-116
35
177
302
354
456
560
683
790
870
1070
1079
1286
1531
1732
1817
1675
1872
2059
1937
1835
1956
1917
1843
1881
1807
1692
1720
1882
2001
2091
2401
2939
3061
3209
3149
2927
2534
2062
1167
-111
-966
-1546
-2257
-3061
-3374
-3308
-3100
-2853
-2351
-1751
-1142
-637
-295
238
544
733
910
957
1126
1359
1732
1779
1810
2069
1938
1589
1073
690
32
-722
-1511
-2254
-2614
-3123
-3245
-3261
-3022
-2609
-2066
-1508
-1094
-594
-94
268
458
696
783
794
809
667
601
723
515
253
-159
-600
-890
-1664
-2543
-3103
-3657
-4008
-4147
-4179
-4154
-3877
-3619
-3215
-3011
-2619
-2128
-1788
-1647
-1596
-1217
-1172
-1023
-778
-749
-565
-419
-314
-377
-411
-310
-348
-702
-774
-685
-820
-1048
-1071
-718
-669
-581
-465
-323
-144
-43
87
186
286
317
457
676
846
1154
1343
1373
1584
1795
1844
1745
1735
1731
1806
1701
1570
1616
1652
1771
1936
2006
2119
2370
2607
2881
2927
2843
2562
2122
1522
634
-396
-1222
-1775
-2221
-2751
-2902
-2917
-2555
-2231
-1823
-1189
-830
-405
-126
179
380
545
759
1018
1184
1512
1867
2099
2087
1951
1971
1628
1141
504
-166
-872
-1533
-2013
-2426
-2310
-2160
-1799
-1550
-1204
-626
-166
27
343
716
1113
1210
1184
1428
1513
1490
1463
1240
1139
1095
736
181
-230
-620
-1327
-2128
-2720
-3068
-3249
-3363
-3497
-3322
-2963
-2435
-1979
-1663
-1393
-1050
-733
-490
-149
-42
204
378
499
707
632
726
550
275
264
98
-98
-345
-561
-820
-1007
-1021
-859
-688
-513
-517
-446
-141
113
199
325
571
698
1031
1369
1444
1587
1691
1824
1849
1799
1719
1644
1537
1333
1321
1382
1445
1574
1609
1729
1912
2124
2293
2465
2687
2819
3121
3346
3656
3755
3581
3116
2462
1453
199
-771
-1647
-2419
-3265
-3749
-3575
-3273
-2873
-2243
-1763
-1084
-512
-204
207
599
902
1094
1345
1680
2007
2334
2412
2427
2513
2358
1967
1446
790
41
-876
-1512
-1976
-2339
-2324
-2286
-2177
-1745
-1253
-852
-315
99
250
531
733
1018
1187
1106
1228
1321
1357
1396
1300
933
407
-60
-666
-1326
-2027
-2538
-3006
-3431
-3540
-3495
-3430
-3250
-3054
-2775
-2456
-2134
-1686
-1351
-909
-638
-401
-121
256
499
655
817
753
626
514
268
-39
-390
-806
-1033
-1187
-1281
-1372
-1424
-1432
-1428
-1273
-1070
-932
-755
-462
-219
73
436
750
1013
1381
1535
1559
1522
1619
1641
1234
1116
987
898
792
875
782
763
836
849
851
983
1156
1358
1539
1662
1956
2211
2711
2960
3294
3359
3282
3051
2471
1800
974
134
-1173
-2424
-2835
-3205
-3518
-3603
-3595
-3071
-2693
-2304
-1710
-1221
-910
-651
-276
87
799
1260
1553
1950
2285
2618
2719
2667
2313
1724
1255
477
-217
-839
-1397
-1830
-2160
-2084
-1987
-1725
-1496
-1259
-988
-729
-607
-348
-219
-137
290
537
716
980
1197
1377
1250
1101
670
303
-240
-828
-1300
-1819
-2025
-2617
-2831
-2722
-2595
-2794
-2826
-2674
-2479
-2526
-2226
-1754
-1370
-961
-603
-115
296
811
1070
1145
996
961
826
492
234
11
-222
-586
-684
-731
-901
-994
-954
-950
-1058
-909
-767
-642
-390
-1
276
504
1120
1670
1724
1864
2138
2209
2074
1990
1995
1745
1644
1615
1605
1608
1535
1602
1648
1758
1762
1768
1800
1941
2179
2305
2473
2772
3061
3321
3488
3884
4172
4071
3692
3272
2591
1751
633
-608
-1396
-2180
-2755
-3045
-3373
-3383
-2988
-2503
-2135
-1815
-1332
-891
-592
-35
376
811
1415
2044
2580
2798
3016
3157
3046
2627
2197
1651
1051
328
-350
-957
-1400
-1599
-1673
-1705
-1607
-1628
-1505
-1399
-1185
-1130
-975
-641
-288
178
393
706
1126
1344
1331
1110
766
495
10
-471
-877
-1177
-1492
-1775
-1972
-2104
-2163
-2273
-2437
-2461
-2464
-2477
-2321
-2004
-1713
-1366
-963
-585
-298
7
295
345
346
210
171
57
-105
-150
-82
-179
-285
-220
-219
-460
-563
-609
-639
-708
-710
-668
-531
-231
2
184
314
552
842
915
1072
1216
1169
1078
1160
1132
1205
1334
1500
1481
1438
1502
1486
1369
1338
1262
1142
1174
1248
1265
1373
1639
1723
1915
2025
2337
2591
2747
2811
2839
2631
2138
1606
953
338
-380
-918
-1774
-2284
-2558
-2582
-2540
-2546
-2436
-2156
-1754
-1457
-1111
-680
-121
291
804
936
1085
1441
1658
1771
1667
1575
1479
1058
635
25
-414
-754
-1230
-1475
-1693
-1950
-2177
-2354
-2416
-2327
-2133
-2138
-1917
-1711
-1344
-834
-245
-42
55
346
451
473
206
-34
-478
-762
-857
-1114
-1640
-1944
-2185
-2317
-2517
-2603
-2643
-2860
-2695
-2659
-2557
-2396
-2090
-1729
-1338
-945
-496
-267
28
289
304
449
396
463
436
425
495
465
472
452
200
73
-145
-392
-440
-492
-399
-303
-138
27
146
306
497
818
1015
1076
1249
1227
1349
1562
1437
1647
1801
1809
1874
1979
1899
1954
1982
1922
1880
1743
1749
1862
1940
2032
2188
2216
2424
2686
2987
3331
3470
3603
3490
3031
2250
1394
681
-105
-935
-1547
-1912
-2157
-2084
-1939
-1828
-1616
-1293
-814
-442
-287
4
293
785
1354
1701
2186
2431
2814
2934
2812
2626
2375
2041
1593
1253
748
389
-66
-291
-447
-736
-863
-791
-945
-1050
-1091
-1029
-841
-527
-243
103
441
792
1205
1225
1167
969
674
453
162
-406
-711
-927
-1168
-1225
-1470
-1626
-1611
-1773
-2018
-2091
-2246
-2292
-2042
-1972
-1604
-1274
-895
-493
-269
-2
241
514
539
544
612
598
759
673
661
644
448
308
189
-76
-295
-352
-512
-480
-613
-503
-374
-299
-74
109
373
722
961
974
1020
1097
1196
1254
1306
1459
1718
1769
1903
1957
1815
1880
1768
1675
1586
1537
1505
1253
1400
1532
1442
1600
1659
1836
2037
2438
2577
2778
2986
2987
2793
2469
1911
1322
709
61
-437
-950
-1370
-1666
-1589
-1657
-1588
-1544
-1571
-1293
-1216
-1169
-1086
-836
-451
-27
406
814
1182
1494
1784
1858
1719
1601
1395
1152
926
728
500
387
318
48
-96
-299
-368
-616
-937
-1046
-993
-871
-1028
-864
-658
-586
-531
-476
-452
-353
-279
-327
-425
-478
-371
-345
-384
-404
-327
-314
-334
-491
-714
-929
-1039
-1165
-1487
-1523
-1482
-1195
-1013
-761
-643
-603
-407
-189
-156
-250
-91
-119
213
383
416
375
202
245
-54
-298
-622
-563
-567
-619
-502
-483
-501
-676
-372
-182
-161
91
98
150
359
404
559
452
599
632
564
594
460
599
757
743
681
539
534
621
583
482
495
278
301
208
47
-4
40
83
80
16
40
103
242
291
164
172
121
329
412
450
328
335
453
389
380
341
285
457
428
396
109
147
290
316
264
111
81
69
73
-100
-121
14
-56
22
-7
170
136
83
161
162
275
89
116
62
74
-16
-46
55
45
92
-52
-75
-133
-194
-301
-303
-297
-161
64
20
181
376
354
207
330
464
511
429
570
706
598
669
688
650
692
681
573
501
448
524
443
381
331
259
290
309
241
234
194
138
98
152
124
106
26
87
109
-8
107
114
181
153
347
191
101
177
258
231
59
143
210
251
280
280
271
263
349
228
196
291
413
236
78
96
55
57
-174
-283
-271
-427
-481
-606
-534
-451
-539
-443
-385
-509
-455
-332
-276
-275
-338
-287
-268
-59
-77
-92
9
92
238
89
52
131
204
229
240
125
61
-18
13
-20
-131
-163
-168
-175
-302
-227
-286
-397
-250
-361
-458
-546
-575
-522
-651
-839
-773
-583
-476
-592
-702
-825
-778
-825
-936
-966
-902
-738
-761
-686
-452
-303
-168
-297
-334
-187
-59
76
11
-75
-207
-249
-378
-414
-240
-208
-102
-208
-327
-308
-335
-289
-192
-372
-362
-244
-265
-239
-375
-291
-323
-463
-425
-539
-396
-347
-473
-337
-183
-239
-304
-326
-324
-318
-384
-326
-191
-96
-54
-91
-111
67
45
141
263
224
199
210
204
129
40
120
123
255
99
-279
-465
-612
-675
-527
-524
-514
-475
-593
-716
-666
-521
-686
-499
-432
-429
-532
-714
-745
-631
-468
-356
-52
-96
-229
-295
-176
-96
-204
-51
10
3
36
-14
114
39
-17
5
-66
-1
-144
-155
-338
-372
-340
-355
-236
-268
-347
-511
-451
-499
-565
-576
-494
-355
-397
-346
-421
-448
-423
-306
-300
-333
-273
-286
-239
-179
9
77
186
277
281
215
176
215
190
213
225
139
52
107
85
-14
11
-49
-149
-164
-294
-364
-364
-439
-464
-253
-272
-214
-128
34
119
70
127
197
257
118
133
151
78
91
124
