-73
-148
-44
-188
-72
133
194
237
186
187
129
124
192
122
195
186
200
146
174
175
163
170
145
301
176
289
424
309
326
339
375
340
354
393
401
358
349
379
303
396
360
426
300
376
445
241
261
317
220
248
286
210
153
114
167
76
86
145
79
61
163
156
119
152
272
226
344
328
282
255
245
258
140
110
116
34
-95
-108
-119
-204
-95
-126
-187
-105
-107
-176
-232
-359
-341
-302
-252
-175
-141
-197
-169
-196
-129
-97
-184
-130
-139
-190
-266
-261
-355
-376
-372
-383
-400
-428
-396
-297
-350
-340
-321
-384
-267
-226
-220
-43
6
-106
-55
110
193
127
159
215
159
166
86
130
111
168
179
98
54
-40
85
219
94
64
61
120
136
156
221
221
315
261
395
305
323
400
441
400
443
409
234
290
406
430
378
425
377
395
437
425
448
364
458
512
373
347
366
426
445
475
532
520
528
477
420
426
374
457
480
360
369
278
235
330
290
231
340
314
221
381
442
278
363
545
377
401
394
473
541
473
575
519
368
383
355
362
428
331
340
297
239
307
306
298
387
4
-28
-57
49
-68
-104
-1
-100
70
172
319
341
241
207
195
313
570
487
301
363
562
460
519
532
555
811
730
777
648
806
926
750
783
802
732
668
704
626
564
779
745
629
672
782
624
671
744
775
841
913
872
1053
1040
896
929
960
790
649
780
844
747
706
676
439
404
337
239
238
95
60
144
5
-83
-110
-167
-181
-285
-386
-490
-455
-470
-594
-496
-474
-620
-637
-569
-654
-686
-697
-735
-699
-647
-668
-687
-723
-755
-633
-712
-834
-864
-894
-854
-980
-978
-935
-960
-965
-1158
-1231
-1194
-1314
-1281
-1301
-1295
-1174
-1233
-1251
-1214
-1086
-1089
-1090
-1049
-1010
-912
-866
-741
-607
-568
-498
-300
-190
-155
-115
-12
78
-40
-21
-83
46
114
143
185
148
140
120
144
202
206
257
371
455
487
537
486
547
605
524
525
693
742
737
800
714
789
805
904
1035
881
971
1188
1268
1171
1170
1250
1357
1249
1246
1309
1375
1222
1056
1080
988
976
897
784
773
662
523
428
258
66
-79
-187
-315
-483
-501
-561
-644
-679
-774
-743
-732
-722
-635
-664
-504
-523
-569
-626
-584
-457
-375
-414
-371
-198
-377
-361
-397
-578
-598
-687
-916
-983
-1014
-1034
-1147
-1168
-1116
-1043
-1090
-1149
-1147
-1141
-1003
-1025
-902
-910
-876
-734
-963
-805
-489
-355
-465
-497
-295
-156
-77
25
71
165
243
154
186
229
212
98
287
323
333
308
321
336
304
369
226
320
287
300
365
330
469
481
473
611
686
668
783
793
877
1025
990
1155
1259
1322
1311
1520
1646
1516
1556
1635
1704
1577
1561
1457
1492
1438
1411
1328
1083
1050
966
916
753
628
696
582
470
400
182
54
-79
-88
-189
-434
-422
-518
-578
-584
-625
-568
-698
-623
-668
-576
-446
-512
-485
-658
-606
-515
-559
-468
-456
-465
-456
-572
-698
-579
-482
-675
-864
-947
-814
-864
-951
-968
-937
-1020
-1031
-1028
-1017
-900
-855
-871
-674
-597
-628
-521
-367
-204
-120
-11
96
197
288
511
574
606
645
709
828
756
835
673
617
732
555
547
486
612
576
551
490
520
615
561
591
650
816
708
675
768
817
901
1025
988
1068
1086
1036
1085
1154
1176
1256
1163
1235
1334
1134
1099
1195
1223
1075
1156
1265
1202
1284
1387
1290
1308
1177
1131
1144
1018
1005
950
907
693
609
568
423
223
37
-206
-374
-523
-788
-943
-1120
-1176
-1231
-1265
-1316
-1288
-1232
-1281
-1247
-1267
-1177
-1211
-1208
-1192
-1256
-1188
-1206
-1153
-1179
-1312
-1399
-1376
-1299
-1422
-1446
-1592
-1678
-1663
-1691
-1776
-1780
-1901
-1830
-1646
-1732
-1687
-1617
-1566
-1585
-1557
-1431
-1343
-1292
-1280
-1106
-1019
-1025
-958
-861
-710
-640
-401
-312
-344
-284
-143
18
38
101
71
118
205
190
25
156
239
154
122
140
80
146
200
142
205
228
164
143
285
283
332
459
556
488
596
734
834
916
986
976
1039
1072
1106
1129
1137
1207
1114
1224
1268
1236
1258
1210
1361
1365
1332
1223
1211
1114
1039
1020
950
1036
824
666
669
720
312
261
50
-108
-191
-382
-560
-554
-770
-927
-1015
-1089
-1061
-1135
-1146
-1280
-1222
-1131
-928
-892
-870
-841
-860
-763
-725
-766
-743
-713
-638
-761
-802
-793
-957
-1152
-1227
-1214
-1196
-1268
-1287
-1440
-1347
-1432
-1459
-1276
-1159
-1167
-1111
-986
-909
-850
-770
-602
-508
-311
-114
-21
77
113
188
244
295
423
385
371
381
391
402
450
508
471
437
436
354
372
398
383
416
345
400
540
561
474
717
710
617
610
731
921
899
925
951
1103
1103
1300
1437
1207
1337
1383
1518
1628
1675
1787
1551
1532
1578
1525
1654
1487
1341
1469
1335
1376
1372
1212
1205
1022
958
941
996
795
700
506
289
287
79
-9
-45
-206
-384
-505
-659
-735
-882
-902
-848
-724
-761
-843
-811
-805
-765
-814
-790
-763
-672
-628
-644
-654
-706
-741
-710
-750
-845
-931
-853
-1015
-1054
-933
-968
-1038
-1037
-1143
-1068
-971
-929
-947
-973
-1036
-896
-783
-720
-617
-595
-610
-513
-436
-432
-182
-75
259
514
405
487
445
492
591
490
613
590
555
565
429
451
429
402
390
328
438
484
355
181
356
382
355
434
538
653
656
684
757
867
941
994
1077
1098
1214
1207
1171
1250
1285
1418
1400
1320
1299
1287
1236
1193
1159
1166
1232
1212
1278
1373
1464
1531
1495
1413
1442
1404
1285
1294
1208
931
549
440
244
-22
-265
-532
-688
-799
-1028
-1078
-1056
-1252
-1277
-1225
-1188
-1250
-1253
-1174
-1055
-1161
-1125
-892
-851
-975
-914
-752
-753
-988
-1010
-1116
-1197
-1215
-1268
-1298
-1327
-1516
-1642
-1616
-1542
-1539
-1637
-1535
-1616
-1369
-1333
-1225
-1144
-1174
-981
-900
-767
-709
-546
-471
-347
-120
11
-43
0
108
161
331
270
333
211
259
328
245
243
243
216
238
369
455
383
414
372
323
403
344
357
406
442
607
609
747
869
858
1076
1049
1312
1295
1318
1490
1592
1758
1769
1706
1716
1714
1751
1714
1624
1577
1745
1688
1628
1663
1668
1736
1600
1643
1596
1538
1579
1491
1508
1482
1232
1000
677
472
295
9
-299
-579
-764
-730
-855
-1025
-947
-845
-730
-797
-778
-609
-546
-527
-584
-573
-516
-413
-391
-463
-581
-526
-451
-521
-668
-821
-933
-1042
-1174
-1146
-1357
-1417
-1496
-1612
-1756
-1836
-1794
-1800
-1851
-1927
-1797
-1719
-1644
-1551
-1245
-1091
-1051
-809
-739
-484
-344
-421
-256
-226
-139
-92
-16
-17
-90
-200
-292
-359
-429
-276
-383
-521
-586
-532
-475
-487
-450
-232
-221
-43
257
416
610
720
900
1050
1069
1122
1488
1545
1666
1607
1671
1855
1864
1813
1734
1814
1777
1842
1810
1668
1514
1407
1492
1416
1355
1427
1495
1506
1559
1649
1831
1805
1837
1991
1922
2029
1887
1826
1894
1925
1756
1581
1231
782
493
206
-151
-612
-830
-1339
-1632
-1777
-1740
-1644
-1685
-1423
-1295
-959
-708
-631
-535
-393
-311
-185
-130
-186
-200
-252
-201
-157
-213
-430
-685
-696
-940
-1139
-1286
-1502
-1710
-2030
-2111
-2187
-2185
-2199
-2157
-2114
-1897
-1683
-1389
-1151
-1154
-805
-694
-558
-483
-270
-158
-141
-14
-45
-81
-45
-44
-313
-214
-280
-253
-509
-683
-799
-999
-929
-943
-892
-882
-691
-578
-443
-280
-17
143
472
565
769
971
923
1048
1266
1464
1604
1705
1782
1912
1906
1864
1840
1912
1945
1885
1761
1585
1700
1725
1756
1688
1637
1687
1767
1822
1846
1960
2074
2158
2242
2283
2340
2402
2569
2631
2488
2213
1777
1303
824
243
-424
-922
-1437
-1812
-1964
-1996
-2009
-1702
-1576
-1303
-889
-684
-412
-347
-198
-185
-145
39
50
-51
23
109
82
66
-12
15
-442
-572
-878
-1229
-1369
-1745
-1970
-2074
-2065
-2095
-1897
-2078
-2045
-1745
-1458
-1275
-1209
-1046
-919
-738
-679
-527
-463
-340
-124
-66
34
-29
-113
-290
-508
-665
-864
-1095
-1423
-1608
-1741
-1807
-1830
-1855
-1947
-1721
-1619
-1499
-1393
-1318
-980
-767
-627
-443
-80
247
478
685
954
1225
1336
1330
1250
1359
1296
1239
1101
873
992
836
822
827
827
1039
1035
1075
1211
1360
1631
1685
1830
1931
1966
2228
2264
2286
2339
2501
2585
2488
2455
2448
2393
2235
2144
1889
1916
1650
1141
700
-14
-587
-999
-1357
-1912
-2278
-2533
-2496
-2271
-2098
-1766
-1438
-955
-548
-268
102
190
336
312
222
194
-5
-70
-163
-221
-523
-649
-779
-1079
-1346
-1517
-1697
-1946
-2037
-2176
-2068
-2054
-1853
-1767
-1593
-1454
-1177
-961
-935
-789
-745
-747
-618
-525
-498
-411
-322
-285
-146
-180
-288
-390
-501
-724
-924
-977
-1193
-1429
-1565
-1678
-1695
-1566
-1585
-1448
-1171
-1094
-683
-564
-598
-330
-331
-28
227
376
499
564
736
924
957
942
1056
997
1053
906
926
918
906
969
935
1075
1003
1074
1234
1287
1516
1495
1673
1851
1894
2086
2160
2244
2399
2412
2358
2391
2501
2479
2437
2331
2265
2157
2101
1951
1710
1519
973
233
-425
-881
-1521
-2095
-2477
-2640
-2587
-2514
-2182
-1763
-1264
-827
-373
-57
259
436
387
247
94
-66
-181
-279
-510
-696
-797
-971
-1122
-1266
-1453
-1691
-1852
-2002
-2165
-2138
-2265
-2209
-2025
-1768
-1476
-1221
-915
-734
-550
-367
-293
-372
-382
-492
-487
-536
-630
-682
-642
-674
-724
-652
-625
-727
-1113
-1343
-1461
-1461
-1679
-1745
-1834
-1726
-1675
-1622
-1339
-1279
-1082
-926
-709
-664
-578
-413
-268
-29
157
430
499
536
572
651
743
803
731
487
431
268
387
497
565
673
846
982
1233
1363
1571
1908
2027
2111
2246
2402
2252
2231
2225
2278
2331
2208
2320
2152
2068
2151
1992
1673
1533
1585
1452
1389
1148
633
-68
-785
-1207
-1571
-2067
-2435
-2529
-2407
-2082
-1755
-1299
-700
-487
-178
56
202
281
113
-254
-439
-585
-854
-971
-1092
-1144
-1145
-1087
-1160
-1372
-1561
-1700
-1828
-2002
-2081
-2041
-1984
-2012
-1798
-1585
-1423
-1220
-1031
-838
-739
-720
-700
-788
-959
-1062
-1124
-1085
-1020
-975
-887
-916
-798
-739
-789
-794
-983
-1221
-1314
-1488
-1649
-1688
-1743
-1816
-1677
-1473
-1210
-1052
-848
-563
-485
-282
-264
-172
-146
40
242
372
536
581
665
763
1006
978
1010
1017
864
769
725
756
736
797
895
1140
1427
1581
1741
1944
2165
2321
2438
2559
2549
2525
2394
2449
2629
2583
2499
2362
2526
2562
2457
2314
2161
2137
2164
2101
2061
1634
725
-110
-703
-1133
-1624
-2122
-2506
-2361
-1791
-1385
-829
-265
178
460
796
743
524
264
72
-228
-476
-715
-716
-721
-1038
-926
-804
-802
-976
-1245
-1346
-1598
-1713
-1690
-1770
-1856
-1753
-1391
-1224
-990
-656
-450
-312
-231
-251
-287
-382
-520
-722
-779
-804
-889
-779
-783
-679
-551
-522
-626
-812
-919
-1082
-1152
-1336
-1480
-1547
-1593
-1426
-1253
-1146
-1002
-854
-774
-682
-443
-278
-210
-116
-85
-31
53
261
352
424
532
744
816
791
897
955
755
675
845
933
968
1125
1233
1453
1745
1903
2090
2259
2423
2450
2567
2672
2638
2537
2636
2496
2409
2360
2141
2122
2057
2172
2206
2107
1909
1825
1982
1986
1946
1750
1240
704
199
-427
-994
-1384
-1789
-2071
-1937
-1737
-1419
-1040
-491
-268
-126
206
200
132
-205
-272
-567
-764
-863
-988
-831
-957
-839
-570
-783
-794
-902
-1169
-1310
-1555
-1664
-1761
-1747
-1658
-1452
-1146
-970
-918
-739
-574
-565
-535
-650
-728
-807
-951
-818
-877
-867
-634
-664
-751
-764
-744
-874
-977
-1055
-1342
-1476
-1586
-1697
-1736
-1633
-1779
-1779
-1562
-1482
-1194
-996
-832
-747
-611
-411
-398
-394
-219
-7
72
255
444
605
648
762
725
709
583
641
603
554
623
550
626
916
1200
1455
1672
1818
2115
2307
2465
2467
2539
2567
2403
2420
2370
2332
2274
2159
2069
2012
2064
2098
2236
1997
1954
2025
2093
1959
1374
635
-130
-688
-1373
-1892
-2406
-2475
-2177
-1869
-1398
-742
-6
244
473
569
600
470
-61
-367
-624
-752
-751
-891
-894
-762
-526
-394
-630
-848
-919
-1155
-1488
-1635
-1794
-1763
-1729
-1571
-1225
-888
-535
-491
-545
-500
-461
-171
-402
-451
-496
-628
-518
-533
-372
-392
-315
-267
-302
-223
-454
-492
-591
-769
-859
-927
-1027
-1233
-1290
-1251
-1060
-910
-961
-879
-551
-428
-368
-258
63
213
211
358
513
589
669
748
803
968
1166
1185
1304
1403
1242
1255
1295
1344
1289
1292
1463
1582
1574
1696
2190
2351
2369
2581
2798
2928
3132
3157
2953
2873
2922
2919
2592
2372
2461
2584
2678
2687
2597
2741
2832
2677
2171
1395
297
-443
-1027
-1825
-2563
-2751
-2259
-1843
-1384
-773
-112
631
877
707
631
328
-11
-474
-918
-1131
-1175
-980
-985
-840
-519
-204
-274
-663
-1064
-1343
-1631
-2107
-2353
-2480
-2266
-2085
-1946
-1482
-954
-702
-526
-353
-251
-162
-230
-246
-289
-203
-214
-143
-152
-337
-405
-459
-655
-891
-992
-965
-1111
-1320
-1428
-1409
-1294
-1414
-1492
-1445
-1466
-1388
-1458
-1429
-1330
-1140
-903
-631
-531
-327
-113
-11
121
78
189
86
-77
11
-95
51
194
111
130
161
361
564
666
774
928
1189
1414
1464
1607
1795
2011
2216
2270
2379
2542
2639
2813
2924
3031
2961
2921
2790
2594
2479
2280
2394
2392
2386
2363
2394
2519
2573
2528
1725
483
-439
-856
-1473
-2391
-2796
-2342
-1740
-1422
-899
-227
468
766
649
361
248
-86
-502
-1052
-1165
-953
-661
-360
-381
-320
-109
-119
-675
-1151
-1658
-1972
-2440
-2739
-2526
-2251
-1998
-1806
-1207
-707
-402
-427
-313
-173
-108
-207
-261
-211
-125
42
46
80
226
168
-78
-369
-683
-657
-1014
-1306
-1588
-1643
-1501
-1462
-1453
-1699
-1608
-1474
-1484
-1515
-1503
-1285
-1058
-850
-742
-579
-282
-136
-84
-114
-100
50
34
-28
-63
32
176
197
169
121
242
136
82
187
257
479
668
842
1167
1519
1606
1837
1984
2233
2318
2433
2561
2711
2754
2856
2958
2712
2743
2538
2273
2296
2011
2138
2069
2095
2088
2239
2482
2191
1404
356
-369
-876
-1522
-2292
-2486
-2051
-1517
-1128
-600
0
717
919
628
251
30
-230
-795
-1203
-1316
-1168
-872
-678
-597
-375
-129
-318
-738
-1224
-1619
-1915
-2098
-2212
-2060
-1810
-1557
-1254
-852
-506
-369
-257
-431
-445
-411
-450
-344
-316
-220
-59
56
108
11
-23
-1
-178
-409
-594
-720
-977
-1300
-1378
-1455
-1446
-1479
-1400
-1468
-1410
-1225
-1228
-1107
-1079
-945
-756
-635
-616
-366
-312
-337
-237
-211
-105
-127
-45
183
192
235
174
136
191
181
183
254
390
554
797
1093
1208
1268
1433
1792
1911
2074
2230
2281
2433
2629
2784
3061
3248
3313
3382
3363
3171
2963
2935
2763
2704
2563
2384
2338
2445
2342
1789
919
51
-571
-1153
-1751
-2277
-2270
-1625
-1065
-726
-349
222
759
654
310
50
-236
-411
-734
-874
-890
-621
-227
-112
1
-144
-136
-500
-1070
-1552
-1839
-1997
-2347
-2392
-2056
-1705
-1418
-1000
-613
-285
-178
-276
-124
-52
-93
-77
-9
165
307
537
470
393
290
194
113
-221
-526
-579
-642
-1064
-1206
-1276
-1338
-1323
-1457
-1522
-1480
-1273
-1094
-999
-919
-794
-650
-605
-421
-450
-463
-369
-453
-451
-335
-186
-156
-228
-185
-342
-111
-138
-187
-73
-175
82
109
249
445
793
1097
1375
1522
1581
1780
1996
2040
2086
2129
2333
2500
2699
2919
2976
2946
2915
2786
2615
2513
2484
2439
2398
2553
2488
2393
2342
2335
1834
782
-136
-844
-1488
-1963
-2243
-2155
-1701
-1069
-713
-466
-4
192
138
-273
-737
-907
-1109
-1191
-1205
-1041
-665
-397
-264
-326
-408
-592
-951
-1593
-2054
-2371
-2434
-2356
-2219
-1927
-1598
-1362
-1105
-953
-768
-792
-946
-655
-494
-298
-151
-149
213
435
390
627
398
130
-114
-216
-178
-347
-500
-521
-432
-744
-984
-1259
-1403
-1794
-2055
-1919
-1818
-1566
-1327
-1066
-759
-451
-355
-303
-277
-200
-195
-211
-118
-106
133
268
243
249
267
112
50
-95
-213
-111
-253
-68
244
525
803
1115
1417
1680
1732
1938
2303
2398
2593
2682
2901
3068
3362
3382
3458
3496
3409
3212
3077
2890
2641
2671
2637
2726
2600
2605
2611
2601
2240
1224
219
-677
-1064
-1545
-1940
-1960
-1450
-829
-347
17
209
357
287
91
-383
-722
-826
-853
-924
-701
-405
-123
-10
-247
-428
-735
-1150
-1650
-2285
-2304
-2086
-1997
-1815
-1513
-1219
-932
-798
-752
-668
-659
-694
-627
-498
-119
72
86
299
428
454
349
54
-247
-391
-562
-569
-554
-525
-538
-669
-773
-914
-1231
-1584
-1815
-1994
-2063
-1909
-1658
-1422
-1230
-934
-701
-720
-635
-787
-798
-866
-760
-372
-248
-127
98
67
45
-90
-266
-448
-506
-463
-515
-503
-239
142
413
647
912
1236
1404
1596
1570
1600
1780
1824
2112
2479
2662
2796
3003
3239
3255
3166
3055
2960
2556
2344
2329
2393
2534
2586
2520
2541
2557
2162
1146
115
-596
-1287
-1676
-1859
-1719
-1261
-600
-125
13
234
469
282
-223
-546
-612
-684
-579
-534
-519
-186
-10
-142
-422
-718
-976
-1350
-1760
-1974
-1705
-1617
-1577
-1343
-1052
-875
-823
-888
-1043
-1092
-856
-714
-508
-157
116
435
595
626
396
306
100
-177
-299
-308
-292
-318
-260
24
-147
-330
-522
-909
-1264
-1511
-1607
-1672
-1494
-1340
-1089
-804
-623
-439
-335
-451
-497
-682
-809
-550
-433
-392
-241
-1
104
113
75
32
-133
-232
-248
-221
-24
187
375
735
844
941
1186
1252
1315
1421
1601
1781
2016
2116
2517
2713
2685
2782
2804
2982
3135
3051
2961
2813
2787
2815
2513
2746
2857
2816
2617
2622
2613
2405
1665
231
-672
-1101
-1319
-1563
-1780
-1500
-1015
-446
-118
-356
-373
-446
-626
-1035
-938
-784
-542
-343
-332
-50
-108
-130
-515
-1041
-1309
-1319
-1680
-1876
-1644
-1695
-1525
-1417
-1150
-1253
-1360
-1362
-1408
-1267
-1191
-839
-627
-129
119
240
482
474
279
8
-32
-202
-214
-168
-9
183
88
-167
-473
-696
-862
-1389
-1534
-1639
-1662
-1307
-1458
-1353
-1030
-1054
-939
-975
-1022
-847
-829
-748
-580
-443
-215
-219
-85
55
-7
-164
-163
-239
-492
-406
-324
-192
-31
111
379
385
499
669
730
995
1150
1415
1840
2121
2232
2221
2153
2107
2285
2538
2609
2674
2797
2755
2731
2680
2335
2200
2266
2131
2081
2181
2223
2269
2301
1906
1062
9
-797
-1024
-1148
-1417
-1428
-1114
-740
-393
-367
-743
-870
-1002
-1220
-1420
-1350
-1189
-894
-665
-570
-539
-538
-589
-899
-1307
-1562
-1495
-1620
-1794
-1628
-1369
-1254
-1287
-1234
-1532
-1783
-1745
-1702
-1521
-1297
-1103
-769
-367
-110
-56
-218
-299
-431
-563
-685
-564
-271
-95
-36
-41
-109
-297
-433
-818
-979
-1265
-1486
-1330
-1320
-1133
-1211
-1293
-1270
-1320
-1278
-1285
-1169
-900
-815
-580
-484
-369
-305
-62
-51
-345
-240
-153
-20
-18
-13
69
167
190
233
226
288
332
270
485
786
932
1106
1412
1430
1670
1787
1834
1869
2143
2398
2755
2990
2798
2688
2546
2433
2337
2288
2266
2313
2418
2383
2157
2143
2333
2301
1575
378
-830
-1413
-1367
-1196
-1208
-1200
-967
-807
-684
-737
-1095
-1411
-1440
-1313
-1182
-872
-605
-435
-323
-426
-558
-841
-1114
-1379
-1618
-1646
-1577
-1485
-1362
-1512
-1715
-1734
-1732
-1780
-2152
-2232
-2016
-1758
-1368
-1221
-839
-600
-527
-498
-650
-645
-682
-793
-753
-623
-532
-455
-439
-353
-506
-629
-756
-855
-988
-1091
-1164
-1403
-1229
-1295
-1296
-1530
-1570
-1513
-1479
-1370
-1446
-1260
-1228
-1053
-865
-831
-767
-662
-458
-303
-295
-144
41
-3
174
248
291
374
554
604
631
818
1029
1109
1125
1206
1353
1428
1525
1670
1843
1898
2027
2352
2462
2689
2772
2692
2672
2663
2631
2581
2572
2611
2777
2740
2636
2573
2538
2613
2431
1624
310
-641
-1068
-873
-595
-734
-961
-1016
-844
-727
-958
-1420
-1576
-1433
-1072
-678
-535
-445
-280
-99
-13
-251
-445
-654
-771
-569
-553
-659
-647
-795
-981
-1266
-1537
-1651
-1727
-1819
-1780
-1683
-1407
-1190
-1026
-841
-820
-674
-453
-300
-193
-96
-9
80
80
44
100
31
21
-88
-354
-349
-404
-714
-901
-1143
-1320
-1331
-1415
-1464
-1645
-1791
-1754
-1470
-1266
-1205
-1178
-1104
-782
-526
-503
-540
-521
-392
-210
6
55
128
200
233
233
185
288
464
503
477
557
697
895
909
858
1039
1229
1361
1402
1530
1762
2077
2459
2581
2497
2341
2390
2649
2785
2756
2841
2743
2569
2746
2651
2517
2404
2493
2718
2646
1808
541
-511
-968
-940
-492
-269
-523
-825
-977
-927
-792
-919
-1418
-1532
-1346
-792
-272
-169
-107
-296
-525
-518
-584
-639
-604
-596
-594
-397
-520
-694
-964
-1238
-1427
-1504
-1400
-1358
-1221
-1352
-1260
-1249
-1064
-951
-911
-668
-657
-413
-239
31
-77
157
121
109
240
95
190
142
182
5
-118
-200
-397
-625
-904
-1035
-970
-1105
-1274
-1328
-1361
-1369
-1282
-1177
-1243
-1157
-991
-815
-521
-490
-495
-224
-94
122
179
358
331
446
569
557
710
810
937
816
718
892
1048
1131
1131
1108
1095
1253
1382
1483
1698
1659
1969
2245
2411
2389
2537
2554
2451
2545
2514
2663
2765
2780
2597
2500
2415
2392
2441
2294
1826
918
-19
-763
-932
-660
-346
-221
-749
-1004
-1302
-1400
-1083
-1411
-1421
-1255
-1001
-623
-514
-327
-433
-624
-865
-1086
-955
-700
-633
-538
-549
-757
-886
-1171
-1406
-1391
-1406
-1437
-1379
-1284
-1222
-1422
-1282
-1213
-1138
-1010
-950
-651
-514
-378
-376
-287
-225
-133
-180
-74
90
152
217
0
57
1
-86
-319
-546
-474
-520
-477
-538
-621
-845
-1053
-993
-936
-833
-810
-690
-579
-445
-413
-228
-307
-161
79
27
337
604
743
703
694
778
924
993
1272
1406
1638
1606
1645
1628
1538
1609
1675
1710
1785
1900
1986
2051
2228
2380
2380
2349
2304
2286
2476
2669
2757
2974
2881
2788
2719
2639
2789
2820
2939
2883
2375
1537
727
118
38
152
506
668
144
-368
-820
-878
-944
-1047
-975
-1011
-961
-789
-669
-611
-479
-588
-646
-595
-591
-604
-437
-321
-218
-254
-506
-918
-1130
-1109
-1000
-927
-818
-877
-1182
-1200
-1265
-1400
-1305
-1140
-1165
-870
-831
-668
-629
-741
-566
-529
-482
-296
-298
-124
12
-46
1
-86
-197
-311
-409
-279
-272
-400
-477
-686
-764
-1003
-1013
-1008
-899
-695
-670
-692
-654
-611
-454
-276
-362
-219
-155
-30
210
393
341
330
410
441
640
651
846
868
925
1055
1043
1083
1107
1133
1247
1274
1395
1517
1549
1671
1780
1830
1867
1978
2010
1975
2068
2167
2197
2237
2104
1972
2134
2148
2281
2430
2468
2348
1971
1419
872
596
599
901
957
825
643
153
-210
-634
-526
-618
-692
-620
-557
-566
-736
-820
-1016
-1089
-944
-953
-1072
-865
-867
-771
-766
-888
-962
-1149
-1217
-1086
-910
-832
-756
-817
-986
-1216
-1261
-1206
-1242
-1244
-1181
-1206
-1168
-1097
-1105
-1090
-1061
-921
-707
-640
-443
-484
-499
-275
-195
-55
-28
-82
-8
-3
-135
-37
-168
-224
-241
-217
-158
-375
-502
-496
-518
-490
-501
-391
-348
-467
-260
-83
79
-30
57
214
165
93
110
277
262
573
592
787
844
719
881
964
981
806
725
901
886
1092
1456
1406
1331
1358
1505
1589
1610
1688
1736
1888
1834
1770
1974
1954
1918
2031
2080
1920
1787
1391
1024
838
886
950
876
728
571
413
156
145
-15
-171
-182
-39
-220
-250
-148
-400
-535
-561
-580
-583
-732
-813
-771
-818
-844
-895
-1026
-1110
-1275
-1193
-1092
-1126
-1057
-918
-877
-964
-921
-977
-911
-927
-936
-899
-693
-569
-606
-580
-680
-625
-634
-590
-391
-437
-403
-318
-288
-142
-142
-47
49
36
27
126
121
49
100
106
224
177
214
200
135
120
218
133
74
29
145
208
190
323
288
366
327
393
441
426
442
581
665
718
849
884
964
1062
1123
1205
1128
1229
1300
1295
1415
1449
1401
1399
1542
1492
1592
1695
1731
1874
1859
1886
1842
1818
1868
2027
2067
2116
2033
1791
1623
1452
1582
1491
1236
1115
844
801
717
486
371
167
78
-41
-170
-60
-192
-413
-394
-357
-483
-658
-686
-665
-741
-809
-864
-967
-954
-1194
-1279
-1289
-1450
-1369
-1396
-1353
-1288
-1338
-1417
-1439
-1445
-1490
-1301
-1353
-1325
-1254
-1177
-1116
-1122
-898
-872
-773
-776
-728
-595
-608
-614
-355
-331
-221
-152
-101
-131
-173
-100
-143
-134
-160
-113
-159
-67
-102
-150
-105
-5
55
-70
97
109
274
157
86
316
309
319
132
-30
15
93
123
120
151
351
430
421
359
414
498
573
688
739
774
833
985
968
1204
1178
1160
1287
1254
1381
1507
1519
1504
1486
1483
1625
1780
1702
1432
1266
1344
1292
1163
990
935
870
652
656
638
416
151
178
122
-146
-245
-290
-575
-691
-558
-511
-748
-974
-987
-1001
-923
-913
-1141
-1272
-1484
-1574
-1569
-1700
-1611
-1654
-1656
-1689
-1725
-1716
-1703
-1756
-1663
-1608
-1567
-1585
-1831
-1645
-1629
-1524
-1399
-1405
-1299
-1152
-993
-1008
-1113
-922
-829
-801
-784
-706
-623
-373
-348
-534
-458
-313
-192
-235
-194
-248
-272
-257
-230
-210
-182
-327
-296
-500
-318
-174
-276
-140
12
67
89
183
321
431
419
388
307
393
446
398
479
490
616
784
716
712
705
854
782
934
981
997
1096
1080
1349
1421
1559
1507
1452
1531
1565
1761
1716
1710
1720
1595
1217
1210
1292
1145
1234
976
776
502
301
116
-9
-70
-173
-52
-190
-331
-383
-502
-693
-659
-571
-681
-739
-653
-656
-759
-806
-812
-1000
-1156
-1153
-1169
-1285
-1383
-1330
-1475
-1595
-1685
-1751
-1643
-1689
-1677
-1608
-1766
-1738
-1739
-1774
-1767
-1659
-1499
-1454
-1343
-1200
-1114
-1138
-1082
-1065
-1044
-933
-877
-947
-666
-559
-582
-535
-452
-416
-410
-399
-453
-341
-194
-288
-162
-30
-134
-72
-124
-139
-80
-55
-128
-68
91
218
225
143
232
483
433
385
381
550
636
648
680
690
772
885
976
1009
1037
936
897
1060
1196
1222
1202
1137
1308
1377
1520
1492
1515
1561
1527
1636
1613
1731
1771
1346
1135
1170
1169
1153
1050
973
767
659
560
457
256
53
-41
-35
-116
-312
-485
-627
-704
-674
-667
-820
-957
-1058
-952
-972
-858
-1055
-1247
-1341
-1331
-1155
-1329
-1403
-1437
-1493
-1659
-1756
-1742
-1604
-1671
-1689
-1715
-1713
-1671
-1836
-1656
-1631
-1672
-1738
-1507
-1442
-1380
-1179
-1007
-966
-989
-898
-905
-670
-568
-579
-580
-609
-579
-652
-621
-559
-632
-693
-775
-647
-593
-677
-648
-582
-474
-451
-518
-454
-416
-366
-277
-285
-235
-107
57
-43
87
304
284
371
258
363
399
486
493
411
488
411
615
654
683
633
785
907
1059
1126
1171
1134
1196
1317
1371
1377
1343
1504
1530
1669
1759
1713
1376
1042
969
932
806
639
493
392
231
74
23
-94
-359
-428
-602
-444
-618
-731
-868
-930
-938
-899
-980
-1151
-1173
-1285
-1219
-1220
-1368
-1457
-1572
-1609
-1608
-1610
-1683
-1627
-1615
-1834
-1797
-1817
-1882
-1999
-2032
-1849
-1744
-1650
-1614
-1734
-1617
-1484
-1442
-1419
-1357
-1278
-1172
-1166
-953
-964
-974
-788
-770
-622
-565
-660
-554
-884
-954
-597
-685
-548
-554
-637
-588
-520
-545
-461
-289
-241
-312
-306
-470
-406
-312
-284
-450
-451
-368
-375
-142
-149
-11
96
237
307
373
560
449
539
734
729
762
890
950
1069
1159
957
1070
1170
1250
1282
1330
1382
1511
1526
1395
1510
1628
1740
1814
1791
1807
1683
1417
1209
1228
1126
961
866
657
445
392
298
135
-144
-279
-373
-474
-533
-792
-878
-1082
-1052
-934
-1066
-1136
-1085
-1078
-1107
-1202
-1197
-1295
-1430
-1437
-1396
-1309
-1253
-1362
-1438
-1451
-1529
-1634
-1785
-1839
-1670
-1635
-1559
-1402
-1457
-1428
-1381
-1215
-1105
-1188
-1129
-868
-779
-647
-489
-436
-426
-333
-343
-329
-233
-72
33
-89
-155
-279
-292
-438
-351
-338
-458
-286
-369
-222
-365
-393
-352
-352
-135
-73
-81
-35
46
114
191
185
239
176
352
452
360
427
566
656
692
625
712
772
708
826
1038
1003
981
1181
1233
1272
1404
1520
1494
1617
1743
1770
1836
1935
1904
1898
1917
2025
1900
1684
1345
1358
1287
1082
982
806
683
567
482
385
274
54
-43
-66
-98
-228
-323
-479
-772
-688
-684
-815
-856
-1041
-1040
-1149
-1271
-1262
-1410
-1438
-1399
-1419
-1418
-1384
-1495
-1429
-1326
-1415
-1416
-1464
-1482
-1535
-1594
-1500
-1472
-1431
-1346
-1350
-1228
-1086
-1049
-1039
-991
-954
-910
-811
-685
-697
-713
-459
-483
-428
-396
-260
-223
-325
-277
-374
-322
-332
-253
-368
-413
-369
-308
-417
-368
-408
-569
-465
-480
-467
-384
-269
-188
-67
-15
-75
170
61
205
348
314
428
419
669
655
820
966
934
1000
1007
1116
1140
1111
1128
1189
1369
1272
1317
1668
1688
1536
1842
1862
1874
2184
2187
2070
2004
1777
1558
1541
1475
1362
1275
1074
814
639
499
277
70
-162
-225
-313
-444
-331
-477
-746
-803
-764
-699
-916
-981
-785
-946
-895
-929
-1060
-1115
-1273
-1328
-1380
-1388
-1382
-1445
-1538
-1528
-1491
-1588
-1710
-1780
-1762
-1798
-1626
-1533
-1575
-1434
-1395
-1256
-1122
-1068
-902
-845
-798
-646
-525
-485
-550
-498
-394
-320
-211
-314
-226
-145
-132
-120
-228
-353
-285
-323
-416
-323
-413
-301
-321
-257
-165
-187
-85
-29
-79
-149
-19
63
179
110
119
245
303
332
334
417
512
432
535
717
764
842
995
1133
1125
1268
1300
1346
1303
1529
1603
1570
1734
1758
1982
1966
1996
2003
1901
2023
2103
2111
1896
1710
1597
1649
1477
1283
1260
1035
942
825
764
592
430
259
177
-48
-112
-179
-459
-618
-568
-572
-743
-850
-936
-848
-957
-941
-872
-1111
-1110
-1153
-1223
-1166
-1212
-1232
-1379
-1402
-1415
-1397
-1562
-1614
-1583
-1518
-1422
-1374
-1275
-1369
-1371
-1184
-1110
-960
-993
-961
-773
-598
-583
-429
-356
-194
-58
87
120
84
58
-32
102
126
131
-21
-45
-48
-66
-141
-91
-371
-236
-397
-494
-430
-458
-520
-459
-405
-408
-216
-243
-153
77
167
222
184
296
376
380
534
611
617
685
779
914
1024
902
969
1067
1149
1230
1290
1332
1357
1426
1667
1677
1717
1844
1947
1986
2061
2235
2175
2127
2059
1821
1717
1677
1656
1459
1133
1023
875
771
535
268
15
-153
-292
-440
-541
-642
-779
-892
-884
-802
-967
-1130
-1150
-1138
-1120
-1169
-1140
-1229
-1399
-1327
-1389
-1458
-1378
-1528
-1577
-1642
-1542
-1566
-1727
-1543
-1589
-1708
-1671
-1603
-1458
-1394
-1367
-1193
-993
-982
-940
-789
-745
-723
-658
-596
-367
-554
-402
-318
-359
-264
-232
-104
-324
-218
-289
-245
-178
-178
-68
-171
-258
-222
-25
-205
-301
-283
-317
-304
-423
-417
-293
-330
-251
-155
-225
-232
-56
89
219
312
292
298
407
574
632
802
967
929
1095
1321
1249
1226
1186
1363
1460
1498
1586
1476
1581
1625
1656
1667
1714
1802
1765
1961
2009
1884
1669
1647
1554
1526
1421
1342
1303
1071
879
801
652
402
166
-48
-280
-288
-310
-470
-602
-760
-837
-922
-982
-1135
-1056
-953
-978
-1060
-1040
-1171
-1313
-1230
-1241
-1144
-1267
-1333
-1283
-1347
-1350
-1411
-1399
-1456
-1522
-1465
-1385
-1401
-1412
-1431
-1323
-1272
-1178
-1137
-1118
-1082
-960
-887
-848
-694
-637
-527
-419
-360
-294
-278
-213
-107
-171
-183
-136
-198
-160
-158
-259
-178
-190
-257
-274
-304
-412
-267
-300
-359
-263
-278
-217
-62
-44
-40
67
69
203
259
446
394
400
563
591
666
825
831
854
976
1052
1143
1169
1277
1288
1331
1402
1588
1751
1759
1871
1963
1996
2086
2058
2134
2140
2082
2138
1992
1734
1537
1577
1505
1388
1255
959
876
682
680
468
155
79
-80
-56
-201
-250
-384
-616
-499
-470
-561
-702
-866
-792
-831
-852
-929
-1083
-1182
-1187
-1271
-1097
-1109
-1176
-1104
-1221
-1218
-1260
-1229
-1177
-1154
-1179
-1180
-1150
-1039
-1094
-1059
-1048
-906
-796
-825
-799
-729
-668
-624
-539
-548
-490
-393
-364
-212
-118
-129
-230
-230
-138
-95
-118
-97
57
-44
-138
-111
-51
-108
-185
-58
-124
-255
-254
-68
-161
-243
-130
-194
-155
-174
-124
-43
85
249
335
436
555
547
620
854
940
983
1101
1232
1318
1377
1609
1482
1438
1554
1476
1574
1637
1641
1591
1664
1693
1840
1697
1781
1917
1879
1919
1822
1613
1423
1220
1363
1399
1149
991
884
586
558
411
193
-3
-80
-150
-263
-298
-525
-616
-863
-805
-810
-939
-988
-1020
-1170
-1143
-1043
-1248
-1254
-1167
-1110
-1169
-1224
-1160
-1348
-1364
-1424
-1388
-1419
-1538
-1555
-1518
-1452
-1460
-1370
-1276
-1329
-1345
-1048
-1032
-959
-960
-912
-834
-650
-591
-549
-477
-571
-335
-467
-441
-400
-323
-255
-240
-130
-217
-222
-236
-222
-264
-181
-277
-245
-267
-317
-159
-126
-43
-166
-196
-75
-4
140
104
153
152
153
296
353
420
367
458
556
616
867
940
1066
1001
1095
1329
1438
1360
1368
1493
1548
1641
1728
1806
1813
1793
1734
1751
1746
1788
1700
1687
1620
1688
1553
1178
1076
1104
1145
1085
859
737
567
500
406
326
-26
-10
-34
-237
-250
-440
-498
-626
-755
-774
-745
-1044
-1130
-1078
-1153
-1370
-1328
-1359
-1544
-1535
-1474
-1473
-1432
-1343
-1433
-1424
-1435
-1441
-1392
-1374
-1339
-1277
-1292
-1315
-1330
-1241
-1216
-1287
-1205
-1200
-1050
-965
-972
-853
-695
-659
-681
-602
-460
-367
-298
-174
-83
-74
-9
14
115
77
54
85
19
8
-30
-107
20
-45
-32
84
-28
47
5
16
98
211
182
279
486
401
434
438
543
755
883
905
1017
1014
955
1084
1120
1173
1324
1341
1392
1363
1440
1536
1574
1697
1666
1740
1699
1813
1855
1831
1967
1965
1851
1806
1852
1770
1688
1509
1433
1455
1335
1001
849
688
623
587
313
132
-63
-22
-130
-189
-97
-323
-583
-495
-448
-549
-777
-730
-810
-892
-892
-887
-966
-1132
-1115
-1146
-1114
-1153
-1282
-1310
-1272
-1270
-1278
-1268
-1276
-1364
-1294
-1153
-1184
-1204
-1222
-1078
-954
-793
-764
-779
-729
-637
-522
-466
-503
-415
-338
-346
-295
-412
-385
-331
-255
-177
-98
-190
21
82
-3
70
38
160
92
131
209
194
156
241
376
285
388
191
277
252
271
451
472
469
562
623
513
621
701
882
915
961
1186
1164
1289
1379
1290
1372
1277
1299
1501
1576
1589
1437
1622
1652
1691
1603
1564
1538
1466
1533
1542
1551
1271
1095
1078
1047
1051
928
688
519
257
344
247
59
-217
-141
-308
-405
-499
-685
-767
-970
-875
-1059
-1048
-1230
-1180
-1095
-1218
-1387
-1351
-1338
-1608
-1622
-1524
-1677
-1665
-1583
-1609
-1508
-1476
-1462
-1623
-1585
-1482
-1526
-1445
-1468
-1570
-1586
-1451
-1381
-1378
-1271
-1242
-1129
-1049
-988
-930
-702
-699
-591
-498
-615
-434
-422
-177
-194
-376
-320
-253
-85
-176
-175
-201
-214
-285
-289
-245
-274
-237
-219
-119
-173
-150
27
-31
128
208
355
390
425
490
480
712
773
944
943
975
1037
1186
1232
1190
1269
1181
1276
1294
1306
1419
1617
1693
1707
1833
1893
1812
1883
2089
2062
2029
2066
2068
1995
1909
1703
1519
1482
1352
1154
1140
999
916
825
753
627
350
361
242
104
23
-107
-234
-334
-368
-205
-388
-529
-391
-523
-556
-509
-603
-549
-694
-906
-907
-873
-953
-1015
-958
-954
-1001
-1094
-1147
-1276
-1209
-1145
-1122
-1122
-1187
-1121
-1041
-827
-838
-777
-698
-680
-770
-736
-605
-450
-474
-386
-205
-351
-228
-222
-117
-234
-167
-43
-177
-146
-109
-102
44
-25
43
51
-30
106
126
56
44
-7
6
41
48
-10
-38
227
226
230
294
470
528
444
613
618
749
785
786
896
822
903
1058
1149
1093
1209
1195
1314
1365
1259
1273
1346
1321
1203
1247
1360
1480
1443
1352
1485
1455
1223
1115
1020
1030
1034
938
816
550
471
349
344
174
60
-180
-156
-275
-451
-520
-667
-772
-862
-717
-778
-899
-1054
-1045
-1129
-948
-878
-932
-1125
-1238
-1018
-943
-1107
-1087
-1123
-1240
-1100
-1153
-1262
-1198
-1167
-1374
-1286
-1315
-1266
-1191
-1242
-1163
-1128
-1026
-1062
-1058
-854
-742
-780
-653
-682
-639
-715
-498
-337
-376
-358
-458
-283
-279
-209
-280
-459
-335
-391
-460
-339
-280
-322
-352
-341
-291
-123
-116
-137
43
130
68
197
339
296
279
388
481
533
568
682
593
557
626
879
731
710
740
810
922
876
926
980
1092
1017
1176
1152
1160
1307
1287
1275
1272
1235
1258
1284
1274
1000
872
800
835
741
543
406
366
189
170
114
-73
-140
-268
-318
-342
-395
-511
-519
-743
-773
-714
-744
-748
-813
-895
-1069
-1057
-1144
-1229
-1387
-1445
-1315
-1337
-1447
-1584
-1506
-1444
-1402
-1494
-1510
-1424
-1327
-1298
-1213
-1244
-1270
-1274
-1303
-1265
-1185
-1142
-1147
-1086
-1166
-893
-799
-811
-802
-633
-481
-462
-511
-495
-467
-453
-298
-211
-106
86
41
88
109
103
66
78
200
239
181
299
374
336
251
210
321
313
234
318
449
457
460
602
746
817
776
906
913
919
1058
1200
1315
1231
1347
1290
1372
1382
1283
1367
1366
1335
1263
1297
1280
1243
1231
1260
1186
1296
1443
1365
1223
986
949
1031
1051
964
958
688
625
520
379
343
204
21
-240
-241
-339
-423
-598
-673
-761
-791
-598
-806
-1018
-1008
-884
-799
-942
-1134
-1198
-1146
-1158
-1195
-1329
-1401
-1303
-1257
-1278
-1330
-1287
-1299
-1452
-1337
-1295
-1389
-1359
-1327
-1277
-1250
-1263
-1121
-1101
-1076
-970
-956
-837
-860
-849
-727
-671
-568
-529
-475
-504
-436
-332
-350
-354
-313
-236
-370
-366
-363
-354
-318
-278
-237
-164
-178
-130
-63
-35
85
22
-78
49
172
253
340
315
355
377
460
468
449
561
671
577
638
686
895
1089
956
1027
1007
1138
1168
1296
1351
1346
1386
1350
1382
1389
1439
1463
1467
1448
1317
1140
1164
1105
967
778
793
598
527
659
426
360
266
194
74
-58
-157
-274
-249
-401
-347
-603
-550
-580
-877
-961
-1105
-1204
-1169
-1112
-1130
-1285
-1457
-1467
-1556
-1550
-1498
-1467
-1423
-1338
-1366
-1279
-1339
-1342
-1272
-1274
-1141
-1248
-1280
-1369
-1328
-1237
-1013
-1076
-1069
-879
-1070
-930
-849
-951
-888
-966
-888
-727
-722
-610
-348
-332
-223
-143
-40
-191
-209
101
-39
8
12
31
51
126
41
-46
16
-4
-18
3
6
5
33
111
130
91
154
132
226
224
221
281
204
354
446
399
474
438
430
546
601
480
583
564
609
621
524
492
378
358
428
423
465
486
582
643
586
501
393
471
408
451
357
170
201
191
217
79
-67
-121
-155
-127
-172
-281
-495
-495
-478
-639
-578
-595
-606
-677
-676
-760
-797
-745
-868
-878
-908
-897
-1073
-1163
-1250
-1212
-1175
-1240
-1262
-1269
-1233
-1144
-1090
-1142
-1132
-1108
-1177
-1121
-1007
-1083
-1111
-1063
-1033
-993
-822
-786
-738
-688
-649
-541
-522
-462
-485
-468
-337
-285
-138
-103
-90
-22
27
122
148
199
245
233
404
432
513
577
645
648
595
552
503
582
668
691
738
535
447
542
561
578
646
703
652
639
803
884
792
744
749
903
906
941
970
823
831
934
990
935
897
881
877
817
764
735
700
654
586
624
551
542
402
322
297
351
379
283
229
173
106
52
150
73
61
-6
-47
-88
-163
-90
-296
-463
-466
-456
-599
-724
-758
-836
-798
-688
-639
-748
-744
-841
-693
-624
-608
-672
-745
-714
-704
-737
-780
-742
-730
-766
-807
-805
-750
-723
-723
-650
-664
-593
-656
-583
-524
-417
-487
-594
-463
-612
-510
-390
-392
-339
-278
-126
-228
-90
-49
16
-158
-168
-64
-122
-24
19
-53
-43
122
161
332
281
326
269
288
535
470
526
683
648
686
768
801
824
780
800
840
719
1071
901
770
919
795
824
1004
1018
965
918
875
873
935
898
780
729
790
799
881
874
795
766
668
625
709
706
599
389
291
359
367
272
327
281
135
102
115
102
230
82
22
33
6
-45
-30
-139
-33
-116
-271
-73
-276
-312
-317
-316
-320
-475
-561
-479
-399
-417
-490
-402
-362
-431
-386
-364
-221
-160
-251
-234
-94
-74
-117
-181
-234
-244
-278
-307
-305
-380
-343
-301
-334
-418
-373
-362
-416
-349
-210
-344
-363
-188
-255
-307
-228
-198
-237
-160
-256
-155
-93
-5
-82
-99
-84
-148
-181
-235
-77
21
48
-23
54
87
129
117
214
217
168
391
400
435
380
466
549
563
596
536
522
455
549
552
551
474
594
551
486
481
570
645
508
530
505
539
534
633
623
604
676
674
647
602
501
543
643
449
497
455
398
277
193
177
173
188
178
86
96
126
63
-111
-203
-45
-13
-170
-104
-131
-134
-89
-37
-117
-91
-4
-70
-92
-82
-114
-225
-185
-260
-387
-352
-191
-373
-367
-365
-302
-254
-276
-254
-296
-158
-153
-49
56
-56
-16
35
-30
-30
-60
37
13
123
77
-123
-102
-31
-72
-88
-61
-28
61
-39
-118
-31
-20
38
52
87
-4
-8
37
50
162
152
162
179
169
-1
-10
65
57
-58
17
19
82
91
7
23
12
69
90
109
150
216
156
176
163
138
215
68
96
190
292
307
206
241
202
201
201
244
173
280
355
198
306
283
302
380
355
373
437
274
366
349
302
136
206
196
33
207
201
141
33
14
-32
-134
-14
-79
-308
-95
-38
-164
-119
-107
-142
-68
-53
-174
-70
-62
-159
-123
