281
308
219
326
289
301
356
388
450
423
418
350
283
350
346
265
293
309
336
320
322
310
204
288
419
369
356
367
319
402
394
371
31
36
277
247
311
437
432
568
450
563
513
621
781
820
711
847
904
815
764
834
831
765
751
759
628
563
618
490
315
184
223
93
-92
-214
-277
-312
-351
-353
-493
-609
-578
-628
-620
-704
-875
-815
-774
-825
-846
-651
-601
-543
-480
-496
-420
-459
-420
-521
-527
-482
-482
-534
-561
-459
-480
-453
-502
-512
-443
-488
-466
-544
-586
-575
-534
-500
-497
-471
-465
-296
-406
-381
-332
-335
-336
-346
-422
-429
-437
-422
-460
-609
-432
-466
-491
-469
-460
-498
-615
-543
-627
-587
-520
-474
-409
-433
-367
-364
-393
-289
-239
-192
-117
-21
-36
-77
-72
41
103
-25
16
76
196
157
155
187
231
300
283
269
337
318
422
511
484
491
610
631
592
658
573
667
680
633
668
712
629
652
639
557
639
536
509
539
514
584
541
499
462
440
576
626
626
672
693
657
633
553
650
595
404
232
94
-30
-241
-479
-534
-597
-592
-686
-936
-955
-933
-1115
-1009
-1084
-1161
-1171
-1143
-1241
-1388
-1172
-1163
-1186
-1211
-1019
-896
-926
-1005
-829
-1021
-960
-857
-971
-911
-921
-877
-903
-810
-773
-684
-656
-644
-695
-660
-596
-494
-476
-481
-510
-590
-504
-434
-356
-307
-274
-293
-245
-257
-236
-189
-148
-171
-168
-169
-152
-43
-39
-12
186
275
383
414
488
528
532
611
686
693
711
703
853
861
934
984
1140
1234
1114
1321
1307
1405
1150
968
857
765
611
485
385
209
229
174
-114
-161
-100
-271
-237
-370
-469
-869
-949
-800
-954
-1062
-1090
-1051
-1078
-1026
-896
-841
-841
-707
-757
-698
-711
-761
-795
-782
-840
-917
-823
-794
-819
-737
-755
-721
-791
-990
-920
-870
-924
-932
-1063
-971
-950
-870
-742
-639
-547
-440
-406
-476
-387
-416
-382
-429
-420
-501
-598
-481
-691
-623
-639
-829
-731
-841
-809
-892
-830
-921
-982
-914
-858
-712
-775
-734
-697
-623
-550
-498
-497
-328
-399
-304
-202
-200
-239
-205
-169
-141
-19
-8
23
127
292
383
545
700
685
685
775
833
937
1117
1063
1209
1374
1491
1595
1633
1743
1832
1951
1905
1903
1834
1762
1666
1481
1451
1261
1034
865
724
547
361
354
358
185
-8
-95
-212
-287
-452
-701
-835
-942
-970
-1025
-1017
-980
-991
-979
-952
-853
-887
-960
-948
-913
-935
-1014
-1001
-1007
-903
-956
-998
-770
-713
-792
-804
-636
-767
-728
-593
-728
-644
-541
-554
-601
-477
-381
-467
-426
-338
-52
-251
-308
-239
-228
-218
-312
-164
-215
-215
-160
-198
-172
-183
-156
-256
-303
-284
-360
-323
-467
-539
-528
-591
-487
-465
-565
-585
-580
-643
-572
-454
-517
-450
-572
-530
-454
-422
-288
-95
-40
93
232
339
339
569
652
641
783
765
814
1090
1169
1230
1470
1417
1638
1646
1787
1974
2034
2170
2077
1988
2000
1749
1548
1453
1254
1021
895
716
599
387
355
183
-63
-253
-438
-557
-760
-696
-946
-1213
-1247
-1318
-1344
-1424
-1379
-1334
-1258
-1230
-1251
-1224
-1242
-1289
-1368
-1317
-1412
-1477
-1384
-1315
-1309
-1215
-1031
-1051
-1157
-1006
-947
-968
-711
-768
-806
-782
-814
-605
-608
-452
-345
-430
-226
-138
-5
16
-51
-25
-116
-107
-90
-163
-228
-329
-310
-324
-325
-285
-261
-289
-345
-438
-488
-547
-468
-566
-623
-607
-757
-690
-711
-638
-669
-665
-692
-583
-576
-594
-435
-459
-423
-316
-124
82
148
232
318
577
711
624
776
960
1096
1097
1146
1336
1382
1452
1503
1528
1655
1851
1852
2103
2237
2044
2228
2214
2251
2227
1984
1824
1973
1830
1596
1411
1193
1110
1039
882
728
530
334
121
-11
-126
-298
-484
-664
-984
-911
-907
-1067
-1010
-1139
-1205
-1236
-1220
-1128
-1137
-1230
-1257
-1222
-1391
-1303
-1267
-1121
-1145
-1262
-1145
-1147
-1037
-1035
-969
-965
-1002
-976
-951
-961
-967
-816
-746
-765
-703
-579
-534
-495
-411
-302
-227
-244
-248
-230
-263
-287
-302
-411
-406
-362
-376
-339
-330
-412
-476
-509
-583
-676
-765
-925
-876
-1010
-1078
-1069
-1061
-1061
-1048
-987
-972
-999
-996
-898
-823
-746
-679
-693
-542
-506
-448
-387
-188
-161
-78
75
46
269
366
486
531
669
761
884
996
1237
1439
1637
1667
1798
2032
2170
2290
2317
2307
2182
2116
2012
1867
1760
1618
1425
1161
811
683
521
449
203
11
-62
-319
-266
-386
-537
-860
-1135
-1031
-1183
-1313
-1420
-1351
-1288
-1295
-1260
-1240
-1206
-1293
-1488
-1415
-1461
-1443
-1373
-1380
-1410
-1342
-1219
-1197
-1099
-1091
-991
-995
-775
-803
-833
-831
-836
-849
-763
-639
-522
-575
-546
-403
-476
-282
-158
-184
-223
-242
-259
-316
-229
-99
-283
-319
-284
-405
-420
-473
-504
-541
-517
-625
-700
-851
-979
-1002
-1133
-1120
-1227
-1254
-1251
-1225
-1301
-1327
-1226
-1184
-1079
-1055
-1013
-827
-791
-656
-604
-498
-337
-274
-221
59
181
292
358
430
635
693
967
1008
985
1052
1282
1436
1535
1663
1889
2010
2008
2268
2328
2511
2690
2637
2653
2590
2519
2296
2087
1912
1670
1413
1138
952
817
534
404
164
-127
-207
-160
-434
-703
-869
-1245
-1225
-1212
-1360
-1438
-1440
-1446
-1242
-1129
-1260
-1081
-1123
-1172
-1157
-1167
-1184
-1145
-1218
-1185
-1159
-1066
-955
-1024
-917
-747
-696
-744
-587
-494
-434
-458
-507
-554
-271
-220
-275
-142
-166
26
15
146
181
-40
-89
-142
-92
-46
39
-85
-234
-242
-246
-328
-291
-439
-450
-489
-550
-556
-822
-870
-992
-930
-920
-875
-899
-854
-857
-746
-756
-772
-639
-597
-658
-641
-499
-463
-345
-275
-88
59
138
220
460
585
695
796
824
1001
1135
1187
1356
1428
1652
1860
1845
1965
2037
2174
2266
2292
2423
2751
2797
2738
2599
2586
2633
2466
2395
2181
1904
1565
1243
1052
931
735
523
210
-117
-202
-271
-598
-905
-1135
-1258
-1392
-1401
-1520
-1630
-1631
-1605
-1574
-1418
-1406
-1408
-1302
-1382
-1320
-1186
-1139
-1205
-1275
-1357
-1323
-1150
-1039
-970
-1073
-1065
-930
-816
-780
-738
-773
-678
-682
-600
-531
-614
-374
-232
-151
-97
-40
-58
60
121
64
129
38
37
-134
-104
-191
-204
-319
-347
-469
-539
-587
-666
-745
-763
-885
-941
-825
-889
-824
-838
-852
-872
-709
-682
-721
-701
-641
-479
-370
-320
-224
-72
-12
-11
66
309
314
377
644
769
975
1123
1237
1376
1524
1637
1811
1896
2006
2110
2140
2334
2405
2467
2622
2730
2733
2888
2926
3085
3115
2931
2673
2504
2376
2134
2031
1559
1297
1002
806
633
493
246
-128
-159
-218
-359
-446
-784
-1044
-1171
-1246
-1201
-1376
-1472
-1590
-1552
-1429
-1308
-1262
-1303
-1292
-1165
-1050
-981
-1000
-968
-954
-939
-914
-848
-725
-781
-817
-745
-733
-697
-561
-557
-710
-628
-524
-472
-470
-517
-672
-659
-464
-396
-202
-254
-191
-125
-102
-58
74
54
-6
53
-10
8
-2
-40
-117
-312
-263
-333
-457
-566
-569
-584
-672
-586
-709
-691
-734
-725
-567
-566
-526
-406
-368
-249
36
86
125
339
573
436
663
745
913
1045
1160
1413
1436
1573
1601
1823
1929
1938
2099
2184
2284
2410
2472
2420
2609
2689
2787
2853
2908
2939
2823
2627
2399
2400
1906
1613
1231
1045
661
308
270
-64
-360
-739
-906
-917
-1082
-1285
-1432
-1529
-1671
-1714
-1705
-1743
-1670
-1711
-1800
-1695
-1478
-1378
-1180
-1157
-1207
-1219
-1007
-1010
-1011
-1162
-1322
-1132
-1102
-1044
-1110
-1164
-1250
-1223
-1285
-1147
-1235
-1116
-1080
-1020
-1005
-1063
-795
-965
-1029
-971
-749
-767
-672
-686
-698
-492
-439
-413
-526
-458
-489
-438
-318
-422
-323
-456
-489
-505
-578
-606
-729
-756
-835
-876
-848
-924
-1025
-990
-949
-849
-886
-836
-751
-600
-399
-330
-247
32
129
308
504
641
775
1016
1172
1331
1492
1672
1729
1850
1874
2073
2209
2270
2350
2282
2530
2454
2607
2731
2854
3011
3044
3045
3020
2876
2563
2422
2136
1838
1486
1140
824
594
412
148
-62
-270
-469
-479
-480
-652
-773
-1083
-1195
-1238
-1224
-1198
-1199
-1152
-1145
-850
-859
-579
-381
-433
-322
-305
-232
-336
-353
-506
-588
-709
-876
-922
-883
-935
-978
-1031
-928
-930
-1121
-1137
-1150
-1101
-1075
-937
-872
-775
-730
-616
-343
-280
-88
-119
37
96
30
160
149
69
-130
-47
-144
-244
-267
-498
-547
-557
-625
-693
-900
-828
-1012
-965
-807
-903
-938
-962
-958
-907
-712
-559
-367
-373
-153
50
272
367
463
550
665
807
989
1056
1110
1322
1356
1366
1492
1699
1745
1789
1967
2038
2118
2211
2215
2179
2197
2358
2467
2540
2657
2765
2728
2480
2117
1993
1786
1336
912
494
60
-330
-527
-710
-878
-1077
-1179
-1194
-1089
-1124
-1190
-1274
-1384
-1438
-1375
-1294
-1329
-1303
-1228
-1131
-1017
-738
-495
-558
-603
-650
-511
-627
-750
-944
-1167
-1284
-1343
-1301
-1474
-1445
-1523
-1605
-1508
-1452
-1190
-1405
-1265
-1252
-1135
-1013
-998
-772
-788
-549
-382
-292
-232
-105
-127
2
11
-238
37
-6
-287
-491
-488
-770
-963
-936
-1225
-1310
-1302
-1226
-1244
-1309
-1344
-1212
-1201
-1126
-1074
-897
-802
-702
-624
-468
-221
-104
321
516
743
922
1003
1082
1149
1377
1402
1426
1524
1564
1670
1907
1950
2100
1988
2064
2143
2218
2193
2214
2228
2226
2389
2395
2513
2618
2881
2985
3387
3212
2827
2645
2270
2094
1554
883
282
-307
-672
-875
-1080
-1310
-1392
-1495
-1550
-1305
-1211
-1280
-1351
-1398
-1304
-1120
-979
-991
-877
-813
-539
-329
-177
-73
-163
-153
-198
-327
-424
-574
-848
-1131
-1437
-1548
-1564
-1735
-1914
-1946
-1795
-1633
-1443
-1406
-1365
-1289
-1234
-1042
-772
-622
-494
-462
-429
-145
13
-37
-83
-75
-62
-90
-339
-503
-878
-1003
-1180
-1480
-1469
-1638
-1698
-1734
-1658
-1530
-1376
-1329
-1436
-1280
-896
-758
-727
-653
-549
-481
-205
42
132
316
563
785
988
992
1145
1124
1079
1213
1223
1270
1361
1555
1473
1548
1741
1834
1931
2100
2126
2200
2329
2395
2477
2565
2696
2648
2863
2983
3171
3345
3460
3204
2692
2396
2001
1455
822
-1
-549
-913
-1221
-1489
-1561
-1637
-1743
-1592
-1359
-1125
-898
-817
-881
-919
-865
-665
-513
-386
-344
-240
-6
113
369
234
-60
-93
-306
-556
-763
-1211
-1491
-1852
-2017
-2194
-2214
-2125
-2064
-1913
-1697
-1441
-1268
-1197
-1012
-786
-703
-584
-423
-415
-374
-206
-63
-46
28
-12
-224
-269
-447
-574
-836
-1087
-1314
-1669
-1777
-1854
-1955
-2057
-2041
-1929
-1828
-1691
-1371
-1316
-1112
-973
-859
-650
-413
-243
-22
198
369
606
781
884
1038
1117
1182
1215
1226
1079
1024
1205
1156
1184
1238
1349
1407
1642
1823
2010
2028
2177
2374
2637
2819
3069
3138
3040
3382
3344
3543
3874
3885
3690
3284
2699
2291
1734
1306
362
-512
-1147
-1559
-1715
-2093
-2029
-1977
-1894
-1734
-1456
-1301
-810
-666
-804
-698
-482
-106
-15
-149
-104
130
186
171
215
-19
-278
-522
-832
-1202
-1651
-1886
-2319
-2554
-2547
-2676
-2420
-2240
-2098
-1884
-1504
-1172
-890
-699
-587
-501
-433
-232
-210
-67
-195
-246
-187
-141
-134
-414
-645
-870
-1061
-1322
-1523
-1818
-2129
-2229
-2242
-2289
-2171
-2169
-2154
-1785
-1567
-1252
-935
-744
-644
-521
-373
-83
166
269
357
422
703
753
777
856
914
812
908
940
836
904
830
983
1196
1397
1543
1756
1896
2086
2318
2401
2531
2712
2723
2806
3137
3094
3160
3357
3323
3469
3498
3552
3424
3118
2461
2038
1732
982
194
-589
-1235
-1744
-1906
-2047
-1871
-1703
-1656
-1383
-929
-554
-351
-16
-66
-100
77
274
269
217
335
343
412
396
466
380
-47
-466
-725
-1112
-1514
-1781
-2116
-2180
-2181
-2189
-1972
-1719
-1459
-1140
-964
-707
-406
-192
-190
-111
-221
-204
-69
-36
23
12
-25
-9
-223
-460
-656
-820
-1070
-1419
-1587
-1980
-2075
-2148
-2167
-2117
-2026
-1797
-1585
-1384
-1169
-966
-898
-651
-464
-366
-69
-14
102
280
471
653
770
972
863
830
816
815
813
809
850
1004
1063
1176
1341
1491
1713
1883
1931
1991
2271
2376
2408
2794
2993
2978
2882
2966
3300
3315
3362
3227
3312
3362
3108
2519
1944
1347
608
-61
-828
-1686
-2097
-2324
-2524
-2330
-1990
-1775
-1476
-975
-680
-186
9
27
-77
-184
-142
-194
-99
-103
-147
-167
-306
-473
-568
-967
-1461
-1896
-2144
-2436
-2640
-2759
-2822
-2680
-2379
-2027
-1726
-1403
-1104
-884
-681
-563
-459
-298
-396
-436
-481
-451
-322
-358
-413
-353
-382
-704
-877
-1129
-1329
-1629
-1801
-1980
-2029
-2075
-2162
-2017
-1806
-1624
-1418
-1268
-1197
-904
-624
-489
-386
-404
-273
-144
-40
163
237
297
408
493
532
562
582
560
474
594
617
801
1025
1226
1487
1784
2013
2336
2678
2694
2886
2981
3003
3049
3069
3217
3417
3663
3790
3765
3570
3673
3706
3665
3539
3140
2397
1773
1139
533
-129
-916
-1365
-1858
-2024
-1590
-1269
-1087
-807
-512
-110
117
130
273
142
-88
-185
-229
-160
-113
-187
-326
-280
-351
-446
-788
-1339
-1693
-1989
-2362
-2378
-2346
-2312
-2166
-2022
-1619
-1469
-1194
-954
-696
-624
-666
-384
-447
-537
-665
-590
-530
-452
-389
-412
-487
-614
-784
-1020
-1437
-1564
-1767
-2046
-2209
-2198
-2150
-2208
-2071
-2064
-1826
-1725
-1526
-1410
-1330
-1176
-1097
-873
-797
-612
-529
-378
-321
-282
-270
-191
-52
-72
-35
50
70
57
300
459
572
705
874
1050
1277
1655
1934
2139
2373
2542
2596
2791
2874
2899
3001
3128
3226
3260
3309
3289
3313
3260
3421
3488
3267
2889
2242
1584
1056
572
-113
-856
-1297
-1526
-1591
-1315
-867
-499
-316
-50
397
442
395
330
58
-347
-280
-146
-170
-121
-203
-190
-220
-142
-283
-596
-1024
-1456
-1725
-1926
-1998
-1916
-1834
-1598
-1314
-937
-497
-283
-243
-260
-206
-155
-68
-76
-113
-141
-93
-36
-4
-48
-177
-211
-414
-606
-822
-1051
-1245
-1498
-1647
-1711
-1743
-1704
-1730
-1650
-1396
-1284
-1037
-1019
-980
-741
-506
-411
-319
-228
-173
-217
-201
-13
-21
-45
-158
-37
100
101
81
16
182
392
527
642
822
1034
1327
1659
1940
2045
2247
2540
2582
2742
2870
3033
3093
3084
3131
3107
3003
2913
2839
2737
2769
2831
2780
2686
2188
1654
1071
520
189
-457
-967
-1416
-1689
-1466
-1059
-663
-465
-296
-99
113
64
-200
-341
-655
-911
-1025
-876
-680
-822
-704
-767
-820
-924
-1060
-1361
-1901
-2228
-2272
-2189
-2326
-2092
-1973
-1687
-1398
-1128
-801
-758
-728
-771
-737
-841
-626
-583
-661
-590
-530
-272
-210
-496
-574
-662
-811
-1104
-1321
-1388
-1420
-1563
-1740
-1700
-1674
-1625
-1689
-1578
-1442
-1422
-1408
-1298
-938
-868
-680
-590
-538
-360
-416
-190
-235
-175
-136
-101
-18
17
68
126
293
375
552
701
821
974
1306
1502
1513
1736
1994
2030
2310
2408
2386
2514
2520
2853
2798
2887
2840
2852
3001
2986
3116
3085
3282
3282
3206
2831
2294
1547
807
302
-407
-892
-1401
-1747
-1465
-1201
-775
-362
-259
-42
84
34
-65
-199
-442
-615
-741
-738
-594
-364
-284
-328
-431
-578
-701
-968
-1670
-2166
-2155
-2108
-2176
-2043
-1830
-1751
-1451
-1357
-1142
-867
-909
-1107
-1237
-1034
-760
-680
-700
-493
-469
-233
-146
-386
-634
-798
-946
-1110
-1271
-1459
-1499
-1682
-1765
-1825
-1914
-1869
-2001
-1872
-1764
-1600
-1500
-1379
-1125
-941
-512
-288
-102
-157
-112
-134
-202
-137
-126
-189
-131
-13
18
94
173
231
273
293
487
780
1059
1131
1264
1658
1802
2004
2052
2137
2335
2426
2444
2574
2696
2782
2843
2995
3110
3158
3129
3129
2948
2963
3140
2915
2620
1989
1277
780
466
-3
-524
-893
-1109
-978
-556
-123
34
288
210
223
212
158
-114
-581
-743
-827
-536
-336
-240
-258
-269
-473
-484
-648
-1053
-1462
-1678
-1888
-1861
-1665
-1483
-1296
-1300
-1041
-906
-863
-830
-814
-1012
-853
-787
-532
-346
-464
-422
-373
-242
-183
-214
-378
-581
-625
-668
-820
-876
-1158
-1232
-1209
-1338
-1334
-1506
-1569
-1576
-1499
-1349
-1204
-1149
-909
-664
-558
-377
-370
-330
-286
-205
-169
-109
-20
127
136
173
351
384
397
300
468
655
833
1036
1114
1315
1494
1668
1887
2027
2102
2143
2170
2204
2422
2446
2433
2359
2451
2627
2830
2859
2785
2987
3135
3110
2751
2141
1499
921
275
-286
-520
-915
-1179
-1346
-1037
-492
-305
-119
-206
-252
-287
-223
-500
-879
-887
-813
-623
-509
-237
44
-54
-126
-456
-497
-679
-1143
-1418
-1755
-1639
-1578
-1541
-1356
-1163
-1043
-902
-894
-1018
-862
-818
-956
-952
-703
-408
-19
-130
-24
125
64
-66
-380
-472
-608
-672
-836
-912
-1047
-1190
-1107
-1343
-1576
-1636
-1811
-1958
-2008
-1869
-1668
-1446
-1183
-1031
-858
-635
-463
-474
-502
-396
-417
-253
-154
-125
72
146
168
152
266
232
277
283
430
584
822
1112
1064
1403
1687
1890
2055
2105
2176
2186
2185
2230
2359
2547
2604
2710
2734
2761
2721
2708
2664
2770
2744
2471
1955
1093
472
-1
-320
-586
-983
-1214
-1275
-924
-512
-310
-332
-394
-446
-514
-661
-739
-800
-936
-964
-752
-551
-476
-334
-385
-694
-850
-930
-1123
-1438
-1792
-1783
-1738
-1509
-1416
-1349
-1201
-1234
-1145
-1077
-1094
-1027
-957
-862
-819
-630
-402
-229
-241
-297
-381
-482
-572
-823
-987
-964
-910
-855
-848
-1066
-1028
-1082
-1251
-1457
-1535
-1683
-1912
-1713
-1559
-1333
-1237
-1073
-913
-786
-470
-511
-620
-585
-562
-394
-240
12
60
128
196
283
338
272
355
441
584
637
899
1190
1473
1538
1728
1925
2096
2288
2366
2407
2390
2515
2354
2526
2709
2683
2781
2765
2826
2939
2941
3004
2948
2965
2683
2128
1397
654
81
-251
-514
-827
-997
-870
-616
-199
-25
-255
-375
-444
-422
-744
-939
-1079
-1030
-738
-653
-528
-238
1
-95
-345
-603
-930
-1238
-1466
-1825
-1827
-1703
-1554
-1505
-1392
-1257
-1254
-1225
-1360
-1419
-1212
-1032
-962
-664
-488
-216
5
-173
-215
-475
-505
-556
-735
-846
-912
-899
-762
-709
-1046
-1293
-1420
-1700
-2001
-2054
-2088
-2267
-2127
-1847
-1614
-1432
-1316
-1222
-1092
-1007
-907
-798
-777
-637
-429
-358
-128
30
165
121
53
101
66
102
166
165
351
609
892
1253
1609
1588
1825
2004
2068
2121
2343
2420
2599
2843
2837
3079
2987
3211
3177
3083
3008
3058
2940
3101
3059
2782
2376
1661
1039
404
118
-194
-517
-888
-986
-641
-152
99
12
-260
-177
-268
-335
-511
-650
-717
-560
-315
-195
6
101
90
-204
-565
-774
-1093
-1321
-1563
-1756
-1532
-1377
-1250
-1134
-1153
-1027
-1084
-1203
-1047
-1131
-1006
-774
-509
-240
-141
-46
-144
-256
-261
-359
-554
-608
-684
-553
-583
-615
-570
-729
-982
-1160
-1473
-1605
-1616
-1818
-1828
-1708
-1543
-1341
-1209
-1078
-1062
-953
-945
-837
-762
-740
-671
-525
-394
-341
-195
-98
-145
-53
-50
56
161
116
266
595
813
1004
1172
1239
1456
1524
1604
1604
1784
2014
2035
2242
2251
2432
2606
2539
2496
2407
2446
2504
2498
2581
2607
2614
2461
2053
1463
639
124
39
-227
-597
-864
-1006
-647
-323
-174
-531
-724
-853
-856
-1038
-1078
-1009
-1098
-801
-673
-410
-445
-445
-523
-863
-1160
-1150
-1232
-1297
-1339
-1493
-1461
-1386
-1154
-1356
-1402
-1333
-1499
-1486
-1417
-1147
-1003
-861
-618
-504
-491
-510
-471
-541
-573
-493
-508
-450
-410
-379
-410
-460
-500
-705
-947
-1258
-1516
-1542
-1665
-1622
-1610
-1550
-1483
-1296
-1121
-1184
-1082
-886
-886
-806
-639
-525
-319
-159
-33
60
97
74
172
221
81
319
426
352
525
680
1074
1171
1211
1411
1460
1879
2135
2171
2234
2376
2501
2589
2642
2669
2760
2866
2866
3032
3014
3043
3149
3073
3034
2959
2604
2000
1252
515
158
-6
-117
-336
-527
-582
-336
-87
-98
-330
-531
-792
-666
-733
-631
-475
-486
-250
-289
-279
-202
-303
-501
-918
-1130
-1143
-1111
-1175
-1356
-1372
-1434
-1406
-1396
-1402
-1614
-1585
-1429
-1312
-1267
-1078
-844
-647
-407
-498
-564
-385
-214
-358
-225
-343
-317
-232
-227
-198
-540
-692
-789
-992
-1311
-1462
-1445
-1689
-1740
-1563
-1565
-1608
-1630
-1369
-1226
-1175
-1161
-780
-745
-641
-470
-358
-294
-299
18
93
65
78
159
241
259
275
427
401
424
652
919
1130
1243
1279
1421
1737
1872
2008
2099
2177
2299
2525
2548
2539
2660
2755
2845
2919
3152
3234
3267
3218
3064
2647
2034
1108
616
414
261
305
-151
-438
-492
-175
-148
-461
-678
-899
-781
-777
-594
-518
-544
-342
-139
-185
-311
-336
-445
-616
-763
-852
-918
-808
-894
-1034
-1102
-1288
-1266
-1381
-1497
-1542
-1507
-1444
-1310
-1248
-1101
-1014
-797
-642
-671
-481
-388
-238
-289
-219
-110
-32
-45
-70
-85
-308
-360
-642
-855
-1116
-1140
-1242
-1344
-1551
-1659
-1607
-1794
-1723
-1558
-1512
-1437
-1133
-1015
-878
-726
-616
-586
-368
-177
-138
47
180
302
430
406
390
420
498
748
787
856
1046
1279
1462
1404
1469
1596
1748
2004
2216
2396
2527
2595
2658
2809
2872
2889
3077
3193
3295
3258
3243
3118
3081
2752
2113
1489
943
604
583
468
174
-240
-527
-293
-310
-417
-491
-842
-818
-633
-563
-387
-439
-255
-175
-240
-232
-167
-181
-298
-314
-445
-668
-767
-828
-923
-1099
-1233
-1255
-1374
-1507
-1526
-1442
-1306
-1288
-1030
-755
-746
-599
-465
-403
-435
-106
51
197
418
562
542
305
253
164
190
-26
-79
-290
-541
-652
-889
-1065
-1202
-1257
-1322
-1268
-1203
-1125
-874
-877
-803
-555
-572
-548
-435
-191
-74
77
197
308
344
351
406
417
384
445
506
624
813
853
866
870
1023
1387
1544
1582
1693
1742
1975
2165
2420
2406
2437
2659
2781
2740
2697
2855
2908
3131
3030
2878
2673
2257
1753
1015
684
537
532
535
199
-182
-473
-292
-332
-456
-591
-784
-840
-806
-543
-510
-666
-626
-569
-555
-559
-547
-487
-651
-609
-720
-870
-877
-1077
-1114
-1260
-1321
-1472
-1534
-1542
-1365
-1334
-1229
-1322
-1282
-1259
-1176
-1209
-1092
-723
-579
-391
-282
-254
-269
-125
-62
96
35
64
-51
-146
-167
-292
-502
-565
-707
-857
-867
-1067
-1130
-1245
-1094
-1027
-897
-860
-738
-663
-794
-728
-577
-455
-257
-80
171
110
112
316
297
587
620
784
789
755
758
789
846
972
1199
1218
1222
1292
1492
1623
1934
1813
1807
1962
2070
2240
2161
2333
2457
2687
2738
2705
2749
2651
2600
2640
2226
1423
1033
825
836
871
483
120
-135
-249
-364
-610
-871
-1053
-985
-921
-811
-748
-789
-963
-863
-693
-659
-687
-636
-669
-736
-590
-611
-790
-878
-918
-988
-1094
-1238
-1380
-1353
-1347
-1315
-1399
-1465
-1527
-1631
-1512
-1438
-1307
-1176
-957
-714
-526
-331
-211
-141
76
295
271
344
429
366
248
90
-41
-155
-159
-191
-324
-474
-477
-527
-458
-467
-594
-533
-439
-296
-155
-209
-124
32
174
265
199
304
391
636
799
942
995
1143
1208
1186
1052
872
992
1002
1141
1263
1216
1199
1322
1405
1455
1621
1711
1780
1809
2024
2128
2274
2416
2518
2421
2316
2506
2580
2522
2256
1822
1463
1280
1300
1186
950
580
350
318
156
-5
-273
-466
-545
-453
-534
-604
-649
-894
-978
-934
-719
-758
-678
-720
-761
-522
-795
-891
-921
-896
-909
-1016
-956
-1086
-1235
-1228
-1314
-1301
-1355
-1404
-1408
-1274
-1248
-1277
-1143
-970
-891
-860
-776
-668
-594
-564
-456
-292
-247
-279
-260
-258
-219
-153
-187
-184
-209
-256
-271
-311
-379
-477
-404
-441
-456
-457
-440
-425
-510
-478
-465
-347
-215
-277
-210
-57
58
82
158
319
425
390
557
794
770
862
793
802
963
924
1045
1090
1095
1373
1338
1372
1359
1353
1411
1663
1741
1839
1935
2005
1906
1911
2153
2127
2449
2208
1826
1614
1537
1490
1501
1232
936
886
875
654
561
209
-83
-151
-161
92
-3
-204
-639
-775
-671
-690
-641
-764
-817
-788
-658
-546
-599
-742
-743
-734
-746
-634
-646
-809
-838
-868
-858
-996
-1057
-1165
-1041
-920
-980
-992
-1018
-812
-646
-546
-569
-460
-180
-77
1
157
225
197
197
253
153
18
217
147
96
76
17
25
-174
-68
-139
-171
-102
-326
-198
-104
-121
-182
-116
-203
-132
9
9
24
210
322
358
486
428
440
468
558
629
595
683
730
735
725
712
806
801
870
1137
1202
1259
1345
1387
1549
1684
1700
1608
1674
2098
2189
2211
2111
1828
1699
1647
1760
1680
1282
964
782
760
832
561
232
-90
-256
-169
-117
-242
-492
-761
-786
-705
-739
-831
-984
-1092
-1177
-1123
-1022
-1243
-1285
-1355
-1268
-1209
-1278
-1332
-1432
-1439
-1366
-1313
-1421
-1402
-1415
-1475
-1536
-1468
-1238
-1351
-1216
-1154
-1086
-928
-859
-660
-517
-478
-340
-242
-242
-203
-136
44
38
95
70
95
104
43
39
62
124
12
46
112
97
-19
-55
-26
-56
-28
-91
-87
-145
-68
-15
36
158
58
26
213
357
507
554
483
549
711
694
664
857
819
882
1006
1222
1242
1301
1395
1329
1359
1379
1319
1226
1385
1526
1549
1717
1734
1544
1469
1479
1439
1510
1498
1338
1101
930
936
854
720
616
222
-10
5
-8
-121
-329
-565
-673
-745
-841
-840
-988
-1172
-1231
-1167
-1249
-1362
-1435
-1461
-1369
-1402
-1391
-1440
-1483
-1346
-1343
-1495
-1511
-1510
-1439
-1419
-1412
-1466
-1526
-1474
-1544
-1486
-1380
-1311
-1233
-1070
-1011
-975
-779
-752
-628
-479
-333
-238
-124
-119
-73
-48
-24
135
95
98
6
-141
-174
-201
-233
-168
-323
-244
-236
-389
-271
-189
-109
-119
-154
-214
-50
92
144
291
521
632
436
533
596
589
658
726
743
716
650
840
820
770
933
867
936
1051
1186
1119
1182
1263
1319
1521
1610
1640
1656
1761
1789
1586
1407
1417
1671
1553
1123
1097
1043
937
928
732
460
100
143
107
-116
-243
-370
-620
-602
-427
-484
-662
-839
-811
-698
-816
-778
-1007
-1163
-1147
-1061
-973
-1215
-1184
-1313
-1388
-1329
-1281
-1423
-1488
-1571
-1417
-1250
-1514
-1522
-1306
-1276
-1243
-1177
-1061
-954
-915
-755
-671
-504
-403
-417
-383
-206
-95
-80
21
3
-22
-26
-31
-12
-34
-32
-47
-51
-137
-207
-108
-152
-186
-165
-122
-8
-6
-72
-81
-72
30
-40
134
114
79
251
243
316
369
437
547
427
557
614
680
812
852
965
904
1066
1161
1165
1167
1156
1155
1210
1242
1328
1334
1356
1513
1671
1611
1504
1453
1484
1549
1339
1139
966
822
618
805
654
429
109
-154
-122
-36
-131
-434
-500
-650
-620
-745
-829
-907
-1167
-1160
-1283
-1297
-1367
-1483
-1496
-1397
-1383
-1305
-1326
-1449
-1323
-1284
-1236
-1170
-1338
-1521
-1400
-1273
-1200
-1343
-1337
-1243
-1221
-1021
-919
-946
-946
-755
-556
-413
-374
-291
-112
92
154
116
253
360
247
202
309
350
322
226
206
143
153
174
170
88
119
77
-57
76
120
112
160
-3
113
216
152
311
363
342
401
569
775
922
706
803
823
756
845
832
989
883
936
952
929
1014
988
949
1021
1067
1121
1122
1133
1206
1304
1544
1583
1630
1722
1741
1510
1281
1546
1480
1281
1202
1086
867
645
700
527
174
29
-24
-224
-270
-248
-488
-713
-856
-831
-799
-1004
-1051
-1179
-1204
-1052
-1096
-1139
-1264
-1232
-1199
-1301
-1182
-1097
-1150
-1338
-1288
-1300
-1339
-1579
-1432
-1360
-1454
-1420
-1447
-1290
-1205
-1188
-1066
-981
-874
-822
-632
-398
-439
-292
-318
-57
-15
134
48
-15
176
165
154
183
164
171
49
191
150
84
220
24
-30
-60
125
18
67
137
21
232
91
58
332
382
280
328
289
326
447
510
703
534
451
507
594
768
852
881
878
891
1058
1222
1258
1273
1248
1360
1439
1497
1458
1495
1455
1477
1496
1577
1555
1330
1399
1314
1383
1215
1067
1096
824
674
671
666
489
265
227
93
-83
-133
-286
-508
-678
-586
-612
-803
-942
-952
-1088
-1171
-1142
-1160
-1262
-1243
-1222
-1320
-1212
-1127
-1045
-1119
-1218
-1313
-1312
-1231
-1169
-1063
-1084
-1204
-1200
-1198
-1135
-1170
-1080
-1039
-868
-706
-755
-647
-530
-501
-511
-414
-214
-149
-177
-54
77
83
46
124
129
132
94
94
213
93
101
-118
-47
-132
-226
-194
-311
-219
-255
-224
-139
-78
-124
-5
25
184
157
268
311
239
294
309
504
507
506
584
716
702
693
767
702
815
907
820
835
962
1096
972
1074
1095
1108
1238
1249
1455
1482
1419
1144
1117
1140
1085
1084
940
765
586
574
425
275
18
-258
-255
-180
-312
-458
-674
-740
-1000
-1090
-992
-1096
-1134
-1132
-1032
-1074
-1130
-1149
-1277
-1267
-1124
-1090
-1229
-1325
-1212
-1346
-1521
-1437
-1613
-1679
-1599
-1544
-1509
-1580
-1504
-1411
-1407
-1313
-1135
-1046
-987
-853
-771
-568
-466
-530
-343
-452
-474
-211
-218
-236
-133
-185
-152
-116
-189
-219
-189
-134
-125
-203
-206
-67
-102
-244
-316
-256
-119
-236
-234
-5
14
114
105
136
98
195
237
182
233
248
354
414
406
380
563
556
608
758
757
750
685
698
787
868
867
935
1024
1065
1152
1164
1187
1282
1362
1407
1425
1511
1432
1174
1101
1037
954
777
652
636
404
339
453
323
-65
-134
-170
-360
-387
-622
-659
-895
-802
-821
-865
-915
-1054
-1190
-1292
-1180
-1360
-1528
-1538
-1477
-1444
-1407
-1330
-1314
-1271
-1268
-1289
-1281
-1307
-1360
-1349
-1351
-1297
-1255
-1194
-1081
-1161
-1231
-1000
-796
-830
-704
-610
-581
-545
-559
-337
-304
-207
-150
-145
-33
-106
35
93
103
28
13
125
30
87
7
-42
-113
-186
-294
-327
-106
-282
-339
-62
22
-32
-35
47
-2
-6
272
285
241
355
317
372
506
616
653
717
644
742
705
741
886
889
858
912
1061
1108
1039
1001
1060
1132
1161
1275
1421
1376
1389
1526
1507
1455
1356
1324
1155
994
987
796
629
537
436
257
5
-56
-145
-345
-368
-536
-738
-842
-964
-1057
-973
-1011
-914
-883
-890
-931
-1015
-1041
-1033
-1160
-1047
-1174
-1186
-1138
-1172
-1209
-1354
-1282
-1262
-1247
-1308
-1165
-1254
-1231
-1081
-971
-902
-961
-894
-665
-519
-470
-250
-345
-280
-193
-192
-204
-88
-80
-142
-63
-191
-75
-166
-37
-159
-187
-80
-156
-203
-243
-265
-197
-115
-231
-85
-86
-90
-21
71
36
63
45
91
54
137
211
212
174
229
266
262
410
383
498
609
636
686
703
806
851
819
945
966
1034
1105
1153
1173
1112
1198
1264
1124
1207
1234
1333
1471
1202
1038
1029
1179
1044
982
898
580
495
503
492
215
26
-72
-136
-175
-346
-412
-633
-622
-680
-682
-735
-803
-841
-1119
-1160
-1199
-1143
-1332
-1286
-1214
-1243
-1253
-1344
-1278
-1263
-1205
-1135
-1120
-1057
-1138
-999
-995
-1012
-918
-841
-831
-897
-775
-819
-673
-599
-506
-498
-504
-442
-392
-233
-195
-183
-123
-45
42
-41
-23
-32
-194
-176
-148
-221
-189
-178
-211
-287
-257
-204
-296
-273
-381
-325
-274
-344
-357
-420
-277
-181
-276
-145
122
288
285
371
544
482
565
510
522
586
667
644
836
721
845
839
683
839
805
959
1049
946
964
1191
1242
1317
1376
1417
1383
1567
1553
1375
1269
1191
1207
1030
948
864
700
497
355
295
141
-96
-112
-186
-258
-193
-356
-580
-753
-635
-701
-688
-673
-732
-758
-795
-764
-885
-892
-927
-849
-870
-928
-881
-877
-1035
-1189
-1272
-1153
-1093
-1190
-1053
-984
-829
-816
-793
-630
-480
-622
-518
-431
-295
-194
-329
-128
-155
-78
-51
-59
78
62
12
35
90
-67
-92
-102
-51
64
4
-70
3
76
1
115
69
60
43
102
123
93
155
176
151
187
188
231
243
241
201
284
366
397
529
599
669
584
590
729
879
782
711
807
1051
1205
1105
1209
1187
1144
1249
1372
1366
1234
1188
1095
1230
1377
1316
1283
1076
996
1009
1003
896
782
690
636
531
394
191
120
78
-76
-176
-254
-401
-439
-508
-702
-836
-862
-828
-989
-1123
-1073
-1100
-1270
-1306
-1262
-1279
-1303
-1412
-1287
-1278
-1327
-1275
-1360
-1199
-1255
-1197
-1148
-1079
-1012
-1108
-957
-872
-916
-896
-896
-895
-732
-670
-643
-510
-393
-379
-414
-451
-390
-283
-273
-235
-144
-130
-115
-182
-138
-135
-123
-180
-244
-241
-229
-198
-297
-426
-339
-347
-272
-215
-280
-434
-327
-210
-251
-191
-125
-73
8
217
169
224
293
229
267
415
423
386
483
553
667
814
642
699
920
783
927
998
1064
1119
1177
1211
1196
1370
1428
1465
1393
1446
1526
1409
1348
1156
934
962
863
847
788
450
260
88
100
26
-75
-282
-346
-228
-287
-282
-441
-449
-601
-620
-568
-708
-734
-765
-678
-636
-638
-680
-824
-837
-949
-856
-904
-1108
-956
-990
-926
-924
-893
-928
-796
-746
-679
-567
-634
-557
-501
-356
-219
-129
-217
-66
-33
-41
-6
2
-98
-87
-1
49
70
109
116
-25
-23
-6
-7
-167
-225
-94
-18
-106
-124
-86
-162
74
-104
11
32
-12
63
31
94
163
334
237
95
93
224
281
361
273
413
407
404
465
491
637
712
679
693
854
919
941
1027
1055
1122
994
1031
1107
944
918
971
900
903
1071
941
877
921
647
678
648
731
703
414
299
191
181
74
-93
-196
-222
-356
-475
-555
-685
-753
-865
-910
-955
-1014
-919
-930
-1109
-1112
-1103
-1092
-1138
-1127
-1240
-1319
-1176
-1290
-1242
-1290
-1282
-1298
-1314
-1225
-1166
-1202
-1215
-1141
-1046
-1035
-1084
-877
-849
-861
-852
-836
-663
-605
-553
-550
-438
-392
-348
-321
-278
-227
-159
-171
-222
-239
-155
-192
-275
-278
-289
-161
-274
-199
-116
-188
-198
-337
-184
-46
-113
22
39
9
29
114
170
317
320
231
351
431
418
430
470
497
514
569
637
664
676
603
662
789
923
1086
991
1165
1251
1193
1229
1327
1241
1397
1327
1207
1271
1216
1185
1047
1016
912
933
846
746
591
441
358
324
305
112
42
-37
-107
-159
-320
-332
-474
-455
-471
-654
-625
-743
-703
-655
-753
-847
-1015
-1055
-1105
-1082
-949
-1051
-1070
-1229
-1317
-1282
-1415
-1298
-1394
-1408
-1361
-1409
-1161
-990
-1028
-1021
-1112
-895
-787
-830
-810
-634
-530
-602
-473
-547
-480
-460
-480
-510
-497
-454
-589
-418
-365
-366
-433
-386
-335
-307
-289
-261
-204
-187
-82
-115
-205
-173
-111
-63
-135
-64
-62
42
27
-18
-70
6
123
29
122
180
266
297
338
491
563
583
625
612
726
723
875
838
778
852
778
673
726
766
768
580
638
654
559
622
665
664
708
587
626
521
340
483
318
349
249
283
234
58
63
12
-95
-153
-297
-351
-598
-692
-715
-931
-771
-905
-946
-896
-985
-958
-1008
-1037
-1112
-997
-1047
-958
-967
-1023
-964
-985
-999
-929
-1037
-1030
-1015
-860
-956
-737
-614
-638
-563
-785
-696
-499
-503
-314
-313
-250
-151
-147
22
16
-18
63
104
96
181
177
243
122
153
227
277
301
242
349
303
276
143
165
185
338
331
256
242
301
315
410
554
449
492
566
646
562
434
460
626
548
441
440
464
458
492
613
730
658
697
748
711
650
549
639
656
659
757
692
668
787
609
558
578
515
456
420
362
302
228
203
144
-15
31
16
-114
-173
-239
-234
-327
-398
-444
-588
-607
-575
-640
-718
-720
-806
-764
-848
-955
-873
-971
-1072
-989
-1052
-1063
-1091
-1005
-1040
-1048
-1014
-1093
-1030
-1014
-1016
-883
-889
-842
-757
-799
-697
-571
-575
-649
-570
-475
-420
-525
-433
-387
-348
-293
-413
-376
-249
-145
-120
-99
-73
-10
-88
-34
31
51
66
10
34
153
335
204
133
210
329
322
275
266
162
206
259
300
370
280
256
332
326
459
578
602
649
555
672
719
673
810
675
584
597
718
750
709
649
611
590
525
500
481
547
544
501
408
314
303
257
201
131
205
120
-11
-26
-6
37
-125
-86
-83
-230
-446
-339
-357
-543
-486
-575
-546
-641
-798
-790
-727
-763
-927
-876
-873
-902
-907
-1065
-1028
-1077
-999
-991
-1045
-994
-888
-898
-888
-845
-978
-939
-885
-917
-873
-779
-921
-869
-834
-805
-743
-671
-666
-673
-504
-396
-361
-338
-236
-232
-101
-109
-131
-201
-192
-142
-103
-84
-52
-39
-78
27
-34
97
98
50
41
83
136
178
137
139
345
291
310
333
331
375
549
387
393
539
493
583
606
470
688
589
582
569
545
498
528
652
524
539
627
543
562
630
451
570
558
651
648
528
606
553
496
338
296
325
218
80
-17
-48
-153
52
0
14
-92
-138
-86
-179
-252
-180
-303
-337
-362
-387
-382
-531
-433
-559
-482
-536
-597
-620
-602
-632
-729
-689
-803
-724
-683
-720
-681
-589
-553
-648
-587
-551
-420
-399
-419
-383
-381
-452
-468
-473
-301
-182
-430
-321
-360
-312
-458
-367
-288
-355
-338
-279
-226
-311
-285
-206
-78
-42
-5
-38
21
67
155
94
184
188
221
211
132
155
152
192
107
185
222
63
182
228
204
237
278
316
370
532
533
504
492
698
760
717
795
778
736
739
830
729
652
578
583
576
492
479
456
465
410
480
466
408
362
484
508
434
451
346
416
543
507
596
465
323
327
254
306
189
203
-47
-63
-5
-18
-88
-137
-31
-137
-147
-205
-108
-144
-208
-163
-62
-74
-27
-108
-132
-120
59
-87
-209
-224
-219
-123
-157
-62
-138
-60
-100
-180
-67
-38
-68
-76
-55
-79
-86
-87
-136
-162
-164
-124
-65
-207
-141
-53
-126
-90
-60
-23
-54
-10
-41
-21
-7
46
-126
-51
12
35
88
94
145
148
238
259
391
241
247
318
358
407
458
426
500
490
370
500
473
649
643
556
538
471
525
529
476
503
572
437
557
561
557
640
569
483
554
547
521
507
443
325
303
269
223
301
59
17
60
54
110
27
15
164
153
43
27
53
47
49
-22
-16
-89
-78
-49
-191
-207
-282
-255
-289
-471
-523
-458
-486
