-83
-191
-287
-340
-316
-290
-220
-275
-332
-214
-153
-171
-167
-198
-108
-121
-193
-224
-186
-170
-266
-178
-256
-292
-185
-194
-219
-215
-187
-210
-212
-122
-162
-146
-146
-92
-85
-116
-38
-75
16
-55
-25
29
-64
-27
-14
-24
-102
-37
-91
-176
-164
-315
-135
-113
-223
-181
-171
-235
-249
-202
-128
-146
11
-13
-67
-2
-31
33
-121
42
-76
-43
-83
-350
-205
-253
-340
-449
-467
-406
-183
-278
-259
-356
-491
-248
-274
-403
-393
-452
-404
-293
-390
-344
-566
-496
-325
-217
-409
-472
-376
-197
-429
-375
-266
-309
-276
-229
-255
-387
-462
-529
-393
-289
-422
-525
-397
-411
-166
-167
-159
-239
-374
-295
-178
-178
-298
-381
-266
-133
-106
-214
-185
-235
-205
-299
-157
-264
-264
-268
-27
-130
-76
-46
-6
75
42
149
159
66
-29
38
28
67
-26
35
-163
-77
-22
-71
-124
-210
-171
-4
113
-43
-48
-18
-145
65
128
185
164
221
176
169
178
205
45
125
198
143
71
139
176
138
199
190
38
90
189
142
277
262
214
242
337
374
414
438
379
486
522
424
334
427
381
394
412
399
345
214
287
284
287
383
464
362
256
239
217
196
168
203
352
395
376
299
202
264
238
188
161
178
161
47
-21
62
85
73
14
29
23
-47
-147
-9
-73
-45
28
-56
-58
-30
39
127
-8
-134
-64
-151
-36
-175
-160
-193
-133
-243
-267
-150
-236
-182
-240
-192
-166
-306
-194
-189
-270
-338
-279
-274
-305
-248
-199
-136
-74
-221
-129
-47
-135
-127
-147
-80
-117
-151
-169
-166
-155
-196
-255
-232
-131
-30
-80
-99
-22
48
-1
30
163
137
192
7
15
40
-87
-6
-181
-307
-122
-78
-66
-147
-173
-173
-60
29
-29
52
33
-60
31
75
93
270
221
202
280
311
372
195
146
338
337
297
248
257
172
241
323
189
212
220
184
158
158
358
390
372
382
432
349
311
367
392
468
418
279
133
363
490
300
178
181
137
-17
-107
-70
101
-16
-60
34
118
86
5
-5
13
6
-131
-162
-274
-221
-273
-370
-238
-415
-472
-689
-885
-817
-713
-682
-682
-727
-737
-668
-803
-647
-728
-592
-654
-716
-726
-681
-755
-852
-1008
-936
-812
-750
-859
-1139
-923
-550
-763
-741
-752
-814
-587
-414
-514
-652
-579
-632
-460
-558
-555
-586
-398
-350
-325
-390
-430
-400
-387
-313
-78
-134
-202
-230
-111
-66
-26
-115
-216
-116
-59
47
111
115
77
128
65
339
221
363
471
503
604
700
760
667
550
666
769
817
756
841
780
891
985
1101
1156
1299
1269
1343
1481
1390
1306
1299
1403
1402
1399
1288
1069
840
884
686
566
527
398
191
31
-89
-256
-366
-474
-541
-575
-694
-771
-839
-844
-805
-847
-821
-814
-764
-626
-529
-499
-681
-568
-434
-428
-464
-567
-500
-367
-503
-513
-466
-498
-448
-570
-656
-684
-652
-669
-710
-674
-761
-795
-715
-831
-781
-803
-699
-804
-801
-755
-679
-632
-665
-669
-474
-491
-624
-523
-480
-369
-456
-338
-241
-302
-420
-433
-343
-327
-297
-249
-291
-281
-254
-309
-307
-123
-267
-120
10
57
73
-22
9
115
204
227
281
374
445
594
794
828
829
876
1027
1138
1184
1235
1435
1628
1906
1983
2175
2266
2308
2492
2507
2619
2572
2580
2477
2145
1932
1729
1455
1203
944
652
481
134
-8
-81
-177
-275
-667
-842
-881
-1111
-1306
-1351
-1568
-1610
-1554
-1488
-1360
-1340
-1036
-1007
-978
-884
-487
-441
-422
-207
-409
-347
-257
-354
-178
-145
-119
-18
-232
-124
-231
-262
-317
-452
-490
-550
-579
-677
-795
-864
-758
-865
-871
-663
-637
-656
-556
-405
-376
-308
-392
-407
-417
-391
-484
-468
-427
-498
-583
-596
-468
-546
-560
-748
-649
-757
-890
-1038
-1077
-1124
-1196
-1294
-1430
-1363
-1373
-1240
-1278
-1204
-1273
-1247
-1245
-1194
-1171
-1053
-971
-925
-840
-721
-538
-520
-506
-749
-545
-400
-118
-96
-4
251
432
522
525
451
434
795
785
747
772
763
682
719
729
846
777
940
948
1099
1198
1200
1381
1520
1577
1831
1981
2070
2304
2573
2656
2789
2378
2170
1928
1738
1554
1107
613
274
-33
-242
-512
-819
-855
-1156
-1352
-1466
-1668
-1864
-1865
-1998
-2098
-2172
-2265
-2094
-1950
-1914
-1613
-1424
-1164
-1250
-702
-538
-350
-258
-391
-395
-263
-126
-62
-46
-135
-185
19
90
134
70
-206
-207
-177
-261
-173
-373
-545
-470
-444
-458
-359
-492
-537
-313
-341
-279
-302
-323
-465
-466
-430
-563
-607
-645
-718
-782
-637
-598
-529
-476
-438
-385
-554
-572
-646
-700
-735
-809
-796
-814
-788
-839
-819
-903
-726
-617
-699
-852
-813
-633
-612
-649
-583
-497
-503
-213
-126
122
328
515
564
693
896
942
1067
1121
1166
1195
1384
1537
1563
1569
1616
1582
1575
1735
1881
1880
1952
2151
2305
2476
2616
2783
2944
3056
3172
3038
2831
2721
2470
2150
1755
1401
1048
684
287
96
-313
-428
-556
-856
-1093
-1331
-1470
-1656
-1847
-2150
-2317
-2471
-2408
-2467
-2235
-2053
-1678
-1440
-1278
-1016
-708
-519
-402
-323
-419
-395
-233
-141
-53
-74
-95
129
20
-35
20
166
183
129
131
128
79
37
66
5
-93
-48
-29
-42
-169
-243
-157
-179
-246
-174
-296
-405
-523
-705
-786
-800
-1002
-984
-865
-872
-872
-926
-862
-951
-940
-1048
-1233
-1182
-1293
-1431
-1473
-1477
-1455
-1440
-1504
-1547
-1483
-1480
-1571
-1492
-1384
-1306
-1164
-1140
-1054
-930
-788
-568
-447
-288
-54
123
253
449
605
780
803
1008
1027
1153
1244
1238
1433
1458
1569
1647
1693
1788
1755
1912
1960
1959
2054
2126
2242
2331
2446
2614
2812
3027
3104
3304
3384
3550
3396
3045
2788
2394
2083
1500
1232
802
470
36
-523
-845
-865
-1118
-1393
-1465
-1712
-1823
-2158
-2156
-2416
-2547
-2630
-2723
-2572
-2333
-2115
-2043
-1864
-1549
-1279
-1012
-908
-640
-677
-667
-650
-369
-124
-309
-457
-282
15
191
263
125
370
283
262
287
318
56
36
-52
-148
-121
-191
-315
-134
-239
-179
-279
-262
-384
-384
-388
-555
-549
-886
-946
-824
-784
-910
-841
-951
-843
-613
-755
-985
-1026
-1321
-1207
-1286
-1382
-1695
-1660
-1640
-1634
-1567
-1730
-1622
-1527
-1411
-1292
-1265
-1124
-1175
-1098
-1066
-777
-633
-633
-501
-165
34
203
242
361
554
662
941
938
994
1208
1434
1451
1611
1551
1671
1727
1745
1901
1868
1959
2016
1999
1999
2095
2241
2272
2420
2514
2726
2921
3069
3255
3382
3501
3661
4079
3950
3683
3181
2871
2631
2220
1668
1232
735
299
-81
-524
-490
-459
-765
-1120
-1296
-1563
-1584
-1777
-1997
-2278
-2515
-2492
-2412
-2215
-1982
-1752
-1620
-1375
-931
-578
-344
-41
-3
18
173
259
353
409
380
317
339
477
649
741
764
611
535
393
351
284
101
-45
-160
-104
-317
-378
-346
-311
-400
-444
-553
-507
-602
-736
-744
-831
-909
-872
-910
-958
-972
-1089
-1132
-1185
-1153
-1180
-1275
-1366
-1403
-1563
-1615
-1723
-1795
-1846
-1921
-1825
-1777
-1857
-1730
-1722
-1696
-1650
-1654
-1625
-1417
-1184
-1228
-1155
-1000
-829
-755
-592
-397
-256
-135
-52
65
246
291
492
534
674
847
1032
1185
1352
1461
1518
1542
1469
1530
1434
1627
1528
1486
1610
1761
1780
1819
1972
2096
2175
2307
2485
2722
3055
3108
3363
3776
3761
3570
3157
2647
2444
1985
1443
877
529
197
-354
-762
-912
-883
-1015
-1535
-1975
-2027
-2007
-1991
-2434
-2675
-2880
-2782
-2768
-2679
-2329
-2076
-1638
-1456
-1078
-577
-79
160
76
72
257
510
471
392
315
208
139
263
452
520
439
473
494
73
7
-35
-78
-269
-421
-573
-610
-539
-660
-723
-768
-759
-704
-638
-720
-726
-950
-1028
-1181
-1068
-1204
-1286
-1283
-1624
-1736
-1602
-1611
-1469
-1483
-1431
-1519
-1578
-1488
-1540
-1627
-1571
-1840
-2009
-2076
-1972
-1988
-2110
-2069
-2376
-1937
-1686
-1393
-1512
-1438
-1337
-992
-729
-509
-466
-193
-121
133
436
691
762
1035
1261
1461
1506
1560
1632
1760
1945
1902
2040
1934
1982
1962
1944
1876
1837
1801
1950
2178
2338
2472
2675
2774
2978
3105
3515
3718
4065
4306
4684
4669
4129
3600
3283
2957
2253
1388
830
473
-128
-707
-1145
-1056
-908
-1249
-1957
-2269
-2081
-1963
-2204
-2651
-2860
-2845
-2890
-2853
-2550
-2197
-1867
-1678
-1233
-724
-129
245
331
365
320
559
836
845
537
386
351
290
473
620
681
630
604
462
362
507
385
123
-147
-328
-348
-354
-387
-384
-474
-533
-596
-505
-413
-390
-479
-612
-767
-829
-706
-874
-831
-815
-945
-1009
-895
-839
-836
-1086
-1337
-1376
-1462
-1572
-1759
-1881
-2008
-2190
-2291
-2315
-2299
-2286
-2274
-2273
-2184
-2024
-1818
-1690
-1442
-1280
-1219
-858
-558
-275
-76
96
500
749
1038
1228
1363
1554
1707
1840
2023
2064
2048
2104
2091
2122
2075
2093
2027
2058
2090
2095
2171
2133
2316
2482
2694
2872
3116
3261
3495
3830
4056
4495
4889
5283
5291
4731
3923
3432
3078
2481
1490
625
44
-401
-974
-1543
-1430
-1392
-1518
-2155
-2559
-2415
-2327
-2557
-2934
-3194
-3302
-3334
-3145
-2897
-2489
-2033
-1753
-1394
-877
-133
333
543
432
360
525
712
750
555
417
285
372
459
536
633
437
304
74
-41
-33
-215
-557
-856
-1003
-1184
-1249
-1258
-1230
-1231
-1195
-1060
-980
-721
-520
-671
-755
-764
-690
-678
-694
-866
-809
-884
-867
-747
-800
-649
-849
-957
-1281
-1467
-1597
-1767
-2019
-2315
-2348
-2577
-2403
-2547
-2645
-2709
-2719
-2384
-2126
-1933
-1696
-1485
-1207
-1125
-740
-312
-203
-130
231
508
837
1135
1185
1287
1409
1458
1483
1828
1788
1816
1915
1965
1950
1840
1726
1864
1997
2094
1888
1950
1844
2265
2364
2488
2608
2831
3106
3567
3952
4209
4611
5072
5010
4480
3660
3148
2920
2298
1218
262
-173
-831
-1346
-1764
-1564
-1662
-1923
-2653
-2801
-2561
-2450
-2706
-2959
-3356
-3284
-3072
-2814
-2521
-2085
-1623
-1281
-774
-269
383
969
1100
1057
1185
1407
1333
1271
950
745
499
363
318
264
360
37
-24
-357
-431
-341
-413
-778
-1190
-1343
-1328
-1224
-1224
-1119
-983
-806
-703
-448
-165
51
78
-71
-131
-124
-198
-200
-508
-649
-680
-914
-875
-768
-779
-1073
-1321
-1413
-1388
-1645
-1776
-1938
-2199
-2272
-2324
-2257
-2182
-2149
-1934
-1777
-1464
-1134
-870
-579
-402
-236
7
288
531
734
978
1186
1358
1606
1920
2124
2257
2309
2344
2367
2494
2585
2515
2535
2486
2573
2644
2455
2439
2372
2481
2560
2486
2621
2801
3126
3376
3577
3980
4345
4815
5384
5933
5967
5397
4381
3605
3040
2135
569
-733
-1338
-1999
-2657
-3416
-3146
-2698
-2574
-3139
-3342
-3029
-2851
-3014
-3325
-3368
-3533
-3364
-3129
-2643
-2132
-1372
-515
-41
732
1563
2248
2350
2275
2133
1998
1753
1324
765
179
-274
-605
-916
-1004
-1029
-1318
-1431
-1756
-2022
-2082
-1956
-2166
-2559
-2743
-2674
-2190
-2206
-1923
-1365
-1015
-558
-352
150
521
247
-31
-292
-317
-410
-612
-792
-884
-1034
-1212
-1177
-1194
-1271
-1596
-1890
-2170
-2279
-2482
-2695
-2837
-2937
-2864
-2724
-2484
-2204
-1953
-1551
-1226
-1026
-645
-292
-30
74
325
593
796
1156
1261
1502
1632
1982
2129
2162
2223
2167
2186
2130
2286
2327
2346
2341
2473
2522
2525
2602
2613
2724
2740
2991
3145
3452
3781
4084
4479
4979
5602
6091
6547
6913
6985
5687
4200
3139
2453
1310
-518
-2013
-2707
-3160
-4049
-4382
-4246
-3866
-3857
-4156
-4200
-3907
-3558
-3465
-3733
-4011
-3871
-3185
-2399
-1772
-1247
-296
574
1504
2121
2997
3592
3477
2976
2544
2241
1773
844
-111
-762
-1395
-1908
-2204
-2450
-2758
-3055
-3221
-3437
-3588
-3443
-3390
-3193
-3439
-3019
-2714
-2054
-1558
-930
-133
267
519
957
1276
1213
778
251
-276
-410
-810
-1389
-1583
-2044
-2243
-2368
-2548
-2619
-2664
-3035
-3363
-3511
-3540
-3480
-3355
-3417
-3104
-2817
-2171
-1569
-1050
-502
27
458
915
1211
1392
1585
1612
1740
1740
1765
1952
1989
1836
1795
1725
1691
1644
1600
1375
1395
1315
1246
1581
1852
1993
2258
2484
2884
3272
3415
3837
4184
4594
5022
5493
6023
6708
7207
7702
8271
8586
8487
7372
5314
3647
2601
1249
-1008
-3250
-4397
-5081
-5731
-6255
-5884
-5179
-4661
-4755
-4530
-3566
-2681
-2303
-2174
-2152
-1911
-922
-50
824
1577
2418
3368
3958
4468
4969
5276
4764
3715
2729
1940
1011
-176
-1516
-2759
-3556
-3837
-3968
-3966
-4027
-3861
-3580
-3464
-3101
-2549
-1891
-1525
-1360
-799
-13
777
1532
2155
2511
2908
3257
3326
3213
2574
1648
358
-795
-1788
-2700
-3601
-4459
-4988
-5229
-5381
-5277
-5193
-4828
-4506
-4405
-4055
-3647
-3089
-2554
-2049
-1337
-611
127
898
1582
2300
2645
2832
2804
2725
2463
2126
1771
1333
890
615
496
277
-21
-244
-233
-318
-309
-217
-3
326
641
886
1412
2115
2551
3325
4004
4614
5021
5389
5785
5889
6305
6527
6638
6943
7172
7502
7853
8105
8387
8431
7328
4734
1961
569
-420
-2796
-5523
-7163
-7708
-7899
-8271
-7698
-6097
-4591
-3997
-3564
-2317
-823
159
416
298
161
855
1813
2301
2633
3221
3954
4226
4110
4161
4102
3331
1556
-60
-1327
-2479
-3779
-5017
-5995
-6565
-6708
-6105
-5393
-4673
-3839
-2887
-2003
-1463
-354
634
1276
1431
1766
2523
3124
3252
3169
3156
2791
2329
1773
1137
-99
-1527
-2932
-4217
-5158
-5961
-6532
-7007
-7277
-7051
-6815
-6415
-5857
-5020
-4352
-3875
-3064
-2381
-1223
-411
311
946
1568
1951
2473
2612
2590
2319
1845
1211
717
211
-377
-1067
-1716
-1935
-1920
-1820
-1756
-1787
-1530
-1104
-745
-225
336
746
1518
2239
2864
3748
4468
4763
5188
5472
5747
5759
5549
5319
5200
5051
4689
4638
4612
5160
5511
5726
5669
6102
6131
4575
1628
-854
-1933
-2671
-5070
-7274
-7768
-7432
-7015
-6517
-4785
-2717
-1311
-894
-309
605
1373
1741
1423
713
368
919
1568
1647
1604
2085
2594
2226
1815
1581
952
-335
-2270
-3671
-4601
-5334
-5672
-5934
-6130
-5794
-4624
-3272
-2060
-1144
-47
679
1066
1563
2033
2655
2613
2452
2673
2998
3189
3035
2531
1949
1027
-138
-1470
-2663
-3950
-5286
-6394
-7127
-6977
-6569
-6211
-5827
-5203
-4222
-3327
-2668
-2091
-1427
-874
-790
-516
100
701
1035
1176
1329
1599
1677
1423
892
100
-599
-1235
-1814
-2412
-2712
-2639
-2643
-2622
-2122
-1381
-871
-424
-33
389
919
1459
1960
2608
3285
3962
4568
5058
5568
5845
5963
5755
5479
5053
4532
3717
2905
2551
2321
2322
2552
3254
4032
4966
5616
6420
6434
4620
1298
-1327
-1909
-2974
-5621
-7814
-7667
-6700
-6007
-5121
-2888
-607
369
480
766
1303
1588
1366
447
-682
-950
-95
498
669
1087
1895
2179
1593
888
659
-271
-2224
-4113
-5329
-5955
-6171
-6018
-5787
-5044
-3885
-2376
-866
133
676
1369
1615
1247
1141
1426
1567
1532
1350
1655
2179
2262
1946
1185
135
-1116
-2486
-3816
-4874
-5730
-6484
-6920
-6735
-5878
-4850
-4055
-3484
-2769
-1998
-1828
-1824
-1543
-1344
-1378
-1392
-1015
-250
341
684
848
786
726
556
163
-639
-1432
-2041
-2455
-2618
-2488
-2054
-1758
-1386
-875
-381
165
549
775
1137
1457
1901
2259
2892
3479
4244
5008
5382
5661
5503
5285
4867
4325
3755
3310
2992
2518
2367
2697
3004
3543
4223
5017
5787
6382
7203
6882
3813
-451
-2564
-2811
-4335
-7495
-8870
-7938
-6566
-5600
-4179
-1464
606
1054
748
829
1120
1386
958
-203
-1146
-722
485
1010
1060
1458
2013
1560
96
-1001
-1614
-3034
-4897
-6442
-7036
-6720
-5728
-4633
-3483
-2572
-1167
307
1343
1624
1796
1496
953
456
556
840
1156
977
941
1452
1685
1560
755
-492
-1938
-3125
-4250
-5328
-5717
-6040
-6147
-5803
-4799
-3692
-3064
-2732
-2436
-2275
-2415
-2697
-2787
-2294
-2097
-1718
-1438
-745
77
663
731
398
76
-290
-770
-1498
-2026
-2074
-2168
-2048
-1748
-1194
-737
-348
-113
101
310
491
817
1014
1460
2068
2835
3484
4389
5025
5533
5787
5519
5293
4992
4540
3766
3434
3223
2953
2732
2957
3428
3655
3900
4673
5732
6597
7116
7719
8277
7145
3436
-925
-2796
-2875
-4498
-7534
-8458
-7045
-5370
-4310
-2647
-103
1728
1926
1125
1021
1240
1462
888
-240
-677
180
1497
1887
1732
1967
1801
464
-1300
-2459
-3277
-4689
-6341
-6928
-6518
-5367
-3882
-2429
-1312
-432
879
1628
1810
1430
1089
686
3
-68
173
447
697
837
777
621
294
-386
-1135
-2156
-3092
-3595
-3818
-3680
-3295
-3080
-3061
-3051
-2672
-2421
-2736
-3273
-3591
-3586
-3714
-3686
-3095
-2308
-1752
-1157
-507
137
530
491
-16
-471
-939
-1384
-1880
-2080
-1911
-1762
-1649
-1570
-1087
-655
-544
-533
-249
176
590
1220
2077
2846
3578
4091
4541
4984
5260
5493
5377
4784
4145
3741
3284
2817
2583
2540
2728
2820
2838
3004
3287
3764
4111
4883
5757
6487
7200
7884
7120
3391
-1354
-3154
-3034
-4795
-8027
-9123
-7521
-5698
-4489
-2655
355
2387
2579
1936
1644
1794
1806
1038
-326
-930
-93
1242
1267
902
1099
972
-589
-2474
-3373
-4230
-5601
-6809
-6850
-6031
-4496
-2900
-1467
-273
759
1569
1775
1589
1069
286
-566
-1243
-1134
-577
-223
-233
-534
-789
-690
-739
-1385
-2192
-2684
-3039
-3250
-2982
-2577
-2044
-2038
-2349
-2767
-2572
-2693
-3513
-4271
-4291
-4108
-3784
-3656
-2843
-1682
-672
-324
-243
95
157
-187
-1025
-1530
-1721
-2249
-2746
-2744
-2446
-2003
-2038
-2029
-1585
-1091
-969
-665
-253
582
1284
2283
3285
3972
4452
4939
5076
5149
5199
4920
4294
4017
3879
3806
3632
3565
3667
3719
3603
3721
4017
4230
4657
5108
5685
6410
7147
7761
8822
8204
4578
-716
-3911
-4023
-4891
-7954
-9776
-8234
-5576
-4020
-2020
708
3145
3789
2798
2169
2217
2246
1487
113
-561
347
1772
1884
1367
1380
1028
-481
-2558
-3827
-4434
-5486
-6412
-6341
-5057
-3360
-1695
-273
723
1339
1773
1573
922
384
-174
-830
-1333
-1019
-332
295
723
916
709
300
-44
-747
-1734
-2502
-2984
-3039
-2781
-2334
-1719
-1331
-1418
-1646
-1648
-1983
-2736
-3250
-3627
-3635
-3151
-2602
-1691
-609
272
602
653
661
342
-446
-1330
-1790
-2105
-2381
-2703
-2695
-2389
-2091
-1922
-1899
-1682
-1388
-1175
-1050
-519
354
1215
2027
2904
3731
4145
4678
4782
4730
4497
4415
4435
4287
4122
3994
4046
3981
3921
3724
3665
3924
4146
4599
5098
5761
6865
8029
8467
8815
8748
6201
543
-4393
-5053
-4862
-7168
-9789
-8682
-5410
-3020
-1424
949
3472
4099
2990
1822
1252
1225
865
-331
-1220
-470
1437
2144
1652
1047
704
-592
-2875
-4648
-5312
-5718
-6187
-5921
-4381
-2254
-515
762
1345
1622
1568
920
29
-626
-1107
-1437
-1469
-736
-123
376
588
556
95
-561
-915
-1578
-2143
-2205
-1931
-1551
-1172
-896
-527
-733
-1381
-2030
-2657
-3277
-3809
-4104
-3908
-3078
-1901
-1012
-440
426
1224
1405
744
157
-171
-610
-1129
-1431
-1432
-1455
-1613
-1750
-1946
-1912
-1858
-2040
-2083
-1648
-985
-398
395
1494
2479
3174
3638
3861
3961
3883
3657
3508
3355
3428
3597
3650
3893
4317
4444
4406
4300
4530
4516
4539
4420
4381
5195
6330
7556
8387
8944
9172
7195
2109
-4083
-6485
-6003
-7453
-10306
-10169
-6574
-3087
-1071
1133
3609
4855
3930
2062
780
532
396
-796
-1922
-1483
455
1906
1801
990
725
-427
-2848
-5055
-5856
-6216
-6203
-5796
-4290
-2400
-470
691
996
1043
867
-203
-1398
-2150
-2350
-2196
-1803
-758
421
797
719
799
497
-455
-1561
-2212
-2794
-2654
-2450
-1912
-1419
-951
-610
-914
-1817
-2833
-3466
-3860
-4005
-3941
-3403
-2316
-975
64
614
1128
1470
1014
142
-453
-1020
-1237
-1518
-1448
-1103
-914
-872
-970
-1003
-1362
-1783
-2158
-2171
-1786
-1156
-164
960
2277
3376
4054
4256
4188
4132
3671
3203
3262
3464
3582
3997
4619
4905
5329
5462
5095
4750
4587
4595
4669
5067
5802
6841
7950
8782
9189
9596
9462
6340
-337
-5864
-6414
-5457
-7445
-9405
-7194
-3055
-436
934
2818
4445
4376
2310
-95
-1033
-681
-353
-881
-1311
216
2551
3105
2119
1308
316
-1594
-4011
-5524
-5599
-5263
-4597
-3573
-1960
40
1291
1162
387
-288
-996
-2140
-3156
-3088
-2302
-1469
-215
1269
2144
2310
1859
945
-393
-1711
-2364
-3085
-3563
-3090
-2159
-1603
-1352
-1228
-1469
-2227
-3447
-4641
-5262
-5137
-4578
-3998
-2883
-1192
272
710
779
785
487
-254
-1170
-1636
-1611
-1296
-1125
-737
-337
-275
-687
-1292
-1966
-2311
-2692
-2787
-2368
-1500
-216
842
1978
2838
3363
3331
2982
2776
2570
2059
2193
2648
3166
3979
4624
5574
5917
5750
4980
4137
3697
3381
3317
3590
4302
5629
7087
8356
8982
9351
8962
5229
-1621
-6935
-7251
-6492
-7985
-9164
-6488
-2063
647
2012
3090
4124
3423
762
-2227
-3422
-2748
-2208
-2410
-1899
158
2529
2968
1708
428
-679
-2530
-4914
-6244
-6090
-5073
-3903
-2651
-1020
606
1358
791
-480
-1618
-2641
-3546
-3794
-3171
-1811
-410
1065
2579
3383
3342
2462
1028
-549
-1655
-2485
-3092
-3071
-2620
-2223
-1734
-1498
-1713
-2160
-3071
-4148
-5194
-5615
-5195
-4551
-3812
-2975
-1648
-933
-914
-977
-1081
-1375
-1744
-1886
-2040
-1487
-681
-78
170
243
-84
-533
-1426
-2392
-2984
-3123
-3161
-2398
-1347
-200
892
1993
2811
3105
3058
2597
2416
2364
2555
2978
3321
3849
4911
5716
5855
5813
5509
4512
3992
3864
4001
3954
4457
4814
5911
7382
8189
8252
8579
7708
3100
-3691
-7261
-6071
-5198
-6690
-6862
-3411
442
2158
2499
2974
3317
2208
-721
-3426
-3619
-2206
-1694
-1929
-1306
650
2281
1676
-90
-1317
-2309
-4026
-5697
-6092
-5048
-3491
-2201
-1223
-184
676
411
-906
-2374
-3241
-3927
-4174
-3489
-2036
-623
1013
2395
2727
2464
1841
884
-533
-1734
-2248
-1937
-1221
-448
298
889
877
300
-771
-1977
-3178
-4342
-5132
-4992
-3904
-2876
-2022
-1319
-612
-496
-1082
-1811
-2280
-2417
-2417
-2239
-1647
-482
389
698
581
206
-384
-1279
-2453
-3096
-3014
-2558
-1827
-769
517
1289
1812
2023
2128
2024
1799
1617
1656
2083
2816
3534
4357
5089
5460
5514
5286
5454
5415
4946
4733
5061
5566
5975
6379
6902
7159
7377
7618
7502
6896
3613
-2209
-6299
-6014
-4388
-4852
-5564
-3536
48
1967
2082
2046
2462
1773
-65
-2286
-2889
-1506
-181
-149
-410
680
1876
1274
-710
-2338
-2941
-3927
-5078
-5554
-4721
-3038
-1870
-1340
-1020
-588
-954
-1974
-3186
-3726
-3745
-3491
-2583
-1444
-293
795
1667
1559
593
-93
-319
-897
-1471
-1493
-894
-49
487
749
326
-192
-860
-1794
-2748
-3297
-3377
-3580
-3201
-2176
-1182
-821
-895
-716
-774
-1346
-1865
-2071
-1859
-1414
-919
-358
285
618
594
226
-402
-972
-1400
-1672
-1631
-1288
-732
-158
584
1235
1296
1252
1349
1462
1523
1725
2214
2782
3119
3434
3744
4012
4327
4496
4567
4698
4982
5290
5706
6209
6447
6733
7150
7531
7684
7198
6430
6108
5212
1177
-4623
-7239
-5719
-3916
-4400
-4651
-1968
1365
2070
1485
926
1077
869
-706
-2587
-2639
-835
863
909
534
1080
1543
301
-2268
-3606
-3819
-4423
-5142
-5484
-4479
-2954
-1995
-2096
-2528
-2750
-3109
-4043
-4817
-4727
-4026
-3001
-1879
-785
-292
467
759
367
-496
-1226
-1339
-1392
-1583
-1067
-314
80
47
-191
-688
-1241
-2153
-3083
-3497
-3232
-3011
-2685
-2347
-1615
-739
-585
-1039
-1328
-1264
-1342
-1427
-1255
-584
29
508
497
515
713
458
-388
-860
-1265
-1240
-1165
-828
-92
383
873
1345
1513
1458
1495
1486
1515
2119
3056
3812
4434
4832
5208
5400
5233
4917
4745
5069
5800
6358
6764
7182
7657
8241
8274
8135
7934
7549
6473
2702
-2921
-6584
-5988
-3945
-3579
-3736
-2059
975
2401
1979
1127
683
395
-199
-1384
-1367
393
2676
3637
3093
2868
2828
1580
-1061
-3323
-4224
-4282
-4284
-4222
-3668
-2409
-1153
-1245
-2331
-3232
-3959
-4363
-4758
-4722
-3937
-2462
-798
455
1138
1518
1628
880
-656
-1744
-2009
-1622
-1536
-1572
-965
-266
-33
-527
-1310
-1955
-2554
-2940
-3277
-3298
-2889
-2376
-1980
-1466
-1185
-1115
-1355
-1598
-1764
-1567
-1271
-852
-322
81
497
587
346
-1
-311
-439
-635
-1021
-918
-586
-39
197
250
397
673
879
603
458
974
1611
2213
2809
3397
4209
5083
5190
5064
4822
4846
4961
5027
5613
6277
6924
7140
7463
8049
8636
8367
7639
7075
5542
1477
-3866
-6479
-5292
-3276
-3018
-3163
-1518
679
1616
1120
-161
-906
-1063
-1137
-1730
-1291
621
2748
3373
2734
2262
1837
696
-1253
-2802
-3564
-3256
-2727
-2680
-2768
-2540
-2292
-2832
-4141
-5391
-6006
-5834
-5123
-4374
-3511
-2015
-334
305
195
155
425
549
175
-129
147
952
1341
1044
332
-85
-624
-1542
-2716
-3447
-3569
-3270
-2887
-2863
-2687
-2502
-2171
-1911
-1810
-1735
-1591
-1264
-876
-467
163
892
1170
1086
556
314
23
-516
-950
-952
-634
-599
-485
-543
-179
-296
-318
-244
39
424
944
1494
2063
2783
3473
4109
4309
4519
4691
4829
4875
4845
5321
5695
6204
6865
7455
7596
7751
8072
8093
8042
7532
7144
5573
1592
-3594
-6324
-5012
-2675
-2187
-2192
-1153
397
1070
645
-893
-1648
-1649
-1387
-1306
-393
1611
3782
4151
3079
2254
1291
-219
-1966
-3031
-3350
-2592
-1981
-1531
-1597
-1503
-1796
-2666
-3940
-5452
-6225
-5975
-5292
-4140
-3245
-2066
-880
-343
-913
-1484
-1326
-1148
-1246
-1041
-458
160
815
776
691
231
-247
-820
-1602
-2142
-2359
-2215
-2238
-2375
-2689
-3002
-3022
-2798
-2671
-2647
-2294
-1733
-953
-495
-83
507
993
1267
1135
1258
1516
1797
1866
1694
1544
1367
956
503
292
50
-222
-237
140
518
994
1373
1742
2059
2519
3163
3676
4282
4901
5512
5999
6509
7145
7705
7979
8118
8316
8460
8724
8860
8838
8356
7537
5599
1495
-3428
-5946
-4804
-2636
-1773
-1456
-625
15
-74
-487
-1396
-2337
-2071
-1242
-582
350
1986
3808
4175
3118
1860
903
-469
-1224
-1348
-1367
-1288
-1022
-1216
-2214
-3197
-4119
-4729
-5786
-6332
-6265
-5479
-4083
-3057
-2285
-1819
-1386
-953
-1012
-968
-436
508
1085
1304
1489
1297
579
-160
-657
-1380
-2077
-2193
-2130
-2013
-2117
-2224
-2248
-2804
-3438
-3783
-3601
-3324
-2634
-2211
-1702
-1252
-950
-957
-1110
-987
-554
-152
97
400
578
975
1073
1123
829
733
633
681
1073
1073
1275
1439
1522
1628
1447
1277
1247
1586
2017
2382
3161
3790
4162
4647
4930
5220
5680
6427
7193
7666
7952
8382
9118
9436
8999
8041
7160
5378
1577
-3033
-5483
-4537
-2405
-1286
-1285
-1550
-2235
-3030
-3166
-2991
-3152
-3019
-1661
-49
1252
2293
3070
2692
1625
732
250
-554
-953
29
813
523
7
-436
-1766
-3365
-4560
-5113
-5673
-6024
-5701
-5257
-4885
-4623
-4329
-4047
-3762
-3481
-2690
-1654
-321
983
1443
1238
1197
1132
879
613
473
470
378
-141
-496
-1303
-2349
-3265
-4036
-4593
-4914
-5046
-4646
-4093
-3535
-3302
-3002
-2788
-2629
-2102
-1227
-555
98
681
964
1122
1231
910
588
387
456
549
309
385
559
700
583
742
679
765
904
1521
2044
2634
2943
3485
3966
4245
4404
5148
5611
6342
7158
7744
8082
8258
8570
8877
9103
9032
8694
7559
5244
1321
-2457
-3977
-2883
-1060
-150
-138
-1035
-2884
-4344
-4366
-3584
-3543
-3180
-1834
-329
482
1061
1479
1170
182
-472
-604
-862
-286
901
1415
830
-181
-1292
-2702
-3987
-4354
-4391
-4846
-5140
-4786
-4385
-4735
-5156
-5019
-4593
-4098
-3294
-1956
-614
199
964
1167
777
477
558
720
656
940
1393
1160
439
-16
-631
-1476
-2045
-2253
-2446
-2787
-3085
-3096
-3109
-3434
-3728
-3654
-3451
-3323
-2779
-2163
-1494
-857
-201
135
236
469
778
1021
1074
1235
1180
1011
773
841
834
535
414
460
709
751
1035
1333
1261
1313
1651
2180
2465
3012
3984
4862
5510
6569
7536
8132
8761
9180
9429
9501
9250
9116
8370
6252
2784
-691
-2284
-1696
-219
666
404
-980
-3452
-5267
-5249
-4289
-3513
-2908
-1774
-715
-227
-190
-9
-321
-979
-1143
-710
-637
-443
632
1606
1322
-44
-1436
-2787
-4092
-4476
-4192
-4207
-4869
-5334
-5131
-5451
-6040
-5795
-5020
-4428
-3718
-2624
-1216
-750
-407
133
466
510
841
1783
2387
2501
2270
1859
741
-271
-835
-1163
-1524
-1786
-1668
-1938
-2504
-2815
-2818
-3126
-3588
-3602
-3207
-2888
-2475
-1755
-1145
-908
-948
-596
-254
-163
123
526
898
1102
1367
1571
1360
1173
1177
1220
1024
1013
1151
1221
1135
1379
1795
1906
2045
2300
2641
2978
3595
4349
4992
5315
5749
6649
7610
8472
9112
9195
8705
8335
7555
5768
2848
66
-738
242
1512
1922
1571
-289
-2969
-4539
-4345
-3650
-3443
-2833
-1743
-921
-969
-1003
-1121
-1262
-1447
-930
-548
-751
-686
134
686
21
-1034
-2305
-3486
-4231
-4029
-3107
-3272
-4167
-5249
-6072
-6861
-7223
-6458
-5574
-4691
-3812
-2818
-2240
-2131
-1862
-1303
-582
-160
109
1028
1670
2010
2222
1910
1047
342
13
-93
-165
-301
-690
-1197
-2253
-2835
-3145
-3451
-3767
-3590
-3255
-2945
-2730
-2286
-1746
-1406
-1053
-504
101
301
833
1264
1461
1452
1372
1117
888
796
893
1078
1207
1097
1090
931
904
877
1138
1435
1714
1908
2345
2740
3258
3829
4172
4559
5390
6438
7176
7840
8065
7937
7565
7417
6782
4987
2362
121
-463
335
1430
1937
1441
-518
-3002
-4261
-3835
-3084
-2453
-1672
-777
-465
-978
-1457
-1475
-1448
-1008
-274
-62
-254
-562
-109
157
-283
-1267
-2365
-3233
-3697
-3487
-2844
-3108
-4217
-5037
-5665
-6393
-6596
-5729
-4297
-3213
-2507
-1982
-2034
-2650
-2757
-2119
-1255
-490
-52
523
1134
1303
1208
1154
668
141
106
155
181
35
-369
-848
-1334
-1890
-2183
-2152
-2303
-2180
-2060
-2138
-2203
-2286
-2114
-1939
-1527
-886
-329
47
289
544
871
806
662
862
1143
1295
1627
1645
1578
1525
1249
1025
749
769
940
1333
1801
2003
2231
2418
2715
3191
3538
4045
4617
5335
5999
6435
6641
6831
6946
6658
5643
3703
1513
104
216
1469
2408
2531
1206
-967
-2854
-3571
-2893
-2250
-1740
-1221
-652
-1167
-2223
-2821
-2979
-2833
-2267
-1293
-521
-426
-724
-396
-395
-846
-1664
-2451
-3177
-3222
-2725
-2271
-2545
-3402
-4227
-5003
-5724
-6024
-5655
-4849
-4199
-3905
-3854
-4011
-4062
-3724
-2578
-1400
-580
-52
253
463
505
309
265
370
646
800
1046
1210
922
446
-117
-616
-1167
-1618
-1874
-1889
-1865
-1678
-1671
-1820
-1987
-2008
-1774
-1315
-1060
-717
-110
197
305
237
379
649
907
1170
1349
1508
1408
1302
1353
1198
1090
1116
1040
1284
1290
1517
1807
1738
1902
2019
2390
2931
3573
4153
4782
5213
5524
5836
6047
5995
5836
5005
3680
1942
578
408
1288
1935
1763
980
-577
-2184
-3167
-3008
-2430
-1805
-1298
-564
-833
-1425
-1765
-1967
-2109
-1799
-1169
-733
-1077
-1680
-1685
-1337
-1636
-2066
-2522
-2895
-3233
-3125
-2788
-2786
-3043
-3788
-4185
-4538
-4671
-4577
-4012
-3306
-2756
-2463
-2570
-3149
-3242
-2945
-2159
-1505
-1076
-621
-358
-240
-294
-251
190
370
573
871
838
834
464
104
-208
-340
-436
-636
-783
-786
-797
-945
-1100
-1331
-1475
-1599
-1427
-1150
-1081
-674
-347
-43
115
38
181
352
675
988
1294
1250
1319
1390
1615
1762
1681
1831
2056
2317
2284
2196
2215
2328
2590
2861
3073
3351
3622
3945
4534
4770
4654
4875
5345
5473
5344
4941
3831
2500
1810
1993
2720
3139
2860
2004
681
-513
-994
-1062
-1369
-1342
-941
-641
-935
-1505
-1869
-2204
-2530
-2230
-1529
-1202
-1203
-1264
-1085
-1075
-1253
-1646
-2088
-2327
-2451
-2531
-2555
-2814
-3147
-3436
-3733
-3973
-4281
-4152
-3791
-3457
-3056
-2951
-3043
-2944
-2836
-2314
-1654
-927
-379
-23
168
168
215
163
158
208
464
579
825
535
311
130
-1
-131
-347
-617
-862
-936
-1205
-1331
-1430
-1461
-1413
-1348
-1084
-937
-891
-890
-709
-523
-433
-224
-8
162
284
416
538
578
691
822
860
847
656
698
982
1186
1388
1640
1906
2114
2252
2505
2854
3361
3706
4101
4572
4892
4982
5086
5046
4890
4277
3428
2178
1542
1681
2204
2609
2614
2083
1065
259
-104
105
129
-37
8
387
189
-149
-790
-1200
-1521
-1496
-998
-1109
-1537
-1894
-1792
-1775
-1955
-2307
-2355
-2603
-2902
-2664
-2541
-2478
-2508
-2704
-2966
-3102
-3374
-3420
-3492
-3224
-2697
-2432
-2420
-2476
-2460
-2387
-1898
-1530
-1165
-841
-455
-27
53
80
156
245
403
557
689
684
405
324
353
126
31
-204
-246
-195
-291
-206
-201
-297
-399
-519
-518
-538
-767
-1025
-1078
-1073
-1233
-1157
-946
-739
-767
-501
-571
-616
-554
-155
146
9
231
638
811
1075
1325
1465
1725
1798
2065
2046
2244
2384
2804
2988
2965
3279
3513
3690
4039
3930
3989
3418
2672
1984
2211
2913
3153
3377
2921
1930
1143
765
746
544
60
-136
389
396
34
-154
-517
-901
-1232
-903
-1006
-1289
-1564
-1580
-1448
-1322
-1701
-2206
-2666
-3011
-3018
-2840
-2817
-2847
-2911
-2777
-2739
-2951
-3225
-3398
-3132
-3064
-2732
-2650
-2614
-2538
-2640
-2470
-2253
-1949
-1627
-1255
-906
-528
-493
-592
-522
-166
488
894
942
904
962
1118
1324
1176
868
590
487
433
313
292
108
-91
-101
157
83
-145
-112
-81
-149
-213
-233
-236
-311
-248
-120
-121
-89
-178
-190
-180
-114
-11
62
108
257
446
680
888
1218
1494
1743
2150
2290
2355
2493
2701
2826
3161
3546
3680
3845
4010
3973
3658
2968
2416
2919
3306
3209
3004
2381
1665
1188
1085
1187
746
133
45
224
125
-167
-582
-1094
-1466
-1400
-1280
-1276
-1458
-1610
-1420
-1474
-1663
-1908
-2041
-2198
-2273
-2202
-2154
-2278
-2499
-2752
-2972
-3070
-3340
-3593
-3739
-3593
-3303
-3200
-3035
-2796
-2755
-2614
-2317
-2272
-2250
-2071
-1572
-1137
-1065
-1003
-793
-377
-271
26
142
152
210
369
557
468
239
22
79
213
136
70
-56
-13
3
-244
-231
-374
-782
-796
-683
-734
-631
-478
-514
-313
-286
-299
-409
-516
-464
-606
-494
-381
-467
-511
-249
-79
22
272
411
561
873
1145
1265
1431
1805
2114
2546
3033
3221
3276
3511
3714
3917
3990
3674
2864
2256
2397
2986
3046
2719
2219
1483
1068
1218
1312
934
397
333
593
561
223
-210
-735
-1108
-1087
-795
-819
-1305
-1691
-1592
-1376
-1679
-2020
-2360
-2575
-2460
-2474
-2671
-2683
-2842
-2968
-2942
-2780
-2844
-3104
-3341
-3287
-3011
-2836
-2901
-2921
-2842
-2722
-2485
-2199
-2040
-2061
-1776
-1253
-726
-640
-679
-393
154
501
605
668
578
765
925
1084
885
630
368
106
259
5
-81
-450
-644
-597
-286
-210
-271
-484
-658
-541
-287
-417
-518
-518
-573
-356
-137
-302
-349
-370
-184
163
294
142
207
350
400
712
642
651
657
1119
1331
1643
1970
2184
2463
2757
3125
3350
3530
3764
4048
4314
4493
4296
3532
3012
3068
3605
3547
3010
2188
1420
993
898
1089
549
68
41
308
240
-111
-299
-626
-883
-681
-407
-531
-833
-1251
-1156
-1115
-1294
-1760
-2012
-2275
-2434
-2256
-2379
-2581
-2868
-2877
-2827
-2879
-3080
-3335
-3413
-3176
-2970
-2899
-2564
-2373
-2283
-2044
-1830
-1557
-1554
-1404
-1193
-757
-367
-219
141
336
493
555
772
804
663
681
717
645
621
453
362
367
88
51
-37
-213
-302
-170
-237
-314
-339
-524
-437
-272
-388
-606
-612
-709
-519
-654
-758
-739
-843
-722
-713
-595
-531
-242
-12
104
247
327
491
767
914
1078
1337
1526
1893
2278
2439
2879
3146
3319
3469
3641
3926
4195
4297
4189
3493
2743
2699
3234
3232
2892
2308
1598
1300
1263
1347
1030
377
125
320
212
-140
-463
-777
-1165
-1156
-761
-568
-869
-1363
-1278
-1261
-1353
-1696
-2006
-2281
-2449
-2386
-2422
-2439
-2756
-2872
-2899
-2860
-3010
-3215
-3294
-3252
-2867
-2769
-2758
-2471
-2427
-2117
-1873
-1731
-1574
-1297
-916
-566
-131
-72
-3
198
538
800
896
730
533
567
701
667
472
218
121
305
217
161
98
-108
-200
-302
-231
-212
-376
-478
-479
-486
-436
-471
-600
-695
-575
-565
-584
-733
-803
-696
-448
-283
-410
-461
-395
-239
-177
-131
195
302
570
988
1202
1553
1745
1955
2211
2641
2931
3156
3407
3355
3352
3720
4045
3953
3827
3260
2635
2634
2905
2873
2583
2092
1408
1026
796
924
760
373
-106
-125
-97
-387
-789
-1005
-1371
-1316
-901
-967
-1330
-1491
-1454
-1391
-1240
-1825
-2180
-2539
-2728
-2908
-2658
-2819
-2962
-2984
-2921
-3058
-3081
-3300
-3475
-3302
-3131
-3015
-2619
-2511
-2257
-1919
-1841
-1590
-1337
-795
-492
-7
207
273
365
618
654
823
792
871
767
812
816
870
651
423
368
463
366
285
324
230
316
274
310
470
121
-30
-90
-5
-255
-336
-249
-272
-342
-460
-425
-435
-452
-257
-285
-238
-160
-17
125
261
494
628
790
877
1065
1223
1408
1761
2055
2419
2874
3141
3470
3772
4095
4261
4567
4797
4898
4924
4888
4300
3282
3001
3412
3636
3599
3403
2920
2335
1950
1971
1910
1393
832
701
893
821
524
349
6
-471
-525
-312
-417
-947
-1222
-1242
-1381
-1619
-1971
-2197
-2399
-2247
-2172
-2177
-2150
-2421
-2401
-2475
-2561
-2619
-2713
-2734
-2619
-2372
-2314
-2201
-2072
-2028
-1805
-1633
-1376
-1214
-961
-586
-289
-210
-187
-151
146
381
582
687
539
515
621
641
637
547
372
343
369
397
313
222
83
3
-180
-137
-332
-549
-564
-656
-727
-814
-919
-1070
-1008
-965
-903
-914
-1034
-1017
-1013
-840
-720
-562
-510
-423
-300
-262
-28
243
601
837
1112
1238
1635
1958
1932
2215
2559
2656
3094
3595
3748
4001
4184
4282
4273
4337
4256
3914
3014
2814
3072
3259
3118
2698
2182
1435
1374
1485
1378
872
353
434
498
120
-145
-409
-715
-877
-620
-661
-1078
-1386
-1546
-1595
-1775
-2000
-2387
-2702
-2962
-2734
-2453
-2396
-2558
-2764
-2764
-2752
-2692
-2850
-2930
-2861
-2654
-2322
-2070
-1857
-1872
-1844
-1641
-1496
-1264
-1199
-1001
-650
-440
-254
-39
-117
-52
121
302
409
325
413
422
621
802
673
600
682
540
204
97
148
-29
-208
-110
-285
-549
-568
-742
-842
-1080
-1175
-1175
-1219
-1291
-1371
-1592
-1418
-1550
-1367
-1322
-1192
-975
-1054
-820
-611
-219
-21
90
509
816
868
1163
1218
1287
1576
1702
1773
1874
1898
2163
2522
2897
2895
3153
3279
3622
3657
3938
3875
3191
2360
2557
3226
3382
3036
2459
1876
1299
1267
1442
1120
358
150
183
26
-543
-899
-1172
-1505
-1541
-1142
-1296
-1696
-2130
-2109
-2047
-2079
-2428
-2682
-2690
-2703
-2527
-2365
-2495
-2667
-2805
-2561
-2574
-2534
-2738
-2777
-2451
-2312
-2229
-2110
-2080
-2140
-1637
-1552
-1391
-1202
-1076
-753
-274
-265
-156
-65
19
233
442
768
741
668
557
845
802
645
498
347
337
242
448
473
241
-30
-54
-43
-153
-470
-655
-573
-618
-737
-721
-646
-654
-651
-627
-500
-509
-465
-432
-309
-219
-68
43
163
325
521
636
697
1027
1017
1112
1259
1527
1721
1991
2222
2302
2419
2641
2911
2838
3220
3378
3424
3637
3874
3994
4157
4277
4039
3490
2885
2962
3256
3287
3009
2433
1889
1567
1448
1477
1197
618
256
382
159
-221
-673
-1054
-1398
-1292
-1163
-1227
-1444
-1872
-1887
-1777
-1802
-2048
-2352
-2410
-2412
-2270
-2104
-2146
-2351
-2368
-2333
-2237
-2181
-2439
-2514
-2483
-2377
-2242
-2097
-1887
-1859
-1787
-1561
-1487
-1456
-1381
-1242
-841
-663
-543
-416
-241
-66
139
260
263
237
203
361
321
196
-118
-63
-293
-325
-280
-276
-564
-924
-849
-1009
-1171
-1334
-1527
-1518
-1348
-1367
-1332
-1405
-1251
-1122
-1155
-1047
-907
-819
-672
-462
-306
-321
-251
-196
-91
-15
135
247
346
493
522
714
919
1138
1257
1537
1726
1816
1993
2179
2490
2695
2929
3067
3437
3646
3779
3962
4043
4254
4080
3281
2494
2666
3183
3058
2606
1929
1296
942
943
1234
864
159
-262
-87
-148
-585
-934
-1360
-1637
-1650
-1358
-1587
-1853
-2023
-1896
-1749
-1837
-2048
-2273
-2306
-2426
-2051
-2040
-2226
-2428
-2480
-2462
-2428
-2663
-2939
-2902
-2767
-2558
-2489
-2452
-2226
-1866
-1750
-1822
-1539
-1335
-1158
-747
-604
-458
-358
-341
-350
-182
-123
-177
-259
-133
-161
-56
-211
-316
-610
-649
-653
-587
-643
-847
-910
-1095
-1132
-1018
-1197
-1217
-1277
-1212
-1169
-1045
-1255
-1119
-942
-1046
-1064
-975
-958
-889
-782
-750
-571
-487
-492
-494
-270
-275
-26
111
212
249
433
678
798
922
1243
1359
1621
1842
1774
2050
2297
2562
2777
2762
3001
3261
3337
3477
3689
3638
3613
3745
3846
3314
2407
2213
2703
2961
2853
2380
1583
985
908
1105
835
397
-140
27
122
-142
-376
-610
-1007
-1077
-621
-683
-980
-1439
-1400
-1347
-1276
-1346
-1648
-1916
-2083
-1832
-1588
-1635
-1799
-1944
-1952
-1890
-1948
-2077
-2265
-2261
-2160
-1999
-1780
-1674
-1767
-1706
-1554
-1350
-1195
-1264
-1037
-770
-510
-633
-612
-486
-322
-185
-104
-281
-416
-415
-331
-215
-447
-674
-549
-587
-597
-435
-473
-523
-590
-445
-488
-637
-750
-828
-762
-793
-895
-837
-939
-818
-789
-837
-906
-999
-1009
-1030
-895
-751
-793
-656
-515
-423
-200
-110
100
305
413
739
813
1021
1049
1193
1363
1474
1674
1666
1691
1560
1726
1828
1846
1826
1870
2097
2414
2590
2669
2704
2944
3270
3376
3639
3162
2445
2014
2411
3002
3014
2672
2030
1598
1127
1183
1218
760
219
-79
-68
-196
-564
-839
-1296
-1527
-1296
-1119
-1280
-1750
-1817
-1738
-1740
-1761
-2003
-2213
-2301
-2287
-1956
-2039
-2302
-2499
-2520
-2450
-2426
-2561
-2768
-2790
-2734
-2500
-2594
-2629
-2657
-2543
-2378
-2177
-2075
-1993
-1805
-1473
-1080
-884
-816
-734
-548
-191
5
80
-13
-228
-88
130
183
71
-55
-97
27
15
-88
-68
-300
-370
-264
-455
-469
-643
-710
-724
-917
-985
-1224
-1309
-1123
-1077
-930
-952
-1087
-1183
-942
-844
-806
-668
-711
-752
-626
-750
-662
-498
-517
-457
-343
-27
11
144
145
539
583
368
516
777
1011
1229
1258
1230
1376
1601
1939
2277
2262
2402
2664
3028
3341
3742
3968
4059
4241
3974
3095
2634
2783
3275
3203
2759
2120
1545
1242
1317
1315
666
47
-52
36
-152
-428
-953
-1373
-1664
-1377
-1192
-1275
-1763
-2047
-1961
-1773
-1923
-2180
-2352
-2524
-2597
-2434
-2498
-2687
-2909
-3033
-2854
-2809
-3020
-3267
-3153
-3098
-2834
-2381
-2327
-2167
-1886
-1597
-1261
-973
-916
-692
-415
-43
216
250
477
647
858
908
1002
874
668
664
758
698
524
448
460
569
466
522
479
345
385
389
196
158
228
117
4
-166
-277
-425
-443
-520
-598
-831
-943
-1139
-1373
-1295
-1192
-1267
-1382
-1321
-1203
-1111
-1114
-1165
-973
-869
-789
-566
-329
-8
100
341
563
763
955
1233
1327
1488
1656
1827
1927
2062
2211
2359
2583
2616
2639
2797
2934
3158
3462
3534
3481
3620
3785
4007
4209
3994
3344
2535
2469
2964
2883
2317
1732
1060
570
654
624
75
-719
-1116
-920
-1038
-1383
-1973
-2388
-2599
-2573
-2324
-2352
-2756
-2978
-2741
-2530
-2682
-2912
-3092
-3116
-2945
-2648
-2376
-2514
-2656
-2564
-2296
-2037
-2011
-2109
-2008
-1729
-1391
-1287
-1184
-1109
-989
-722
-608
-364
-456
-234
76
400
625
695
710
783
1136
1232
1422
1358
1334
1346
1389
1403
1211
1023
883
601
485
391
168
71
-16
-225
-434
-634
-991
-1084
-1113
-1315
-1415
-1503
-1543
-1707
-1747
-1678
-1733
-1753
-1873
-1776
-1574
-1444
-1366
-1335
-1114
-1000
-777
-637
-536
-369
-217
68
244
396
684
839
872
958
1069
1310
1463
1664
1771
1824
2034
2126
2276
2408
2462
2504
2581
2691
2815
2877
2872
2984
3039
2989
3009
3019
2926
2974
2676
2169
1203
593
965
1324
1318
665
-69
-654
-644
-605
-580
-1004
-1636
-1505
-1367
-1855
-1989
-2492
-2801
-2832
-2525
-2236
-2516
-2761
-2640
-2315
-1997
-2313
-2596
-2499
-2523
-2192
-1711
-1715
-1859
-1738
-1727
-1375
-1201
-1202
-1330
-925
-819
-480
-465
-436
-502
-173
179
292
369
349
437
720
952
994
944
662
837
1078
1152
1047
866
522
704
743
899
540
559
372
388
360
257
95
-102
-276
-313
-266
-482
-535
-715
-760
-852
-1049
-1103
-1181
-1211
-1193
-1086
-1051
-1214
-1266
-1280
-1067
-819
-719
-514
-483
-293
-41
164
316
328
412
528
697
733
805
762
882
1092
1170
1141
1174
1258
1161
1255
1290
1272
1280
1388
1503
1666
1782
1737
1817
2046
2180
2301
2381
2288
2455
2439
2444
2636
2698
2703
2772
2581
2013
1493
1441
1796
1686
1409
865
262
-42
-84
111
-205
-723
-959
-857
-882
-958
-1205
-1461
-1653
-1524
-1125
-1030
-1237
-1372
-1228
-1092
-1070
-1248
-1332
-1392
-1214
-1007
-789
-672
-893
-902
-756
-719
-687
-884
-1011
-733
-557
-391
-357
-346
-241
-100
14
51
99
194
299
656
879
749
792
879
876
1075
1279
1090
1001
1023
1081
1121
997
792
684
628
591
546
413
249
49
67
16
-135
-354
-502
-632
-680
-715
-963
-1010
-1164
-1246
-1109
-1302
-1425
-1612
-1677
-1480
-1489
-1480
-1525
-1435
-1459
-1335
-1283
-1275
-1297
-1179
-1115
-983
-906
-771
-526
-497
-405
-462
-183
-8
156
312
391
327
396
540
563
634
759
745
879
863
930
1141
1217
1266
1290
1342
1358
1414
1466
1650
1744
1906
2038
2127
2115
2305
2582
2562
2511
2048
1423
1389
1702
1825
1654
1228
822
420
320
354
167
-288
-788
-753
-760
-867
-1062
-1364
-1492
-1375
-1094
-920
-878
-1071
-1072
-917
-727
-776
-889
-862
-856
-491
-591
-542
-756
-747
-613
-732
-568
-637
-782
-888
-898
-548
-548
-519
-406
-342
-319
-357
-308
-278
-232
42
124
146
271
229
384
569
682
494
468
457
584
373
279
106
-46
-161
-194
-213
-400
-459
-591
-689
-745
-976
-1215
-1241
-1359
-1511
-1522
-1572
-1748
-1781
-1742
-1997
-1980
-1927
-2129
-2027
-2200
-2203
-2074
-1976
-2040
-1804
-1844
-1836
-1585
-1401
-1563
-1272
-1031
-1072
-789
-504
-493
-349
-127
-97
160
226
300
219
273
219
417
423
368
568
540
678
805
764
831
920
1038
1249
1350
1507
1652
1845
1881
2004
2080
2151
2296
2360
2329
2344
2332
2534
2753
2794
2731
2311
1963
1707
1890
1972
1838
1461
1014
855
736
734
536
203
-88
43
99
-283
-444
-607
-703
-774
-636
-641
-812
-884
-1014
-851
-580
-729
-776
-808
-827
-724
-586
-596
-740
-773
-758
-646
-660
-660
-855
-887
-975
-857
-743
-651
-657
-623
-519
-470
-312
-267
-172
-5
344
206
313
512
619
762
774
1058
1054
934
1026
986
959
849
844
816
767
661
413
349
124
-52
-4
-166
-303
-477
-551
-622
-893
-894
-975
-965
-1024
-1103
-1234
-1371
-1406
-1409
-1405
-1289
-1393
-1368
-1435
-1589
-1528
-1517
-1555
-1496
-1382
-1166
-1094
-952
-804
-773
-468
-273
-272
-113
27
215
331
356
528
584
733
896
858
966
1013
940
1035
1021
1066
1062
1075
1303
1372
1429
1404
1550
1687
1787
1837
1823
1765
1821
2002
1995
2053
2093
2132
2135
2118
2202
1997
1828
1593
1160
787
698
811
742
415
-220
-556
-789
-985
-880
-1163
-1405
-1427
-1429
-1590
-1675
-1736
-1838
-1877
-1738
-1622
-1565
-1502
-1507
-1347
-1268
-1064
-975
-1081
-1091
-928
-719
-707
-702
-689
-545
-490
-542
-274
-306
-160
-72
1
80
38
146
239
321
378
486
593
553
429
360
483
555
462
619
653
703
673
682
462
521
482
545
435
316
166
-60
-39
-80
-135
-289
-605
-574
-571
-629
-521
-589
-672
-639
-599
-416
-523
-661
-592
-491
-408
-466
-383
-537
-412
-306
-330
-305
-368
-484
-184
-130
-20
-77
94
105
151
396
384
205
350
383
512
550
590
605
757
740
729
703
568
703
709
706
603
550
468
629
561
558
555
558
447
422
385
428
269
167
170
216
338
279
296
115
142
181
222
269
147
229
192
259
214
240
142
16
-47
-11
-28
-15
-11
-88
-78
-96
-224
-244
4
18
34
28
72
116
142
87
116
190
157
300
298
213
108
10
159
196
100
37
23
64
7
-82
25
39
-67
-68
-28
80
-21
-49
2
64
91
-10
50
2
-3
21
212
278
172
138
83
129
-2
0
138
52
25
112
81
79
38
53
158
48
13
149
61
46
178
207
262
247
159
177
235
170
73
9
129
117
60
31
115
127
110
34
61
210
242
221
260
207
289
405
477
618
698
744
777
760
884
921
967
969
1122
1179
1244
1232
1227
1339
1319
1259
1134
1116
1079
1027
1112
1047
971
874
855
834
826
657
545
459
426
405
194
181
-39
-175
-151
-225
-161
-326
-442
-484
-505
-554
-647
-646
-780
-666
-760
-835
-826
-671
-801
-870
-748
-791
-848
-829
-616
-507
-453
-376
-265
-262
-338
-156
-55
140
240
365
577
511
585
628
792
900
1041
1110
1203
1199
1111
1212
1245
1314
1301
1343
1285
1289
1384
1336
1206
1119
1138
1001
817
772
622
627
550
485
381
316
164
-23
-114
-139
-296
-455
-421
-474
-675
-774
-954
-1048
-979
-1003
-1049
-1173
-1220
-1385
-1325
-1245
-1298
-1161
-1277
-1135
-1056
-884
-712
-662
-702
-596
-616
-416
-512
-697
-522
-505
-390
-361
-383
-100
-246
-9
107
288
410
276
191
211
544
530
483
301
406
256
314
158
99
-76
-24
-79
69
-64
-315
-282
-271
-483
-441
-438
-671
-510
-454
-415
-614
-701
-639
-527
-395
-501
-535
-459
-470
-302
-376
-433
-378
-296
-322
-191
-247
-281
-300
-117
-85
4
108
61
-17
118
353
404
500
462
473
574
714
730
671
719
911
989
1041
998
1134
1119
1102
1212
1126
1089
1071
1101
1073
1040
812
888
795
729
583
451
732
683
625
473
389
310
216
278
191
240
220
124
210
175
80
-71
21
122
-68
-164
-80
-6
-92
-72
-1
-129
-67
-5
-123
-121
-19
81
76
31
49
167
126
213
277
250
218
80
235
276
208
241
177
252
305
346
282
377
424
199
253
287
313
299
163
201
133
152
161
155
279
243
276
384
429
480
378
283
286
211
239
196
235
150
153
256
212
306
218
160
325
361
445
409
330
330
325
310
396
306
346
379
448
492
443
405
349
454
480
449
446
360
287
357
367
491
345
322
385
323
228
211
219
112
208
183
155
142
98
132
154
86
60
-7
-67
14
-108
-158
-9
-120
-112
-80
-236
-190
-163
-183
-381
-183
-180
-253
-146
-121
-233
-247
-197
-237
-46
-172
-247
-209
-204
-110
-79
-1
4
47
40
-19
47
73
56
170
172
139
30
114
-23
-6
-6
-99
-70
-154
-42
-171
-138
-114
-115
-79
-100
-69
52
137
194
207
128
158
164
160
240
260
409
410
334
371
432
356
440
384
476
474
449
511
459
568
437
159
271
335
361
391
511
635
595
582
572
384
409
419
507
420
304
299
184
88
-48
-37
-64
-204
-315
-236
-229
230
-39
-200
-193
15
-48
-119
-199
-61
-125
-100
-26
-185
-278
-289
-214
-252
-169
-378
-481
-551
-480
-560
-487
-588
-534
-477
-372
-459
-383
-416
-425
-218
-101
-227
43
-95
54
104
114
225
290
277
322
233
295
328
151
211
231
227
170
118
122
-56
28
224
-30
-121
-8
30
16
-19
5
-75
22
158
63
127
32
112
170
241
189
296
271
307
305
351
310
224
285
333
321
281
482
383
468
500
361
394
287
285
411
474
456
476
465
426
405
365
493
577
334
284
339
337
277
282
304
271
185
215
287
167
346
307
284
341
247
137
115
156
98
179
116
173
157
227
20
-29
-56
-172
-93
-145
-212
-238
-151
-299
-300
-373
-359
-347
-386
-376
-376
-246
-325
-230
-262
-146
-61
-92
-78
-141
-93
-112
-188
-90
-236
-22
52
-112
-104
-98
-159
-180
-141
-112
-161
-208
-150
-121
-194
-279
-127
-218
-221
-225
-305
-200
-116
-110
-12
-44
13
67
151
270
257
233
187
188
298
228
293
236
264
362
383
280
286
438
441
539
372
339
431
434
517
507
504
500
474
503
499
683
473
457
562
472
469
445
440
411
385
449
382
246
297
160
76
139
-35
-95
-182
-368
-371
-334
-564
-565
-494
-472
-507
-585
-640
-609
-543
-444
-342
-417
-401
-336
-311
-421
-487
-294
-241
-363
-476
-374
-313
-364
-380
-347
-326
-137
-108
-191
-178
-127
8
-26
-61
23
84
-22
-12
14
28
-88
-176
-244
-222
-191
-219
-209
-295
-205
-192
-230
-293
-401
-569
-787
-567
-516
-431
-436
-511
-442
-369
-345
-187
-167
-165
-186
-107
-93
-175
-351
-403
-347
-418
-651
-578
-391
-583
-464
-347
-124
-254
-169
-200
-12
279
185
118
189
202
233
201
362
251
153
231
141
294
356
217
243
242
165
49
124
-12
58
146
142
146
-6
-20
91
141
-38
90
-31
81
148
162
34
85
-65
-56
104
-21
-169
-217
-275
-248
-200
-256
-368
-361
-455
-366
-229
-363
-389
-248
-183
-173
-107
-103
-130
66
39
85
23
-87
148
147
156
245
256
168
207
252
312
390
296
319
460
396
491
620
605
537
477
519
592
612
541
573
541
568
497
464
506
440
583
710
651
552
619
699
616
503
626
594
491
551
610
675
585
604
681
686
664
591
622
609
509
468
558
503
467
392
414
401
447
432
468
451
360
419
421
568
502
517
506
573
431
356
344
406
351
246
455
341
230
179
125
58
-45
-5
48
21
-32
-212
-183
-105
-22
-163
-223
-102
-92
-177
-100
-67
-212
-62
-30
7
-148
-98
-199
-267
-349
-300
-164
-254
-226
-253
-256
-248
-209
-229
-190
-44
-106
-1
91
17
139
136
108
109
74
83
150
306
239
158
73
-66
-33
68
-159
-74
-76
-105
72
-103
-33
-97
45
138
118
105
10
128
143
29
46
-88
6
-24
-12
123
-72
0
59
35
63
131
157
83
168
259
233
436
456
490
554
511
554
628
667
676
567
666
661
649
636
698
732
578
627
543
510
447
463
418
397
413
286
329
229
144
280
233
270
258
263
241
241
223
133
140
141
104
105
108
-87
-87
-103
-130
-170
-114
-229
-162
-314
-500
-321
-470
-393
-264
-232
-186
-34
-105
-87
-185
-310
-161
-197
-179
-180
-262
-347
-317
-203
-270
-370
-400
-370
-372
-285
-111
-59
-177
-220
98
161
42
-40
87
156
105
-67
-79
-135
32
-93
-115
-167
-186
-314
-240
-238
-255
-382
-256
-314
-301
-279
-422
-272
-374
-157
-19
-40
-90
17
29
238
217
240
258
270
262
327
265
288
213
376
399
485
482
527
530
552
598
745
733
713
697
836
751
774
750
713
837
798
647
637
686
625
616
634
650
596
541
600
578
581
585
518
533
489
504
428
456
490
599
417
397
338
319
357
376
245
160
207
73
143
168
79
-62
14
126
107
75
120
111
30
147
58
121
182
184
226
217
243
173
214
213
181
123
282
236
37
53
80
115
107
8
-47
40
45
-21
3
157
124
207
233
237
302
99
188
105
14
2
-46
0
-13
3
43
125
126
181
115
113
-29
-52
24
122
16
13
157
178
118
239
248
266
309
272
292
317
278
312
289
168
367
239
318
257
116
77
40
172
202
159
221
105
165
393
348
338
392
464
540
478
636
762
766
785
647
701
695
603
570
595
550
546
467
319
394
385
419
450
385
320
275
284
203
187
141
70
226
200
213
196
74
19
-90
43
-96
-110
-204
-141
-168
-211
-106
-68
-250
-360
-219
-210
-178
-108
-127
-162
-161
-178
-78
-38
-91
-11
17
-48
-41
-12
18
-8
66
203
63
110
171
151
285
212
108
64
124
167
198
208
259
303
232
312
247
225
311
531
517
443
422
409
481
454
445
361
292
183
246
291
278
185
165
116
-16
-56
56
121
155
144
81
119
97
81
20
-110
-150
-119
-269
-256
-468
-506
-677
-588
-672
-593
-465
-619
-541
-235
-254
-362
-379
-156
-54
-53
-72
-220
-59
-166
-48
-66
-35
-141
-204
-229
-125
-116
-210
-285
-97
-112
-49
-71
-182
-59
87
158
205
154
81
93
235
142
269
93
54
35
-12
-120
-220
-153
-332
-177
-248
-213
-341
-266
-371
-294
-180
-160
-181
-174
-286
-328
-217
-304
-310
-184
-173
-139
-142
-114
-155
-140
-138
-76
-27
33
73
139
171
