-313
-281
-164
-40
-61
11
78
58
25
150
4
-33
109
84
-5
-84
9
11
-14
15
-83
9
42
44
120
86
0
-50
-75
-42
4
46
-102
-90
32
23
-25
-51
-46
-89
-135
-138
-78
-100
-180
-71
-9
-212
-133
-290
-361
-279
-256
-348
-338
-444
-376
-338
-221
-141
-275
-329
-341
-183
-225
-251
-210
-198
-119
-63
-107
-152
-229
-204
-169
-288
-284
-277
-252
-197
-195
-202
-187
-207
-67
-134
-206
-196
-225
-125
-241
-138
-123
-79
-76
-26
-7
-139
-181
-167
-172
-170
-132
-106
-154
-188
-246
-205
-234
-163
-165
-89
35
45
150
-107
8
115
79
113
-9
-36
-128
-28
-46
-17
-192
-233
-185
-128
-123
-125
-131
-157
-14
-15
-13
149
70
66
115
64
215
221
186
156
128
141
128
127
84
157
69
7
94
104
146
39
99
-15
-44
7
55
-7
-6
87
152
68
31
131
165
135
-6
-49
-73
-71
-92
-199
-94
-11
-111
-266
-302
-208
-202
-252
-289
-202
-282
-180
-229
-275
-380
-360
-307
-213
-109
-37
-117
-190
-287
-381
-389
-482
-410
-259
-240
-486
-582
-308
-383
-353
-399
-554
-477
-404
-289
-221
-480
-369
-351
-269
-399
-251
-325
-410
-299
-113
-196
-317
-275
-167
31
-58
-150
-67
4
-24
62
-78
-213
-109
-184
-111
-97
-68
-112
70
185
51
211
81
264
200
267
213
210
175
203
201
271
171
241
199
55
65
174
73
103
87
-21
158
145
47
-32
-69
-145
-178
-314
-355
-445
-567
-540
-314
-585
-632
-613
-607
-582
-536
-540
-707
-542
-478
-551
-494
-487
-545
-544
-470
-560
-561
-465
-418
-452
-445
-421
-432
-447
-495
-489
-402
-441
-344
-416
-440
-452
-453
-571
-548
-507
-443
-404
-487
-338
-270
-267
-224
-56
40
42
-7
85
31
-4
94
107
96
48
32
45
145
202
140
196
209
238
260
254
258
313
458
299
380
442
501
540
450
499
435
535
490
490
605
624
771
817
847
922
1004
1086
1162
1132
1100
1335
1317
1250
1373
1254
1048
1048
943
755
673
624
414
201
176
120
4
-230
-348
-437
-460
-549
-605
-754
-741
-757
-727
-734
-763
-602
-494
-444
-446
-307
-304
-194
-311
-210
-230
-285
-230
-281
-302
-248
-220
-153
-161
-241
-292
-383
-347
-273
-326
-262
-360
-430
-428
-417
-408
-443
-295
-426
-311
-185
-245
-191
-257
-347
-215
-231
-210
-129
-237
-241
-161
-73
-208
-114
-69
-129
-121
-34
-79
7
-8
-81
49
-62
-68
-33
-203
-230
-283
-283
-354
-405
-287
-343
-396
-317
-363
-370
-183
-249
-231
-164
-88
-117
-29
15
-7
55
47
185
288
379
435
560
376
151
354
355
265
286
320
352
309
300
232
234
339
400
345
255
444
313
355
382
268
242
274
288
193
297
241
118
81
-261
-283
-288
-344
-154
-311
-501
-533
-372
-479
-374
-449
-530
-310
-341
-539
-468
-619
-646
-469
-411
-546
-541
-618
-667
-650
-580
-403
-446
-611
-396
-269
-221
-246
-264
-245
-261
-289
-384
-368
-438
-297
-390
-284
-380
-257
-320
-338
-287
-183
-284
-280
-334
-337
-345
-340
-341
-441
-397
-408
-606
-554
-430
-390
-323
-85
-200
-237
-278
-235
-125
-13
-108
-120
-47
-105
-57
-148
-106
-237
-164
-290
-115
-275
-245
-370
-304
-289
-120
-98
-204
-49
60
91
176
201
241
284
263
303
344
340
421
564
505
417
513
603
734
723
648
877
1041
1001
1001
1074
1244
1333
1401
1550
1590
1823
2088
2046
2118
1969
1801
1779
1777
1698
1318
1167
1029
843
574
533
404
139
-6
-270
-366
-425
-465
-588
-745
-777
-948
-1028
-1041
-922
-902
-780
-697
-609
-442
-421
-324
-357
-365
-391
-240
-214
-264
-259
-276
-179
-174
-138
-168
-63
-139
-297
-260
-177
-72
-211
-291
-373
-313
-279
-115
-167
-137
-98
-159
-104
-187
-250
-200
-180
-80
-260
-119
-127
-144
-207
-205
-174
-145
-39
-181
-251
-198
-142
-267
-293
-323
-193
-353
-271
-415
-441
-445
-478
-486
-584
-537
-552
-572
-695
-484
-556
-653
-544
-545
-450
-411
-339
-285
-297
-176
-236
-91
-9
-27
-82
54
161
97
127
187
172
192
231
176
319
282
357
428
412
486
546
571
710
680
706
894
956
1089
1029
1149
1145
1057
1163
1242
1390
1497
1592
1659
1755
1859
1899
1882
1995
1996
1976
1726
1548
1394
1297
1178
953
695
389
352
265
190
-16
-119
-138
-253
-431
-458
-621
-777
-852
-936
-967
-1043
-967
-1022
-977
-868
-837
-722
-495
-230
-271
-201
-184
-44
-66
-179
-300
-338
-258
-177
-209
-130
-213
-437
-511
-595
-424
-532
-569
-516
-510
-441
-233
-317
-242
-301
-266
-209
-126
-231
-268
-224
-274
-387
-412
-454
-315
-250
-331
-232
-148
-197
-234
43
-93
-184
-194
-191
-210
-138
-340
-496
-483
-312
-115
-275
-309
-335
-310
-228
-184
-80
-118
-69
-116
89
304
317
203
289
420
647
674
860
973
1054
1092
1254
1307
1385
1461
1615
1844
1906
2078
2010
2252
2465
2748
2776
2632
2771
2811
2596
2615
2331
1993
1729
1545
1326
1040
828
606
426
353
99
-115
-360
-541
-593
-693
-839
-854
-965
-1129
-1138
-1067
-1087
-994
-915
-871
-726
-464
-423
-402
-241
-225
-158
-169
-92
-114
-119
-96
-203
-81
-61
-93
-37
-50
-249
-286
-206
-349
-562
-560
-428
-495
-467
-318
-299
-363
-329
-264
-58
59
221
228
242
148
292
318
281
210
115
142
202
157
105
83
88
44
-28
-49
-175
-208
-373
-475
-430
-445
-574
-644
-713
-665
-830
-789
-906
-778
-717
-785
-880
-883
-715
-782
-574
-690
-644
-538
-318
-215
-207
-58
43
149
182
247
344
510
516
586
576
596
778
920
931
1002
1037
1046
1128
1073
1200
1309
1344
1476
1485
1638
1725
1803
1857
1985
2153
2379
2577
2597
2684
2759
2879
2679
2708
2514
2258
1958
1564
1334
964
620
285
81
-98
-423
-660
-869
-1016
-1108
-1271
-1396
-1586
-1571
-1591
-1745
-1726
-1625
-1382
-1323
-1230
-1034
-921
-705
-586
-552
-533
-438
-236
-384
-252
-304
-432
-344
-296
-339
-140
-233
-361
-212
-302
-210
-245
-230
-264
-339
-336
-357
-383
-237
-217
-115
-68
-114
-50
-36
-56
-46
-194
-121
32
-28
43
6
-123
-145
-68
-114
-109
-194
-288
-293
-360
-454
-591
-600
-676
-723
-716
-780
-875
-981
-980
-1044
-1020
-1070
-1034
-1051
-1020
-1074
-1150
-1090
-1018
-962
-927
-617
-425
-331
-44
91
26
313
427
479
615
518
619
736
793
750
732
709
1018
1035
1151
1196
1351
1577
1500
1777
2046
2082
2328
2398
2602
2835
2752
2842
2992
2982
3027
2922
2514
2208
2048
1769
1379
1058
606
266
273
66
-215
-319
-572
-594
-646
-860
-1097
-1234
-1517
-1442
-1406
-1476
-1579
-1389
-1359
-959
-835
-551
-443
-260
-100
0
108
84
26
-17
50
44
170
107
98
219
221
145
172
51
-5
68
25
-110
-104
-308
-190
-223
-234
-123
-179
-35
-44
-95
-5
60
45
-7
-88
-112
-100
-201
-266
-152
-95
-17
-130
-193
-355
-363
-397
-495
-411
-618
-657
-709
-795
-792
-916
-903
-860
-926
-1002
-908
-982
-874
-872
-812
-962
-890
-697
-689
-520
-428
-127
-34
105
159
229
435
655
584
716
815
734
824
856
852
849
1025
1092
1128
1188
1162
1273
1405
1488
1535
1769
1977
2040
2033
2150
2254
2488
2740
2809
2909
3040
3133
3330
3261
2927
2668
2342
2110
1784
1264
777
436
203
-268
-457
-616
-610
-802
-965
-1130
-1206
-1379
-1638
-1812
-1865
-1909
-1934
-1811
-1799
-1648
-1576
-1327
-1175
-847
-700
-636
-539
-378
-430
-258
-205
-279
-330
-311
-257
-199
-122
-79
-71
-81
-158
-93
70
-74
-144
-261
-289
-399
-562
-413
-383
-415
-294
-357
-322
-287
-310
-204
-252
-404
-289
-199
-131
-165
-274
-173
-208
-284
-249
-235
-383
-506
-698
-664
-860
-1073
-1255
-1506
-1570
-1581
-1509
-1619
-1635
-1575
-1630
-1545
-1474
-1388
-1372
-1371
-1137
-1059
-951
-822
-605
-362
-267
-157
-22
225
425
527
608
618
714
770
790
840
862
923
882
837
880
953
877
942
975
1108
1108
1309
1325
1473
1619
1606
1723
1920
2013
2070
2119
2333
2369
2496
2701
2690
2909
2824
2770
2504
2345
2081
1574
1137
743
380
55
-183
-675
-758
-958
-1200
-1219
-1430
-1651
-1759
-1926
-2200
-2144
-2143
-2351
-2145
-1877
-1725
-1563
-1207
-1050
-614
-339
-134
157
43
61
175
212
281
335
141
33
-29
96
10
74
-198
-272
-6
59
-135
-265
-467
-432
-318
-377
-503
-395
-494
-318
-157
-52
-133
107
-49
177
278
179
237
160
256
149
220
104
-110
-106
-215
-352
-320
-408
-561
-716
-907
-953
-1017
-1153
-1238
-1476
-1321
-1331
-1301
-1378
-1346
-1179
-1065
-854
-892
-763
-481
-454
-346
-113
245
437
607
650
815
859
1014
1108
1300
1451
1339
1428
1348
1360
1422
1476
1430
1505
1442
1356
1418
1412
1540
1502
1715
1867
1895
1995
2194
2311
2301
2479
2689
2946
3129
3355
3512
3712
3942
3936
3720
3473
3172
2840
2357
1790
1289
765
263
32
-307
-596
-704
-976
-1219
-1441
-1431
-1487
-1687
-1874
-1959
-1993
-1919
-1684
-1696
-1455
-1259
-1102
-685
-375
-223
-29
223
258
346
357
466
273
123
120
118
168
-85
-316
-296
-307
-424
-635
-642
-628
-790
-981
-1108
-1081
-935
-947
-936
-897
-754
-514
-388
-223
-318
-272
-232
-119
-83
-28
-54
-76
-105
-212
-221
-393
-571
-720
-835
-1006
-1049
-1211
-1327
-1499
-1671
-1759
-1786
-1761
-1975
-2024
-1959
-1921
-1886
-1813
-1654
-1496
-1239
-1135
-976
-709
-512
-157
16
143
305
514
818
1016
986
1026
1060
1145
1095
1073
1106
1023
895
868
898
906
833
854
860
944
1019
1173
1341
1521
1597
1752
2261
2276
2095
2500
3066
3120
3181
3327
3515
3595
4009
4210
3653
3270
2851
2445
2209
1659
595
178
-123
-846
-1095
-1281
-1526
-1572
-1457
-1702
-1755
-1661
-1645
-1682
-1757
-1747
-1639
-1379
-1467
-1265
-895
-685
-325
10
149
418
617
657
695
646
541
369
217
-7
-176
-318
-342
-491
-484
-619
-903
-910
-906
-910
-1051
-1341
-1480
-1455
-1361
-1197
-1120
-1141
-773
-516
-362
-174
148
447
323
280
538
686
745
492
235
188
103
-237
-379
-622
-961
-930
-1267
-1639
-1925
-1904
-2193
-2174
-2259
-2302
-2364
-2169
-2035
-1719
-1566
-1439
-1030
-731
-604
-297
33
193
583
883
975
1145
1200
1248
1434
1564
1390
1274
1243
1166
1266
1229
1145
1039
1046
1031
1105
988
1093
1148
1117
1329
1556
1639
1772
2026
2316
2594
2885
3176
3376
3688
3869
3893
4194
4521
4696
4838
4894
4826
4245
3508
2982
2441
1827
722
-153
-549
-894
-1391
-1619
-1751
-1780
-1856
-1964
-1916
-1836
-1524
-1476
-1470
-1372
-1088
-793
-600
-202
156
475
875
1250
1532
1825
1928
1906
1843
1640
1394
1042
629
247
-142
-323
-441
-799
-1106
-1252
-1289
-1547
-1588
-1503
-1537
-1552
-1462
-1310
-1030
-864
-486
-208
138
695
1031
1291
1470
1558
1501
1573
1294
1046
654
545
189
-273
-595
-953
-1278
-1770
-2077
-2164
-2501
-2669
-2703
-2775
-2721
-2685
-2574
-2300
-1968
-1684
-1341
-1251
-916
-643
-283
131
238
361
579
713
729
742
757
553
724
638
434
532
444
237
17
54
98
4
106
158
383
543
760
986
1152
1340
1523
1750
2017
2269
2544
2828
3003
3108
3498
3633
3785
3862
4134
4270
4292
4626
4732
4705
4310
3487
2541
2039
1427
407
-781
-1748
-2224
-2454
-2921
-3046
-2892
-2701
-2522
-2327
-2008
-1628
-1209
-835
-914
-878
-472
-40
156
346
684
1122
1478
1666
1676
1700
1496
1212
767
363
-148
-557
-1104
-1795
-2003
-2239
-2348
-2453
-2527
-2470
-2308
-1931
-1739
-1572
-1258
-1047
-630
-189
83
587
969
1157
1433
1649
1849
1862
1635
1525
1322
908
391
-183
-622
-1268
-1785
-2256
-2774
-2908
-2966
-3012
-3142
-3093
-3150
-2925
-2720
-2474
-2068
-1670
-1225
-866
-544
-233
210
255
514
631
541
392
300
335
117
1
-106
-649
-858
-867
-735
-882
-935
-880
-766
-538
-507
-288
85
289
699
1156
1418
1662
1869
2276
2360
2576
2714
2711
2527
2986
2827
3019
3184
3120
3214
3204
3438
3585
3673
3695
3757
4167
4408
4429
3779
2444
1699
1376
537
-913
-2104
-2865
-2984
-3127
-3136
-2870
-2264
-1841
-1453
-905
-357
149
574
426
250
347
784
798
571
811
1232
1360
1523
1255
1144
837
452
-3
-699
-1320
-1795
-2111
-2644
-2823
-2649
-2251
-2044
-1959
-1693
-1065
-546
-242
134
372
630
702
928
1187
1495
1813
1884
1895
1780
1648
1539
1110
562
89
-428
-908
-1486
-1894
-2173
-2346
-2464
-2696
-2475
-2236
-2209
-2236
-2110
-1806
-1495
-1258
-1081
-747
-272
88
176
311
465
523
356
148
-68
-250
-498
-750
-1041
-1158
-1151
-1268
-1263
-1281
-1068
-866
-682
-514
-318
42
155
499
874
1322
1693
2007
2380
2594
2745
2918
2873
2774
2732
2687
2494
2159
2122
2182
2246
2308
2328
2484
2761
2957
3164
3234
3529
4026
4393
4806
5221
5050
3683
2145
1372
935
-250
-2067
-3185
-3596
-3692
-3538
-3224
-2702
-2078
-1437
-774
-326
131
794
713
184
29
507
1067
890
874
970
1302
1556
1485
1091
582
62
-469
-1175
-2058
-2417
-2876
-3421
-3784
-3626
-2736
-1995
-1722
-1498
-973
-426
-61
147
321
373
511
708
905
975
1131
1308
1215
989
935
611
91
-561
-1190
-1705
-2141
-2420
-2842
-3054
-3064
-2969
-2745
-2513
-2262
-2072
-1939
-1970
-1877
-1689
-1398
-1205
-894
-540
-285
-134
-91
-85
-164
-329
-551
-1013
-1341
-1688
-1977
-2054
-2389
-2322
-2059
-1882
-1501
-1159
-780
-502
-336
-134
131
419
648
972
1214
1475
1980
2294
2495
2764
2825
2719
2453
2255
2041
1889
1712
1705
1611
1615
1915
2142
2473
2805
3119
3271
3668
3984
4208
4462
5167
5690
5440
3610
1591
562
66
-1509
-3413
-4610
-5334
-5222
-4808
-4133
-3199
-2233
-1341
-565
36
734
1255
1151
618
397
1165
1498
1170
995
1144
1533
1363
1010
591
-84
-755
-1516
-2399
-3141
-3469
-3282
-3520
-3664
-3049
-2057
-1214
-614
-224
342
647
1018
1067
1139
993
1029
984
1085
1163
1493
1300
947
767
576
194
-432
-1235
-2146
-2648
-3107
-3184
-3155
-3021
-2907
-2645
-2389
-2082
-1737
-1702
-1816
-1707
-1522
-1094
-981
-916
-635
-190
-125
23
90
-341
-649
-964
-1193
-1612
-1940
-2135
-2341
-2355
-2291
-1913
-1621
-1317
-957
-567
-457
-354
-103
-74
278
693
1053
1460
1894
2248
2627
2677
2793
2966
2899
2646
2312
2192
2083
2103
1889
1868
2113
2324
2612
2935
3251
3604
4048
4264
4532
4696
5164
5679
6047
6535
6003
3837
1427
211
-485
-2201
-4481
-5633
-5747
-5171
-4516
-3665
-2422
-1323
-196
511
1018
1475
1949
1766
783
546
1189
1642
1473
1446
1506
1596
1421
1035
195
-838
-1780
-2527
-3252
-3730
-3573
-3093
-2948
-2693
-1719
-510
202
174
329
609
864
910
759
727
722
753
953
791
881
1093
876
325
29
-84
-589
-1451
-2119
-2540
-2799
-3170
-2910
-2630
-2419
-2246
-2109
-2038
-2112
-1998
-1943
-1966
-1862
-1442
-883
-595
-380
190
97
-78
-256
-468
-755
-1217
-1614
-2011
-2322
-2523
-2344
-2243
-2222
-1995
-1477
-1174
-1052
-865
-601
-541
-263
-79
115
640
1271
1659
1789
1937
2021
2032
1701
1479
1374
1243
1121
1145
1293
1375
1645
1921
2178
2255
2651
2957
3261
3500
3748
3904
4370
4749
5129
5827
6614
7296
6863
4860
1572
-528
-1639
-3391
-5813
-7321
-7456
-6753
-5331
-3811
-2052
-571
638
1317
1698
1755
1832
1690
526
-135
659
1487
1354
1302
1290
1068
833
176
-950
-2137
-3250
-4244
-4893
-5085
-4267
-3297
-2677
-2297
-1183
189
809
760
565
350
312
278
-9
-7
105
385
554
556
510
571
295
-515
-1025
-1405
-1780
-2240
-2621
-2854
-2816
-2805
-2736
-2487
-2354
-2169
-2548
-2842
-2989
-2975
-2794
-2760
-2558
-1778
-1050
-393
69
546
385
31
-261
-814
-1137
-1545
-1918
-2157
-2228
-2169
-1991
-1914
-1940
-1679
-1441
-1406
-1107
-1006
-659
-248
35
475
898
1180
1427
1550
1504
1397
1306
1199
1111
1078
1295
1205
1607
1585
1837
2050
2010
1829
1930
2267
2526
3074
3416
3941
4716
5445
5832
6116
6624
7203
7604
7997
7192
4260
529
-1601
-2518
-4006
-6014
-6985
-6632
-5539
-3716
-1943
-401
528
1145
1435
1459
1527
1807
1705
592
526
1277
2182
2048
1701
1532
726
-154
-889
-1932
-3182
-3803
-3939
-3999
-3532
-2224
-1064
-463
-164
483
1129
1223
943
451
217
322
498
681
860
1067
1365
1189
816
606
522
-50
-1005
-1352
-1244
-1254
-1390
-1544
-1692
-1665
-1661
-1866
-2225
-2871
-3216
-3405
-3490
-3513
-3068
-2555
-2086
-1546
-840
-319
-275
-240
-218
-487
-799
-1049
-1275
-1462
-1729
-1802
-1804
-1863
-1967
-2038
-2174
-2232
-1947
-1693
-1542
-1170
-631
-76
496
892
1122
1228
1260
1112
1029
913
814
734
613
949
1296
1592
1707
1868
1991
1804
1822
1806
1821
2170
2591
3157
3597
4219
4968
5623
5970
6235
6518
6965
7180
7450
7282
4863
870
-2159
-3064
-3931
-5633
-6745
-6679
-5521
-3752
-1959
-297
937
1665
1785
1597
1514
1934
2076
1053
544
1212
2243
2176
1548
814
-147
-1119
-1973
-2855
-3764
-4045
-4062
-3841
-3196
-2035
-698
-67
-223
24
580
730
460
-39
-275
-82
345
621
768
1036
1378
1226
664
330
228
43
-789
-1162
-1041
-644
-634
-974
-1159
-1605
-2185
-2732
-3047
-3536
-3915
-4067
-3666
-3067
-2319
-1663
-1109
-554
-102
274
196
-189
-529
-716
-967
-1170
-1471
-1623
-1900
-1975
-2074
-2469
-2674
-2725
-2726
-2745
-2234
-1512
-1035
-443
119
517
782
889
772
489
476
217
95
-38
535
1061
1370
1577
1697
1866
2075
2008
1691
1238
1230
1367
1679
2218
2971
3610
4110
4623
5140
5726
5939
6134
6728
7278
7822
7155
3969
-585
-3117
-3670
-5002
-6786
-7756
-7025
-5443
-3280
-1301
534
1409
1735
1484
1191
1101
1693
1475
333
267
1402
2332
1988
1255
418
-694
-1829
-2636
-3493
-4127
-4034
-3684
-3123
-2392
-1072
45
160
-127
-238
-271
-430
-678
-881
-533
-147
430
632
798
1191
1187
612
119
-109
-175
-392
-453
-324
-98
310
379
-6
-600
-1377
-2127
-2893
-3580
-3920
-3794
-3470
-2822
-2137
-1270
-442
80
498
744
555
269
12
-297
-372
-236
-228
-496
-782
-1015
-1085
-1723
-2191
-2355
-2233
-2012
-1717
-981
-231
486
1041
1362
1481
1633
1568
1313
849
810
1003
1132
1543
1933
2431
2856
2795
2834
2807
2666
2497
2277
2306
2590
3046
3311
3711
4229
4912
5272
5537
6067
6592
6952
7628
8568
7460
3901
-843
-3383
-3841
-4911
-6738
-7583
-6405
-4528
-2294
-602
614
1474
1538
911
138
109
856
1096
443
353
1360
2332
1869
936
-433
-1744
-2809
-3626
-4256
-4352
-3575
-2734
-1944
-1090
123
818
397
-625
-1209
-1336
-1313
-1512
-1588
-1051
50
710
878
1042
1036
722
-35
-803
-973
-755
-667
-780
-788
-383
176
-12
-911
-1936
-2849
-3475
-4118
-4720
-4943
-4539
-3601
-2851
-2182
-1400
-806
-510
-578
-532
-490
-315
-625
-681
-569
-502
-528
-1052
-1582
-2175
-2225
-2620
-2909
-2792
-2251
-1616
-1114
-577
136
787
1056
1125
722
774
957
1013
921
1017
1425
1661
1856
2161
2483
2434
2312
2157
2108
2352
2608
2838
3087
3392
3906
4434
4801
5151
5504
6032
6805
7413
8093
8722
7935
4533
-228
-3329
-3968
-4715
-6375
-6950
-5660
-3773
-1753
-259
808
1289
1251
379
-881
-1083
8
946
448
464
1375
2255
1783
568
-1107
-2902
-3804
-4455
-4940
-4960
-3804
-2392
-1682
-1204
-221
412
-232
-1617
-2558
-2625
-2222
-1721
-1724
-1153
-3
1003
1021
582
124
-17
-415
-1009
-1136
-730
-435
-285
-220
-245
-274
-786
-1990
-2999
-3845
-4362
-4598
-4457
-3933
-3086
-2202
-1667
-1265
-862
-621
-793
-901
-1187
-881
-537
-260
-357
-262
-537
-955
-1759
-2639
-3037
-3121
-3004
-3035
-2408
-1365
-527
98
379
542
947
1159
997
736
874
1280
1728
2140
2428
2514
2699
2831
2642
2369
2366
2461
2381
2313
2418
3004
3569
3705
3982
4148
4095
4519
5361
6068
6725
7548
8455
9032
8154
4299
-705
-3590
-3806
-4026
-5135
-5562
-3953
-1866
-99
855
1200
1067
743
-281
-1482
-1492
-103
1208
1117
1140
1789
2503
1857
408
-1471
-2896
-3547
-3802
-3970
-3472
-2216
-1048
-699
-887
-859
-899
-1606
-2731
-3350
-3201
-2275
-1403
-959
-561
403
948
872
330
-5
112
52
154
378
889
1310
1359
589
-206
-957
-1925
-3029
-4259
-4896
-4930
-4632
-4267
-3971
-3443
-2917
-2570
-2330
-2365
-1955
-1512
-1118
-653
-164
300
722
519
-58
-842
-1726
-2196
-3062
-3582
-3458
-2977
-2489
-2008
-1500
-1017
-772
-630
-608
-234
328
757
1260
1831
2470
2966
3194
3111
3160
3264
3329
3232
3167
3190
3260
3281
3242
3155
3316
3635
3742
3755
4005
4535
5342
6052
6661
7194
7838
8273
6472
2044
-2502
-4192
-3756
-3651
-4260
-4011
-2522
-823
483
667
252
-238
-458
-1265
-2040
-1435
417
1508
1177
762
922
932
269
-944
-2789
-3517
-3287
-2795
-2544
-1972
-1056
-496
-754
-1523
-2078
-2488
-2805
-3537
-3764
-3272
-1975
-791
-495
-372
-38
-23
-254
-555
-688
-310
403
1058
1345
1671
1890
1664
765
-452
-1443
-2185
-3097
-3812
-4431
-4341
-3965
-3580
-3790
-3996
-3654
-3340
-3510
-3348
-2655
-2198
-1572
-997
-426
-46
-37
-301
-861
-1591
-2094
-2410
-2644
-2854
-2599
-2161
-2022
-1760
-1668
-2061
-1943
-1911
-1519
-1377
-723
-64
828
1655
2148
2526
2722
2710
3204
3552
3624
3978
4227
4434
4357
4213
3819
3801
4157
4471
4477
4460
4482
5294
6348
6688
6954
7463
6734
3780
-616
-3738
-4363
-3259
-2831
-2750
-2274
-1151
370
1163
633
-373
-1127
-1661
-2036
-1785
-460
1120
1631
1113
330
-59
-548
-1249
-2271
-3406
-3510
-2642
-1857
-1303
-1064
-824
-1092
-1857
-2679
-3273
-3323
-3301
-3013
-2357
-1496
-589
-118
-188
-242
-426
-623
-826
-690
-59
539
1218
1787
1936
1731
1235
427
-481
-1037
-1308
-1444
-1587
-1664
-1789
-1772
-1836
-2048
-2452
-2843
-2961
-2779
-2647
-2262
-1646
-1251
-808
-614
-641
-891
-1003
-1176
-1276
-1466
-1506
-1644
-1633
-1335
-1219
-926
-965
-981
-911
-887
-711
-402
6
237
376
477
671
1001
1270
1516
1841
2506
3271
3784
4250
4354
4333
4365
4030
4058
4230
4564
5061
5422
5823
6411
6914
7258
6890
6745
6746
5869
3025
-1067
-3684
-3416
-1752
-941
-1041
-1097
-859
-466
-531
-1323
-2213
-2338
-2028
-1763
-1187
280
1927
2241
1260
-54
-1093
-1875
-2104
-2519
-2676
-2382
-1680
-1005
-869
-1057
-1585
-2353
-3410
-4149
-4207
-3817
-3201
-2570
-1883
-1331
-921
-1021
-1313
-1538
-1447
-1140
-1006
-270
593
1433
1793
1657
1280
643
17
-705
-1076
-1351
-1259
-1311
-1292
-1819
-2194
-2396
-2666
-2717
-3019
-2859
-2568
-2085
-1697
-1285
-1067
-804
-504
-609
-822
-932
-1090
-1167
-1302
-1327
-1294
-1667
-1847
-2101
-2382
-2447
-2277
-2263
-2092
-1854
-1651
-1282
-815
-359
-160
251
739
1127
1439
1793
2492
3145
3428
3621
3760
3981
4047
3899
3919
4092
4354
4669
5101
5187
5146
5490
6104
6634
6788
6918
6911
5458
2520
-1109
-3132
-2598
-1106
-420
-493
-817
-956
-758
-880
-1542
-2402
-2521
-1979
-1362
-560
545
1472
1325
407
-699
-1878
-2429
-2303
-2138
-2057
-2067
-1701
-1269
-1449
-1959
-2535
-3546
-4374
-4652
-4255
-3774
-3523
-2949
-2232
-1811
-1785
-1972
-1862
-1806
-1183
-466
-291
70
614
1080
1195
968
385
-97
-357
-286
-362
-587
-1095
-1398
-1793
-2312
-2825
-2721
-2792
-2603
-2428
-2274
-2037
-1799
-1806
-1751
-1790
-1675
-1409
-1005
-778
-383
-308
-332
-429
-597
-946
-1154
-1265
-1539
-1564
-1396
-1316
-1011
-1124
-1369
-1243
-1127
-956
-682
-373
-232
265
813
1201
1625
2319
3219
4147
4537
4509
4518
4381
4565
4847
5236
5348
5446
5568
5826
6403
6764
6737
6620
6606
6201
4512
1367
-1567
-2530
-1412
11
770
442
-609
-1461
-1470
-1489
-2108
-2477
-2185
-1174
-346
336
1248
1450
903
187
-1004
-1953
-1912
-912
-119
142
142
-311
-921
-1617
-2208
-2718
-3196
-3685
-3312
-2756
-2420
-2207
-2018
-1983
-2315
-2276
-2155
-1686
-1018
-73
754
1094
1195
1303
1371
1193
975
793
434
299
306
109
-425
-958
-1415
-2220
-2897
-3067
-2830
-2720
-2333
-2194
-1961
-2042
-2217
-1988
-1843
-1823
-1620
-1140
-803
-477
-335
-184
-238
-533
-712
-983
-1149
-1011
-876
-978
-1106
-1217
-1164
-1085
-1056
-878
-784
-617
-265
177
358
655
940
1341
1868
2415
2861
3300
3665
3972
4362
4470
4461
4526
4653
4952
5284
5594
6047
6233
6516
6432
6330
6395
5991
4381
1537
-1006
-1669
-626
492
1213
1120
-97
-1614
-2242
-2311
-2374
-2321
-2013
-1215
-590
-137
207
-141
-818
-1170
-1595
-2142
-2273
-1334
-177
505
115
-629
-1479
-2459
-2653
-2435
-2582
-2840
-2499
-2247
-2390
-2619
-2831
-2909
-2974
-2966
-2531
-2060
-1266
-403
402
755
660
494
427
914
1277
1534
1437
1069
953
768
352
-225
-684
-1237
-1946
-2367
-2588
-2672
-2780
-2820
-2700
-2992
-3251
-3173
-2931
-2517
-2039
-1568
-1397
-1216
-1187
-1005
-805
-758
-663
-386
-424
-550
-453
-537
-607
-768
-947
-1150
-1186
-977
-468
-412
-206
-12
137
235
426
745
1206
1752
2278
2712
3142
3260
3432
3911
4176
4393
4782
5161
5331
5707
5704
5547
5331
5385
5434
5576
5209
3939
1784
-357
-1168
-557
268
1108
1220
51
-1802
-2988
-3253
-2796
-2253
-1574
-1061
-810
-972
-935
-1028
-1382
-1468
-1331
-1752
-2096
-1918
-1252
-597
-675
-1030
-1763
-2513
-2985
-2701
-2227
-2074
-2003
-1975
-2551
-3279
-3548
-3373
-3074
-2860
-2572
-2205
-1970
-1576
-1086
-393
-138
-404
22
458
785
1454
1735
1599
1276
1094
800
440
208
-182
-379
-746
-1160
-1360
-1697
-2035
-2238
-2279
-2497
-2704
-2561
-2464
-2301
-2024
-1903
-1662
-1461
-1311
-1051
-579
-127
-48
45
-8
123
84
-196
-207
-197
-276
-333
-212
-69
185
312
384
311
298
747
1097
1578
1949
2391
2795
2933
3194
3571
3949
4219
4371
4482
4660
4848
5090
5612
5938
5666
5335
5195
5394
5430
5100
3810
1980
804
612
1033
1512
1607
1206
39
-1199
-2083
-2527
-2593
-2344
-1427
-844
-949
-1426
-2165
-2972
-3267
-2633
-1905
-1518
-1384
-1259
-1120
-1440
-1761
-2047
-2429
-2430
-2310
-1991
-1943
-2128
-2112
-2262
-2507
-2882
-3062
-3152
-2980
-2838
-2490
-2143
-1923
-1734
-1560
-1538
-1356
-1140
-782
-173
322
768
1008
1049
875
790
807
895
788
647
349
214
-240
-700
-913
-1184
-1381
-1655
-1794
-1914
-1959
-2007
-1867
-1827
-1805
-1696
-1599
-1462
-1340
-1002
-501
-285
-234
-199
-75
50
128
170
246
295
210
252
294
156
26
60
141
214
403
715
1062
1414
1670
1990
2163
2238
2408
2631
2893
3349
3818
4215
4502
4732
4928
4847
4554
4455
4567
4596
4544
3884
2803
1944
1742
1875
2339
2527
2095
1433
420
-317
-732
-1435
-1690
-1272
-567
-337
-593
-1341
-2333
-2937
-3048
-2574
-2385
-2458
-2409
-2203
-2341
-2772
-3006
-3092
-3087
-2801
-2524
-2117
-2221
-2432
-2839
-2959
-2998
-3072
-2894
-3001
-3072
-3117
-3349
-3338
-3140
-2944
-2824
-2578
-2148
-1956
-1622
-1174
-765
-570
-215
-91
44
20
405
494
662
777
912
567
238
-31
-257
-473
-564
-600
-754
-1076
-1322
-1569
-1674
-1845
-2080
-2262
-2105
-2036
-1783
-1552
-1578
-1347
-1297
-1051
-881
-595
-443
-223
-148
-80
-33
172
173
78
130
-24
72
396
361
691
667
893
1119
1314
1553
1459
1621
1822
2107
2646
3127
3408
3873
4018
4370
4497
4525
4628
4431
4334
3709
2912
2514
2642
2629
2675
2350
1876
1316
1153
943
517
-62
-412
-121
95
154
-360
-809
-1415
-1652
-1533
-1377
-1414
-1604
-1694
-1681
-1752
-2059
-2329
-2545
-2479
-2347
-2195
-2148
-2415
-2738
-2777
-2762
-2856
-2842
-2837
-2810
-2663
-2573
-2526
-2425
-2459
-2218
-1825
-1554
-1364
-1250
-965
-718
-504
-398
-226
-81
46
207
312
196
111
268
329
413
161
191
214
151
146
304
411
163
58
19
-97
-318
-693
-730
-675
-606
-649
-736
-779
-950
-966
-951
-1066
-967
-885
-587
-310
-67
60
81
345
367
367
422
465
607
587
925
1121
1244
1432
1644
1786
1795
1790
1874
2059
2312
2654
3058
3183
3341
3599
3861
4047
4392
4412
3734
3217
3096
3370
3556
3532
3091
2517
2203
2096
2223
1916
1153
620
427
362
188
-158
-641
-987
-1349
-1324
-1362
-1701
-2089
-2250
-1999
-2078
-2170
-2429
-2717
-2646
-2440
-2356
-2323
-2520
-2654
-2468
-2337
-2558
-2724
-2973
-3114
-3246
-3375
-3281
-3413
-3532
-3316
-2869
-2602
-2336
-2143
-1833
-1482
-1280
-940
-659
-446
-276
84
433
324
233
595
660
532
315
148
137
-2
-12
139
179
40
-98
22
122
-17
-203
-271
-384
-367
-382
-353
-387
-437
-367
-396
-519
-726
-651
-598
-498
-613
-708
-550
-585
-546
-439
-338
-319
-191
85
542
619
748
834
1124
1264
1397
1555
1553
1699
1989
2293
2548
2803
2789
2965
3203
3508
3728
3483
2630
2364
2762
2933
2608
2275
1661
1448
1358
1383
1240
585
65
277
301
-46
-347
-595
-1028
-1241
-1192
-1338
-1719
-2081
-2326
-2091
-2375
-2768
-3060
-3245
-3328
-3347
-3260
-3197
-3487
-3382
-3377
-3295
-3261
-3280
-3158
-3065
-3081
-3246
-3177
-3290
-3245
-3260
-3305
-3254
-3116
-2928
-2641
-2151
-2184
-2042
-1735
-1343
-923
-673
-295
29
216
367
700
824
896
808
802
596
544
299
192
115
162
282
259
8
-140
-202
-494
-553
-535
-488
-505
-485
-484
-326
-183
-137
-121
-4
-103
-157
-106
31
187
247
322
460
501
423
403
459
591
680
866
1051
1286
1441
1693
1931
2099
2417
2774
2997
3129
3302
3501
3785
4060
4343
4382
3748
3108
3026
3183
3179
2828
2430
1887
1423
1360
1213
825
469
109
48
21
-107
-402
-839
-1068
-1207
-1111
-1054
-1156
-1512
-1611
-1712
-2029
-2560
-3062
-3194
-3059
-3074
-3148
-3297
-3456
-3555
-3535
-3635
-3610
-3628
-3507
-3382
-3355
-3312
-3007
-2979
-3061
-2878
-2780
-2720
-2683
-2641
-2261
-1916
-1771
-1662
-1523
-1177
-1027
-595
-394
-360
-182
86
378
636
652
804
868
880
901
872
784
649
669
692
704
582
263
126
67
-191
-182
-343
-414
-320
-198
-76
-16
-269
-349
-134
-92
-188
28
216
349
449
589
717
595
692
683
876
895
942
1045
1236
1306
1218
1365
1679
1936
2238
2461
2624
2831
2996
3326
3560
3671
3811
3586
3153
3058
3262
3523
3493
3099
2541
2078
1866
1558
1319
758
282
368
217
-185
-449
-771
-1219
-1297
-970
-743
-962
-1154
-1091
-1212
-1425
-1539
-1907
-2170
-2382
-2325
-2513
-2691
-2997
-3241
-3297
-3520
-3732
-3907
-4018
-3967
-3884
-3992
-3926
-3686
-3570
-3308
-2917
-2934
-2678
-2478
-2241
-1988
-1623
-1654
-1324
-1070
-862
-689
-660
-476
-316
-277
65
102
57
-12
79
262
548
859
754
549
459
610
543
417
363
439
571
360
220
218
-68
-224
-358
-322
-598
-600
-613
-406
-343
-484
-571
-558
-417
-251
-178
41
68
387
647
986
944
926
952
1069
1173
1275
1589
1629
1989
2325
2325
2370
2488
2475
2806
3219
3433
3587
3472
3000
2656
2838
3082
3292
3256
2722
2512
2147
1969
1888
1487
909
590
698
440
203
-108
-737
-1014
-1238
-1161
-1111
-1214
-1407
-1183
-1255
-1356
-1501
-1991
-2140
-2151
-2110
-2141
-2226
-2585
-2741
-2629
-2627
-2816
-3176
-3293
-3258
-3298
-3139
-2956
-2990
-3076
-2914
-2652
-2613
-2668
-2497
-2068
-1798
-1654
-1390
-1007
-707
-452
-99
68
224
306
467
751
618
479
536
620
651
696
683
673
650
617
659
778
651
650
762
755
767
683
687
583
548
377
475
330
150
272
251
347
300
441
313
241
199
206
276
287
378
540
682
834
978
1046
1208
1423
1473
1530
1777
2005
2223
2513
2550
2687
2973
3063
3212
3410
3619
3730
3393
2798
2663
2944
3223
3070
2776
2403
2133
1903
1929
1847
1223
848
993
997
819
430
-61
-499
-689
-570
-676
-835
-1030
-934
-867
-1018
-1431
-1630
-1869
-2034
-2078
-2168
-2240
-2490
-2445
-2461
-2523
-2652
-2696
-2766
-2749
-2924
-3041
-2985
-3023
-2902
-2647
-2424
-2435
-2407
-2300
-1949
-1697
-1626
-1551
-1341
-1197
-996
-732
-553
-390
-244
-90
160
388
407
383
392
403
419
441
389
259
331
361
459
580
476
442
594
557
540
418
406
523
362
363
328
312
313
342
479
426
406
286
314
352
437
464
471
551
615
858
996
963
1054
1061
1084
1255
1353
1467
1614
1952
1942
1807
2005
2226
2445
2627
2865
3065
3180
3264
2596
2177
2228
2416
2557
2533
2171
1786
1388
1400
1290
770
140
49
271
213
-70
-230
-441
-702
-783
-715
-855
-1111
-1241
-1184
-1034
-1282
-1571
-1750
-1911
-1884
-1866
-1945
-2202
-2493
-2415
-2537
-2550
-2780
-2948
-2963
-2799
-2869
-2890
-2948
-3034
-2669
-2545
-2440
-2298
-2315
-1919
-1629
-1338
-1362
-1178
-1092
-818
-532
-259
-179
-2
23
80
435
353
301
371
402
446
639
662
508
361
400
412
561
481
388
333
488
520
562
631
369
526
638
655
704
725
828
785
757
744
606
684
757
749
676
569
543
544
772
1042
1151
1189
1266
1380
1506
1564
1690
1897
2092
2200
2401
2564
2570
2772
2911
3360
3396
3331
3671
3711
3443
2909
2697
2933
3023
3076
2967
2481
2063
1848
1906
1853
1368
991
1104
1082
905
695
436
-17
-262
-157
-173
-594
-859
-695
-637
-667
-998
-1195
-1436
-1510
-1532
-1521
-1511
-1753
-1879
-2011
-1981
-1930
-2138
-2223
-2231
-2241
-2184
-2280
-2198
-2203
-2125
-2047
-1885
-1846
-1859
-1699
-1355
-1156
-1071
-940
-768
-560
-150
-118
-162
-122
185
354
532
683
522
639
656
721
760
681
649
532
621
705
639
610
498
564
603
676
773
684
542
614
557
596
726
619
768
756
751
697
626
671
754
768
678
587
485
614
726
686
905
1094
1031
1243
1416
1505
1614
1735
1908
2140
2290
2311
2567
2606
2859
3242
3357
3427
3586
3687
3468
2848
2493
2770
2840
2914
2757
2242
1729
1686
1816
1637
1208
884
703
793
572
316
113
-273
-531
-457
-443
-608
-877
-902
-822
-994
-1231
-1350
-1390
-1709
-1788
-1775
-1749
-1913
-2046
-1973
-2038
-2086
-2212
-2332
-2296
-2342
-2395
-2270
-2093
-2086
-1993
-1737
-1700
-1890
-1836
-1736
-1436
-1315
-1166
-857
-719
-744
-764
-666
-444
-322
-56
178
362
524
476
501
550
444
480
426
340
122
251
352
266
251
105
41
32
-20
-74
-32
60
207
106
159
56
263
323
384
506
469
275
249
142
159
143
-4
93
122
88
351
336
356
406
590
705
687
835
991
1344
1619
1671
1873
2091
2204
2489
2799
3014
3183
3290
3361
3700
3519
2931
2708
2913
2926
3062
2839
2441
2008
1819
1932
2041
1487
942
762
878
710
665
468
-140
-346
-294
-241
-421
-847
-844
-783
-929
-1004
-1391
-1512
-1723
-1731
-1612
-1598
-1836
-2017
-1879
-1864
-1936
-2005
-2077
-2118
-1934
-1944
-1861
-1701
-1742
-1700
-1543
-1455
-1484
-1484
-1366
-1181
-1068
-862
-607
-462
-367
-263
44
231
265
394
730
880
858
919
1083
1132
1077
1049
966
939
841
905
877
688
664
553
439
351
314
323
243
315
238
167
161
155
42
38
52
79
-25
-33
49
111
136
99
217
245
323
406
454
434
446
377
402
493
412
514
755
770
784
1091
1326
1408
1515
1751
2224
2492
2809
3062
3108
3260
3600
3804
3423
2862
2614
2954
2945
2853
2661
2263
1876
1643
1650
1510
1063
766
794
750
526
315
-7
-372
-456
-280
-443
-776
-885
-943
-909
-1079
-1298
-1494
-1777
-1873
-1891
-1899
-1973
-2244
-2289
-2246
-2187
-2369
-2441
-2336
-2285
-2075
-2192
-2062
-1991
-1958
-1894
-1616
-1629
-1751
-1716
-1591
-1223
-1113
-880
-916
-539
-425
-183
116
55
91
396
710
697
659
629
708
702
740
746
673
602
634
649
515
344
328
410
323
344
146
53
80
-138
7
107
-20
-203
-287
-349
-273
-251
-263
-303
-139
-84
-89
-68
-24
-23
-32
23
51
175
291
257
366
374
345
405
497
686
850
1058
1135
1316
1525
1872
1987
2285
2456
2370
2616
2798
3219
3346
3395
3034
2508
2615
2801
2638
2575
2328
1809
1508
1350
1416
877
422
17
25
-56
-361
-491
-1009
-1343
-1271
-939
-1012
-1629
-1580
-1348
-1409
-1508
-1678
-2099
-2225
-2290
-2315
-2427
-2556
-2544
-2635
-2554
-2402
-2269
-2449
-2502
-2390
-2251
-2241
-2020
-2013
-1908
-1549
-1531
-1447
-1340
-1173
-842
-534
-426
-423
-264
-100
229
385
350
353
566
649
1026
917
726
693
719
785
787
637
532
533
688
651
530
317
197
304
332
24
11
-164
-311
-310
-439
-469
-727
-717
-793
-707
-490
-506
-434
-493
-233
-198
-205
-189
-147
-89
-30
38
112
245
326
468
529
563
561
692
891
1243
1446
1606
1755
1906
2063
2132
2290
2612
2813
2994
3234
3437
3500
3557
3791
3864
3469
2997
2937
3211
3277
3224
2904
2331
1952
1758
1755
1355
735
425
359
241
125
-119
-565
-969
-920
-945
-1085
-1353
-1519
-1340
-1274
-1318
-1547
-1763
-1800
-1934
-1999
-2096
-2120
-2166
-2174
-2006
-1868
-1940
-2164
-2140
-2107
-2043
-2078
-1947
-1900
-1608
-1448
-1355
-1081
-979
-807
-647
-449
-252
-73
68
195
247
522
563
425
442
443
630
706
628
390
438
481
379
499
325
274
338
171
70
-86
-317
-275
-369
-505
-659
-730
-771
-748
-902
-830
-805
-1004
-946
-943
-927
-981
-1080
-986
-843
-890
-833
-753
-643
-672
-517
-194
-125
-149
88
290
336
450
474
595
781
935
1043
1308
1489
1518
1750
1926
1978
2092
2241
2490
2630
2670
2898
3022
3119
3225
3420
3357
2800
2592
2575
2765
2730
2414
2137
1766
1457
1212
1091
596
116
102
65
-109
-369
-701
-936
-1077
-1132
-1160
-1363
-1393
-1395
-1298
-1218
-1332
-1554
-1616
-1659
-1585
-1600
-1720
-1735
-1730
-1543
-1583
-1624
-1754
-1744
-1628
-1516
-1529
-1499
-1306
-1081
-963
-633
-677
-808
-804
-596
-264
-268
-7
89
41
380
539
455
481
363
516
523
606
673
476
361
310
266
150
-56
-233
-433
-521
-399
-178
-597
-776
-803
-664
-759
-829
-1117
-1034
-1123
-1353
-1166
-1386
-1465
-1458
-1382
-1331
-1377
-1604
-1463
-1404
-1282
-1161
-990
-1064
-740
-426
-315
-371
-246
-91
129
411
549
454
562
610
861
984
1094
1093
1338
1486
1810
1920
1824
2019
2483
2570
2830
2929
2972
3135
3265
3464
3728
3502
2636
2318
2470
2503
2251
2167
1660
1217
1077
955
693
51
-470
-439
-277
-388
-562
-837
-1135
-1332
-1267
-1192
-1453
-1602
-1503
-1371
-1329
-1363
-1535
-1725
-1789
-1726
-1630
-1685
-1743
-1892
-1788
-1471
-1404
-1458
-1398
-1299
-1087
-1061
-1080
-891
-886
-719
-373
-174
-308
-229
20
205
329
353
431
563
787
810
868
762
571
676
705
740
530
461
508
456
407
252
214
49
-48
-58
-141
-126
-406
-499
-688
-830
-889
-1212
-1379
-1367
-1411
-1526
-1654
-1730
-1844
-1827
-1692
-1692
-1728
-1644
-1468
-1185
-1100
-985
-836
-777
-663
-568
-437
-316
-299
-223
-15
88
101
278
451
734
937
878
854
937
1092
1278
1579
1489
1594
1853
1991
2006
2146
2295
2425
2556
2693
2826
2878
2918
3026
3005
2804
2209
1680
1743
1969
1943
1732
1240
700
440
569
453
-88
-546
-661
-540
-812
-915
-1168
-1462
-1512
-1374
-1398
-1535
-1683
-1718
-1402
-1416
-1481
-1525
-1770
-1685
-1518
-1534
-1470
-1488
-1505
-1574
-1269
-1112
-1168
-1237
-1126
-978
-951
-954
-818
-643
-499
-403
-353
-351
-481
-347
-153
66
3
-17
70
196
271
396
485
554
576
652
635
391
402
385
332
192
-37
-47
-140
-314
-384
-514
-709
-931
-953
-1006
-1052
-1147
-1325
-1413
-1403
-1386
-1456
-1525
-1507
-1497
-1371
-1289
-1201
-1117
-989
-941
-730
-693
-885
-510
-463
-196
-113
-32
29
245
372
373
659
391
454
572
668
653
704
741
926
898
1071
1097
1297
1294
1307
1548
1722
1820
1882
1955
2127
2303
2356
2390
2301
2422
2538
2631
2493
2149
1795
1508
1576
1758
1553
1220
955
649
461
567
357
36
-225
-332
-380
-382
-696
-836
-1011
-1157
-1089
-926
-1125
-1257
-1273
-997
-1162
-1071
-1306
-1345
-1108
-1143
-1160
-985
-983
-1027
-719
-727
-686
-653
-926
-833
-723
-930
-967
-801
-740
-639
-495
-538
-495
-461
-375
-202
-140
-244
-304
-97
131
208
337
286
285
357
550
625
388
181
143
36
-38
28
63
-22
-209
-255
-415
-629
-520
-639
-727
-785
-974
-895
-875
-910
-908
-784
-616
-688
-758
-620
-531
-513
-577
-471
-486
-515
-457
-399
-471
-472
-352
-327
-251
-243
-182
10
198
200
192
415
623
678
812
700
896
870
938
1081
1130
1281
1285
1386
1459
1430
1388
1555
1580
1611
1690
1653
1734
1843
1966
2156
2233
2330
2418
2537
2623
2221
1844
1732
1951
2108
1931
1744
1219
847
706
758
604
177
-225
-350
-336
-411
-688
-951
-1231
-1194
-1102
-1081
-1301
-1489
-1220
-1197
-1158
-1214
-1252
-1287
-1274
-1150
-1069
-1172
-1104
-1110
-1005
-906
-1173
-1294
-1311
-1269
-1313
-1252
-1256
-1201
-1174
-944
-889
-914
-922
-811
-599
-395
-231
-177
-119
-96
86
249
335
298
294
238
417
655
547
365
333
213
110
5
-19
-41
17
-39
-167
-186
-278
-371
-495
-653
-743
-901
-990
-1039
-1127
-1113
-1325
-1467
-1459
-1458
-1543
-1616
-1612
-1599
-1542
-1405
-1371
-1334
-1311
-1218
-1061
-1074
-927
-856
-667
-340
-296
-298
-174
75
150
197
250
313
384
255
351
493
578
661
666
709
792
950
1045
1222
1305
1417
1451
1386
1587
1790
1967
1964
2064
1967
1953
2207
2299
2238
1915
1552
1282
1458
1449
1202
848
628
307
-14
-2
-120
-502
-656
-724
-713
-867
-1126
-1359
-1664
-1651
-1554
-1394
-1378
-1582
-1470
-1224
-1250
-1397
-1678
-1556
-1715
-1554
-1663
-1705
-1757
-1635
-1646
-1588
-1547
-1723
-1549
-1410
-1437
-1312
-1334
-1124
-881
-659
-606
-633
-461
-475
-199
-74
-86
27
149
367
615
574
556
530
606
772
913
871
699
568
739
672
766
480
432
368
358
317
173
91
-140
-261
-396
-542
-738
-901
-1032
-1166
-1229
-1165
-1246
-1284
-1250
-1202
-1062
-1029
-1084
-1212
-1098
-917
-811
-860
-655
-558
-531
-482
-365
-262
-170
-39
38
184
116
236
221
435
512
496
539
678
729
823
979
1092
1125
1170
1314
1327
1506
1450
1511
1494
1453
1536
1662
1639
1570
1740
1802
1981
1973
2086
2209
2272
2263
1949
1425
1349
1392
1567
1672
1348
1024
678
691
526
349
-2
-306
-356
-348
-339
-546
-1007
-1258
-1301
-1196
-1311
-1551
-1581
-1481
-1253
-1244
-1357
-1383
-1537
-1422
-1363
-1319
-1154
-1067
-1115
-1066
-841
-820
-846
-970
-1085
-1089
-891
-842
-849
-786
-699
-579
-511
-536
-483
-406
-126
-19
31
66
184
322
443
445
469
436
399
636
754
670
539
398
350
383
266
233
121
35
-8
-115
-162
-325
-481
-477
-582
-574
-661
-709
-683
-816
-939
-1040
-1077
-1293
-1321
-1238
-1216
-1294
-1339
-1234
-1203
-1168
-1199
-1218
-1075
-1042
-964
-866
-797
-624
-546
-457
-431
-309
-237
-225
-162
-111
-101
-66
-67
7
43
100
78
60
134
106
167
352
500
576
688
800
1030
1117
1194
1406
1419
1561
1750
1891
2021
2218
2285
2114
2276
2422
2350
2030
1688
1562
1492
1656
1422
1199
942
566
502
411
300
-32
-350
-515
-514
-468
-693
-936
-1096
-1142
-1077
-1108
-1328
-1461
-1400
-1485
-1458
-1552
-1603
-1405
-1349
-1357
-1201
-1344
-1248
-1220
-1169
-1079
-1200
-1294
-1204
-1087
-1069
-1210
-1205
-1062
-868
-737
-778
-695
-456
-382
-522
-156
-31
40
195
230
212
410
379
404
318
380
343
493
472
360
427
577
503
465
450
373
464
471
262
13
23
-132
-45
-170
-449
-421
-485
-688
-561
-754
-869
-937
-851
-952
-890
-1055
-1115
-1157
-989
-1083
-1068
-1199
-1240
-1181
-1147
-1061
-942
-1006
-927
-803
-830
-674
-809
-711
-660
-504
-343
-308
-292
-189
32
47
207
365
462
599
704
824
886
901
992
1132
1199
1297
1344
1344
1447
1716
1826
1778
1744
1885
1912
1969
2068
2110
2277
2361
2391
2335
2134
1904
1828
1949
2007
1647
1412
1210
956
854
775
644
304
5
-109
-69
-268
-420
-518
-709
-780
-720
-806
-905
-911
-878
-771
-803
-931
-1091
-1018
-955
-893
-921
-1068
-920
-844
-844
-720
-644
-734
-922
-761
-696
-632
-510
-649
-679
-455
-297
-285
-260
-207
54
184
239
254
393
477
692
736
619
750
707
737
691
701
747
661
657
590
573
417
393
225
235
137
8
-30
-92
-170
-211
-333
-484
-433
-473
-399
-546
-542
-784
-919
-834
-1038
-1041
-999
-978
-1050
-1048
-995
-997
-980
-726
-681
-584
-507
-727
-574
-467
-301
-211
-71
-118
-80
26
81
166
83
187
280
327
146
236
139
133
130
139
244
176
169
190
322
272
406
430
324
446
596
524
537
617
665
644
559
636
621
684
562
542
493
488
525
510
485
487
552
517
553
508
629
669
679
582
657
627
440
252
164
254
354
403
234
35
-162
-229
-148
-281
-420
-508
-354
-380
-267
-226
-290
-260
-317
-121
-127
-9
-151
-124
-175
-211
-172
-229
-396
-467
-532
-597
-556
-546
-543
-469
-503
-645
-763
-650
-639
-627
-657
-640
-672
-627
-641
-739
-666
-741
-806
-817
-508
-423
-372
-243
-59
-94
-220
-353
-201
-104
-69
-164
-185
-330
-299
-297
-41
-106
-165
-198
-238
-15
-56
-163
-92
-146
-211
-89
115
-26
-171
-22
-100
79
147
-109
42
89
87
289
30
-63
-22
275
241
244
127
96
172
341
266
338
288
212
268
342
190
60
11
61
185
115
-10
56
-77
-3
191
213
128
239
182
344
369
258
342
474
525
538
577
575
698
747
857
804
854
784
766
680
584
689
771
745
535
471
593
520
502
398
458
442
282
386
385
161
-76
140
182
-78
-47
-43
-52
-106
-173
-207
-220
-265
-403
-265
-313
-302
-302
-388
-333
-359
-341
-324
-424
-459
-423
-458
-417
-367
-495
-478
-389
-473
-494
-407
-388
-330
-245
-163
-191
-136
-45
93
-26
34
232
192
256
275
405
479
343
447
472
370
414
534
572
518
521
418
488
445
484
383
286
229
241
214
135
176
143
126
187
65
163
181
280
238
184
215
232
408
371
407
391
417
461
528
537
412
608
733
673
715
761
901
1072
1157
1239
1201
950
754
827
1042
951
911
800
684
496
501
441
242
58
111
154
149
56
-172
-186
-361
-405
-394
-558
-674
-712
-513
-307
-451
-675
-738
-656
-543
-533
-616
-557
-520
-575
-646
-697
-734
-799
-856
-893
-899
-992
-988
-1020
-926
-790
-743
