-111
-61
-13
31
-79
43
52
-82
-58
50
126
122
161
213
232
-19
-230
-91
-22
-4
74
76
54
118
144
60
105
50
-103
-28
48
11
88
121
75
67
12
-83
-24
60
113
76
-34
-124
-207
-149
-120
-198
-134
-36
-166
-61
-104
-52
-156
-32
-83
-134
1
37
148
9
122
-13
-74
-101
-61
-152
-366
-266
-312
-400
-273
-396
-235
-247
-319
-327
-382
-408
-449
-382
-307
-331
-274
-106
65
33
-239
-195
-110
-28
49
11
69
-3
19
37
-166
-88
-254
-224
-185
-281
-332
-412
-341
-277
-321
-303
-226
-269
-315
-323
-293
-190
-226
-226
-239
-275
-229
-184
-198
-187
-168
-213
-172
-102
-108
-22
9
-60
22
-120
93
186
-31
12
-9
-11
120
146
50
-88
-19
19
-27
-15
-124
-72
1
-72
-176
-158
-185
-23
6
36
67
40
36
-24
-8
-37
-47
-68
5
113
36
31
-115
25
287
169
161
152
169
170
214
164
187
149
49
13
5
56
41
59
145
41
124
261
76
30
36
57
82
128
100
-5
-151
-152
-148
-195
-184
-292
-508
-341
-432
-468
-425
-533
-453
-472
-645
-593
-663
-949
-833
-859
-803
-817
-657
-713
-671
-609
-684
-592
-666
-820
-802
-859
-762
-711
-862
-765
-998
-982
-1064
-1034
-958
-1069
-1102
-970
-730
-750
-1064
-1031
-759
-623
-624
-573
-579
-672
-543
-542
-598
-542
-642
-677
-585
-434
-505
-457
-521
-530
-325
-173
-76
-93
41
69
280
341
216
311
472
540
590
588
565
663
778
754
737
609
518
593
685
424
498
474
427
479
611
314
262
183
162
250
-18
-174
-107
-300
-372
-379
-457
-535
-500
-543
-472
-436
-566
-518
-556
-492
-300
-215
-253
-95
-62
6
-5
151
73
68
174
198
211
281
288
260
189
89
118
-53
55
-111
-132
-71
-128
-75
-98
-125
-168
-127
8
-77
-153
-24
6
-95
6
74
56
201
168
181
181
286
228
249
188
157
119
213
143
130
234
108
79
98
171
105
-2
-30
60
-62
62
74
-16
-8
59
41
170
132
79
19
-108
-78
-126
-58
60
200
66
121
188
266
279
357
299
377
433
425
461
466
532
432
379
438
447
352
238
223
167
210
45
53
98
96
-38
-37
-79
-240
-161
-351
-277
-183
-108
-212
-282
-218
-397
-454
-399
-263
-341
-344
-191
-282
-274
-258
-268
-364
-419
-402
-417
-337
-341
-365
-375
-497
-530
-513
-608
-619
-606
-601
-630
-704
-643
-528
-630
-514
-559
-586
-606
-792
-762
-645
-501
-413
-457
-462
-365
-308
-296
-252
-125
-102
-59
39
79
107
160
289
362
390
472
497
548
611
516
565
455
372
238
287
378
469
479
367
291
320
403
413
509
579
580
529
611
679
706
635
645
809
866
871
820
759
814
802
761
748
725
742
684
649
583
567
418
385
447
417
473
429
272
-15
-66
36
-83
-129
-233
-187
-300
-191
-160
-333
-482
-312
-348
-372
-414
-738
-784
-821
-1040
-917
-1126
-1153
-1149
-1075
-1011
-787
-576
-778
-761
-685
-576
-735
-836
-1067
-957
-868
-907
-1160
-1134
-1133
-1034
-1028
-1034
-1109
-1011
-890
-666
-794
-847
-754
-573
-400
-378
-249
-98
-42
49
-23
95
-18
-148
11
181
137
189
137
120
160
134
143
185
128
61
238
345
448
246
305
249
323
396
397
434
447
600
565
626
573
467
492
467
648
612
624
761
803
937
964
1082
1179
1232
1301
1467
1717
1928
2013
2052
2150
2051
1937
1707
1530
1306
911
576
301
118
-43
-194
-323
-324
-339
-448
-547
-587
-647
-743
-674
-701
-847
-847
-534
-492
-457
-247
-42
78
53
112
201
251
199
211
71
64
17
-2
-132
-343
-242
-243
-251
-237
-188
-190
-421
-482
-507
-672
-611
-583
-593
-471
-608
-594
-448
-434
-386
-300
-279
-357
-359
-318
-321
-286
-345
-312
-195
-119
-23
-28
75
94
158
182
143
58
104
101
69
25
8
27
-30
29
53
43
28
-79
-29
17
50
45
-89
-16
-62
-41
-20
5
-26
24
83
81
85
169
219
258
441
432
424
397
279
341
356
491
453
320
375
402
409
340
442
540
488
428
387
451
689
690
652
541
432
403
508
425
275
131
97
218
197
160
165
34
-62
-101
-154
-282
-296
-256
-306
-323
-405
-428
-454
-384
-440
-521
-659
-732
-691
-876
-996
-930
-956
-1003
-1158
-1214
-1171
-1214
-1216
-1278
-1228
-1173
-1263
-1220
-1094
-1146
-1065
-977
-933
-835
-870
-706
-624
-540
-444
-494
-496
-375
-265
-178
-190
-94
-103
-89
-90
-20
41
116
157
215
164
103
254
139
418
361
497
405
324
304
258
169
48
259
317
292
202
263
267
255
166
309
86
1
17
49
146
129
176
136
277
444
386
588
744
995
837
761
902
1097
1159
1094
1213
1100
973
1057
999
908
866
1083
878
689
695
501
437
209
13
-123
-31
-184
-271
-479
-510
-587
-485
-533
-621
-799
-770
-658
-679
-746
-725
-775
-732
-597
-495
-472
-402
-431
-372
-249
-179
-299
-85
-147
-86
-79
-322
-291
-343
-306
-423
-503
-624
-708
-737
-824
-974
-1068
-1203
-1236
-1223
-1226
-1298
-1275
-1223
-1045
-991
-961
-1002
-916
-783
-677
-654
-570
-525
-674
-590
-636
-571
-624
-570
-563
-590
-609
-565
-447
-595
-548
-539
-507
-450
-434
-391
-369
-314
-286
-392
-380
-210
-231
-162
-145
-183
-171
-173
24
-62
-39
218
98
97
230
322
579
582
617
520
616
801
739
932
1001
1019
1255
1432
1648
1829
1893
2086
2204
2493
2637
2784
2808
2621
2234
2078
1888
1428
1059
743
650
275
-100
-196
-379
-413
-535
-631
-735
-1084
-1155
-1319
-1512
-1784
-1894
-1889
-1900
-1770
-1503
-1305
-1155
-914
-664
-591
-377
-246
-229
-318
-357
-203
-142
-119
-162
-122
-93
92
255
212
250
210
90
-75
-229
-248
-562
-593
-718
-752
-759
-653
-563
-582
-429
-472
-470
-509
-545
-476
-567
-737
-886
-927
-912
-892
-834
-838
-902
-904
-735
-693
-765
-836
-839
-806
-900
-1004
-1016
-994
-1041
-1140
-1152
-988
-1003
-951
-878
-906
-799
-889
-1012
-904
-997
-886
-973
-969
-772
-648
-600
-548
-438
-247
-199
-69
68
-48
48
13
52
-9
82
209
222
187
213
274
190
218
188
182
127
133
292
231
208
284
327
388
561
675
733
763
791
972
990
1252
1409
1632
1819
1997
2209
2387
2638
2666
2844
2588
2263
1958
1592
1055
884
771
550
127
-284
-459
-606
-662
-835
-1209
-1441
-1488
-1513
-1926
-2159
-2180
-2402
-2302
-2274
-2082
-1994
-1936
-1841
-1220
-1043
-946
-915
-626
-583
-330
-244
-343
-416
-388
-295
-248
-366
-552
-319
-252
-311
-360
-588
-721
-624
-690
-877
-837
-933
-916
-894
-895
-750
-722
-758
-604
-504
-554
-547
-645
-554
-670
-565
-578
-424
-452
-247
-313
-142
134
52
-25
24
-68
-64
-58
-103
-188
-310
-409
-570
-699
-584
-590
-566
-607
-469
-523
-584
-324
-223
-233
-75
-26
68
381
592
596
668
896
1031
1112
1250
1333
1542
1414
1406
1568
1693
2015
2020
2215
2401
2444
2607
2760
3024
3040
3209
3365
3483
3338
2875
2567
2400
2124
1518
1052
839
624
272
59
106
-75
-350
-659
-936
-1100
-1216
-1345
-1790
-2160
-2344
-2284
-2244
-1908
-1814
-1696
-1456
-1267
-872
-724
-404
-258
-226
-317
-390
-267
-278
-325
-468
-417
-207
-329
-202
-69
-28
-224
-368
-331
-548
-625
-714
-675
-802
-931
-831
-802
-804
-578
-629
-495
-614
-686
-580
-656
-844
-1003
-991
-1056
-1014
-904
-1023
-1053
-822
-675
-563
-489
-443
-404
-504
-514
-540
-615
-609
-655
-795
-755
-613
-719
-711
-706
-713
-671
-670
-855
-784
-716
-682
-817
-777
-859
-652
-466
-401
-119
-56
110
199
434
431
679
743
730
869
909
1115
1235
1148
1058
1410
1366
1533
1619
1639
1816
1861
1725
1850
2093
2316
2496
2510
2865
3220
3490
3691
3952
3976
3617
3244
2971
2696
2212
1564
1122
681
241
-150
-274
-327
-516
-789
-1215
-1374
-1707
-1758
-2034
-2385
-2569
-2643
-2443
-2418
-2370
-2183
-1848
-1589
-1293
-1023
-655
-337
-367
-432
-393
-333
-230
-280
-313
-331
-120
-77
66
219
323
363
351
361
339
386
136
14
-196
-234
-258
-391
-430
-509
-591
-657
-750
-805
-894
-920
-975
-1023
-1269
-1411
-1444
-1384
-1358
-1453
-1446
-1274
-1185
-1141
-886
-964
-1134
-1350
-1225
-1292
-1191
-1421
-1188
-1230
-1201
-1178
-1082
-1244
-1252
-1067
-1135
-1345
-1382
-1326
-1288
-1126
-1111
-1018
-859
-656
-475
-306
-227
-37
89
261
420
571
543
587
750
968
1066
1077
864
1033
1244
1316
1411
1448
1340
1600
1654
1789
1877
2054
2082
2167
2359
2630
2688
2889
3234
3593
3725
3769
3462
3031
2899
2608
2192
1572
1035
615
199
-76
-311
-655
-710
-738
-1072
-1297
-1427
-1472
-1743
-1977
-2300
-2535
-2419
-2381
-2211
-2106
-1795
-1590
-1272
-1030
-659
-380
-211
-151
-3
105
66
261
370
298
417
716
852
1016
1278
1274
1287
1269
1209
1077
932
882
498
96
8
-145
-308
-396
-566
-531
-616
-677
-727
-906
-952
-1214
-1296
-1352
-1292
-1261
-1241
-1304
-1283
-1138
-957
-907
-771
-661
-813
-780
-836
-830
-888
-1150
-1155
-1239
-1312
-1193
-1120
-1212
-1227
-1264
-1059
-1065
-1089
-1002
-989
-987
-856
-603
-630
-538
-239
-165
-13
101
234
483
514
501
540
648
726
823
847
935
1024
1072
1009
1221
1236
1349
1371
1465
1586
1597
1820
1957
2082
2255
2552
2733
2942
3232
3444
3763
3862
3666
3410
2979
2664
2261
1756
1200
656
273
-28
-314
-497
-622
-846
-1301
-1436
-1567
-1773
-2015
-2467
-2702
-2832
-2806
-2874
-2778
-2547
-2329
-2033
-1769
-1323
-1011
-665
-445
-339
-237
-221
-139
-74
-39
-120
-59
18
262
414
356
478
480
437
449
333
185
122
-204
-427
-538
-637
-719
-869
-908
-990
-936
-1034
-1000
-926
-1030
-1235
-1393
-1494
-1547
-1481
-1540
-1377
-1221
-1053
-833
-746
-722
-773
-764
-843
-853
-974
-1084
-1241
-1423
-1497
-1526
-1454
-1491
-1450
-1434
-1438
-1322
-1270
-1217
-1226
-1055
-1064
-1027
-787
-611
-399
-428
-122
-32
79
293
466
674
816
895
965
1091
1162
1296
1353
1256
1193
1332
1405
1633
1579
1450
1483
1544
1683
1832
1741
2119
2551
2757
2917
3171
3238
3583
4052
4408
4250
3622
3039
2749
2579
2007
1084
523
154
-226
-536
-1027
-1214
-1249
-1508
-1768
-1902
-2125
-2161
-2406
-2671
-3045
-3051
-3062
-2889
-2572
-2315
-1917
-1541
-1276
-574
-157
211
475
457
391
517
733
615
332
410
425
592
472
562
558
659
585
340
159
-39
-213
-410
-829
-1042
-1127
-1352
-1376
-1475
-1466
-1467
-1371
-1358
-1356
-1283
-1429
-1611
-1725
-1617
-1535
-1593
-1360
-1323
-1215
-973
-837
-632
-572
-577
-680
-759
-853
-1025
-1234
-1412
-1380
-1435
-1467
-1303
-1267
-1291
-1216
-1101
-972
-862
-1034
-915
-777
-708
-785
-554
-300
-144
26
97
282
481
706
777
1024
1151
1250
1370
1355
1504
1598
1656
1756
1791
1967
1951
1956
1995
1883
1982
2079
2156
2199
2488
2702
3043
3392
3671
3887
4154
4567
4709
4285
3472
3012
2768
2260
1318
363
-275
-660
-1202
-1625
-1920
-1792
-2114
-2495
-2669
-2883
-2931
-3202
-3541
-3845
-3886
-3637
-3149
-3025
-2663
-2038
-1573
-1044
-626
-1
583
811
925
770
748
945
941
733
453
392
494
485
479
391
399
232
-28
-261
-507
-736
-1048
-1458
-1757
-1928
-1867
-2084
-2108
-2031
-1922
-1838
-1795
-1853
-1877
-1798
-1965
-2022
-2162
-1931
-1842
-1694
-1602
-1490
-1245
-1000
-792
-869
-885
-838
-1080
-1240
-1180
-1413
-1492
-1644
-1836
-1646
-1718
-1795
-1669
-1633
-1666
-1740
-1655
-1498
-1213
-1041
-982
-884
-751
-538
-289
-18
82
344
553
711
829
982
1060
1118
1370
1434
1483
1517
1530
1633
1777
1862
1823
1863
1966
2046
2153
2444
2636
2907
3212
3448
4000
4347
4634
5281
5626
5524
4833
3894
3345
2924
1975
815
-408
-953
-1339
-1854
-2219
-2406
-2389
-2818
-3274
-3609
-3785
-3867
-4003
-4343
-4513
-4100
-3830
-3351
-3026
-2392
-1401
-752
-154
443
984
1307
1422
1443
1014
946
1128
760
607
483
595
534
317
81
264
170
-367
-870
-1143
-1451
-1598
-1954
-2395
-2792
-2669
-2631
-2583
-2387
-2389
-2184
-1991
-1881
-1654
-1511
-1589
-1659
-1617
-1480
-1323
-1213
-1241
-1111
-843
-827
-708
-696
-853
-825
-1018
-1273
-1553
-1621
-1810
-1820
-1934
-2051
-2086
-1883
-1727
-1669
-1780
-1839
-1778
-1508
-1432
-1107
-818
-990
-665
-214
24
314
487
653
880
1165
1167
1155
1101
1188
1366
1524
1617
1715
1742
1733
1751
1700
1754
1823
1802
1891
2031
2269
2760
3230
3748
4205
4626
5210
5711
6341
6928
6905
5927
4455
3591
3219
2197
480
-861
-1584
-1946
-2477
-2890
-2840
-2672
-2931
-3580
-4051
-4044
-3949
-3955
-4444
-4781
-4318
-3478
-2625
-1954
-1119
-34
877
1578
2210
2696
3106
3172
2673
1961
1779
1855
1505
971
528
413
423
196
-67
-271
-593
-1236
-1766
-2367
-2685
-2808
-3091
-3420
-3494
-3093
-2568
-2169
-1707
-1364
-922
-673
-598
-277
-224
-381
-529
-656
-448
-458
-422
-502
-717
-839
-990
-1086
-1382
-1849
-2223
-2715
-3207
-3508
-3736
-3657
-3705
-3686
-3470
-3187
-2740
-2394
-2180
-1992
-1649
-1343
-972
-657
-309
117
530
829
1025
1382
1488
1600
1537
1427
1382
1284
1185
1059
988
876
827
850
809
950
1044
981
1029
1244
1455
1744
1945
2464
3123
3759
4352
4972
5776
6644
7108
7795
8405
8193
6921
4708
3188
2479
1183
-982
-2805
-3796
-4224
-4802
-5168
-4883
-4584
-4544
-5057
-5237
-4950
-4536
-4293
-4360
-4343
-3722
-2321
-1016
139
1190
2373
3402
3970
4400
4469
4465
3988
2944
1822
1136
616
43
-801
-1591
-1979
-2244
-2514
-2863
-3196
-3451
-3803
-4238
-4522
-4357
-3982
-3734
-3175
-2592
-1762
-611
157
672
1163
1535
1520
1380
1381
1110
946
384
-475
-663
-909
-1209
-1872
-2437
-2978
-3422
-3891
-4299
-4773
-5230
-5226
-5281
-5207
-4719
-4310
-3873
-3353
-2753
-2139
-1500
-958
-529
-66
258
663
869
1100
1460
1689
1623
1381
1130
1117
744
339
-289
-706
-828
-907
-835
-793
-950
-679
-392
32
210
658
1085
1390
1938
2283
2887
3594
4114
4533
5186
5903
6594
7174
7736
8377
8825
9150
9208
8469
6248
3215
1233
-199
-2050
-4470
-6294
-7237
-7198
-7288
-7314
-6466
-5334
-4970
-4874
-4677
-4029
-3098
-2374
-1938
-1436
-336
1295
2802
4144
5092
5806
6015
5744
5410
4810
3946
2537
849
-844
-1959
-2607
-3385
-3994
-4736
-5086
-5081
-5014
-4993
-4860
-4409
-4378
-4078
-3236
-1981
-732
261
1443
2495
3560
4456
4700
4722
4396
3781
2919
2043
1125
14
-998
-2155
-3052
-3653
-4228
-4920
-5623
-6146
-6696
-6977
-7039
-6737
-6162
-5377
-4482
-3444
-1976
-696
502
1206
1609
2080
2349
2458
2276
2021
1709
1433
1061
736
520
137
-410
-1134
-1709
-2215
-2628
-2938
-3115
-3114
-2826
-2217
-1476
-548
304
1164
1865
2491
3113
3758
4084
4375
4735
4969
5128
5415
5652
5841
5874
5925
6087
6466
6608
6554
6626
6845
6669
4646
1303
-1581
-2764
-3706
-5736
-7828
-8075
-7450
-6975
-6281
-4893
-2947
-1768
-1604
-1613
-802
248
952
1250
1155
1675
2935
4122
4542
4686
4686
4161
2998
1591
405
-664
-2143
-3946
-5357
-6034
-5885
-5650
-5675
-5676
-5075
-4333
-3674
-3151
-2456
-1438
-742
-150
703
2039
3414
4241
4396
4668
4852
4752
4148
2865
1645
312
-1178
-2562
-3587
-4364
-5128
-5905
-6603
-6582
-6660
-6617
-6648
-6517
-5957
-5183
-4249
-3100
-1823
-650
390
1136
2084
2530
2716
2395
1794
1125
663
77
-630
-1110
-1584
-1798
-2144
-2465
-2583
-2525
-2586
-2893
-2845
-2411
-1700
-1117
-397
340
1354
2325
3092
3674
4015
4535
4776
4742
4673
4728
4661
4342
4171
4131
4074
4086
3848
3471
3471
3639
4130
4704
5071
5476
6225
6570
5421
2420
-870
-2247
-2495
-4092
-6143
-6858
-6086
-4875
-4092
-3054
-1504
-258
-226
-900
-867
-380
354
608
342
626
1495
2777
3280
3336
3123
2548
1107
-548
-1810
-2776
-3792
-4808
-6037
-6038
-5314
-4173
-3467
-3342
-2970
-2217
-1386
-1035
-916
-446
283
725
1256
2219
3411
3903
3647
3470
3012
2438
1412
135
-1082
-2194
-2980
-3877
-4349
-4577
-4686
-4944
-5110
-4917
-4606
-4436
-4252
-3978
-3380
-2728
-1993
-1316
-577
292
685
856
931
1009
873
259
-318
-949
-1183
-1246
-1341
-1458
-1507
-1344
-1585
-1741
-1505
-1273
-1017
-824
-594
-63
740
1486
2105
2635
3234
3609
3633
3842
4194
4397
4391
4225
4176
4223
4352
4376
4310
3912
3785
3957
4116
4330
4711
5336
6052
6856
7602
8433
8071
5327
1146
-1586
-2328
-3249
-5460
-6995
-6375
-4984
-3703
-2521
-810
1142
1567
680
82
549
1206
1645
1342
969
1795
3094
3990
3531
2803
2225
769
-1411
-3118
-4097
-4900
-5811
-6567
-6414
-5397
-3865
-2509
-1976
-1665
-1131
-599
-361
-317
141
860
1038
1018
1557
2554
3113
2502
1686
961
249
-506
-1342
-2201
-3000
-3163
-3297
-3366
-3049
-2971
-3202
-3777
-3912
-3645
-3409
-3407
-3379
-2934
-2352
-1872
-1358
-890
-441
-509
-805
-880
-916
-768
-700
-967
-1138
-1025
-759
-591
-688
-737
-1006
-1196
-1431
-1450
-1144
-667
-290
13
538
1317
1979
2419
2708
2941
3139
3389
3785
4199
4374
4599
4625
4505
4756
4924
4958
4711
4667
4605
4635
4866
5305
6042
6756
7224
7517
6731
3029
-2263
-4843
-4777
-5502
-7631
-8483
-6468
-4008
-2202
-702
1446
3445
3382
1986
1108
1647
2246
2464
1841
1409
2038
3068
3199
1907
844
-427
-2566
-5012
-6243
-6269
-6222
-6107
-5683
-4690
-3145
-1157
-176
-284
-313
-47
147
-153
-187
281
873
965
861
1144
1479
1195
260
-871
-1476
-1921
-2216
-2648
-2722
-2193
-1824
-1540
-1672
-1590
-1945
-2715
-3357
-3499
-3233
-3045
-3061
-2480
-2019
-1653
-1144
-1254
-1350
-1504
-1787
-2175
-1939
-1641
-1382
-1137
-972
-914
-935
-1295
-1776
-2225
-2453
-2682
-2464
-2377
-1989
-1173
-140
599
1244
1618
2127
2490
2614
2633
2763
3008
3205
3863
4556
5196
5338
5121
4822
4803
4585
4059
3783
4077
4582
5265
5913
6657
7435
8264
8711
7544
3502
-1694
-5139
-5689
-6263
-7444
-7786
-5613
-3172
-1417
220
2092
3564
2964
1289
-181
1
1151
1665
1531
1481
2420
3252
2873
1463
-83
-1495
-3479
-5508
-6361
-5979
-4950
-4049
-3338
-2283
-969
210
501
-491
-1199
-1328
-1523
-1546
-1195
-345
539
1025
1109
1155
1074
608
-442
-1370
-1746
-1597
-1162
-996
-705
-308
44
-174
-1039
-1731
-2547
-3581
-4181
-3881
-3237
-2476
-1556
-806
-176
235
254
-3
-232
-445
-655
-717
-409
132
379
508
193
-370
-936
-1736
-2567
-3368
-3662
-3445
-3048
-2358
-1452
-446
502
1101
1614
1909
2146
2297
2185
2363
2942
3677
4372
4775
5152
5463
5430
5148
4763
4587
4619
4737
4735
5117
5887
7106
7999
8405
8511
8733
8960
6439
339
-5554
-6823
-5654
-6099
-7371
-6322
-2798
-293
695
1536
3040
3519
1843
-407
-1328
-21
1655
2297
1589
1445
2541
2580
748
-1150
-2277
-3686
-5359
-6017
-5550
-4009
-2162
-1323
-1096
-752
106
476
-812
-2172
-2416
-2062
-1844
-1584
-713
314
1230
955
176
40
-21
-495
-1621
-1939
-1213
-339
76
-35
-66
-131
-913
-2282
-3140
-3721
-4334
-4838
-4483
-3423
-2321
-1433
-1168
-817
-674
-654
-1035
-1172
-797
-491
-161
73
545
964
984
399
-573
-1459
-2052
-2653
-3142
-3168
-2608
-2019
-1559
-1101
-693
-167
366
483
450
758
1153
1702
2294
2966
3800
4366
4414
4095
3976
3823
3926
4009
4381
4899
5454
5940
6530
7532
8179
8252
7588
7238
7136
4893
-707
-6141
-6721
-5097
-4863
-5802
-4699
-1509
1238
1876
1604
2425
2875
1874
-402
-1446
-10
1828
2185
1173
776
1078
494
-1465
-3610
-4735
-5343
-5905
-6137
-4920
-2980
-998
-460
-826
-1087
-556
-450
-1564
-2577
-2519
-1744
-1017
-545
200
835
1061
428
-524
-960
-792
-1060
-1578
-1115
-101
564
467
-94
-477
-1067
-2147
-3510
-4081
-4146
-4181
-3994
-3461
-2300
-1436
-1106
-1145
-1036
-1273
-1414
-1618
-1481
-1039
-495
-171
32
422
482
122
-569
-1436
-1852
-1932
-1610
-1436
-1163
-721
-219
166
177
72
292
398
531
934
1341
2094
2536
2683
3010
3198
3384
3380
3532
3683
3947
4153
4326
4691
5262
5827
6209
6514
7220
8069
8270
8150
8043
7160
3214
-3023
-6539
-5905
-4407
-4461
-4625
-2503
592
2500
2840
2838
3244
2854
1148
-794
-710
1082
2839
2790
1913
1888
1617
278
-1973
-3704
-4642
-5130
-5357
-4959
-3575
-1851
-503
-542
-1186
-1682
-1745
-2118
-3215
-3285
-2351
-911
135
885
1703
2321
2222
1096
100
-153
164
48
-242
207
1038
1527
950
54
-796
-1499
-2699
-3818
-4223
-3945
-3412
-2984
-2107
-1081
-514
-334
-735
-1145
-1339
-1593
-1463
-1262
-874
-458
-251
-440
-709
-878
-1246
-1970
-2704
-2848
-2581
-2074
-1588
-1142
-551
-57
168
108
205
523
968
1309
1624
2221
2877
3300
3510
3546
3489
3357
3090
3023
3208
3526
4119
4496
4907
5481
5924
6345
7173
8094
8387
8024
7832
6998
3016
-3124
-7048
-6250
-4460
-4215
-4309
-2363
656
2326
2419
1757
1857
1694
291
-1375
-1064
1190
3420
3714
2714
2226
1892
469
-2141
-4024
-4743
-4712
-4385
-4017
-3006
-1502
-353
-874
-2409
-3488
-3850
-4066
-4781
-4591
-3406
-1494
82
720
1175
1722
1856
768
-379
-620
52
577
666
1002
1529
1937
1218
-53
-1149
-1781
-2629
-3641
-4041
-3734
-2867
-2288
-1734
-1259
-1037
-720
-799
-903
-942
-830
-495
21
405
221
-6
-629
-1303
-1929
-2130
-2411
-2814
-2977
-2911
-2307
-1823
-1767
-1894
-1544
-1141
-931
-718
-133
516
1291
1588
2199
2639
2942
3105
2913
2757
3229
3696
3896
4192
4505
4593
4509
4610
4722
4826
5202
5859
6633
7373
7666
7874
8176
6654
1638
-4321
-7019
-5442
-3817
-3870
-3543
-913
1752
2694
1720
915
905
540
-880
-2207
-1259
1554
3854
3897
2738
2264
1689
-135
-2757
-4256
-4635
-3960
-3348
-2993
-2055
-756
28
-1029
-2878
-4245
-4459
-4767
-4982
-4308
-2618
-579
605
988
913
1212
1173
199
-329
-247
397
901
1213
1605
1952
1648
748
-480
-1571
-1971
-2726
-3411
-3468
-2923
-2304
-1675
-1207
-1039
-775
-710
-654
-823
-598
-108
550
1008
1211
1142
857
292
-400
-1145
-1643
-1633
-1656
-1791
-1815
-1364
-1035
-1206
-1589
-1562
-1538
-1379
-907
-255
639
1618
2437
2892
3447
3660
3520
3463
3472
3810
4288
4523
4500
4413
4372
4491
4667
4669
4779
5367
6249
7281
7697
7624
7663
8146
7408
3592
-2552
-6051
-4933
-3004
-2379
-2462
-751
1632
2788
1776
8
-374
-60
-627
-1961
-1630
721
3350
3954
2723
1614
932
-150
-2122
-3537
-3912
-2906
-1856
-1518
-1346
-974
-234
-781
-2609
-4378
-4830
-4507
-4118
-3675
-2643
-1109
220
472
-50
-43
315
115
-201
-103
559
1529
2074
1833
1275
635
-83
-1050
-2167
-2803
-3036
-2736
-2448
-2718
-2872
-2676
-2246
-2020
-2156
-2184
-1567
-916
-681
-403
244
829
990
531
-82
-377
-236
-526
-977
-1084
-1123
-929
-972
-1081
-1254
-1280
-1418
-1565
-1788
-1497
-989
-304
318
764
1308
1958
2451
2791
3223
3456
3730
3713
3756
4048
4450
4884
5095
4956
4665
4602
4859
5412
6179
6763
6979
6860
6976
6861
4562
-517
-5040
-5568
-3507
-1967
-1959
-1186
648
2129
2256
688
-663
-790
-458
-909
-1269
-155
2295
3778
2988
1361
78
-907
-2136
-3245
-3780
-3070
-1687
-693
-743
-1263
-1379
-1696
-2938
-4393
-5125
-5023
-3874
-2870
-2191
-1379
-248
161
-341
-1023
-1281
-1078
-932
-463
192
757
1138
1281
800
-194
-861
-1480
-2177
-2743
-3045
-2866
-2485
-2523
-2776
-2868
-2759
-2712
-2743
-2972
-2599
-1697
-1242
-999
-920
-372
20
-334
-846
-1291
-1297
-888
-770
-695
-1004
-924
-757
-894
-1229
-1228
-1474
-1424
-1142
-881
-554
184
763
1236
1665
1987
2552
2834
3229
3349
3580
4061
4477
4814
5019
5123
5309
5166
5206
5273
5711
6176
6814
7327
7110
6837
6839
5011
721
-3909
-5424
-3877
-1825
-1051
-628
523
1594
1619
411
-1176
-1769
-946
-423
-275
482
2341
3991
3860
2157
577
-751
-1883
-2622
-2737
-2387
-1212
-67
190
-627
-1543
-1855
-2628
-3948
-5022
-4900
-3729
-2309
-1387
-754
-346
37
99
-434
-892
-827
-360
255
650
1178
1411
1340
881
-153
-1085
-1546
-1432
-1281
-1398
-1338
-1267
-1361
-1847
-2578
-3083
-3041
-2722
-2470
-2072
-1534
-789
-546
-410
-496
-420
-114
-89
-169
-300
79
283
577
515
52
-539
-927
-964
-1163
-1229
-1039
-796
-394
-405
-159
406
1062
1531
1712
1998
2417
2932
3335
3649
3976
4547
5031
5127
5032
5112
5479
5794
6103
6407
6706
6906
6913
6535
6111
5873
4343
734
-3086
-4286
-2811
-871
-313
-240
-161
-28
74
-581
-1661
-2062
-1372
-6
660
976
2091
3271
2999
1544
2
-1527
-2354
-2075
-1470
-1259
-830
-288
-236
-1233
-2658
-3482
-4206
-4496
-4297
-3683
-3160
-2438
-1576
-1094
-1260
-1596
-1498
-1454
-1275
-974
-403
134
455
594
358
-253
-812
-910
-1179
-1459
-1454
-1415
-1382
-1424
-1475
-1941
-2678
-3038
-3063
-2738
-2639
-2490
-2022
-1477
-1159
-1175
-1187
-1075
-817
-578
-345
-259
214
624
762
538
222
142
50
-102
-201
-155
-122
179
377
506
420
483
675
793
1092
1565
1945
2191
2517
2745
3027
3508
4277
4708
4743
4925
5360
5832
6232
6806
7250
7173
6822
6558
6492
6318
4222
476
-3042
-4000
-2495
-707
-171
-281
-595
-1367
-1902
-2213
-2636
-2822
-2329
-762
814
1580
2212
2881
2357
1307
173
-1200
-2301
-1894
-623
135
338
32
-600
-1804
-3222
-3945
-4450
-5081
-5155
-4413
-3715
-3285
-2566
-2058
-1934
-2129
-2312
-2077
-1575
-871
197
744
918
758
910
648
286
-241
-694
-1100
-1439
-1719
-1884
-2132
-2352
-2718
-3229
-3574
-3601
-3078
-2705
-2527
-2200
-1750
-1467
-1296
-1192
-917
-608
-469
-166
84
331
575
981
948
516
175
31
255
445
690
720
859
939
1079
1141
1203
1514
1687
1707
1955
2173
2677
3053
3165
3497
3736
4146
4704
5058
5308
5752
6050
6481
6760
6763
6817
6885
7015
6609
4933
1811
-1598
-3180
-2162
-294
608
894
583
-356
-1342
-2021
-2297
-2294
-1861
-1143
-53
789
1784
2500
2256
1321
709
33
-904
-1171
-337
664
1087
615
-262
-1434
-2597
-3187
-3507
-3780
-4120
-4043
-3540
-3367
-3361
-3169
-3118
-3322
-3460
-3243
-2716
-1913
-1015
-227
147
128
330
749
805
733
607
508
80
-374
-673
-1070
-1431
-2036
-2704
-3379
-3702
-3427
-3175
-3117
-2978
-2808
-2713
-2618
-2479
-2120
-1822
-1387
-891
-469
-76
-43
186
414
446
530
497
524
467
366
539
566
422
341
215
290
569
1098
1672
2050
2224
2302
2321
2530
2969
3564
4394
5032
5586
6205
6759
6956
7135
7212
7291
7258
7226
7131
6492
4457
1455
-1441
-2751
-2016
-875
-253
-234
-836
-2123
-3288
-3978
-3884
-3372
-2581
-1504
-640
-87
444
963
1111
707
195
-153
-762
-645
45
961
1272
774
-290
-1754
-2936
-3383
-3336
-3345
-3419
-3386
-3182
-3201
-3195
-3162
-2937
-2848
-2709
-2386
-2059
-1737
-1045
-234
-33
-263
-305
-147
258
554
560
567
349
-130
-634
-910
-1345
-1782
-2287
-2534
-2649
-2607
-2571
-2622
-2651
-2623
-2648
-2610
-2602
-2008
-1603
-1227
-963
-659
-627
-470
-413
-451
-29
25
238
456
496
539
486
566
450
136
-56
-55
138
736
1201
1628
1875
2110
2337
2346
2659
3097
3691
4223
4823
5296
5745
6137
6398
6390
6728
7033
7512
7762
6986
4797
1929
-549
-1209
-265
957
1388
1116
49
-1359
-2839
-3702
-3840
-3543
-2905
-1932
-1061
-1107
-1269
-1321
-1189
-1147
-840
-737
-1089
-905
-122
657
1026
491
-427
-1407
-2144
-2489
-2459
-2426
-2517
-2588
-2606
-3102
-3445
-3760
-3591
-3285
-2828
-2242
-2054
-1666
-1470
-1048
-475
-425
-321
200
741
1119
1215
1290
1177
831
468
117
-266
-667
-1086
-1260
-1317
-1636
-1960
-2258
-2484
-2444
-2605
-2649
-2172
-1875
-1507
-1099
-918
-776
-559
-337
-148
215
370
405
654
850
1171
1417
1515
1378
1281
1286
1248
1113
1156
1342
1648
1669
1680
1820
2090
2491
2878
3103
3345
3849
4252
4706
5174
5544
6024
6175
6365
6742
6911
6997
6618
5289
3262
1412
712
1217
1931
2342
2221
1236
-129
-1381
-2056
-2482
-2569
-2091
-1128
-203
-223
-861
-1446
-1848
-1912
-1509
-1217
-1321
-1130
-725
-378
-269
-671
-1275
-1755
-2113
-2237
-2228
-2489
-2571
-2497
-2295
-2268
-2561
-2905
-3093
-3034
-2841
-2432
-2259
-2010
-1669
-1523
-1480
-1555
-1345
-981
-264
457
642
706
544
401
291
311
287
-44
-192
-162
-179
-406
-622
-1039
-1259
-1588
-1843
-1833
-1857
-1809
-1731
-1456
-1222
-1216
-1280
-1286
-1066
-778
-717
-503
-281
-180
16
276
446
643
788
1046
1087
983
1183
1170
1360
1341
1379
1489
1546
1680
1872
2168
2348
2519
2741
3188
3735
4114
4503
4916
5123
5279
5630
5752
5396
4597
3267
2058
1572
1911
2457
2809
2649
1796
645
-291
-775
-1040
-1413
-1386
-590
347
259
-266
-696
-1110
-1198
-1039
-852
-854
-1043
-996
-541
-588
-1088
-1577
-1768
-1948
-2011
-2245
-2356
-2584
-2751
-2614
-2483
-2419
-2419
-2593
-2688
-2559
-2535
-2290
-2068
-1703
-1507
-1311
-1370
-1509
-1611
-1204
-805
-259
-358
-249
-183
82
-82
-293
-301
-311
-203
-145
-176
-247
-271
-445
-670
-757
-962
-1059
-1130
-1204
-1152
-1096
-994
-1197
-1127
-945
-779
-825
-824
-685
-469
-274
-193
-196
-34
243
462
586
824
873
1084
1264
1346
1343
1679
1848
2026
2204
2368
2333
2584
2703
2986
3573
3760
3982
4237
4512
4735
4867
4781
4562
4081
2916
2018
2195
2798
3252
3406
3127
2529
1822
1299
936
476
-221
-269
367
584
325
-83
-533
-682
-737
-540
-704
-965
-976
-724
-517
-660
-1066
-1488
-1534
-1470
-1488
-1611
-1881
-2284
-2354
-2043
-1693
-1659
-1800
-1927
-1854
-1887
-2058
-2059
-1994
-1929
-1631
-1359
-1187
-1188
-1403
-1105
-905
-760
-752
-675
-530
-257
-145
-101
-39
-237
-34
357
369
288
102
0
204
149
91
-11
-159
-165
-63
-189
-441
-575
-670
-534
-642
-776
-601
-456
-423
-226
-137
-129
-106
-98
-8
147
351
353
560
828
981
1231
1444
1892
2210
2336
2382
2350
2517
2807
2901
3190
3496
3804
3886
4014
4304
4416
4491
4346
3696
2851
2734
3241
3708
3779
3414
2693
2359
2195
2026
1636
716
23
127
465
162
-469
-846
-1060
-1140
-1061
-987
-1165
-1374
-1425
-1308
-1187
-1588
-1929
-2061
-2020
-1677
-1560
-1495
-1973
-2500
-2469
-2219
-2134
-2363
-2574
-2652
-2411
-2351
-2346
-2192
-2109
-1935
-1713
-1593
-1752
-1719
-1666
-1296
-957
-960
-938
-744
-621
-606
-325
-322
-473
-507
-228
-14
-62
-264
-349
-217
2
-135
-308
-442
-525
-509
-550
-593
-724
-666
-738
-720
-700
-894
-819
-718
-586
-416
-305
-239
-174
-15
183
420
470
459
501
515
703
918
1125
1449
1698
1841
2018
2055
1950
2167
2535
2962
3188
3443
3556
3729
3867
4067
4420
4218
3869
3099
2383
2744
2916
3013
2732
2376
1943
1638
1326
1191
933
159
-219
27
187
-193
-586
-848
-1068
-1079
-1033
-999
-1474
-1904
-1474
-1370
-1456
-2090
-2340
-2243
-2086
-2185
-2336
-2473
-2577
-2888
-2700
-2692
-2856
-2966
-3090
-3000
-3051
-3027
-2886
-2660
-2315
-2166
-2040
-1838
-1833
-1616
-1532
-1435
-1329
-1332
-1059
-784
-843
-863
-703
-646
-594
-315
-191
-156
-261
-331
-135
183
336
480
382
395
195
96
12
-247
-507
-491
-564
-642
-881
-1080
-892
-800
-715
-486
-569
-715
-509
-326
74
402
540
717
957
946
1056
1130
1367
1737
1967
2301
2536
2790
3074
3214
3201
3371
3410
3586
3917
4200
4445
4606
4713
4773
4637
4055
3296
3333
3881
3909
3461
3068
2689
2253
1920
1731
1273
567
-41
99
170
89
-169
-587
-825
-1023
-822
-895
-1204
-1457
-1349
-1282
-1421
-1644
-1776
-1731
-1670
-1729
-1882
-2132
-2363
-2547
-2529
-2314
-2434
-2572
-2556
-2453
-2392
-2435
-2549
-2430
-2344
-2291
-1977
-1686
-1611
-1452
-1248
-922
-586
-668
-592
-392
-223
-306
-578
-624
-675
-533
-456
-596
-742
-919
-987
-1024
-784
-674
-704
-677
-669
-389
-432
-321
-471
-612
-575
-504
-351
-383
-395
-406
-397
-342
-476
-460
-569
-489
-346
-124
56
166
423
731
1019
1193
1243
1288
1517
2084
2344
2465
2845
3069
3317
3210
3316
3417
3676
3932
4183
4317
4435
4672
4362
3632
3006
2721
3000
3213
2845
2481
2103
1767
1716
1829
1312
528
64
133
358
111
-201
-437
-683
-753
-707
-933
-1467
-1673
-1705
-1548
-1505
-1780
-2004
-1992
-1812
-1837
-1757
-1945
-2290
-2439
-2349
-2181
-2430
-2652
-2591
-2481
-2401
-2395
-2424
-2306
-2177
-1890
-1760
-1901
-1782
-1599
-1385
-1147
-980
-943
-874
-893
-858
-734
-683
-677
-602
-343
-163
-125
-344
-648
-684
-578
-552
-555
-563
-915
-913
-856
-919
-898
-1013
-1090
-1002
-883
-884
-797
-852
-759
-492
-419
-608
-666
-611
-613
-586
-487
-704
-592
-491
-384
-174
34
380
745
873
1058
1448
1733
1789
1952
2246
2355
2548
2694
2933
3215
3612
3739
4025
4126
4091
3778
3268
2762
2937
3388
3232
2872
2422
1731
1371
1311
1325
881
312
-15
284
298
44
-127
-513
-868
-869
-828
-1089
-1377
-1706
-1697
-1518
-1757
-1988
-2224
-2227
-2176
-2135
-2055
-2121
-1999
-2081
-2077
-2067
-2191
-2495
-2363
-2328
-2289
-2071
-1914
-1950
-2051
-2124
-2024
-1551
-1303
-958
-663
-423
-259
-258
-251
-311
-323
-364
-310
-124
-48
283
339
157
-167
-99
-89
-199
-245
-379
-441
-384
-303
-271
-235
-296
-453
-460
-365
-261
-347
-306
-90
26
-28
-89
-39
35
108
117
182
285
493
436
589
813
946
1148
1190
1356
1432
1586
1850
1864
2037
2311
2643
2859
2941
3105
3216
3477
3740
3821
3850
3942
4007
3902
3429
2588
2559
2932
2971
2723
2457
1965
1447
1236
1467
1283
758
494
550
770
550
395
13
-447
-728
-588
-636
-838
-1014
-1139
-1119
-1345
-1807
-2104
-2139
-2168
-2078
-1980
-2133
-2334
-2400
-2377
-2308
-2411
-2593
-2647
-2581
-2491
-2546
-2448
-2368
-2356
-2045
-1904
-1644
-1538
-1525
-1537
-1310
-1181
-1113
-891
-917
-707
-415
-442
-425
-443
-461
-235
-82
-452
-541
-527
-556
-396
-528
-607
-784
-901
-861
-766
-776
-828
-846
-840
-830
-759
-729
-717
-649
-666
-754
-766
-773
-656
-642
-547
-357
-263
-184
-193
-89
163
311
416
524
737
983
1156
1315
1543
1885
2026
2436
2618
2711
3160
3558
3722
3761
3917
3958
4229
4531
4436
3838
2907
2543
2893
3218
2944
2391
1684
1415
1254
1334
983
260
0
281
617
266
-218
-582
-629
-646
-442
-617
-1029
-1368
-1243
-942
-1147
-1534
-1961
-2141
-2098
-1755
-1826
-2084
-2360
-2451
-2280
-2285
-2342
-2778
-2911
-2658
-2471
-2392
-2348
-2380
-2164
-2041
-1969
-2046
-1957
-1890
-1612
-1410
-1242
-1391
-1128
-782
-740
-689
-581
-659
-737
-566
-275
-302
-735
-769
-560
-406
-342
-413
-568
-507
-384
-374
-575
-869
-867
-778
-706
-697
-1012
-833
-939
-772
-814
-843
-980
-1030
-993
-744
-528
-527
-617
-456
-205
26
275
359
489
694
886
1224
1561
1660
1680
1823
1935
2158
2349
2583
2833
3213
3437
3570
3716
3806
3970
4184
4529
4265
3860
2921
2748
2996
3217
3363
2924
2459
1997
2031
1996
1799
1364
516
391
633
498
132
-113
-295
-430
-452
-541
-791
-902
-918
-666
-704
-1127
-1552
-1718
-1691
-1605
-1539
-1646
-1717
-1858
-1855
-1791
-1864
-1960
-2182
-2128
-1867
-1840
-1883
-1774
-1680
-1482
-1257
-1192
-1144
-1262
-1131
-831
-642
-643
-697
-408
-135
-112
-43
-194
-339
-306
-64
27
-39
-314
-541
-356
-357
-476
-484
-371
-335
-308
-350
-365
-538
-628
-630
-641
-707
-620
-779
-876
-790
-784
-894
-866
-706
-623
-561
-532
-457
-253
-111
-75
-2
32
183
505
835
1047
1152
1222
1347
1556
1757
1882
1968
2048
2314
2636
3032
3234
3350
3344
3410
3603
3925
4065
4051
3857
3363
2747
2931
3411
3404
2992
2553
2170
1906
1882
1985
1787
1165
803
894
985
531
-105
-452
-505
-702
-774
-1059
-1454
-1669
-1551
-1357
-1522
-1906
-2301
-2151
-2165
-1923
-2042
-2041
-2197
-2240
-2101
-1908
-1833
-2151
-2310
-2126
-2056
-2086
-2081
-2076
-2054
-1905
-1802
-1821
-1888
-1710
-1540
-1433
-1230
-1219
-979
-693
-664
-619
-389
-447
-201
120
230
245
114
-54
46
142
88
34
-124
-110
-221
-299
-300
-535
-687
-823
-954
-1004
-1065
-1195
-1295
-1194
-1064
-941
-905
-1070
-1020
-957
-969
-954
-845
-599
-410
-82
80
233
344
352
284
299
591
576
671
982
1102
1381
1469
1782
2004
2085
2076
2027
2052
2311
2544
2738
2984
3076
3353
3386
3562
3446
2533
2120
2493
3221
3117
2816
2593
2078
2049
1958
1876
1256
650
404
646
679
205
-344
-515
-661
-744
-848
-1193
-1645
-1802
-1494
-1382
-1668
-1987
-2218
-1999
-1973
-2023
-2071
-2088
-2176
-2172
-2000
-2052
-2320
-2396
-2409
-2133
-2186
-2268
-2204
-2015
-1962
-1908
-1805
-1833
-1897
-1789
-1688
-1503
-1309
-1258
-908
-591
-174
-142
-24
-74
-154
85
326
249
197
186
317
400
387
310
88
-21
-118
-144
-290
-428
-506
-577
-554
-546
-555
-686
-823
-851
-754
-762
-815
-886
-716
-487
-398
-157
-180
-204
-135
-50
74
-11
87
325
578
898
944
1045
1318
1389
1291
1347
1512
1624
1762
1885
2132
2333
2454
2657
2750
2921
3185
3427
3687
3865
4038
4379
4465
3853
3096
3211
3628
3803
3471
2983
2421
2094
1948
2051
1796
871
445
687
775
436
-84
-394
-627
-680
-518
-621
-876
-1359
-1253
-1087
-1144
-1480
-1926
-2123
-1956
-2108
-2132
-2337
-2601
-2788
-2756
-2594
-2883
-3220
-3356
-3115
-2853
-2982
-2904
-2848
-2745
-2529
-2364
-2155
-2126
-1942
-1560
-1036
-735
-626
-384
-128
94
269
388
430
440
437
716
781
607
440
194
227
312
294
138
114
-71
46
-126
-260
-482
-479
-419
-551
-621
-892
-727
-559
-475
-410
-541
-585
-518
-625
-575
-716
-671
-442
-548
-412
-493
-485
-263
-423
-288
-45
121
321
459
698
701
830
990
1063
1232
1481
1586
1815
1996
2061
2272
2519
2772
2972
3325
3662
3889
4040
4131
4352
4266
3675
3206
3321
3603
3572
3181
2766
2143
1644
1399
1555
1217
339
-44
34
-58
-525
-732
-959
-1177
-1162
-1204
-1432
-1703
-1829
-1715
-1780
-2181
-2479
-2674
-2724
-2797
-2750
-2797
-2879
-3136
-3284
-3393
-3476
-3468
-3490
-3453
-3325
-3144
-3321
-3046
-2727
-2513
-2388
-2109
-2089
-1883
-1750
-1533
-1204
-1078
-875
-735
-461
-239
-257
-228
-237
-310
11
275
241
242
147
91
176
-39
154
-74
8
-273
-228
-266
-319
-284
-208
-471
-688
-841
-949
-851
-1033
-1130
-1503
-1545
-1565
-1287
-1213
-1263
-1475
-1423
-1367
-884
-1112
-1088
-1238
-1016
-828
-531
-289
-328
-106
225
360
385
658
691
847
1214
1478
1538
1686
1751
1933
2134
2615
2764
2995
3136
3260
3566
4062
4298
4329
4347
4275
3700
3109
3309
3605
3474
3079
2611
1931
1513
1422
1439
1018
327
-141
51
178
-395
-901
-1326
-1532
-1608
-1543
-1682
-2106
-2253
-2043
-1752
-1973
-2487
-2745
-2699
-2689
-2552
-2379
-2193
-2340
-2431
-2328
-2207
-2400
-2602
-2600
-2453
-2139
-2026
-1755
-1549
-1350
-1070
-849
-622
-613
-429
-77
82
93
90
242
580
656
639
617
554
612
663
866
950
756
779
831
892
842
763
684
670
703
346
167
60
-96
-265
-505
-699
-843
-1074
-1270
-1195
-1289
-1364
-1441
-1722
-1864
-1724
-1571
-1467
-1485
-1542
-1203
-1024
-891
-740
-831
-628
-797
-576
-395
-197
13
50
261
345
549
595
762
898
1007
1138
1292
1485
1761
1958
2205
2319
2465
2704
2907
3131
3283
3443
3684
4023
4100
3711
2813
2175
2549
3055
2947
2338
1527
806
493
477
373
-94
-851
-1177
-854
-1064
-1576
-1749
-2018
-2240
-2184
-1921
-2039
-2367
-2567
-2321
-1998
-2320
-2511
-2733
-2638
-2581
-2528
-2353
-2294
-2461
-2390
-2144
-2000
-2147
-2271
-2093
-1955
-1806
-1922
-1763
-1497
-1285
-813
-611
-445
-382
-271
145
245
535
484
673
970
1129
1139
1084
1106
1113
1408
1477
1520
1315
1074
1062
1009
955
874
678
609
668
540
367
160
-88
-209
-263
-528
-542
-757
-897
-933
-952
-1165
-1367
-1634
-1730
-1698
-1664
-1698
-1998
-1906
-1693
-1586
-1574
-1469
-1349
-1196
-1076
-910
-831
-529
-401
-213
-53
16
32
72
80
198
355
485
586
893
1023
1558
1548
1486
1627
1946
2358
2574
2789
2764
2674
3004
3277
3435
3602
3397
2666
1832
1873
2490
2761
2199
1631
965
762
517
641
292
-507
-726
-487
-217
-642
-1317
-1449
-1506
-1639
-1566
-1523
-1932
-1880
-1572
-1361
-1556
-1809
-2204
-2001
-1706
-1782
-1767
-1724
-1739
-1571
-1352
-1254
-1260
-1498
-1502
-1123
-913
-1010
-965
-588
-330
-124
93
138
288
408
667
805
784
730
820
1207
1411
1470
1617
1464
1410
1339
1482
1491
1271
1208
1478
1505
1436
1257
976
866
697
518
450
155
-75
-233
-212
-258
-522
-877
-1085
-976
-1016
-1274
-1499
-1552
-1375
-1341
-1315
-1390
-1462
-1494
-1456
-1376
-1139
-860
-885
-807
-703
-570
-504
-341
-281
-304
-120
-8
28
103
263
506
673
891
824
783
938
1053
1300
1524
1606
1878
2149
2239
2290
2378
2486
2780
2925
3111
3278
3350
3712
3745
3307
2528
2167
2395
2810
2800
2278
1661
1109
989
1054
777
293
-403
-404
49
-118
-689
-1024
-1239
-1285
-1276
-1247
-1392
-1732
-1600
-1422
-1173
-1361
-1667
-1817
-1745
-1472
-1371
-1249
-1257
-1116
-1030
-791
-664
-717
-672
-598
-390
-480
-453
-403
-93
65
148
135
272
403
493
729
790
845
671
834
1134
1173
1114
1087
1024
1106
1159
1297
1290
1126
1111
972
1023
947
626
532
444
329
246
95
-190
-537
-577
-730
-849
-991
-1186
-1198
-1331
-1538
-1528
-1577
-1667
-1730
-1907
-1756
-1803
-1808
-1785
-1759
-1848
-1781
-1601
-1374
-1252
-1310
-1301
-1190
-1069
-900
-669
-609
-522
-341
-174
81
242
303
385
579
722
895
1082
1296
1372
1453
1686
1781
1778
1992
2155
2218
2372
2393
2505
2669
2643
2757
3046
3231
3161
3054
2173
1562
1659
2247
2589
2157
1770
1283
1111
1155
1203
786
132
-267
55
188
-114
-615
-1052
-1383
-1182
-1182
-1331
-1743
-1916
-1722
-1395
-1221
-1552
-1968
-1646
-1328
-1118
-899
-1117
-1209
-1108
-848
-606
-740
-1049
-1057
-729
-643
-738
-704
-751
-543
-430
-322
-434
-473
-459
101
280
263
273
344
577
791
864
919
826
816
879
1091
1005
799
744
770
737
709
454
224
129
185
114
-98
-365
-658
-884
-680
-892
-1280
-1451
-1583
-1612
-1579
-1563
-1808
-1841
-1923
-1790
-1730
-1715
-1786
-1750
-1607
-1599
-1527
-1409
-1230
-1121
-1075
-1087
-912
-846
-715
-414
-286
-185
-2
171
372
539
677
551
555
573
786
969
1021
1224
1136
1163
1313
1409
1472
1712
1846
1796
1942
2204
2417
2552
2890
3177
3305
3366
3481
3684
3703
3318
2620
2476
2918
3026
2745
2332
1765
1342
1083
1118
829
346
8
36
201
-61
-379
-590
-682
-790
-506
-542
-933
-1108
-1080
-716
-707
-1094
-1399
-1399
-1256
-1243
-1397
-1456
-1608
-1559
-1287
-1126
-1251
-1604
-1600
-1325
-1273
-1304
-1174
-1117
-1060
-877
-768
-606
-628
-730
-564
-359
-263
-140
-64
-97
190
279
256
170
85
91
220
413
345
292
260
208
398
314
327
351
305
386
321
269
236
28
-161
-387
-557
-790
-839
-928
-1111
-1387
-1510
-1650
-1822
-1879
-1861
-1820
-1778
-1654
-1536
-1392
-1476
-1331
-1153
-965
-777
-692
-572
-625
-636
-442
-321
13
182
297
425
460
651
651
686
770
951
1050
1187
1364
1461
1521
1699
1858
2024
2237
2237
2303
2500
2565
2782
2876
2875
2973
2974
2989
3129
3248
3252
2690
2088
1889
2219
2479
2357
1976
1519
1018
841
961
778
124
-416
-305
-132
-326
-771
-1135
-1368
-1413
-1297
-1295
-1653
-1852
-1820
-1712
-1702
-2113
-2376
-2346
-2321
-2132
-2111
-1954
-2230
-2420
-2313
-2149
-2107
-1978
-1857
-2058
-1824
-1907
-1906
-1721
-1688
-1645
-1371
-1308
-1216
-1262
-1177
-883
-710
-556
-633
-267
244
179
294
481
514
346
590
810
749
505
532
602
413
272
-10
-27
-168
-247
-452
-470
-674
-859
-993
-1136
-1227
-1163
-1419
-1441
-1619
-1617
-1463
-1435
-1582
-1496
-1475
-1479
-1350
-1291
-1315
-1256
-1275
-1216
-1116
-936
-1005
-919
-664
-737
-470
-492
-252
-155
15
263
499
521
481
434
682
770
893
1084
1193
1361
1428
1376
1537
1506
1561
1624
1756
1859
1899
1951
2039
2111
2194
2200
2425
2502
2617
2762
2548
1979
1604
1821
2066
2160
1903
1543
931
574
750
736
268
-380
-638
-385
-448
-888
-1077
-1247
-1418
-1451
-1249
-1404
-1632
-1688
-1386
-1269
-1577
-1798
-1917
-1851
-1758
-1549
-1377
-1404
-1404
-1327
-1189
-1008
-1103
-1228
-1098
-892
-840
-851
-621
-594
-586
-544
-389
-230
-194
-99
48
288
379
398
570
668
769
755
719
561
578
667
700
807
816
713
716
623
521
421
355
342
307
354
158
68
-27
-191
-183
-307
-533
-821
-663
-638
-688
-838
-1064
-1080
-1191
-1055
-1170
-1224
-1290
-1229
-1140
-1029
-1039
-935
-815
-671
-582
-624
-634
-447
-325
-361
-316
-297
-227
-19
11
75
73
-33
-72
97
164
171
315
413
540
583
549
666
785
899
951
1029
1248
1391
1661
1565
1729
1882
2017
2098
2176
1970
1251
904
1141
1575
1351
1097
941
476
144
326
307
-74
-573
-661
-265
-532
-691
-818
-962
-1006
-888
-843
-944
-1210
-1239
-909
-896
-1064
-1354
-1457
-1385
-1264
-1221
-1219
-1426
-1387
-1321
-1112
-997
-1208
-1220
-1016
-865
-809
-812
-765
-557
-501
-413
-355
-179
-92
-115
85
328
290
196
408
616
636
702
679
756
760
791
1019
947
749
848
907
902
740
478
379
266
262
342
204
153
136
105
-6
-205
-354
-656
-510
-627
-627
-826
-1082
-1322
-1311
-1176
-1298
-1439
-1399
-1599
-1484
-1312
-1268
-1278
-1354
-1174
-982
-870
-842
-751
-800
-767
-756
-777
-908
-917
-782
-790
-644
-477
-575
-552
-450
-413
-311
-256
-221
-72
-58
350
372
417
481
464
683
875
838
901
940
784
682
693
661
688
860
631
775
572
513
364
434
343
267
160
15
93
154
116
49
-141
-131
-151
-252
-272
-482
-440
-535
-560
-467
-617
-744
-595
-731
-729
-565
-639
-831
-854
-821
-647
-611
-691
-655
-720
-670
-796
-723
-651
-702
-722
-582
-475
-452
-475
-404
-533
-459
-365
-280
-204
-335
-375
-342
-56
162
201
90
280
420
405
556
570
499
501
529
545
538
599
693
434
370
226
197
212
210
10
-122
-31
-79
-25
-132
-234
-152
-163
-40
-52
-31
113
57
248
347
405
352
543
663
616
717
855
902
945
1122
1186
1301
1347
1419
1481
1269
1171
1318
1218
1134
1280
1228
1072
883
733
662
508
488
370
237
184
232
275
83
-37
-147
-48
-189
-111
-182
-278
-169
-71
61
-48
-114
-69
-121
-31
-77
-180
-234
-300
-337
-279
-213
-356
-482
-533
-547
-620
-466
-525
-423
-97
-36
1
-18
-7
-36
95
100
137
278
246
274
222
194
435
447
460
431
540
562
491
408
357
436
390
305
291
309
217
323
277
234
129
98
127
148
184
72
-1
-36
23
-53
-124
-168
-216
-197
-266
-274
-367
-491
-404
-491
-398
-543
-550
-657
-667
-469
-641
-602
-662
-651
-498
-351
-324
-433
-484
-484
-371
-343
-379
-356
-324
-323
-339
-229
-292
-321
-376
-353
-253
-153
-108
-69
-43
-52
57
248
387
202
25
29
93
-14
61
55
94
363
283
169
196
102
-54
-144
12
-89
-19
-182
-80
8
-75
-159
0
-24
67
-77
-191
37
-99
-30
83
117
1
-85
165
195
101
48
-313
-250
-224
-91
-270
-500
-429
-296
-231
-139
-227
-196
-277
-3
26
20
5
-4
43
34
169
166
-66
-33
-139
-87
-126
-99
-83
39
-68
-90
-22
-95
-104
-66
-88
-25
60
65
73
-44
122
76
176
-7
-1
89
95
-124
18
-35
-51
40
-33
-278
-152
-313
-376
-239
-240
-88
-252
-198
-175
-84
-58
-43
-59
-121
-262
-308
-301
-291
-141
-8
-28
-233
-269
-300
-317
-291
-194
-109
-181
-137
-22
34
-46
71
200
272
247
242
309
200
196
149
346
374
246
279
210
228
316
289
139
160
-9
-190
-32
24
153
95
92
89
92
171
342
376
267
384
289
240
169
130
180
80
108
187
185
14
-153
-240
-126
-174
-171
-96
-53
-38
40
-69
-52
-168
-123
30
96
40
-118
-43
-146
-300
-362
-276
-113
-284
-206
-316
-383
-222
-274
-193
-268
-212
-154
-89
-112
-66
-164
-221
-196
-107
-42
-68
-227
-191
-16
-178
-95
-186
-286
-223
-185
-106
-124
-41
-107
-110
-188
-189
-279
-263
-169
-346
-307
-160
-43
-25
50
55
-55
76
127
-5
47
41
131
174
244
61
103
204
165
175
213
62
142
166
237
322
260
350
392
267
103
258
399
368
359
336
254
451
361
308
250
141
129
90
115
15
72
-84
-86
99
-72
11
-139
-266
-383
-404
-319
-293
-333
-295
-224
-183
-239
-393
-385
-306
-262
-211
-346
-350
-338
-368
-310
-363
-440
-451
-414
-426
-401
-429
-416
-441
-393
-385
-320
-327
-338
-482
-727
-558
-689
-615
-609
-598
-406
-332
-407
-408
-631
-564
-480
-450
-541
-685
-602
-796
-629
-753
-766
-829
-702
-851
-844
-733
-571
-398
-455
-544
-259
-152
-150
-371
-140
-150
-135
-2
-268
-368
-127
-194
-268
-249
-413
-231
-220
-92
54
67
95
146
157
256
320
180
153
256
411
361
286
400
363
469
482
583
499
671
476
571
536
520
589
675
733
657
670
631
534
572
616
562
499
422
460
493
514
333
222
70
194
177
99
207
21
-46
246
470
130
236
345
120
232
183
115
-55
52
54
-56
-100
-125
-156
-118
-122
-152
-233
-196
-330
-423
-401
-248
-214
-409
-381
-321
-245
-221
-120
-111
5
-142
-114
73
35
198
144
71
88
101
156
86
123
151
102
65
42
-24
-65
-146
-58
63
28
41
-125
-6
-27
-24
49
26
105
5
2
63
52
116
87
54
170
181
182
67
-120
-133
-75
59
163
172
326
177
83
34
139
357
458
525
352
193
357
381
332
147
186
240
334
398
342
355
184
161
170
162
239
379
308
279
256
264
259
305
224
13
16
-10
-24
-181
-138
-109
-209
-160
-188
-182
-310
-399
-329
-282
-260
-227
-208
-236
-249
-251
-190
-310
-340
-217
-247
-222
-270
6
52
-26
86
12
-33
-16
24
10
-163
-31
-11
-179
-256
-223
-171
-71
-79
-133
-71
-196
-140
-10
111
-115
-142
-129
-121
-147
-148
-135
-162
8
-191
-224
-294
-189
-197
-231
-173
-187
-88
-225
-227
-160
-15
89
54
140
163
177
228
296
320
309
291
294
259
181
217
235
164
270
367
299
348
222
246
317
339
399
581
540
590
558
