20
115
96
67
56
134
86
69
26
-52
-154
-157
-59
-41
-80
38
-16
-80
-105
-150
-55
-134
-61
-97
-21
50
-100
-17
42
2
-4
-137
-224
-247
-280
-143
-164
-306
-324
-205
-161
-169
-183
-126
-143
-83
7
-98
-140
-64
-70
-101
-60
-89
-168
-195
-172
-162
-221
-211
-202
-372
-203
-319
-336
-296
-388
-355
-338
-270
-282
-163
-211
-91
-63
-166
-147
-227
-275
-196
-177
-225
-213
-346
-247
-250
-267
-190
-242
-267
-336
-314
-280
-218
-251
-287
-288
-143
-209
-297
-247
-260
-310
-229
-188
-188
-179
-308
-247
-315
-300
-382
-349
-378
-429
-299
-303
-360
-214
-104
-339
-260
-292
-220
-146
-142
-109
8
-47
-280
-46
-42
-171
-62
-211
-98
-154
-301
-212
-247
-174
-91
-188
7
-95
-127
-143
-179
23
-191
-48
58
117
113
143
15
107
139
48
-15
58
111
-52
14
-7
-49
-39
8
68
25
-13
10
82
-68
-68
116
120
74
60
174
179
216
51
39
167
19
-25
17
-10
25
-1
-137
-161
-191
-179
-24
-132
-129
-223
-161
-12
-76
-48
86
23
143
69
111
128
8
-39
-60
-11
-67
-45
-122
-44
-35
-30
-22
-123
-95
-206
-219
-137
-160
-86
-164
-122
-167
-166
-71
-57
-114
-271
-196
-167
-146
-146
-184
-164
-253
-193
-139
-174
-165
-111
-146
-239
-204
-93
-88
-127
-173
-127
-66
-133
-93
-45
-83
-61
-86
-82
-153
-115
-49
-146
-181
-113
-131
-289
-301
-215
-181
-100
-151
-94
-28
-59
55
31
27
117
256
184
194
272
338
374
331
377
268
233
216
214
210
139
191
256
244
213
137
98
182
221
282
267
247
294
339
300
328
265
318
330
198
321
199
292
184
65
114
-20
-45
3
-113
-192
-206
-239
-204
-248
-201
-230
-268
-302
-377
-362
-274
-303
-339
-315
-338
-267
-205
-404
-368
-361
-454
-497
-442
-426
-636
-652
-519
-519
-622
-577
-522
-582
-504
-548
-533
-496
-511
-425
-389
-367
-490
-395
-412
-389
-206
-286
-273
-282
-136
-204
-335
-312
-95
-133
-145
-33
-83
-2
45
117
50
22
119
113
196
156
275
270
177
269
320
297
436
446
348
488
601
613
654
712
764
864
879
899
1014
1037
1119
1202
1215
1255
1118
1047
925
871
844
632
274
85
-69
-484
-600
-687
-742
-757
-831
-970
-894
-1030
-1016
-1052
-1003
-811
-837
-941
-1106
-936
-968
-838
-799
-708
-606
-550
-541
-486
-550
-701
-806
-891
-885
-928
-973
-969
-896
-975
-1022
-1044
-971
-947
-917
-773
-785
-728
-543
-548
-472
-365
-286
-228
-162
6
32
152
326
371
370
409
427
331
354
353
257
389
353
326
438
441
366
320
384
337
378
420
493
480
565
589
632
742
877
913
876
1064
1167
1156
1356
1373
1502
1612
1597
1769
1854
1712
1648
1562
1518
1384
998
845
585
435
342
93
-246
-390
-471
-570
-658
-729
-752
-864
-865
-780
-793
-773
-741
-683
-576
-451
-254
-173
-116
-45
39
47
113
199
116
90
41
-15
-47
-85
-203
-313
-334
-504
-686
-857
-824
-776
-835
-927
-980
-909
-887
-842
-898
-868
-749
-697
-645
-664
-617
-461
-484
-437
-368
-342
-389
-463
-474
-499
-443
-445
-583
-570
-808
-685
-524
-624
-505
-547
-600
-465
-519
-450
-399
-446
-468
-457
-221
-306
-473
-411
-390
-346
-337
-339
-324
-172
-270
-267
-20
-52
-1
20
159
95
179
300
381
509
527
506
413
547
660
664
707
674
655
802
867
812
927
1007
1165
1267
1276
1473
1552
1630
1649
1657
1833
1991
2018
2019
2005
1695
1450
1225
1239
933
591
352
151
-11
-327
-466
-681
-614
-543
-672
-906
-982
-914
-877
-950
-828
-877
-896
-807
-786
-796
-738
-669
-610
-443
-363
-300
-350
-276
-248
-321
-371
-346
-393
-437
-395
-560
-681
-460
-415
-562
-550
-458
-302
-301
-212
-122
-131
-59
27
-120
-205
42
152
73
47
232
311
250
214
133
185
122
170
200
14
-73
-6
-24
-155
-189
-210
-161
-200
-177
-124
-72
-63
-142
-8
47
189
213
369
368
475
542
554
726
742
1027
1014
1145
1264
1430
1480
1642
1745
1859
2048
2076
2311
2426
2322
2462
2642
2491
2346
2037
2086
1869
1401
1316
931
720
451
93
-99
-226
-346
-376
-444
-536
-534
-395
-400
-602
-567
-604
-556
-537
-449
-340
-341
-430
-330
-202
-48
-10
88
94
76
154
70
41
-87
-85
-110
-266
-334
-430
-426
-499
-543
-477
-390
-511
-535
-350
-304
-192
-268
-228
-199
-86
-51
6
-27
192
180
-20
16
195
248
149
258
240
152
147
79
68
63
78
31
-206
-301
-339
-402
-501
-472
-408
-533
-528
-465
-450
-429
-476
-352
-267
-215
-135
42
279
264
329
375
419
509
652
830
931
1071
1057
1049
1257
1342
1421
1389
1402
1533
1684
1783
1784
1905
1929
2025
2069
2240
2410
2445
2387
2376
2322
2224
2100
1786
1519
1190
924
722
472
260
132
-139
-413
-523
-514
-440
-463
-556
-685
-646
-737
-823
-748
-812
-779
-657
-488
-584
-496
-303
-232
-169
-156
-56
-18
-79
-90
-256
-349
-488
-616
-490
-568
-553
-536
-558
-635
-440
-350
-356
-175
-210
-109
-93
-93
92
158
165
189
284
257
236
372
493
493
292
247
292
223
167
54
-6
-171
-253
-253
-310
-440
-398
-517
-509
-604
-724
-688
-682
-605
-591
-439
-489
-425
-332
-251
-239
-41
130
126
220
311
433
624
693
724
967
1079
1131
1311
1293
1439
1582
1709
1759
1710
1918
2005
2150
2233
2428
2502
2471
2478
2498
2572
2661
2756
2669
2577
2494
2400
2381
2051
1694
1375
1036
734
432
331
77
-146
-302
-546
-501
-602
-750
-812
-962
-1202
-1178
-1164
-1289
-1249
-1218
-979
-1016
-880
-744
-598
-561
-555
-408
-310
-161
-109
-97
-156
-243
-270
-360
-477
-460
-419
-505
-475
-451
-528
-379
-543
-520
-406
-345
-170
-114
-165
-145
22
20
195
180
185
270
311
91
75
309
263
62
-163
-316
-383
-358
-652
-632
-568
-606
-777
-712
-670
-906
-999
-1010
-992
-942
-829
-917
-667
-666
-509
-417
-396
-341
-165
50
42
164
271
337
375
439
573
681
831
970
980
1165
1341
1488
1545
1687
1875
2009
2167
2177
2286
2457
2535
2635
2705
2984
3026
3060
2853
2906
2909
2571
2450
2199
1741
1339
925
806
690
257
137
-186
-276
-498
-564
-660
-755
-710
-989
-1082
-1136
-1210
-1141
-1205
-1272
-1215
-1244
-1209
-1074
-933
-784
-708
-578
-477
-556
-489
-405
-428
-421
-523
-448
-474
-600
-541
-504
-519
-661
-687
-795
-671
-597
-577
-415
-233
-351
-295
-110
-87
10
-211
-50
78
-18
14
13
44
112
-40
43
-36
-72
-108
-323
-376
-549
-620
-806
-959
-1032
-1112
-1075
-1067
-1097
-1049
-1076
-983
-1048
-973
-864
-724
-653
-685
-555
-460
-212
-117
83
190
374
391
471
693
703
974
1113
1177
1353
1309
1489
1594
1707
1771
1740
1911
2061
2206
2282
2456
2519
2680
2774
2865
2996
2870
2751
2558
2321
2156
1869
1469
1114
714
333
271
59
-171
-344
-514
-653
-821
-769
-807
-948
-1153
-1180
-1131
-1038
-1215
-1301
-958
-892
-1053
-839
-647
-632
-653
-700
-529
-423
-359
-270
-419
-557
-545
-556
-588
-804
-788
-881
-911
-932
-889
-815
-784
-628
-475
-403
-367
-277
-152
-131
-102
-27
-27
-53
-93
60
8
-24
-6
-106
-62
89
61
-83
-131
-182
-249
-385
-370
-590
-722
-769
-775
-674
-561
-669
-769
-689
-688
-556
-591
-557
-553
-507
-450
-328
-217
-14
93
176
345
331
561
690
737
981
1160
1147
1268
1422
1448
1472
1672
1862
1917
1947
2091
2174
2192
2206
2207
2428
2461
2544
2608
2628
2648
2593
2641
2372
2125
1868
1513
1305
968
689
363
-99
-225
-575
-767
-792
-884
-1059
-945
-1274
-1511
-1555
-1590
-1505
-1622
-1672
-1633
-1509
-1539
-1411
-1190
-1164
-1046
-1077
-842
-686
-650
-659
-953
-931
-847
-924
-967
-919
-902
-1191
-1338
-1424
-1266
-1097
-1125
-1136
-1214
-1041
-828
-629
-674
-520
-525
-433
-278
-337
-217
-298
-118
-34
-59
-75
-111
33
-80
-109
-275
-320
-368
-539
-536
-615
-653
-789
-870
-801
-942
-927
-938
-987
-933
-832
-675
-733
-676
-676
-659
-493
-406
-255
-111
84
210
296
441
532
759
861
1017
1271
1391
1462
1583
1796
1760
1860
1852
2037
2186
2200
2336
2399
2492
2517
2675
2791
2886
2953
2981
2953
2819
2552
2165
1958
1734
1340
909
740
391
20
-140
-298
-415
-610
-626
-671
-768
-862
-963
-958
-1071
-1131
-1097
-1223
-1322
-1148
-1086
-1163
-1102
-948
-726
-690
-626
-454
-345
-450
-499
-556
-497
-470
-566
-779
-811
-777
-773
-772
-887
-783
-825
-867
-729
-616
-541
-590
-631
-460
-321
-262
-268
-188
-133
-99
-94
132
208
257
356
333
315
212
230
108
-35
-119
-284
-555
-560
-560
-644
-603
-700
-781
-785
-784
-892
-734
-626
-578
-471
-421
-285
-68
-56
86
173
187
322
583
646
613
891
881
829
932
1056
1207
1394
1510
1623
1658
1810
1969
2010
2060
2026
2193
2269
2426
2411
2450
2575
2727
2830
2968
2933
2812
2480
2210
1860
1537
955
636
412
18
-158
-506
-470
-564
-664
-692
-640
-873
-861
-1018
-1042
-1069
-1133
-1075
-1253
-1197
-1144
-1066
-983
-883
-854
-777
-771
-559
-652
-655
-736
-788
-880
-986
-1020
-1082
-1152
-1308
-1313
-1365
-1270
-1178
-1092
-1032
-1085
-1063
-1013
-818
-831
-743
-589
-628
-560
-595
-451
-386
-291
-158
-256
-261
-278
-235
-14
-68
-89
-293
-493
-560
-674
-702
-785
-896
-833
-842
-990
-1058
-988
-1080
-1045
-1046
-887
-797
-860
-787
-598
-485
-423
-147
-142
17
154
400
572
665
821
770
851
846
1119
1374
1246
1300
1423
1578
1733
1770
1794
1945
1960
2066
2179
2391
2511
2619
2732
2708
2889
2849
2508
2225
2057
1927
1414
882
462
305
-19
-347
-527
-733
-792
-1070
-1006
-1032
-1137
-1063
-1239
-1221
-1235
-1315
-1392
-1304
-1162
-963
-1028
-1051
-939
-779
-712
-676
-517
-541
-523
-621
-851
-978
-1051
-1254
-1341
-1420
-1517
-1562
-1516
-1553
-1627
-1479
-1458
-1419
-1273
-1149
-1022
-893
-767
-587
-448
-397
-278
-252
-114
1
226
95
112
162
113
-23
-164
-150
-309
-455
-593
-638
-762
-830
-849
-816
-878
-885
-979
-905
-944
-1030
-908
-888
-866
-627
-545
-457
-378
-239
74
180
255
401
532
577
717
806
900
1038
1062
1165
1337
1310
1497
1609
1719
1936
2064
2100
2146
2316
2396
2467
2488
2673
2644
2683
2841
2937
2905
2916
2859
2501
2176
1877
1533
1005
652
208
-116
-529
-707
-688
-901
-1017
-1118
-1019
-909
-964
-960
-1047
-1154
-1251
-1297
-1272
-1246
-1134
-1081
-968
-1101
-984
-751
-835
-721
-701
-670
-785
-961
-1046
-1206
-1296
-1353
-1508
-1571
-1640
-1604
-1609
-1602
-1358
-1295
-1314
-1087
-977
-857
-648
-560
-589
-319
-159
-80
260
79
122
307
323
423
305
109
214
117
-55
-274
-447
-597
-696
-720
-845
-1005
-1108
-1091
-1162
-1190
-1113
-942
-816
-738
-686
-614
-406
-257
-59
107
213
461
533
694
924
1082
1107
1160
1244
1330
1431
1487
1542
1501
1487
1607
1688
1656
1671
1780
1925
2120
2278
2345
2496
2457
2564
2743
2880
3021
3183
3210
3117
2748
2360
2027
1511
1025
390
70
-371
-804
-1214
-1455
-1227
-1243
-1337
-1377
-1154
-1074
-956
-911
-1044
-1148
-1215
-931
-941
-837
-688
-774
-931
-807
-593
-421
-744
-707
-631
-752
-925
-1277
-1223
-1523
-1706
-1772
-1998
-1943
-1956
-2018
-1885
-1698
-1576
-1364
-1110
-1057
-830
-660
-475
-400
-251
-217
-155
-52
48
-16
19
117
13
-287
-449
-535
-720
-869
-1008
-997
-1157
-1316
-1316
-1392
-1399
-1419
-1459
-1339
-1121
-1094
-1125
-1052
-840
-679
-640
-530
-437
-158
-12
63
360
592
625
578
645
981
932
1098
1244
1164
1258
1357
1350
1405
1436
1582
1692
1719
2037
2169
2390
2388
2582
2847
2920
3031
3108
3195
3510
3438
3409
3221
2850
2452
1882
1513
853
318
-293
-880
-1212
-1336
-1483
-1378
-1303
-1368
-1185
-1086
-974
-873
-767
-792
-774
-705
-718
-636
-551
-558
-485
-387
-210
-160
-92
-144
-344
-445
-517
-794
-1180
-1382
-1715
-2073
-2067
-2025
-1939
-1914
-2029
-1812
-1572
-1322
-1063
-858
-624
-650
-314
-152
120
494
465
458
513
635
569
498
423
165
9
-239
-592
-844
-1094
-1346
-1473
-1726
-1846
-1804
-1803
-1731
-1548
-1337
-1275
-1086
-789
-584
-348
-302
-194
72
231
236
367
309
408
546
588
692
686
609
528
663
626
780
655
574
745
846
1058
1209
1489
1797
1941
2140
2372
2510
2771
3015
3148
3299
3494
3531
3626
3863
3864
3939
3815
3484
2920
2264
1700
1019
210
-538
-1095
-1564
-2037
-2235
-2176
-1989
-1698
-1533
-1361
-1131
-728
-430
-330
-440
-420
-296
-336
-420
-360
-452
-544
-478
-468
-286
-428
-583
-732
-937
-1123
-1310
-1504
-1819
-2075
-2270
-2401
-2331
-2189
-2122
-1868
-1553
-1333
-909
-657
-355
-108
56
376
558
697
810
816
741
731
624
563
213
-238
-493
-722
-1158
-1465
-1653
-1957
-2143
-2269
-2295
-2275
-2130
-1994
-1879
-1661
-1495
-1273
-1003
-829
-740
-383
-209
-85
72
155
257
348
428
395
485
491
509
437
329
317
225
240
272
292
539
641
793
999
1280
1460
1791
2073
2182
2531
2811
3125
3281
3569
3832
3935
4069
4116
4160
4154
3903
3722
3459
2807
2008
1095
360
-387
-1234
-1806
-2345
-2733
-2840
-2740
-2432
-2078
-1619
-1186
-768
-398
-59
170
85
99
84
-15
-170
-261
-278
-414
-579
-758
-682
-709
-927
-1376
-1502
-1700
-2182
-2359
-2564
-2878
-3050
-2854
-2706
-2377
-2010
-1626
-1193
-723
-347
-169
152
340
708
681
651
802
774
631
464
295
-17
-356
-687
-1040
-1356
-1723
-2028
-2414
-2658
-2667
-2762
-2816
-2722
-2371
-2099
-1897
-1558
-1159
-770
-634
-420
-234
-139
-10
82
-16
131
211
57
59
3
67
-80
-130
-79
-96
-216
-211
-95
16
148
318
557
828
1089
1388
1694
1885
2185
2539
2764
2965
3272
3491
3495
3547
3671
3751
3797
3823
3834
3741
3516
3363
2789
1895
973
132
-600
-1296
-1992
-2499
-2581
-2655
-2397
-1940
-1454
-909
-465
-40
465
782
884
681
439
315
59
-13
-383
-405
-529
-863
-764
-730
-892
-1185
-1434
-1685
-1761
-2028
-2334
-2419
-2488
-2445
-2306
-2071
-1654
-1322
-1139
-586
-158
279
535
602
745
678
875
971
862
628
569
437
366
97
-251
-608
-1039
-1339
-1679
-2051
-2460
-2577
-2634
-2645
-2611
-2407
-2053
-1744
-1349
-1117
-866
-574
-374
-165
-81
-50
-21
-91
-135
-255
-213
-182
-329
-306
-394
-451
-448
-507
-555
-460
-446
-474
-274
19
256
486
848
1208
1580
1932
2210
2390
2715
2835
3044
3323
3454
3495
3418
3456
3276
3340
3214
3108
3057
2966
2803
2716
2600
1997
1078
216
-293
-929
-1752
-1999
-2167
-2353
-2331
-1808
-1284
-803
-325
-4
470
776
882
700
347
-153
-493
-798
-1062
-1326
-1546
-1613
-1793
-1680
-1441
-1381
-1628
-1598
-1836
-1784
-2079
-2406
-2220
-2189
-2122
-1856
-1432
-1116
-790
-535
-93
54
167
315
280
93
174
-3
-1
-110
-351
-500
-509
-491
-849
-977
-1084
-1348
-1504
-1784
-2130
-2328
-2364
-2282
-2297
-2003
-1780
-1664
-1306
-1037
-765
-610
-459
-345
-372
-242
-238
-259
-301
-538
-446
-450
-390
-361
-337
-402
-327
-110
-119
-80
17
124
152
362
740
959
1239
1669
1782
1971
2209
2347
2633
2591
2819
3228
3181
3067
3282
3430
3470
3502
3559
3411
3240
3275
3152
2897
2427
1527
567
-225
-926
-1523
-1993
-2390
-2483
-2249
-1890
-1178
-618
-197
240
445
673
728
566
363
-352
-935
-1174
-1353
-1507
-1563
-1537
-1506
-1385
-1274
-1175
-1285
-1436
-1860
-2158
-2326
-2493
-2488
-2597
-2486
-2095
-1501
-1025
-618
-205
-18
386
542
432
318
218
96
-146
-129
-123
-265
-418
-469
-557
-771
-909
-1196
-1447
-1734
-1996
-2184
-2420
-2466
-2373
-2238
-2012
-1937
-1630
-1208
-1026
-821
-733
-642
-726
-749
-838
-690
-768
-789
-810
-928
-787
-745
-607
-712
-677
-549
-494
-498
-433
-211
-175
89
274
428
765
1174
1405
1725
1898
2168
2331
2467
2508
2569
2595
2593
2578
2595
2779
2808
2988
2941
3000
3090
3172
3244
3173
3202
3104
2754
2051
1036
74
-468
-960
-1640
-2047
-2100
-1987
-1680
-1197
-565
3
302
371
314
246
144
-112
-535
-1067
-1393
-1507
-1466
-1460
-1358
-1097
-862
-829
-842
-901
-1136
-1447
-1724
-2056
-2040
-2065
-1996
-1917
-1621
-1295
-860
-448
-323
-15
107
10
-52
-202
-190
-297
-315
-217
-189
-81
-4
4
-126
-262
-476
-722
-1178
-1480
-1707
-2011
-2085
-2329
-2329
-2160
-2023
-1686
-1475
-1227
-895
-626
-567
-604
-493
-429
-475
-446
-403
-444
-440
-412
-395
-424
-416
-308
-263
-312
-289
-241
-242
-59
61
204
454
804
1177
1430
1684
1881
2055
2185
2495
2582
2638
2804
2828
2529
2655
3013
3089
3132
2905
2733
2874
2863
2724
2603
2608
2670
2540
2030
1324
394
-363
-724
-1369
-1696
-1939
-1899
-1609
-1181
-523
153
432
651
535
252
191
-223
-809
-1210
-1539
-1568
-1580
-1440
-1279
-1037
-866
-843
-793
-861
-1044
-1376
-1642
-1991
-2057
-2115
-1941
-1757
-1579
-1030
-586
-354
-11
8
48
-30
-203
-273
-429
-478
-466
-440
-433
-266
-90
-170
-245
-295
-578
-818
-1311
-1386
-1534
-1796
-1903
-2091
-2002
-2032
-1870
-1667
-1393
-1345
-1311
-1209
-1044
-926
-1068
-952
-918
-794
-615
-541
-571
-719
-595
-474
-587
-654
-623
-546
-629
-583
-352
-174
68
108
310
513
851
1026
1181
1467
1642
1790
1986
2189
2270
2336
2390
2602
2629
2788
2947
3006
2955
2833
2740
2801
2794
2673
2646
2551
2613
2271
1811
901
-144
-753
-1253
-1675
-1950
-2034
-1993
-1659
-972
-319
167
355
508
269
34
-331
-683
-1123
-1688
-1685
-1562
-1485
-1322
-1016
-1042
-944
-927
-1170
-1412
-1819
-2230
-2346
-2421
-2526
-2344
-2122
-1719
-1243
-765
-473
-374
-230
-332
-343
-509
-735
-787
-836
-887
-822
-768
-644
-432
-498
-491
-568
-758
-946
-1353
-1650
-1792
-1879
-1956
-2021
-2029
-1983
-1879
-1734
-1500
-1397
-1185
-1277
-1086
-886
-1029
-902
-770
-810
-839
-754
-864
-933
-903
-941
-993
-864
-816
-865
-655
-477
-453
-291
-98
-87
248
480
686
919
928
1391
1611
1726
1942
2033
2134
2289
2295
2156
2223
2298
2392
2474
2644
2722
2672
2654
2748
2678
2596
2618
2483
2503
2243
1662
795
-15
-536
-1026
-1322
-1491
-1443
-1261
-998
-581
-184
102
234
147
-311
-586
-824
-1121
-1381
-1408
-1503
-1243
-982
-723
-564
-673
-689
-921
-1146
-1424
-1720
-2073
-2121
-2017
-1944
-1721
-1484
-1105
-767
-487
-330
-236
-253
-355
-399
-505
-398
-438
-268
-211
-293
-25
157
150
-87
-167
-322
-662
-770
-941
-1203
-1230
-1515
-1574
-1532
-1565
-1520
-1372
-1423
-1044
-1059
-1120
-738
-602
-573
-488
-333
-241
-389
-539
-308
-416
-474
-565
-524
-510
-521
-265
-74
-35
28
-33
186
328
339
486
820
1295
1528
1786
2008
2222
2328
2439
2308
2440
2439
2386
2375
2591
2769
2910
3095
3087
3118
2984
2893
2604
2574
2441
2313
2533
2512
2242
1357
457
-210
-756
-896
-1100
-1208
-1120
-789
-486
-132
269
157
133
-82
-520
-1028
-1117
-1136
-1374
-1542
-1334
-1022
-728
-644
-607
-796
-1029
-1208
-1558
-1881
-2120
-2123
-1926
-1755
-1550
-1221
-1045
-893
-821
-854
-929
-829
-971
-916
-643
-582
-517
-370
-324
-369
-305
-320
-314
-497
-630
-601
-752
-736
-732
-848
-942
-1053
-1267
-1418
-1483
-1540
-1590
-1542
-1360
-1167
-957
-946
-757
-637
-565
-518
-478
-582
-610
-592
-570
-396
-387
-230
-300
-157
-110
-113
93
35
1
43
131
276
437
609
837
1060
1402
1593
1738
1963
2026
1989
2155
2238
2183
2277
2387
2650
2876
2896
3009
2916
2675
2691
2642
2467
2536
2525
2491
2648
2409
1632
457
-356
-716
-799
-948
-1024
-980
-753
-219
255
400
207
5
-271
-713
-978
-1039
-1055
-1154
-1236
-1108
-892
-622
-565
-676
-1064
-1321
-1506
-1766
-1866
-1895
-1843
-1626
-1519
-1296
-1234
-1151
-946
-1016
-988
-927
-841
-719
-557
-279
-261
-112
-15
-215
-421
-422
-397
-427
-387
-414
-361
-431
-472
-517
-663
-780
-1078
-1175
-1301
-1407
-1364
-1320
-1216
-1011
-711
-586
-635
-519
-495
-489
-564
-689
-778
-698
-475
-412
-392
-171
-174
-163
-12
68
127
55
101
223
286
301
516
694
922
1201
1467
1579
1666
1729
1716
1584
1769
1992
2004
2172
2392
2645
2711
2745
2775
2704
2713
2742
2588
2548
2576
2522
2754
2849
2804
2136
1215
288
-379
-599
-785
-723
-718
-483
-348
-3
277
67
-201
-478
-888
-884
-873
-699
-744
-773
-459
-361
-232
-355
-426
-868
-1143
-1377
-1499
-1477
-1483
-1496
-1232
-1018
-921
-834
-1135
-1309
-1459
-1420
-1257
-1023
-618
-411
-254
-150
-46
-106
-250
-247
-388
-522
-447
-249
-151
-1
30
49
-153
-373
-729
-1188
-1317
-1510
-1531
-1344
-1323
-1176
-866
-664
-614
-628
-638
-600
-624
-632
-548
-451
-406
-356
-195
-270
-313
-166
-263
-430
-380
-254
-34
-67
-23
109
230
419
464
520
738
959
1192
1272
1347
1452
1614
1689
1735
1813
1822
1873
1981
2018
2076
2194
2259
2120
2133
2053
2011
2012
1898
1952
2051
2176
2504
2298
1483
395
-388
-616
-755
-789
-761
-614
-649
-516
-198
-244
-478
-788
-1002
-1332
-1450
-1256
-973
-862
-910
-781
-790
-743
-818
-901
-1275
-1458
-1463
-1383
-1116
-1079
-924
-983
-1080
-1279
-1382
-1511
-1600
-1479
-1394
-1286
-982
-783
-689
-600
-570
-770
-857
-745
-810
-715
-564
-310
40
158
117
100
-135
-436
-691
-941
-1020
-973
-934
-909
-961
-976
-804
-678
-711
-747
-826
-819
-594
-436
-425
-248
-146
-138
-191
-136
60
1
-7
130
290
432
676
736
767
661
598
718
790
969
1072
1366
1515
1526
1642
1681
1766
1815
1767
1907
2163
2234
2320
2449
2616
2727
2762
2651
2592
2503
2319
2108
2287
2388
2354
2458
2410
2026
1235
310
-407
-760
-502
-167
-61
-98
-103
-27
17
-237
-544
-811
-1066
-940
-855
-687
-327
-235
-222
-352
-608
-742
-871
-933
-1042
-979
-977
-869
-820
-844
-915
-1122
-1265
-1456
-1626
-1585
-1400
-1200
-976
-879
-797
-689
-691
-727
-848
-865
-865
-718
-677
-468
-157
-84
60
94
-151
-365
-425
-479
-661
-895
-735
-749
-835
-843
-1105
-1114
-1031
-873
-879
-802
-541
-527
-414
-229
-204
-283
-458
-299
-221
-116
12
130
345
368
398
579
733
617
492
566
540
679
828
1024
1138
1176
1281
1462
1526
1418
1528
1576
1512
1540
1812
1998
2132
2306
2493
2527
2357
2279
2280
2397
2459
2472
2657
2863
2839
2805
2513
2108
1423
464
-314
-429
-154
230
337
51
-127
-347
-333
-485
-820
-886
-813
-579
-562
-268
-3
-54
-147
-518
-631
-873
-883
-676
-434
-397
-525
-572
-825
-1084
-1302
-1370
-1381
-1611
-1588
-1518
-1449
-1276
-979
-1016
-1208
-1142
-1072
-971
-761
-616
-610
-458
-332
-245
-146
-276
-230
-181
-281
-388
-401
-526
-680
-786
-856
-1061
-1241
-1348
-1267
-1141
-1106
-940
-758
-685
-610
-536
-464
-464
-429
-343
-301
-156
15
215
212
206
179
224
275
437
503
433
483
484
623
633
711
859
901
1029
1199
1320
1341
1395
1536
1594
1707
1708
1874
2212
2339
2370
2407
2356
2289
2148
2044
2083
2157
2359
2573
2637
2498
2137
1583
877
-22
-515
-335
22
430
414
96
-211
-559
-860
-897
-925
-933
-719
-551
-329
-309
-293
-382
-620
-669
-636
-778
-766
-528
-417
-470
-441
-519
-770
-1093
-1429
-1617
-1690
-1505
-1495
-1483
-1471
-1525
-1461
-1479
-1433
-1312
-1125
-1018
-783
-711
-658
-657
-605
-523
-572
-390
-287
-77
-127
-335
-363
-480
-696
-829
-1042
-1137
-1168
-1062
-1098
-1166
-1084
-992
-935
-953
-820
-712
-510
-425
-295
-326
-302
-160
81
252
307
386
393
499
570
711
655
824
807
713
695
683
857
951
1043
1077
1106
1094
1308
1279
1394
1541
1637
1684
1881
2236
2306
2428
2331
2344
2484
2495
2381
2511
2744
2801
2880
2598
2437
1972
1250
271
-322
-260
114
511
548
395
-162
-551
-805
-951
-1033
-715
-421
-70
-16
-92
-345
-625
-594
-478
-272
-368
-371
-376
-385
-511
-491
-656
-920
-1085
-1107
-1211
-1317
-1250
-1259
-1013
-1243
-1059
-1022
-1300
-1146
-1030
-828
-693
-507
-330
-329
-305
-221
-191
13
90
229
211
127
103
-20
-96
-10
46
-135
-171
-411
-439
-564
-724
-918
-852
-682
-585
-470
-400
-201
-171
-122
-85
-23
114
190
223
477
616
622
659
737
847
855
872
1081
1169
1104
1172
1172
1143
1077
1039
1177
1303
1317
1475
1451
1550
1639
1795
1851
1794
1964
2126
2232
2283
2318
2261
2204
2324
2534
2626
2768
2712
2440
1810
1170
405
31
101
401
469
383
5
-573
-813
-1004
-1145
-1203
-887
-601
-522
-551
-591
-902
-1141
-1124
-949
-861
-825
-701
-692
-830
-1055
-1164
-1382
-1453
-1474
-1470
-1526
-1568
-1518
-1607
-1608
-1601
-1678
-1651
-1693
-1490
-1377
-1337
-1229
-1104
-1004
-882
-795
-688
-564
-393
-262
-216
-87
-194
-262
-275
-499
-530
-440
-573
-453
-500
-643
-755
-994
-1005
-994
-924
-733
-590
-415
-289
-250
-215
-113
-1
99
372
463
411
530
515
373
501
432
603
754
682
783
895
1042
1035
902
926
1049
1220
1322
1406
1514
1534
1509
1474
1677
1858
1996
2066
2068
2119
2171
2192
2029
1982
2091
2151
2383
2471
2358
2096
1639
1077
644
718
792
858
788
625
237
-65
-254
-581
-544
-613
-303
-290
-182
-189
-416
-970
-1093
-1102
-1011
-877
-919
-793
-778
-942
-1199
-1269
-1464
-1492
-1354
-1313
-1356
-1209
-1287
-1433
-1577
-1570
-1489
-1526
-1388
-1360
-1197
-1221
-1327
-1228
-1130
-1061
-1001
-848
-730
-666
-490
-455
-442
-497
-572
-554
-467
-384
-303
-328
-374
-228
-380
-547
-609
-673
-714
-767
-734
-678
-695
-647
-526
-528
-487
-382
-273
-147
-10
122
64
113
171
247
493
649
649
739
747
759
784
882
943
811
846
944
1051
1065
1144
1130
1139
1258
1471
1524
1746
1835
2025
2047
2011
2215
2149
2151
2052
1979
2310
2367
2254
1796
1162
902
859
813
833
828
682
433
103
-81
-328
-463
-598
-668
-429
-180
-87
-312
-677
-786
-931
-938
-966
-891
-834
-893
-809
-859
-1277
-1460
-1491
-1607
-1546
-1497
-1468
-1494
-1534
-1626
-1605
-1578
-1570
-1546
-1365
-1244
-1227
-1166
-1220
-1233
-1120
-1153
-931
-993
-767
-814
-642
-575
-764
-736
-826
-911
-948
-836
-835
-659
-642
-681
-837
-887
-746
-735
-664
-573
-515
-582
-508
-501
-617
-644
-558
-435
-251
-172
-229
-125
-70
-20
0
-38
-56
98
215
307
255
249
263
356
523
583
718
680
834
884
918
907
943
925
967
1153
1337
1490
1424
1534
1640
1558
1532
1522
1512
1688
1801
1847
1592
1166
978
1028
1093
1043
913
609
286
241
288
178
-284
-559
-454
-487
-568
-559
-865
-1174
-1148
-1177
-1183
-1162
-1208
-1182
-1243
-1177
-1259
-1372
-1534
-1546
-1355
-1617
-1694
-1617
-1680
-1802
-1792
-1672
-1835
-1857
-1783
-1683
-1588
-1581
-1488
-1444
-1451
-1318
-1283
-1196
-1005
-833
-866
-695
-683
-703
-523
-518
-453
-396
-353
-322
-264
-362
-420
-531
-407
-363
-384
-318
-376
-455
-434
-385
-256
-291
-279
-217
-134
-83
-90
54
71
251
297
375
326
386
496
484
562
513
392
368
486
454
650
676
629
748
961
948
1090
1272
1208
1354
1403
1494
1565
1597
1688
1760
1797
1982
2045
2020
1994
2076
1964
1927
1485
1059
1143
1162
1152
971
733
482
339
346
382
24
-159
-141
-318
-362
-352
-564
-787
-971
-994
-883
-876
-1029
-1152
-1218
-1247
-1204
-1344
-1501
-1690
-1586
-1362
-1446
-1403
-1460
-1638
-1649
-1707
-1676
-1674
-1656
-1543
-1560
-1542
-1358
-1293
-1359
-1207
-1139
-928
-904
-896
-801
-710
-527
-484
-407
-455
-402
-337
-407
-452
-238
-198
-267
-191
-181
-85
-231
-173
-159
-29
-14
-109
-82
-234
-211
-134
-16
-41
-111
28
112
202
392
393
493
689
652
758
735
819
926
933
989
908
955
1052
1051
1042
1201
1181
1221
1297
1274
1518
1489
1557
1723
1753
1818
1836
1900
1916
2133
2107
2192
2292
2355
2367
2024
1683
1496
1463
1493
1423
1182
868
610
545
427
368
-53
-296
-246
-153
-170
-396
-702
-1033
-1021
-926
-928
-907
-886
-963
-862
-928
-1007
-1374
-1572
-1647
-1583
-1450
-1641
-1656
-1749
-1785
-1878
-1884
-2048
-2182
-1973
-1738
-1719
-1710
-1613
-1578
-1500
-1284
-1278
-1073
-783
-946
-822
-669
-642
-706
-649
-665
-620
-615
-663
-625
-806
-699
-722
-759
-602
-529
-542
-488
-552
-455
-480
-481
-379
-426
-476
-404
-166
-129
-56
-95
-30
-28
-58
-31
10
151
329
465
456
448
531
570
526
620
697
809
948
1077
1182
1232
1175
1228
1352
1407
1570
1717
1736
1852
1796
1817
1916
1963
2018
1994
2086
2296
2333
2155
1839
1473
1395
1362
1285
1195
858
644
571
636
533
294
8
-119
-50
-143
-180
-368
-665
-893
-958
-883
-1020
-993
-955
-1016
-1086
-1029
-1034
-1262
-1398
-1511
-1331
-1319
-1195
-1182
-1459
-1407
-1351
-1457
-1581
-1513
-1340
-1269
-1325
-1223
-1337
-1262
-1137
-1250
-1022
-919
-782
-696
-544
-451
-395
-289
-380
-336
-229
-170
-134
-204
-139
-244
-360
-342
-249
-245
-237
-137
-230
-218
-260
-296
-423
-405
-322
-314
-184
-123
-50
25
73
181
238
284
347
500
708
766
733
759
875
1039
874
881
960
1005
1085
972
1036
1117
1180
1308
1393
1414
1487
1577
1692
1710
1663
1718
1775
1946
2052
2173
2213
2206
2223
1904
1531
1300
1426
1355
1241
877
615
382
311
412
189
-119
-276
-224
-184
-136
-297
-542
-776
-884
-791
-682
-827
-1036
-1184
-1038
-1237
-1233
-1378
-1470
-1393
-1380
-1309
-1458
-1427
-1426
-1502
-1526
-1561
-1549
-1650
-1623
-1449
-1494
-1407
-1260
-1109
-1072
-997
-861
-788
-704
-547
-522
-265
-356
-518
-303
-370
-294
-87
-212
-270
-279
-264
-323
-379
-191
-339
-278
-245
-205
-239
-174
-109
-115
-183
-143
19
105
116
162
173
51
107
218
144
266
419
396
589
558
611
816
859
794
931
1052
1170
1151
1247
1193
1193
1233
1291
1486
1516
1629
1640
1590
1563
1733
1762
1828
1911
1911
1950
2036
2215
2251
1998
1602
1335
1303
1358
1317
1279
853
589
373
386
384
111
-338
-448
-333
-281
-290
-593
-911
-1069
-968
-870
-932
-1012
-1178
-1175
-1065
-1166
-1213
-1377
-1423
-1364
-1259
-1323
-1379
-1485
-1558
-1504
-1601
-1578
-1755
-1875
-1686
-1579
-1588
-1686
-1539
-1316
-1242
-1067
-973
-886
-682
-536
-411
-342
-230
-267
-162
-95
10
-71
9
161
-32
-52
-287
-181
-108
-274
-231
-131
-219
-316
-358
-339
-282
-341
-230
-217
-133
-4
-17
25
136
318
454
469
531
616
596
608
788
744
775
764
842
890
959
1091
1071
1215
1324
1273
1256
1323
1507
1600
1707
1778
1654
1783
1832
2002
1963
1931
1999
1948
2123
2037
1920
1393
1128
1432
1372
1287
1094
681
439
335
444
305
-21
-221
-109
-38
-269
-332
-542
-855
-914
-859
-936
-1158
-1170
-1008
-1085
-1276
-1346
-1342
-1570
-1610
-1471
-1427
-1480
-1511
-1498
-1554
-1607
-1643
-1582
-1662
-1556
-1340
-1399
-1352
-1377
-1370
-1104
-1118
-947
-875
-801
-629
-674
-539
-529
-415
-373
-307
-209
-123
-92
-152
-169
-119
-171
-247
-181
-187
-139
-160
-125
-169
-125
-227
-117
-152
-154
-190
-156
-60
-63
-40
20
109
176
461
356
429
583
721
806
779
771
835
1042
1193
1289
1336
1555
1449
1542
1563
1511
1536
1596
1739
1721
1793
1865
1923
1821
1929
2094
2135
2070
2179
2328
2441
2521
2406
2069
1584
1543
1726
1838
1482
1340
1036
805
726
666
509
94
-30
-6
-105
-218
-371
-615
-750
-714
-545
-621
-693
-628
-733
-633
-699
-789
-991
-1137
-1088
-1016
-1055
-1152
-1083
-1126
-1360
-1401
-1380
-1484
-1629
-1541
-1271
-1509
-1425
-1259
-1257
-1153
-1123
-1002
-794
-750
-617
-456
-507
-416
-364
-389
-296
-195
-88
-163
20
-42
-144
-146
-131
21
-133
-211
-253
-201
-292
-321
-227
-373
-303
-193
-142
38
-82
-73
-39
25
85
126
347
465
507
449
491
595
563
588
678
812
969
1031
1166
1240
1218
1211
1336
1303
1413
1558
1560
1569
1670
1819
1742
1806
1885
1967
1894
1898
1975
1892
1960
1994
1786
1398
1213
1368
1229
1057
967
721
456
411
436
218
-31
-154
-289
-276
-326
-532
-915
-1083
-1051
-1077
-1148
-1341
-1297
-1444
-1475
-1336
-1381
-1491
-1680
-1806
-1668
-1631
-1698
-1664
-1707
-1698
-1668
-1595
-1636
-1601
-1501
-1365
-1296
-1496
-1474
-1480
-1474
-1284
-1292
-1226
-1218
-992
-832
-769
-730
-651
-482
-436
-439
-416
-290
-236
-174
-200
-146
-199
-85
-177
-188
-241
-347
-188
-308
-365
-456
-436
-454
-475
-386
-519
-393
-270
-305
-211
-108
66
192
303
236
355
469
499
589
693
810
923
757
822
906
1050
1155
1113
1099
1169
1194
1344
1448
1413
1424
1437
1507
1521
1642
1614
1760
1857
1888
1988
2105
1982
1833
1461
1298
1403
1149
1077
803
494
298
350
352
119
-171
-333
-397
-445
-570
-770
-1002
-1188
-1062
-984
-1049
-1198
-1230
-1308
-1257
-1249
-1327
-1460
-1574
-1549
-1427
-1575
-1648
-1564
-1714
-1589
-1575
-1466
-1513
-1724
-1557
-1501
-1559
-1510
-1548
-1445
-1273
-1091
-1004
-871
-825
-656
-436
-339
-312
-182
-151
-161
-142
-149
-74
-112
-138
-99
-53
57
16
-75
-57
-103
-7
29
122
51
67
47
-106
-93
-117
-9
31
33
93
-1
206
324
366
402
309
540
581
610
768
865
913
1020
1072
1163
1172
1283
1284
1309
1350
1385
1479
1469
1617
1592
1609
1634
1697
1702
1711
1895
1999
1919
2002
1991
1853
1667
1336
1216
1230
1160
1070
832
456
200
222
275
23
-293
-393
-519
-605
-696
-809
-1111
-1435
-1410
-1350
-1433
-1546
-1571
-1616
-1738
-1645
-1619
-1760
-1883
-1853
-1719
-1692
-1847
-1779
-1785
-1912
-1790
-1870
-1968
-1846
-1878
-1950
-1864
-1898
-1796
-1745
-1705
-1568
-1463
-1335
-1320
-1210
-1144
-1116
-999
-848
-771
-694
-595
-606
-573
-426
-487
-500
-490
-532
-533
-528
-606
-574
-575
-567
-624
-620
-609
-661
-659
-691
-611
-455
-487
-424
-400
-377
-293
-212
-167
-80
44
129
167
105
256
286
401
560
649
744
704
683
833
985
982
1091
1187
1223
1279
1298
1300
1383
1405
1469
1558
1653
1743
1796
1952
1952
1872
1799
1684
1477
1280
1266
1230
1075
984
732
462
441
394
217
101
-75
-105
-28
-125
-421
-567
-743
-948
-876
-941
-1072
-1105
-1119
-1237
-1299
-1261
-1419
-1491
-1521
-1510
-1530
-1464
-1619
-1716
-1554
-1881
-1702
-1595
-1572
-1601
-1609
-1510
-1436
-1317
-1257
-1203
-1171
-1048
-948
-894
-966
-816
-678
-675
-587
-533
-646
-474
-404
-351
-443
-420
-371
-452
-371
-338
-215
-274
-338
-296
-230
-204
-213
-253
-210
-193
-142
-142
-275
-249
-206
-158
-185
-66
11
52
175
193
275
357
368
338
462
518
591
726
793
862
873
721
770
914
1037
1031
1022
1175
1113
1095
1062
1219
1315
1324
1390
1575
1713
1599
1540
1562
1584
1499
1435
1257
1104
1207
1122
882
675
508
421
299
242
-42
-282
-320
-433
-462
-655
-692
-946
-968
-968
-899
-1028
-1196
-1193
-1283
-1212
-1204
-1192
-1362
-1302
-1192
-1293
-1329
-1390
-1518
-1628
-1538
-1462
-1504
-1535
-1534
-1461
-1442
-1498
-1398
-1266
-1149
-950
-847
-717
-799
-619
-520
-554
-413
-331
-208
-92
-118
-49
76
119
95
188
155
15
131
176
56
-4
47
137
42
62
94
56
0
55
72
174
279
167
104
192
223
254
346
325
331
417
586
725
689
727
791
874
963
954
960
930
1052
1085
1167
1270
1442
1479
1441
1644
1553
1490
1543
1398
1568
1648
1670
1708
1622
1576
1519
1559
1446
1195
1051
1043
1038
863
614
525
428
307
246
196
-17
-263
-319
-345
-408
-582
-779
-923
-917
-933
-981
-1228
-1264
-1324
-1435
-1452
-1543
-1490
-1528
-1658
-1541
-1563
-1684
-1627
-1682
-1728
-1709
-1686
-1701
-1758
-1732
-1650
-1681
-1763
-1702
-1620
-1586
-1510
-1415
-1307
-1187
-987
-891
-969
-862
-849
-736
-643
-705
-658
-570
-438
-488
-445
-327
-399
-380
-326
-395
-343
-353
-301
-293
-452
-499
-482
-291
-342
-292
-201
-215
-126
-99
7
156
219
248
394
417
363
477
462
556
678
641
772
719
889
920
912
984
952
943
942
1053
955
1191
1150
1155
1271
1229
1309
1399
1435
1322
1383
1468
1567
1468
1487
1494
1458
1250
1014
1000
889
708
528
351
182
80
-49
-151
-273
-439
-584
-622
-752
-739
-816
-923
-941
-1079
-1074
-1222
-1257
-1291
-1497
-1600
-1599
-1569
-1658
-1783
-1823
-1796
-1885
-1905
-1986
-2079
-2069
-1993
-2002
-2009
-1930
-1877
-1787
-1749
-1695
-1731
-1489
-1316
-1321
-1272
-1171
-1024
-1038
-847
-844
-805
-692
-600
-507
-473
-368
-284
-247
-210
-223
-189
-167
-80
-19
-157
-76
-13
17
-65
81
35
107
181
157
153
191
374
230
290
241
476
461
490
502
507
629
689
742
926
971
914
930
967
1010
1107
1190
1103
1369
1379
1400
1456
1402
1451
1483
1473
1518
1588
1423
1636
1837
1805
1851
1631
1724
1653
1515
1419
1445
1369
1132
1087
845
754
623
572
348
118
-29
-123
-172
-424
-599
-623
-728
-905
-1013
-925
-1040
-1171
-1213
-1276
-1317
-1331
-1222
-1339
-1354
-1342
-1532
-1489
-1529
-1524
-1594
-1695
-1749
-1669
-1792
-1889
-1769
-1794
-1701
-1673
-1500
-1444
-1422
-1199
-1097
-986
-850
-698
-630
-737
-613
-442
-274
-331
-308
-213
-170
-103
-51
3
127
64
35
128
-87
-18
-15
54
30
86
219
191
145
135
307
282
425
463
544
636
610
677
651
664
664
602
816
949
936
737
818
965
1011
944
1030
990
1063
964
968
1180
1186
1142
1068
1248
1267
1271
1366
1374
1430
1447
1459
1405
1371
1254
1271
1288
1142
946
778
770
547
670
421
293
102
-149
-26
-134
-287
-408
-402
-462
-515
-562
-634
-695
-918
-1037
-1088
-1077
-1158
-1248
-1404
-1353
-1368
-1365
-1328
-1559
-1520
-1564
-1535
-1525
-1616
-1601
-1661
-1648
-1599
-1571
-1585
-1464
-1387
-1405
-1265
-1161
-1176
-1122
-1111
-981
-829
-877
-870
-661
-655
-551
-514
-444
-250
-240
-200
-203
-137
-8
29
109
157
239
159
127
292
382
315
226
353
238
321
311
330
352
382
389
502
505
591
647
700
922
891
1008
1053
1065
1040
1062
970
932
988
1108
1171
1073
1064
1128
1084
1018
940
888
964
948
1061
1086
1194
1225
1216
1373
1360
1281
1267
1163
1150
1016
882
916
743
605
476
365
355
206
-12
-83
-206
-393
-542
-548
-810
-803
-716
-786
-907
-1020
-1024
-1076
-1103
-1041
-1126
-1104
-1076
-1055
-1120
-1213
-1243
-1295
-1346
-1438
-1406
-1394
-1564
-1479
-1494
-1583
-1451
-1515
-1335
-1358
-1383
-1263
-1177
-989
-962
-851
-904
-739
-451
-478
-320
-164
-112
-29
117
191
29
43
46
15
215
62
115
76
165
273
298
314
309
524
458
607
535
565
705
635
714
784
843
916
970
1100
1164
1009
1051
1243
1317
1433
1295
1180
1269
1227
1376
1361
1463
1548
1256
1332
1501
1578
1380
1509
1593
1460
1479
1652
1701
1504
1486
1669
1617
1510
1470
1354
1318
1283
1267
1091
860
758
887
703
632
515
404
315
325
221
-74
-192
-367
-371
-452
-524
-721
-800
-896
-932
-1044
-1138
-1213
-1258
-1196
-1245
-1206
-1312
-1413
-1401
-1487
-1310
-1236
-1235
-1332
-1223
-1285
-1393
-1472
-1405
-1329
-1260
-1130
-1169
-946
-1096
-1030
-1103
-1013
-937
-832
-636
-744
-548
-427
-367
-332
-227
-174
-4
58
123
219
341
348
314
246
268
268
219
399
284
366
381
432
424
399
423
481
398
452
517
619
714
578
698
736
830
842
847
895
939
1023
992
1068
1137
1039
1027
967
1073
1054
921
886
949
947
888
980
957
1063
1114
1159
1071
999
1091
972
1003
1130
1009
947
940
780
646
526
428
398
169
128
-46
-123
-160
-292
-373
-444
-531
-735
-848
-965
-944
-867
-947
-1014
-1155
-1073
-1088
-1148
-1146
-1283
-1337
-1265
-1363
-1401
-1428
-1424
-1338
-1304
-1342
-1330
-1294
-1443
-1367
-1366
-1448
-1170
-1104
-1078
-1024
-902
-743
-712
-652
-534
-322
-325
-264
-59
27
37
140
123
141
140
184
219
281
266
409
363
344
474
519
547
511
623
679
719
711
756
709
815
737
746
756
734
789
756
700
762
909
786
796
795
748
776
927
951
1030
1082
1052
1102
1056
1064
1010
1079
1216
1248
1193
1225
1158
1046
1054
902
854
832
882
652
635
648
576
516
330
360
392
469
343
232
157
58
-6
-75
-135
-224
-288
-326
-304
-511
-661
-785
-857
-984
-1064
-1169
-1251
-1188
-1251
-1278
-1344
-1361
-1257
-1229
-1147
-1163
-1173
-1092
-1015
-1089
-1106
-885
-873
-874
-813
-646
-681
-640
-709
-520
-539
-578
-376
-416
-241
-252
-117
-180
-26
87
212
406
327
466
544
652
577
729
646
731
908
670
860
830
965
1084
982
881
1033
888
935
999
911
845
868
963
942
1103
1017
975
939
1200
1131
1085
1115
1150
1201
1335
1239
1168
1161
1089
1164
1207
1105
1007
1108
1062
987
952
912
993
939
895
894
847
767
607
634
678
680
396
418
447
266
252
140
-21
-98
-137
-272
-352
-381
-464
-595
-695
-704
-993
-1010
-962
-1063
-1274
-1270
-1252
-1279
-1300
-1400
-1371
-1499
-1382
-1396
-1478
-1452
-1465
-1534
-1533
-1503
-1540
-1452
-1387
-1368
-1368
-1386
-1164
-1139
-1048
-987
-944
-893
-1033
-836
-830
-721
-493
-573
-445
-319
-284
-312
-274
-191
-137
-74
-112
-21
22
101
75
132
188
239
396
331
404
441
573
640
650
646
653
742
683
741
815
824
722
682
668
606
666
682
597
701
627
625
655
741
656
624
559
673
722
764
697
652
700
628
683
618
634
549
636
444
301
175
112
91
108
132
96
111
-60
-100
-153
-183
-234
-168
-183
-355
-271
-383
-410
-426
-548
-568
-536
-630
-719
-756
-880
-902
-962
-1053
-1213
-1373
-1443
-1454
-1439
-1545
-1592
-1518
-1429
-1540
-1586
-1571
-1487
-1473
-1447
-1405
-1374
-1333
-1318
-1074
-907
-966
-863
-854
-860
-802
-769
-668
-709
-758
-641
-547
-573
-453
-306
-407
-338
-201
-203
-190
-99
75
97
201
311
323
321
331
431
629
533
445
380
427
503
424
483
526
673
587
503
403
558
588
568
527
482
505
485
541
643
720
593
611
609
498
572
489
474
546
513
571
451
460
551
644
572
366
428
392
458
386
227
305
240
264
272
112
69
45
-52
-88
-160
-178
-154
-196
-247
-300
-275
-296
-305
-485
-637
-596
-726
-759
-758
-814
-867
-797
-845
-880
-1032
-1087
-1152
-1055
-887
-1040
-1120
-968
-1014
-1186
-1075
-1105
-1146
-1187
-1259
-1122
-1166
-1132
-1000
-998
-962
-937
-840
-738
-669
-707
-560
-542
-517
-513
-351
-318
-342
-246
-321
-301
-244
-158
-121
-149
-125
-52
-61
33
104
74
74
147
196
263
282
197
254
317
364
325
243
302
237
257
271
387
279
216
196
127
191
226
266
298
312
391
407
368
365
442
449
472
485
382
507
436
332
431
299
199
149
166
180
132
85
-124
-91
-52
6
11
-197
-183
-197
-307
-157
-222
-207
-225
-266
-292
-265
-288
-475
-514
-538
-681
-689
-621
-655
-599
-659
-797
-839
-873
-911
-955
-955
-979
-998
-1034
-1054
-931
-978
-1009
-912
-898
-970
-1007
-881
-847
-737
-768
-758
-725
-806
-684
-755
-728
-634
-704
-619
-593
-653
-591
-441
-443
-522
-475
-488
-421
-336
-390
-310
-322
-326
-213
-224
-157
-274
-326
-241
-233
-75
-208
-154
-218
-189
-69
-136
-96
38
28
80
97
115
193
316
375
223
303
324
303
246
277
212
125
264
141
49
151
20
-25
-14
3
16
25
43
8
69
72
-54
-63
85
71
84
22
-98
-161
-222
-85
-110
-167
-380
-439
-350
-327
-429
-494
-442
-515
-423
-424
-489
-446
-572
-496
-562
-597
-583
-648
-625
-645
-590
-711
-658
-801
-974
-946
-852
-861
-915
-939
-999
-887
-978
-918
-972
-982
-887
-1033
-1035
-934
-897
-812
-860
-821
-826
-816
-692
-668
-684
-709
-574
-688
-619
-741
-584
-596
-720
-563
-563
-636
-596
-370
-503
-506
-360
-315
-233
-86
-36
106
134
49
133
172
141
123
238
211
379
416
353
495
417
506
402
399
319
245
448
361
446
509
329
268
494
501
585
473
491
612
663
568
553
505
449
535
478
558
592
470
364
535
440
432
447
343
417
383
371
218
278
266
241
313
242
212
162
177
140
191
104
156
73
-7
-109
-235
-229
-217
-254
-308
-322
-314
-409
-461
-591
-461
-458
-362
-389
-497
-378
-415
-481
-530
-407
-371
-419
-403
-430
-494
-543
-448
-496
-533
-564
-501
-455
-476
-466
-522
-494
-575
-566
-408
-330
-249
-287
-251
-163
-97
-103
-110
-118
-93
-4
14
-129
-175
-92
-18
102
76
153
167
268
66
97
277
203
231
259
343
369
438
527
448
486
589
658
679
546
600
691
703
683
587
691
808
679
