6
15
-12
-19
41
213
170
234
194
61
-63
84
100
135
181
-15
43
53
33
-53
-74
-192
-176
-150
-157
-181
-135
-323
-319
-292
-196
-316
-350
-353
-411
-303
-75
-286
-172
-16
-173
155
42
-115
-73
0
-121
-62
-226
-428
-296
-190
-333
-346
-406
-477
-218
-196
-371
-258
-442
-276
-194
-217
-300
-233
-245
-152
-224
-218
-254
-241
-287
-127
-193
-280
-252
-197
-197
-186
-169
-158
-193
-139
-19
-78
26
-40
-33
4
55
-75
-13
-188
-91
-136
-131
-236
-213
-244
-201
-117
-106
-102
-155
-19
-184
146
77
94
110
122
170
262
308
293
275
235
259
285
283
331
515
329
162
112
245
252
197
203
150
272
249
288
437
400
327
522
676
477
526
605
456
279
302
364
370
279
261
345
389
353
238
252
195
160
156
71
107
129
184
198
140
199
136
150
51
140
196
144
220
83
134
179
126
9
15
64
-14
-60
-147
-153
-159
-177
-227
-291
-346
-223
-131
-78
-121
-144
-25
-10
-39
-50
-142
-98
-86
-21
-173
-270
-178
-289
-301
-220
-350
-253
-239
-238
-277
-100
-93
-177
-124
-177
-153
-21
32
44
-29
-51
-46
-36
103
144
115
39
61
135
170
155
198
204
217
157
276
301
232
337
510
478
431
484
520
509
472
522
511
429
539
588
486
426
518
395
490
546
446
434
380
374
512
418
495
337
289
439
288
323
323
177
114
233
82
-119
-160
-227
-300
-246
-383
-447
-507
-596
-511
-655
-643
-671
-690
-676
-675
-630
-632
-668
-671
-692
-751
-663
-529
-530
-638
-607
-651
-649
-646
-729
-795
-851
-785
-710
-785
-905
-859
-804
-785
-747
-729
-787
-680
-546
-678
-553
-568
-539
-552
-264
-251
-339
-350
-574
-475
-597
-528
-438
-320
-452
-422
-315
-292
-197
-128
-348
-243
-139
-185
-124
-166
-183
-173
-72
57
-52
37
17
58
86
250
172
185
387
494
660
768
729
673
798
740
719
782
717
846
1059
973
1156
1194
1113
1080
1084
1109
1336
1392
1135
1153
1524
1371
1384
1381
1292
1217
1134
928
795
542
485
530
388
229
52
-42
-173
-147
-84
-329
-368
-348
-445
-461
-590
-503
-661
-600
-642
-382
-422
-441
-354
-311
-364
-408
-470
-463
-448
-385
-397
-412
-509
-347
-405
-265
-192
-405
-437
-354
-498
-551
-452
-499
-448
-577
-602
-525
-463
-444
-454
-516
-568
-500
-550
-501
-461
-379
-236
-288
-391
-216
-92
-199
-9
-43
-116
-48
13
-84
-259
-270
-256
-327
-451
-562
-556
-687
-709
-630
-639
-609
-700
-686
-646
-638
-657
-598
-526
-536
-465
-280
-389
-238
-202
-61
3
111
215
148
257
470
407
353
601
658
645
657
722
831
905
970
859
975
1061
1302
1404
1301
1370
1456
1691
1560
1602
1674
1701
1686
1587
1386
1510
1459
1524
1357
1114
913
880
740
462
163
120
-32
-49
-52
-269
-246
-370
-434
-567
-653
-712
-753
-851
-902
-1022
-967
-972
-955
-843
-844
-700
-608
-608
-579
-583
-411
-397
-452
-405
-378
-341
-363
-374
-271
-228
-313
-210
-368
-379
-401
-375
-432
-385
-265
-324
-283
-387
-374
-328
-197
-66
-109
-126
-59
23
-99
-63
16
-59
86
154
-14
-71
-34
-35
-119
-197
-237
-304
-426
-577
-687
-761
-773
-750
-844
-819
-838
-863
-780
-758
-693
-785
-718
-616
-626
-465
-289
-264
-397
-294
-246
-202
-96
-84
-73
105
209
201
283
331
441
538
681
756
881
933
1091
1092
1219
1359
1361
1436
1492
1561
1565
1627
1674
1503
1586
1676
1600
1765
1604
1686
1732
1660
1379
1275
960
733
550
274
-63
-183
-398
-566
-769
-821
-868
-1055
-1240
-1377
-1516
-1576
-1463
-1659
-1711
-1498
-1305
-1218
-1212
-1239
-959
-888
-734
-662
-784
-793
-678
-625
-558
-620
-811
-709
-658
-731
-703
-689
-678
-716
-676
-858
-863
-800
-787
-733
-614
-679
-636
-645
-480
-457
-322
-292
-235
-114
-100
61
72
-78
61
134
12
76
-13
-119
-142
-77
-99
-173
-340
-508
-493
-535
-635
-769
-969
-941
-990
-987
-971
-918
-950
-961
-836
-727
-639
-686
-732
-518
-429
-424
-354
-226
22
84
171
157
445
583
698
744
779
882
1028
1094
1089
1254
1401
1551
1644
1845
1837
1854
1985
2087
2014
2004
2258
2318
2331
2291
2473
2541
2589
2672
2674
2765
2689
2634
2407
2141
1695
1401
1235
994
666
338
272
20
-79
-135
-303
-575
-841
-989
-1149
-1167
-1367
-1530
-1626
-1573
-1388
-1392
-1203
-1117
-1013
-941
-912
-763
-614
-626
-660
-699
-620
-503
-433
-473
-544
-641
-666
-485
-480
-489
-631
-475
-700
-791
-753
-762
-680
-772
-820
-775
-598
-409
-461
-321
-319
-163
-82
-147
5
-43
-23
40
17
-183
-87
-124
-216
-144
-212
-183
-396
-610
-664
-793
-694
-842
-872
-1000
-1007
-1064
-1109
-1072
-1038
-985
-1006
-937
-937
-870
-895
-751
-827
-825
-669
-502
-363
-385
-120
-36
100
260
281
419
534
551
646
850
922
1044
1161
1197
1349
1325
1398
1562
1656
1641
1643
1642
1794
1999
1996
2027
2177
2402
2341
2468
2611
2794
2747
2755
2661
2554
2336
1903
1631
1338
1048
746
446
252
23
-158
-239
-401
-652
-922
-1150
-1255
-1419
-1555
-1629
-1842
-1887
-1812
-1561
-1470
-1399
-1227
-1012
-858
-761
-557
-432
-557
-622
-534
-392
-440
-440
-460
-406
-389
-619
-630
-752
-714
-864
-741
-830
-777
-763
-875
-854
-1003
-903
-684
-592
-598
-679
-612
-534
-514
-390
-512
-569
-689
-684
-586
-633
-567
-451
-612
-568
-527
-589
-806
-692
-768
-779
-914
-1134
-1263
-1170
-1188
-1162
-1333
-1537
-1371
-1153
-1350
-1441
-1415
-1509
-1221
-1086
-1077
-1097
-973
-786
-479
-372
-374
-255
-87
106
398
312
332
435
582
652
875
820
941
1151
1287
1209
1465
1341
1384
1433
1492
1584
1689
1851
1824
1934
2095
2245
2402
2557
2587
2795
2936
2927
2625
2296
1999
1645
1210
883
510
231
125
-136
-240
-346
-426
-524
-844
-1030
-1217
-1268
-1374
-1557
-1580
-1578
-1548
-1305
-1146
-974
-806
-651
-289
-132
-99
-5
116
43
-106
-27
120
211
-34
-54
191
125
221
177
134
111
-90
-76
-73
-15
49
-17
-23
-17
136
184
132
147
212
226
133
167
172
120
62
175
167
123
65
-86
12
56
-40
-60
-20
-172
-379
-411
-443
-708
-720
-801
-898
-878
-871
-914
-994
-1070
-1137
-1206
-1242
-1180
-1250
-1213
-1331
-1118
-922
-730
-813
-794
-529
-391
-158
-102
45
229
288
472
483
520
603
856
960
1006
1065
1125
1125
1196
1238
1292
1522
1515
1603
1641
1756
1931
2021
2078
2229
2317
2500
2706
2851
2986
3146
3040
2896
2564
2128
1819
1483
1129
616
331
-37
-226
-614
-678
-602
-938
-1161
-1373
-1514
-1619
-1764
-1866
-1907
-2080
-2054
-1814
-1618
-1375
-1097
-838
-687
-488
-269
-261
-205
-358
-335
-273
-254
-223
-365
-437
-444
-285
-125
-151
-245
-414
-269
-280
-282
-204
-457
-463
-463
-372
-312
-214
-189
-237
-262
-156
3
18
-74
-191
-403
-438
-346
-326
-321
-272
-295
-340
-283
-313
-294
-309
-339
-411
-534
-605
-659
-749
-791
-913
-1087
-1221
-1236
-1247
-1223
-1197
-1205
-1455
-1605
-1601
-1650
-1396
-1410
-1204
-1003
-973
-877
-693
-548
-423
-336
-104
-31
70
200
171
268
342
315
313
415
599
586
640
780
844
850
844
1060
1287
1548
1511
1587
1780
1862
1999
2320
2330
2496
2526
2753
2781
2889
2758
2509
2169
1903
1692
1274
848
517
52
-350
-494
-552
-757
-818
-1000
-1239
-1364
-1579
-1576
-1625
-1832
-1862
-1952
-1899
-1549
-1383
-1166
-1154
-875
-685
-601
-310
-98
-105
-175
-318
-192
-131
-131
-274
-413
-418
-304
-187
-39
-172
-250
-207
-1
-129
-338
-372
-447
-431
-432
-482
-438
-466
-410
-346
-266
-233
-156
-155
-201
-166
-119
-32
-12
-134
-114
-51
-9
8
-45
79
6
-78
-196
-269
-312
-447
-444
-469
-687
-745
-802
-929
-910
-951
-946
-1023
-1040
-1044
-1114
-991
-932
-849
-795
-675
-533
-400
-189
-141
37
294
406
488
669
715
782
874
857
897
1063
1196
1235
1341
1310
1447
1549
1582
1776
1723
1789
1776
1869
1917
2109
2287
2439
2580
2679
2795
2890
3164
3261
3390
3204
2808
2399
1960
1715
1360
864
370
80
-240
-500
-581
-609
-816
-1046
-1264
-1496
-1436
-1499
-1504
-1812
-1914
-1983
-1881
-1674
-1554
-1214
-1085
-889
-667
-361
-236
-131
-52
-116
-131
-39
0
-53
-198
-188
-59
-50
-74
-191
-298
-372
-419
-455
-519
-614
-801
-826
-770
-723
-660
-584
-625
-636
-503
-330
-241
-243
-278
-260
-252
-435
-459
-340
-319
-275
-176
-149
-117
-44
-161
-359
-451
-534
-590
-862
-867
-983
-1094
-1237
-1306
-1305
-1441
-1597
-1647
-1645
-1643
-1607
-1618
-1656
-1579
-1395
-1405
-1355
-1174
-1111
-952
-776
-628
-450
-298
-131
-14
103
302
500
539
585
644
783
926
1041
1169
1027
1048
1059
1141
1342
1409
1459
1551
1693
1760
1748
1831
2003
2179
2311
2536
2619
2814
2822
2979
3121
2993
2704
2322
2042
1827
1057
842
363
-59
-304
-665
-636
-671
-829
-1284
-1651
-1789
-1810
-1786
-2140
-2364
-2573
-2424
-2107
-1817
-1753
-1655
-1227
-774
-510
-229
-143
-28
69
-43
106
-27
51
-138
-273
-246
-123
-80
-91
-240
-118
-86
-234
-355
-250
-373
-419
-532
-497
-514
-340
-162
-121
-73
-6
119
264
264
156
208
216
120
151
172
-40
113
124
140
190
261
106
22
-311
-358
-453
-509
-717
-857
-1003
-1048
-976
-1239
-1225
-1148
-1419
-1264
-1302
-1305
-1286
-1397
-1422
-1467
-1152
-1084
-1069
-898
-625
-475
-362
-170
4
181
317
542
767
835
904
974
1013
1002
1166
1261
1286
1314
1241
1341
1471
1436
1503
1539
1646
1687
1726
1910
2125
2258
2333
2482
2664
2911
2950
3107
3516
3648
3750
3455
3081
2702
2338
1928
1274
847
327
-26
-413
-651
-761
-883
-1045
-1312
-1419
-1687
-1663
-1630
-1838
-2175
-2210
-1892
-1784
-1642
-1406
-1048
-779
-473
-249
21
211
350
297
138
92
61
161
-127
-328
-197
-142
6
-130
-269
-276
-232
-313
-389
-453
-549
-628
-606
-626
-574
-394
-539
-470
-423
-291
-129
-106
-76
-99
-58
-161
-112
-104
-153
-109
-119
-83
-147
-143
-143
-109
-314
-331
-426
-610
-667
-959
-1057
-1156
-1287
-1389
-1457
-1467
-1455
-1700
-1732
-1721
-1734
-1774
-1608
-1539
-1379
-1268
-1120
-884
-797
-315
-160
-3
134
362
389
675
814
844
971
1055
1039
1089
936
1096
1180
1160
1148
1085
1123
1184
1198
1260
1419
1421
1597
1787
1959
2076
2125
2414
2763
3004
3364
3505
3653
3956
3923
3449
2954
2634
2259
1604
843
333
-93
-391
-822
-1202
-1261
-1233
-1487
-1790
-1910
-1992
-1956
-2148
-2366
-2601
-2446
-2228
-2099
-1848
-1609
-1138
-789
-459
-200
1
53
122
109
11
120
59
-221
-532
-544
-578
-492
-420
-555
-493
-557
-577
-761
-718
-819
-924
-1087
-1134
-1233
-1274
-1080
-1062
-1134
-972
-945
-809
-620
-554
-603
-603
-418
-516
-719
-556
-403
-405
-358
-437
-311
-151
-428
-744
-965
-980
-972
-1240
-1639
-1816
-1874
-1945
-1733
-2045
-2156
-2312
-2083
-2030
-1799
-1956
-1874
-1634
-1425
-1239
-880
-778
-531
-120
141
309
483
579
705
913
1111
1142
1094
1098
1130
1055
1116
1145
1048
1209
1246
1279
1434
1525
1328
1621
1561
1754
1981
1954
2255
2446
2651
3023
3381
3562
3669
3955
4288
4385
4098
3511
2917
2644
2265
1277
556
-19
-338
-582
-819
-967
-1205
-1204
-1353
-1512
-1664
-1783
-1786
-1969
-2256
-2368
-2034
-1787
-1534
-1225
-827
-450
-56
540
879
998
996
969
818
802
655
455
307
17
-79
12
-31
-26
-34
-207
-384
-620
-594
-791
-1005
-1148
-1388
-1384
-1288
-1220
-1021
-965
-793
-561
-225
-103
-99
-97
-181
-102
-235
-278
-417
-401
-288
-411
-481
-467
-646
-781
-932
-1108
-1279
-1579
-1785
-2021
-2151
-2431
-2518
-2498
-2614
-2681
-2555
-2353
-2215
-2118
-1963
-1672
-1518
-1429
-1168
-837
-440
-244
-94
26
311
594
721
867
861
994
1079
1164
1165
1151
1102
980
1060
1295
1354
1405
1511
1623
1766
1759
1881
2101
2201
2308
2585
2849
3211
3624
3694
4161
4667
4884
5013
4422
3610
2870
2279
1759
790
-304
-867
-1185
-1597
-1815
-1796
-1816
-1922
-2100
-2301
-2311
-2210
-2308
-2509
-2715
-2522
-2056
-1739
-1441
-1087
-452
57
634
1097
1389
1545
1488
1380
1139
993
890
608
116
-173
-243
-341
-306
-420
-646
-834
-958
-1064
-1239
-1458
-1746
-1847
-1934
-1988
-1791
-1430
-1056
-879
-595
-50
302
376
462
578
536
468
389
201
33
-175
-139
-309
-519
-591
-701
-1025
-1370
-1781
-2009
-2293
-2611
-2938
-3048
-3064
-3175
-3159
-3183
-2915
-2736
-2514
-2312
-1889
-1727
-1469
-1275
-1108
-951
-719
-487
-170
205
327
393
458
458
421
367
414
453
331
296
288
435
439
601
718
959
1110
1327
1480
1688
2002
2371
2430
2611
2993
3503
3846
4151
4419
5019
5399
5697
5233
4162
3200
2682
1906
501
-971
-1899
-2260
-2745
-2953
-3135
-3010
-3117
-3095
-2983
-2912
-2814
-2566
-2696
-2918
-2774
-2044
-1394
-779
-472
112
988
1674
2226
2774
2855
2884
2475
2110
1581
1153
803
190
-287
-679
-895
-894
-1058
-1420
-1446
-1633
-1726
-1848
-2149
-2088
-2011
-1970
-1839
-1513
-843
-238
217
568
1167
1662
1860
1870
1839
1908
1797
1505
1320
923
543
364
46
-439
-783
-1094
-1481
-1914
-2492
-2660
-2871
-3232
-3246
-3232
-3284
-3068
-2683
-2407
-2149
-1662
-1172
-965
-713
-231
71
283
339
566
838
945
1046
1086
1048
914
900
756
578
382
318
172
-13
-96
-74
181
138
294
731
941
1246
1603
1764
2227
2615
3029
3357
3667
4136
4596
5047
5500
6035
6448
6865
7145
7399
6953
5391
3534
2297
1352
-201
-2114
-3590
-4405
-4768
-5040
-5024
-4885
-4494
-4256
-4112
-3948
-3575
-3035
-2660
-2828
-2739
-2023
-709
272
876
1566
2608
3392
3854
4147
3967
3481
2733
1936
740
-13
-634
-1237
-2218
-2895
-2903
-2844
-2982
-3304
-3398
-3238
-3245
-3190
-3028
-2921
-2573
-2076
-1384
-684
75
1178
1987
2420
2830
3227
3481
3337
2813
2376
1652
855
212
-336
-1012
-1511
-2028
-2580
-3044
-3627
-4088
-4593
-5027
-5296
-5355
-5489
-5369
-4856
-4177
-3400
-2533
-1663
-947
-268
334
814
1016
1188
1241
1119
968
940
947
752
500
260
133
-147
-580
-980
-1165
-1466
-1545
-1550
-1512
-1178
-924
-430
-9
602
1323
1985
2605
3025
3462
3944
4286
4685
5194
5568
5919
6229
6535
6909
7265
7487
7821
7936
7782
6816
4560
1940
424
-777
-2857
-5031
-6705
-6998
-6703
-6311
-6049
-5105
-4146
-3528
-2992
-2648
-1915
-1208
-802
-1000
-928
259
1926
2775
3113
3579
4233
4457
4323
3956
3207
2051
573
-927
-2151
-2990
-3406
-4101
-5063
-5267
-4716
-4076
-3874
-3978
-3779
-3180
-2418
-2110
-1712
-980
-236
673
1466
2201
3217
4146
4471
4521
4418
4036
3576
2583
1459
426
-975
-1974
-2789
-3570
-4164
-4508
-4997
-5356
-5460
-5535
-5498
-5476
-5616
-5380
-4716
-3972
-3328
-2527
-1753
-562
197
942
1218
1428
1449
1115
862
512
-18
-580
-1213
-1496
-1656
-1928
-2208
-2665
-2755
-2827
-2770
-2723
-2696
-2369
-1798
-1136
-612
216
1153
1894
2625
3318
3918
4489
4847
4999
5092
5030
5202
5351
5457
5367
5455
5643
5732
5928
6110
6308
6438
6668
6280
4192
1114
-864
-1507
-2761
-4946
-6631
-6896
-6227
-5412
-4434
-3339
-2057
-940
-349
-105
341
1088
1411
933
469
979
2380
3455
3324
3421
3663
3522
3178
2098
1087
-93
-1556
-3004
-4172
-4644
-4724
-4504
-4604
-4506
-3530
-2370
-1655
-1500
-1144
-740
51
628
1016
1745
2440
3092
3333
3801
4446
4818
4483
3552
2559
1909
1008
-354
-1538
-2624
-3506
-4079
-4433
-4609
-4631
-4666
-4680
-4741
-4569
-4078
-3868
-3748
-3499
-2852
-2007
-1244
-632
-132
482
805
928
575
169
-340
-960
-1586
-2107
-2339
-2552
-2953
-3252
-3347
-3206
-3190
-3235
-3365
-3194
-2939
-2663
-2225
-1755
-921
-126
636
1192
1981
2646
2949
3074
3061
3231
3279
3310
3112
2938
2834
2890
2957
3024
3252
3385
3500
3616
4083
4763
5162
5575
6315
7206
7635
6077
2600
-528
-1191
-1760
-3883
-6360
-7259
-6397
-5548
-4661
-3551
-1961
-921
-611
-894
-660
10
535
344
-525
-320
1312
2854
3081
2893
3219
3091
2463
1429
219
-931
-2324
-3645
-4806
-5328
-4772
-3846
-3747
-3715
-2939
-1535
-560
-310
-302
74
629
1040
1339
1978
2857
3650
3814
3727
3972
4304
3588
1990
750
-54
-750
-1765
-2748
-3575
-3837
-4006
-4121
-4158
-4199
-4268
-4253
-4360
-4591
-4505
-3874
-3428
-3016
-1957
-1232
-304
513
672
899
880
633
-206
-906
-1233
-1491
-1961
-2301
-2496
-2454
-2470
-2783
-2904
-3028
-2733
-2786
-2624
-2393
-1770
-1156
-417
388
1163
1941
2722
3027
3250
3664
3830
3646
3560
3584
3725
4117
4424
4345
4359
4401
4421
4359
4463
4297
4562
5161
5702
6739
7625
8300
6281
2268
-1122
-1800
-2435
-4808
-7548
-8054
-6837
-5280
-3900
-2447
-486
971
913
519
478
1164
1797
1280
9
-16
1680
3113
3201
2657
2469
1864
655
-997
-2288
-3421
-4628
-5549
-6174
-5903
-4294
-2656
-2255
-2023
-1103
257
978
819
568
718
1056
1512
1902
2560
3520
3822
3569
3108
3111
2954
1783
189
-1351
-2065
-2531
-2983
-3484
-3465
-3419
-3421
-3211
-3124
-3053
-3011
-3242
-3982
-4007
-3432
-2694
-2260
-1589
-740
-16
694
1064
1062
738
161
-666
-1376
-1873
-1948
-2344
-2738
-2858
-2783
-2358
-2467
-2680
-2807
-2610
-2378
-2165
-1783
-1206
-268
367
965
1604
2373
2793
2636
2555
2777
3062
3149
3067
3158
3280
3486
3782
3925
3922
3982
3994
4112
4184
4282
4987
5703
6371
7093
8249
9699
9820
6382
605
-2748
-2489
-3460
-6534
-8831
-8052
-5879
-3889
-2298
-500
1597
2047
1100
-76
43
1153
1547
344
-561
438
2634
3763
3061
2344
1660
220
-1876
-3807
-4843
-5467
-5854
-6209
-5976
-4382
-1809
-287
-428
-469
220
980
766
173
-172
83
729
1145
1601
2717
3816
3633
2570
1709
1622
1127
-434
-1910
-2728
-2514
-2368
-2474
-2481
-2435
-2573
-3096
-3553
-4117
-4422
-4763
-5261
-5188
-4416
-3422
-2419
-1582
-862
-266
208
235
-16
-269
-614
-911
-1317
-1678
-1729
-1776
-2202
-2696
-2966
-3243
-3302
-3549
-3677
-3292
-2627
-1810
-1133
-234
663
1406
1739
1960
2265
2471
2502
2546
2865
3274
3627
3780
3806
3674
3737
3586
3456
3176
3043
3613
3605
3846
4712
6023
7056
7934
8862
8241
4444
-1038
-3728
-3742
-4881
-7243
-8443
-6833
-4576
-2244
-442
1349
2597
2634
1485
98
150
796
904
-360
-822
605
2330
2504
1598
253
-797
-2397
-4385
-5690
-6208
-5960
-5596
-5027
-3847
-1831
418
1203
912
546
707
606
98
-227
-169
272
926
1025
1578
2514
2953
2282
1203
763
635
508
-206
-419
-185
258
371
261
-45
-452
-1575
-3140
-4340
-4643
-4642
-4942
-5021
-4412
-3404
-2334
-1496
-1154
-1083
-949
-747
-904
-971
-624
-345
-411
-725
-861
-930
-1404
-2438
-3161
-3736
-3823
-3781
-3557
-2834
-1916
-765
182
750
1316
2071
2270
2141
1943
2159
2379
2680
2941
3483
4039
4290
4234
3950
3946
3951
3856
3524
3581
4195
4640
4947
5682
6946
8125
8706
9538
10077
7257
739
-4428
-4856
-4270
-5730
-7814
-7209
-4137
-1169
674
2032
3715
4177
2972
743
-75
834
1763
1305
16
448
2385
3537
2186
316
-1167
-2879
-4894
-6420
-6668
-6004
-4874
-4085
-3406
-1854
419
1641
662
-452
-861
-833
-1000
-1195
-1022
-163
1014
1509
1530
1946
2479
1898
490
-319
-262
127
151
-2
477
1345
1548
1025
261
-452
-1607
-3387
-4819
-5284
-4960
-4450
-3870
-3210
-2196
-1166
-677
-762
-696
-760
-1011
-1303
-1251
-1080
-696
-505
-1026
-1649
-2115
-2717
-3473
-4269
-4496
-3990
-3403
-2569
-1757
-725
515
1238
1334
1298
1447
1435
1258
1266
1841
2605
3250
3710
4117
4540
4927
4741
4535
4029
3822
3831
3895
4449
5220
6059
6739
7570
8261
9276
9943
7409
1122
-4868
-6141
-5189
-5782
-7215
-6545
-3735
-730
1213
2260
3888
4350
2887
344
-941
113
1519
1734
689
533
1836
2814
1653
-380
-2075
-3649
-5454
-6818
-6789
-5672
-3926
-2929
-2270
-1226
131
826
-119
-1652
-2531
-2720
-2475
-2126
-1625
-753
614
1358
1273
1187
1343
821
-361
-1092
-1190
-483
54
74
110
822
1258
392
-1094
-2301
-3613
-4494
-4793
-4653
-4031
-3026
-2022
-1259
-645
-448
-604
-1194
-1790
-2168
-2257
-2186
-1846
-1320
-715
-839
-1147
-1923
-2626
-3617
-4490
-5111
-5168
-4608
-3683
-2689
-1867
-996
-115
562
606
400
81
128
260
581
1346
2423
3358
3784
4213
4583
4663
4557
4143
3831
3830
4237
4544
5392
6266
7016
7535
8195
9261
10650
9144
3004
-3913
-6346
-5032
-4805
-6118
-6032
-3246
129
1996
3030
4248
5027
3878
782
-1388
-735
1378
2360
1664
1129
2202
3323
2770
465
-1362
-2825
-4277
-5415
-5732
-4468
-2481
-1030
-702
-477
499
1021
-94
-2108
-3416
-3327
-2548
-1857
-1340
-255
1421
2328
1962
1495
1624
1388
408
-567
-650
470
1400
1455
1189
1288
1256
331
-1217
-2735
-3838
-4694
-5256
-5022
-3841
-2385
-1213
-258
360
714
877
677
28
-478
-547
-228
-301
-364
-163
-34
-622
-1756
-2877
-3519
-3925
-4285
-4376
-3937
-2660
-1554
-1007
-613
48
434
294
-100
-236
203
874
1417
1843
2613
3591
4249
4491
4569
5017
5147
4824
4591
4804
5287
5935
6636
7313
7769
8193
8829
7930
3450
-3179
-6790
-6345
-5431
-5989
-6059
-3603
-243
2344
3235
3635
4276
3666
1476
-1020
-1377
170
1761
1502
772
1234
2210
1686
-476
-2538
-3923
-4690
-5365
-5477
-4496
-2486
-505
150
86
101
450
-470
-2368
-3515
-3536
-2665
-1711
-1048
-281
1107
2129
1833
913
576
689
304
-324
-612
422
1631
1934
1552
1089
657
-285
-1844
-3359
-4586
-5105
-4816
-3919
-2817
-1894
-1369
-1084
-656
-494
-695
-1053
-1184
-962
-505
7
457
459
349
-133
-813
-1755
-2714
-3262
-3638
-3477
-3092
-2279
-1350
-733
-387
-518
-391
-137
-308
-497
-527
111
918
1543
2174
2773
3393
4080
4293
4377
4242
4219
4376
4725
5328
6071
6742
7517
8265
8690
8969
9159
7914
3192
-3456
-7031
-6211
-4912
-5218
-4964
-2784
601
2908
3220
3063
2998
2513
601
-1482
-1749
330
2188
2286
1472
1532
2081
1140
-1534
-4071
-5495
-5843
-5962
-5872
-5100
-3172
-1093
-579
-1235
-1479
-1707
-2516
-3781
-4598
-4197
-2704
-1093
-394
467
1806
2835
2140
695
-156
-51
-199
-648
-740
307
1448
1836
1140
289
-325
-1259
-2876
-4362
-5007
-4804
-3996
-2905
-1989
-1384
-836
-691
-1215
-1555
-2005
-2034
-1863
-1659
-1106
-202
229
20
-146
-832
-1478
-2344
-3118
-3407
-3224
-2732
-2284
-1585
-844
-374
-370
-742
-867
-552
-549
-554
-215
419
1767
2747
3353
3618
4030
4244
4413
4709
4750
5135
5427
5642
6254
6939
7662
8124
8546
8800
9043
8505
4531
-1928
-6318
-6030
-4429
-4504
-4566
-2325
1027
3405
3946
3489
3396
3341
1889
-309
-889
833
3172
4055
3411
3071
3433
2693
187
-2505
-4050
-4470
-4369
-4388
-4198
-2822
-890
-161
-943
-1951
-2442
-3062
-4282
-5221
-4727
-2843
-529
702
1384
2540
3738
3450
1863
541
212
360
196
-72
345
1347
1863
1297
206
-490
-1009
-2259
-3820
-4674
-4232
-3183
-2336
-1938
-1631
-695
43
-73
-627
-965
-896
-407
-189
-327
-35
259
111
-813
-1661
-2243
-2568
-3008
-3710
-3840
-3119
-2300
-1827
-1535
-1381
-1184
-1139
-1111
-939
-402
226
795
1368
1900
2748
3308
3423
3475
3576
3862
3999
4111
4357
5078
5907
6655
7187
7488
8064
8492
9137
9176
6593
565
-5217
-6580
-4996
-3949
-4209
-3148
-331
2263
3120
2562
1819
1500
718
-978
-2157
-1258
1566
3663
3654
2943
2825
2766
966
-1419
-3339
-4354
-4228
-3867
-3591
-2973
-1465
-437
-983
-2486
-3699
-4187
-4597
-5266
-5388
-4205
-1848
0
621
1100
1894
2219
1468
198
-422
21
752
1154
1265
1563
1677
1277
-26
-1603
-2626
-3307
-3799
-4392
-4305
-3305
-2244
-1778
-1917
-1969
-1698
-1372
-1523
-1722
-1208
-309
670
894
861
1062
980
209
-729
-1808
-2339
-2644
-3043
-3164
-2976
-2079
-1498
-1563
-1977
-2148
-2259
-2013
-1908
-1426
-408
632
1350
2183
2800
3304
3691
3819
3904
4332
4795
5252
5482
6016
6324
6788
7263
7263
7603
7957
8744
8638
5146
-1796
-6947
-7298
-5032
-4207
-4388
-3084
82
2688
3227
2060
1020
663
193
-1173
-1835
-439
2817
4789
4410
3247
2825
2135
-31
-2875
-4789
-5049
-4225
-3410
-2984
-2430
-1192
-235
-1332
-3384
-5137
-5418
-5464
-5381
-4806
-3008
-415
1445
1615
1543
1830
1850
908
-431
-1076
-638
651
1362
1416
1215
1001
576
-998
-2664
-3892
-4231
-4199
-4438
-4420
-3934
-2894
-2128
-2070
-2510
-2297
-1755
-1665
-1892
-1513
-460
494
726
373
270
46
-116
-588
-1520
-1930
-1825
-1716
-1665
-1320
-1060
-746
-740
-962
-1448
-1586
-1108
-507
-55
535
1338
2149
3020
3675
4223
4496
4724
4935
5329
6046
6766
7311
7843
8150
8403
8831
9112
9425
9634
8116
3038
-3684
-7137
-6212
-3903
-3076
-2651
-981
1475
3213
2913
1353
9
-314
-728
-1550
-1343
889
4067
5678
5160
3923
2933
1597
-287
-2517
-4131
-3911
-2899
-2111
-1987
-1712
-825
-754
-2033
-4210
-5769
-6068
-5233
-4249
-2945
-1316
635
1994
2057
1867
1768
1691
1222
650
425
845
1865
2765
2720
1878
913
4
-1073
-2317
-3253
-3611
-3618
-3449
-3415
-3260
-2632
-2226
-2282
-2538
-2751
-2527
-2185
-1818
-1210
-622
91
390
149
-185
-670
-1037
-1505
-1680
-1879
-1737
-1625
-1385
-1049
-1202
-1362
-1507
-1840
-2093
-2217
-1816
-963
-109
648
1367
2132
2818
3433
3835
4317
4610
5334
6007
6666
6997
7454
7969
8155
8243
8278
8332
8678
8625
5448
-883
-6197
-7166
-5060
-3296
-3018
-2311
-538
1437
2397
1375
-422
-1206
-1216
-1184
-940
15
2782
5213
5373
4249
2931
1294
-407
-1751
-2963
-3510
-2835
-1652
-1137
-1416
-1622
-1706
-2570
-4325
-6011
-6688
-6305
-5061
-3450
-1909
-485
732
1479
1419
897
822
924
1010
940
1422
2020
2699
2835
2176
792
-399
-1232
-2168
-3009
-3733
-3910
-3846
-3743
-3810
-3570
-3203
-3152
-2859
-2694
-2403
-1928
-1201
-589
-208
121
309
16
-624
-976
-1520
-1605
-1900
-1810
-1982
-1939
-1714
-1394
-1512
-1651
-1521
-1424
-1568
-1598
-1303
-961
-128
577
1127
1505
2084
2845
3371
3993
4363
5034
5765
6388
7214
7725
8257
8594
9024
9072
9612
10015
8295
3232
-2881
-5828
-4416
-2253
-1416
-1143
-669
19
966
529
-919
-2174
-2455
-1714
-916
-371
1483
4175
5344
4363
2817
1151
-281
-1058
-1466
-1813
-1980
-1022
-232
-537
-1503
-2312
-2883
-3985
-5491
-6491
-6592
-5683
-4168
-2395
-1343
-768
-228
327
357
366
892
1387
1876
2401
2971
3037
3088
2993
2267
1188
216
-412
-1038
-1593
-2089
-2548
-3172
-3766
-3903
-3760
-3625
-3785
-3504
-2901
-2467
-2159
-1531
-994
-652
-319
-82
14
-177
-138
60
41
-358
-429
-692
-1046
-1223
-1387
-1669
-1952
-1743
-1600
-1719
-1662
-1112
-520
-110
167
727
1523
2119
2854
3655
4591
5679
6693
7469
7843
8068
8418
8392
8317
8381
8884
9386
8166
3698
-1988
-5231
-4439
-2162
-1058
-470
-113
-116
-34
-137
-724
-1719
-1996
-1044
78
799
1966
3761
4478
3661
2418
998
-666
-1438
-883
-217
21
-58
-265
-915
-1870
-2734
-3504
-4618
-5873
-5720
-4959
-4385
-3831
-2657
-1551
-1630
-1725
-1244
-669
-100
1114
2278
3057
3412
3701
3649
3071
2203
1540
842
33
-309
-354
-539
-1165
-1886
-2827
-3850
-4175
-3564
-3337
-3218
-2880
-2253
-1783
-1784
-1689
-1535
-1436
-1371
-1009
-876
-981
-1150
-998
-1071
-1502
-1741
-1862
-1928
-1960
-1695
-1365
-1372
-1464
-1377
-1318
-1302
-1141
-491
-141
10
308
842
1416
2166
2932
3638
4404
5139
6111
6933
7477
7851
8177
8488
8686
9196
9997
9789
7414
2513
-2345
-3983
-2424
-574
278
709
411
-649
-1740
-2342
-2642
-2954
-2630
-1528
-141
748
2050
3507
3350
1917
716
-480
-1839
-1912
-733
717
798
401
-117
-1259
-2834
-3797
-4237
-5022
-5868
-5572
-4591
-4239
-3939
-2836
-2203
-2533
-2888
-2239
-1337
-339
920
2326
2946
3066
3028
3421
3229
2578
2561
2089
1474
1082
953
663
-224
-1284
-2660
-3990
-4794
-4721
-4080
-3636
-3124
-2704
-2469
-2600
-2511
-2052
-1309
-1083
-541
38
287
270
265
11
-378
-906
-1261
-1608
-1705
-1705
-1515
-1333
-1457
-1825
-2043
-2199
-2146
-1673
-1011
-397
68
579
1130
1825
2408
3032
3706
4440
5219
6150
6978
7692
8280
8768
9064
9097
9464
9856
8537
4657
0
-2582
-1684
308
1655
2240
1944
228
-1664
-2739
-3029
-3066
-2533
-1101
383
1339
1842
2634
2381
1156
253
-345
-1281
-1833
-1005
625
1631
1315
332
-1133
-2745
-3924
-4213
-4489
-5109
-5141
-4296
-3655
-3701
-3488
-3230
-3371
-3687
-3313
-2416
-1437
-575
506
1732
2208
2110
2241
2291
2139
2070
2031
1941
1238
517
-191
-837
-1321
-1801
-2178
-2419
-2469
-2637
-2892
-3069
-3163
-3267
-3173
-3212
-2958
-2237
-1607
-1152
-729
-756
-1020
-1252
-1186
-974
-752
-633
-668
-502
-642
-916
-954
-1120
-1261
-1597
-1496
-1261
-997
-585
-72
292
437
780
914
1412
2108
2790
3691
4721
5604
6495
7257
7731
7826
7969
8179
8666
8868
7557
4349
665
-1148
-470
1168
2351
2960
2621
808
-1354
-2501
-2824
-2647
-2325
-896
756
1201
1511
1540
1378
894
707
518
-358
-1126
-767
619
1518
1325
568
-374
-1834
-2775
-3014
-3209
-3601
-3883
-3824
-3819
-4140
-4149
-4021
-3895
-3695
-3260
-2443
-1788
-1300
-522
432
853
719
703
1117
1530
1803
1925
2058
1930
1276
568
-156
-815
-1548
-1757
-1465
-1204
-1403
-2006
-2494
-2890
-2909
-3161
-3124
-2768
-2261
-1629
-1158
-1014
-1228
-1299
-1299
-1062
-930
-825
-706
-372
-264
-311
-475
-798
-964
-877
-749
-818
-739
-627
-650
-279
-130
34
254
385
974
1686
2235
2983
3674
4223
4792
5216
5853
6187
6538
6751
7141
6991
5427
2537
4
-710
215
1351
1986
2381
1716
-222
-1713
-2411
-2752
-2854
-2292
-932
265
182
-268
-931
-1262
-1365
-763
-367
-629
-859
-551
268
447
126
-436
-1043
-1819
-2133
-2362
-2419
-2651
-2735
-2414
-2437
-2887
-3436
-3913
-4009
-3599
-2928
-2510
-2062
-1803
-1416
-907
-459
-392
84
593
1199
1502
1589
1498
1596
1243
867
947
495
-251
-775
-679
-544
-740
-1271
-1683
-1968
-2232
-2479
-2402
-2369
-2013
-1458
-801
-638
-895
-976
-950
-580
-446
-124
170
342
363
189
166
-20
-81
79
176
269
201
73
375
498
795
1063
1193
1470
1704
1950
2286
2902
3367
3992
4419
4876
5176
5517
5865
6275
6789
6706
5602
3479
1938
1766
2532
2934
3141
2892
2006
664
-215
-564
-1251
-1890
-1553
-181
610
302
-213
-801
-1426
-1411
-1078
-685
-794
-869
-498
-262
-472
-1146
-1523
-1669
-1846
-2018
-2141
-2506
-2962
-3002
-2704
-2509
-2668
-3274
-3637
-3632
-3407
-3225
-2872
-2496
-2159
-1878
-1522
-1461
-1513
-1463
-1168
-483
-157
28
363
431
412
409
347
324
51
-88
6
-77
-603
-1098
-1351
-1503
-1701
-1903
-2049
-2272
-2384
-2148
-1864
-1767
-1828
-1887
-1899
-1583
-1346
-1421
-1142
-951
-728
-736
-737
-524
-608
-268
48
-47
-32
-16
114
160
459
695
925
1018
1038
1436
1922
2322
2494
3061
3509
3830
4085
4269
4560
4768
4857
4448
3321
2323
2454
3211
3779
4146
3860
3113
2260
1668
1383
862
169
151
775
1075
768
239
-331
-998
-1100
-908
-735
-698
-1034
-869
-400
-266
-572
-1105
-1432
-1426
-1418
-1482
-1935
-2420
-2693
-2489
-2305
-2424
-2667
-2921
-2915
-2915
-2929
-2796
-2518
-2126
-1692
-1286
-932
-990
-1018
-907
-608
-341
-157
-240
37
101
337
328
128
19
-216
-26
-74
-252
-374
-410
-588
-531
-802
-757
-897
-1125
-1177
-1273
-1248
-1222
-1351
-1576
-1620
-1612
-1664
-1568
-1723
-1713
-1781
-1646
-1692
-1370
-1072
-983
-689
-450
-305
-336
-200
-169
77
341
439
589
990
1213
1557
1955
2442
2621
3062
3173
3462
3835
4073
4446
4306
3293
2738
3052
3349
3611
3581
2918
2477
1921
1861
1832
1441
615
405
829
878
526
169
-405
-895
-752
-795
-909
-1302
-1839
-1770
-1560
-1660
-1939
-2290
-2257
-2204
-2038
-2054
-1978
-2194
-2450
-2334
-1968
-1900
-2159
-2417
-2613
-2735
-2834
-2830
-2709
-2665
-2571
-2331
-1951
-1781
-1945
-1756
-1338
-1188
-1077
-754
-180
190
423
700
661
606
700
786
745
336
351
240
262
204
99
101
-187
-174
-200
-496
-684
-634
-931
-1047
-990
-897
-987
-949
-874
-956
-938
-1018
-992
-918
-805
-536
-287
64
240
367
598
747
781
811
967
1141
1170
1438
1669
2006
2381
2753
3087
3412
3739
4033
4444
4720
4823
4141
3460
3457
4041
4329
4055
3708
2900
2132
2057
2289
1753
727
329
558
748
526
224
-88
-659
-978
-771
-697
-761
-1206
-1462
-1232
-1126
-1469
-1962
-2286
-2309
-2365
-2342
-2536
-2837
-3105
-3040
-2580
-2587
-2861
-3201
-3135
-2991
-3071
-3128
-3174
-3125
-2882
-2484
-2297
-2108
-2103
-1934
-1589
-1225
-1110
-1023
-872
-601
-143
58
-14
-174
-111
-30
369
278
-87
-192
-356
-239
-205
-274
-420
-545
-535
-459
-310
-432
-811
-1051
-1021
-1121
-1103
-1077
-1305
-1288
-1340
-1400
-1615
-1754
-1745
-1694
-1432
-1085
-912
-786
-549
-80
184
352
722
1073
1375
1645
1940
2122
2411
2747
3077
3397
3512
3608
3674
3878
4065
3746
2910
2647
3010
3386
3349
3161
2822
2313
2168
2335
2420
1661
916
823
1228
1188
925
564
-9
-304
-349
-234
-500
-933
-1249
-1222
-1126
-1154
-1609
-1932
-1981
-2091
-2099
-2311
-2365
-2832
-2745
-2305
-2158
-2408
-2833
-2743
-2639
-2722
-2741
-2897
-2914
-2671
-2334
-2128
-2099
-2092
-2034
-1758
-1505
-1443
-1531
-1150
-723
33
164
39
47
227
534
857
769
485
33
-53
29
130
43
-264
-270
-262
-119
-128
-412
-703
-821
-884
-928
-768
-1081
-1053
-779
-978
-986
-824
-957
-998
-903
-960
-900
-843
-591
-424
-30
11
31
212
638
856
1345
1494
1641
1842
2191
2548
2988
3268
3424
3687
3953
4414
4646
4394
3358
2821
3224
3499
3455
3038
2544
2070
1885
2074
1937
1312
582
635
1062
1029
618
343
89
-217
-89
80
-209
-957
-1235
-1123
-905
-1096
-1622
-2078
-2316
-2164
-2023
-2271
-2586
-3073
-2942
-2612
-2555
-2651
-2868
-2732
-2378
-2105
-2283
-2381
-2335
-2365
-2044
-1803
-1816
-1707
-1594
-1209
-849
-633
-518
-412
-41
99
122
77
126
190
382
681
603
363
229
318
230
110
2
-153
-106
57
134
73
-58
-68
-235
-256
-163
-331
-606
-827
-797
-868
-1019
-1133
-1323
-1185
-1068
-983
-818
-837
-593
-351
-154
-30
82
261
626
964
1181
1463
1652
1876
2136
2637
2728
2863
3025
3179
3535
3902
4227
4151
3398
2955
2911
3168
3206
2942
2531
2243
1953
1966
2177
1686
887
597
922
840
464
89
-266
-343
-235
-158
-355
-881
-1239
-1176
-986
-1327
-1767
-2033
-2242
-2261
-2184
-2317
-2577
-2875
-2859
-2793
-2823
-2937
-3164
-3140
-2882
-2674
-2703
-2749
-2701
-2611
-2241
-1994
-2056
-1925
-1803
-1482
-1093
-889
-828
-649
-487
-239
-82
-264
-165
-157
15
172
203
176
77
148
142
13
-218
-421
-447
-432
-392
-416
-625
-781
-827
-967
-1036
-1146
-1299
-1287
-1201
-1182
-1335
-1458
-1566
-1568
-1496
-1317
-1280
-1318
-1326
-1131
-902
-955
-858
-611
-468
-137
206
537
829
1173
1507
1865
2052
2295
2543
2782
3018
2999
3278
3625
3730
3963
3644
2963
2821
3049
3038
2994
2707
2244
2172
1911
2123
1979
1298
491
581
652
512
75
-409
-541
-621
-585
-583
-753
-1264
-1376
-1061
-1017
-1367
-1740
-1857
-1914
-1900
-2020
-2314
-2758
-2891
-2587
-2493
-2608
-2846
-3029
-3079
-2836
-2635
-2802
-2619
-2471
-1925
-1419
-1330
-1369
-1088
-801
-294
196
149
173
194
563
716
848
778
442
480
971
958
988
651
640
717
817
730
660
570
501
512
538
444
124
-127
-209
-224
-395
-549
-899
-1109
-1132
-1229
-1312
-1426
-1463
-1559
-1354
-1210
-1261
-1058
-1116
-1017
-754
-584
-346
-171
18
180
632
1083
1441
1907
2172
2143
2284
2573
2836
3137
3148
3329
3510
3646
3790
4080
3730
2870
2619
3030
3345
3422
3137
2813
2568
2366
2232
1998
1546
994
1017
998
894
643
238
-161
-438
-546
-593
-943
-1344
-1593
-1516
-1472
-1686
-2054
-2358
-2431
-2469
-2287
-2425
-2522
-2580
-2473
-2257
-2333
-2509
-2773
-2660
-2543
-2402
-2408
-2429
-2265
-2092
-1904
-1669
-1502
-1327
-1198
-938
-649
-657
-584
-361
-152
-8
158
204
369
411
565
642
694
658
525
559
658
658
557
401
419
267
173
65
-171
-432
-627
-821
-997
-1014
-1081
-1079
-983
-1065
-1289
-1321
-1406
-1369
-1237
-989
-1072
-1001
-823
-648
-270
-265
-122
35
43
453
694
760
926
1225
1442
1643
1793
2007
2406
2439
2717
2924
3060
3249
3513
3638
3773
3233
2678
2851
3206
3263
3236
2988
2461
2191
1978
1876
1655
1186
926
928
728
501
155
-207
-467
-733
-830
-919
-1394
-1587
-1684
-1721
-1710
-1827
-1934
-2171
-2222
-2267
-2246
-2366
-2594
-2528
-2489
-2493
-2574
-2528
-2568
-2502
-2393
-2386
-2137
-1937
-1934
-1866
-1748
-1698
-1690
-1432
-1179
-996
-716
-659
-602
-524
-332
-117
-97
-19
-82
-27
115
315
321
242
42
-148
-50
-280
-369
-571
-749
-588
-743
-1097
-1079
-1438
-1509
-1409
-1662
-1562
-1834
-1804
-1662
-1737
-1955
-2072
-2209
-2182
-1941
-1815
-1737
-1514
-1318
-1051
-590
-320
-299
-321
-133
256
579
771
863
1295
1497
1502
1679
1871
1844
2086
2173
2425
2755
2864
3188
3637
4148
4063
3503
2952
3025
3383
3620
3501
3366
2778
2518
2438
2369
1972
1409
916
1037
1013
580
307
78
-432
-575
-645
-841
-1151
-1280
-1270
-1151
-1138
-1414
-1724
-1920
-1781
-1853
-1816
-2015
-2181
-2029
-1722
-1623
-1682
-1847
-2005
-1943
-1698
-1888
-1899
-1723
-1577
-1168
-1100
-1088
-982
-908
-749
-368
-204
-51
118
268
492
726
889
888
784
668
818
932
815
676
595
620
598
507
203
36
-152
-398
-422
-427
-637
-754
-791
-767
-922
-1089
-1094
-1152
-1055
-1091
-1165
-1197
-1163
-813
-686
-687
-753
-607
-396
-416
-365
-283
-55
63
181
309
576
696
779
940
1171
1346
1391
1659
1789
2027
2319
2670
2878
3040
3277
3451
3966
4136
4247
4007
3616
3084
3039
3231
3182
2910
2534
2245
2141
1968
1659
1373
769
587
620
352
172
-188
-501
-529
-675
-676
-834
-1035
-1258
-1433
-1511
-1636
-1790
-1915
-1939
-1906
-1886
-1864
-1857
-1887
-1914
-1799
-1789
-1938
-1921
-2030
-1992
-1869
-1776
-1889
-1991
-1752
-1655
-1461
-1432
-1293
-1296
-1029
-635
-323
-193
-262
-99
75
229
248
190
235
209
305
408
275
156
54
-179
-263
-392
-637
-702
-738
-899
-1105
-1161
-1290
-1371
-1400
-1410
-1361
-1495
-1390
-1219
-1268
-1170
-1248
-1214
-1099
-1001
-994
-892
-925
-924
-956
-823
-543
-571
-363
-137
-69
35
88
353
410
648
696
746
908
1053
1505
1830
2170
2393
2655
2822
2874
3069
3240
3411
3395
3648
3921
3578
3125
2859
2844
2832
2759
2434
2098
1750
1446
1381
1279
843
428
454
493
412
9
-441
-918
-1142
-949
-1199
-1351
-1381
-1506
-1275
-1267
-1484
-1822
-2110
-2132
-2083
-2145
-2207
-2407
-2421
-2505
-2482
-2454
-2774
-2679
-2707
-2622
-2531
-2492
-2412
-2365
-2205
-1932
-1643
-1751
-1677
-1418
-1212
-1068
-1021
-1244
-940
-906
-849
-716
-732
-804
-800
-671
-473
-596
-693
-949
-840
-705
-888
-896
-926
-809
-652
-641
-643
-701
-787
-776
-750
-885
-1054
-1005
-1031
-1135
-1138
-1044
-1179
-1258
-1278
-1103
-1130
-966
-1104
-874
-697
-627
-550
-450
-404
-401
-139
117
312
491
566
658
971
1062
1088
1233
1477
1566
1850
2046
2073
2105
2351
2559
2706
2915
3120
3373
3456
3663
3771
3527
3227
3141
3251
3213
3140
3082
2697
2403
2181
2106
1890
1509
1260
1168
1048
878
671
489
326
192
142
101
-106
-227
-359
-318
-432
-651
-915
-1111
-1141
-1139
-1047
-1425
-1525
-1762
-1803
-1674
-1726
-1833
-1999
-1884
-1762
-1760
-1889
-1810
-1803
-1726
-1539
-1457
-1516
-1494
-1359
-1096
-922
-1065
-1105
-886
-836
-723
-608
-621
-680
-613
-325
-197
-69
-231
-171
-116
-138
-10
43
100
26
-30
110
41
-130
-301
-373
-487
-622
-670
-706
-834
-910
-978
-1090
-1121
-1073
-1010
-984
-1031
-1067
-906
-843
-889
-765
-635
-579
-448
-364
-429
-265
-263
-133
-86
-148
-123
-97
-58
172
453
472
594
592
862
1149
1448
1556
1705
1864
2095
2448
2799
3117
3294
3663
3810
3604
3336
3188
3201
3344
3357
3065
2790
2490
2340
2318
2113
1622
1208
978
884
844
593
371
-35
-156
-250
-465
-588
-798
-996
-939
-865
-967
-1373
-1729
-1858
-1763
-1840
-1890
-2117
-2335
-2317
-2244
-2196
-2561
-2714
-2903
-2837
-2712
-2612
-2401
-2309
-2203
-2131
-1989
-1839
-1687
-1476
-1324
-966
-746
-753
-576
-474
-229
61
-91
-186
95
186
458
519
453
407
398
474
560
515
391
361
375
259
89
-71
-48
-89
-204
-147
-310
-337
-263
-417
-622
-755
-887
-951
-1048
-1098
-1182
-1382
-1599
-1593
-1622
-1639
-1650
-1610
-1669
-1512
-1338
-1090
-923
-930
-769
-431
-438
-292
-302
-168
59
379
591
537
742
1074
1233
1528
1893
2110
2194
2460
2757
2862
3192
3342
3617
3804
3950
3932
3826
3494
3427
3479
3566
3283
2993
2559
2148
2064
1857
1655
1300
813
697
469
183
-182
-505
-735
-907
-1108
-1292
-1620
-1812
-1989
-1959
-2099
-2341
-2687
-2884
-2792
-2783
-2774
-2859
-2894
-2765
-2673
-2611
-2519
-2529
-2682
-2424
-2075
-1983
-1878
-1775
-1511
-1349
-1040
-782
-706
-687
-526
-300
-163
145
316
337
530
656
723
792
818
931
1075
1245
1265
1199
1249
1224
1209
1212
1234
934
833
957
759
617
442
210
89
7
-145
-369
-591
-595
-687
-929
-1026
-1207
-1303
-1347
-1334
-1431
-1429
-1412
-1413
-1228
-1186
-1088
-810
-670
-475
-340
-263
75
158
39
301
566
764
928
1031
1125
1128
1254
1352
1663
1931
2002
2266
2523
2801
3015
3135
3156
3298
3450
3550
3488
3628
3766
3826
3808
3674
3354
2985
2621
2575
2577
2409
2151
1617
1129
794
615
265
-186
-511
-760
-785
-923
-1201
-1357
-1730
-1779
-1858
-1909
-2033
-2141
-2198
-2147
-2078
-2104
-2112
-2215
-2197
-2211
-2333
-2222
-2304
-2260
-2138
-1997
-1921
-2068
-1940
-1765
-1568
-1543
-1294
-1087
-942
-640
-481
-450
-419
-252
-184
108
92
254
403
428
492
604
620
445
433
342
337
382
329
192
170
93
145
75
-51
-190
-133
-194
-335
-533
-742
-822
-927
-933
-1167
-1290
-1203
-1239
-1245
-1229
-1265
-1408
-1369
-1259
-1251
-1266
-1187
-1118
-953
-896
-781
-743
-679
-442
-333
-126
-44
120
91
217
334
456
541
726
947
1037
1129
1179
1244
1366
1563
1569
1592
1555
1670
1653
1650
1787
1778
1755
1529
1594
1731
1573
1582
1626
1668
1581
1691
1674
1446
1064
926
1035
900
684
572
137
-86
-120
-237
-599
-793
-991
-1022
-972
-918
-1175
-1348
-1604
-1489
-1247
-1306
-1461
-1607
-1517
-1405
-1372
-1619
-1788
-1745
-1508
-1417
-1265
-1393
-1478
-1378
-1104
-963
-999
-1185
-1044
-919
-809
-953
-848
-858
-891
-717
-562
-582
-639
-515
-403
-299
-253
-360
-67
-9
237
246
222
63
83
334
214
260
97
196
222
193
260
206
-62
-203
-332
-255
-330
-361
-317
-594
-631
-574
-689
-771
-766
-837
-813
-720
-796
-773
-679
-680
-450
-607
-679
-514
-463
-450
-454
-347
-302
-419
-468
-399
-442
-309
-406
-338
-283
-251
-184
-146
37
138
364
393
567
841
859
957
1190
1194
1095
1251
1347
1357
1352
1423
1493
1502
1474
1585
1710
1763
1674
1676
1787
1863
1903
1882
1833
1703
1565
1557
1551
1541
1536
1283
1222
1053
883
673
437
313
165
148
-143
-399
-652
-792
-821
-835
-1021
-1064
-989
-996
-821
-877
-862
-1036
-1065
-906
-949
-820
-924
-891
-748
-657
-589
-635
-571
-518
-508
-642
-787
-632
-393
-254
-144
-263
-223
-241
-153
19
231
230
269
383
548
578
515
549
583
640
775
750
718
715
438
486
285
247
161
132
161
27
-77
-77
-255
-314
-329
-503
-526
-559
-530
-712
-621
-829
-991
-1129
-1205
-1057
-1127
-1353
-1426
-1348
-1319
-1192
-1259
-1255
-1202
-1028
-948
-881
-827
-666
-702
-574
-419
-339
-269
-267
-212
-17
82
70
157
196
321
353
484
481
568
679
857
1018
982
1036
1032
1190
1208
1284
1455
1592
1587
1576
1642
1687
1741
1593
1561
1729
1573
1336
1121
1037
1027
965
970
721
610
499
451
376
232
78
-51
11
-128
-104
7
-190
-277
-162
-246
-246
-361
-583
-642
-847
-976
-1021
-1092
-1137
-1025
-1043
-978
-829
-937
-790
-765
-723
-717
-749
-685
-688
-625
-768
-733
-781
-621
-399
-374
-466
-599
-244
-393
-332
-409
-580
-357
-300
-383
-420
-528
-583
-515
-466
-490
-440
-537
-659
-459
-499
-592
-435
-336
-624
-311
-404
-585
-546
-530
-645
-580
-723
-864
-873
-916
-952
-907
-981
-1184
-1113
-1097
-1144
-1043
-1179
-968
-750
-659
-721
-605
-614
-552
-509
-390
-456
-239
-224
-146
15
-135
-95
-36
56
157
202
67
253
184
298
312
481
485
703
802
741
863
855
960
1039
1205
1387
1363
1484
1537
1475
1577
1553
1579
1701
1679
1693
1784
1708
1595
1426
1441
1395
1321
1233
1272
1206
1103
1138
1091
1017
721
606
668
645
455
332
191
-2
-143
-195
-227
-369
-478
-535
-571
-543
-735
-885
-962
-943
-923
-992
-946
-1066
-1067
-1027
-1105
-1032
-1223
-1155
-1112
-1187
-1008
-1102
-1184
-1134
-975
-945
-807
-786
-709
-699
-650
-484
-535
-371
-298
-207
-88
-136
-72
-3
37
102
59
157
49
54
198
202
104
59
60
104
66
0
-19
-51
38
-105
-48
-124
-230
-341
-260
-364
-450
-528
-516
-478
-585
-500
-609
-525
-546
-517
-509
-465
-241
-103
-72
-71
64
181
419
465
591
705
782
916
948
1322
1264
1492
1570
1471
1643
1717
1656
1638
1806
1752
1832
1831
1913
1785
2008
1991
2118
2260
2106
2113
2107
2090
2200
2174
2161
2091
1956
1910
1827
1738
1490
1259
1034
922
739
547
384
351
212
-35
-190
-345
-494
-602
-704
-802
-934
-920
-1058
-1105
-1241
-1200
-1127
-1232
-1088
-1189
-1045
-887
-823
-837
-949
-765
-699
-807
-751
-664
-730
-677
-749
-477
-407
-415
-310
-253
-98
-126
-19
145
176
121
264
293
332
460
477
634
569
385
335
155
160
-106
-177
42
43
-104
-280
-275
-404
-426
-604
-785
-904
-1045
-863
-968
-933
-1023
-1255
-1190
-1039
-954
-1102
-1090
-989
-922
-887
-822
-921
-679
-659
-365
-312
-372
-381
-286
-291
-97
27
109
112
197
412
534
667
583
808
748
1004
1161
1158
1236
1282
1315
1366
1529
1521
1573
1693
1499
1614
1601
1533
1445
1669
1539
1542
1424
1224
1262
1371
1283
1253
1209
1086
1065
985
1061
831
735
620
522
485
331
274
132
95
249
117
24
-69
-213
-331
-213
-335
-217
-290
-278
-298
-203
-100
-262
-119
-177
-86
-125
-167
-149
-65
-44
-22
74
-69
-22
89
32
38
34
70
54
101
154
190
105
104
130
211
272
91
264
255
169
154
209
359
412
388
375
382
400
479
567
596
742
805
801
807
811
861
935
921
852
747
813
801
678
804
757
698
652
679
777
754
642
712
660
657
546
417
410
406
510
465
434
391
323
401
298
96
28
-114
64
15
-130
-164
-78
-108
-199
-211
-401
-334
-398
-451
-441
-379
-418
-399
-347
-393
-390
-279
-169
-199
19
-33
-127
20
-42
11
56
130
101
82
115
225
204
257
194
290
220
230
324
377
411
407
560
482
567
596
546
590
544
433
307
480
512
438
406
288
231
149
65
12
14
-55
-101
-141
-321
-210
-154
-151
-172
-74
-38
-195
-11
-59
40
17
124
88
22
181
195
167
124
136
258
308
280
259
229
348
484
681
614
769
751
813
894
950
1061
1092
1130
985
1151
1217
1239
1161
1089
1079
1194
1040
867
994
882
876
775
734
681
647
609
517
491
362
375
361
197
132
85
-20
-145
-132
-55
-129
-134
-198
-532
-550
-454
-624
-518
-564
-443
-609
-541
-516
-524
-481
-563
-621
-653
-626
-581
-547
-728
-631
-676
-599
-599
-436
-486
-500
-425
-190
-55
-105
-399
-206
-25
103
-43
-40
-99
-210
-273
-199
-202
-248
-318
-338
-310
-321
-316
-429
-524
-606
-388
-333
-524
-602
-409
-439
-435
-474
-462
-613
-350
-450
-347
-389
-397
-411
-201
-129
-68
-130
-251
-172
-127
-78
-15
114
68
51
175
255
123
149
148
228
328
272
258
501
406
483
564
423
481
570
516
611
549
628
559
567
672
579
613
550
459
433
518
345
422
334
300
319
338
237
186
169
8
89
150
107
132
161
85
-7
24
-40
39
-41
17
113
19
-64
-79
-115
-305
-258
-130
-162
-188
-20
63
114
71
154
186
288
387
379
459
394
382
351
372
423
372
275
303
227
153
152
3
-20
-71
-58
3
-150
-106
-187
-169
-103
-208
-237
-293
-170
-174
-328
-194
-29
-153
-78
-130
-136
-7
10
2
77
-167
-225
-138
-176
-113
-184
-247
-164
-61
-86
-42
20
32
159
114
45
253
178
230
254
273
201
154
130
70
98
186
109
138
88
75
32
53
25
8
14
33
-12
61
59
-85
49
-58
68
96
83
118
142
18
27
114
102
23
-78
26
-59
-10
-16
10
-14
9
-6
-59
42
64
92
71
92
114
200
214
141
173
150
319
276
207
171
152
176
155
176
72
23
75
129
27
-47
-58
-1
-57
-26
-73
-124
-84
-43
80
66
12
43
99
-14
-92
42
-43
-137
-140
-109
-24
-67
-87
-142
-107
-117
-56
-87
-128
78
28
68
140
217
141
118
80
14
-7
32
5
52
108
68
65
41
-65
-15
-168
-256
-58
-193
44
88
-4
-154
-23
46
102
68
61
51
35
118
-37
-269
-167
-262
-338
-297
-286
-396
-445
-236
-305
-453
-490
-473
-514
-407
-361
-166
-330
-489
-490
-410
-481
-416
-527
-522
-370
-311
-489
-537
-673
-656
-508
-565
-637
-566
-583
-565
-402
-332
-436
-363
-212
-173
8
-128
-131
-132
35
-150
-53
-232
-231
-140
-49
-83
-41
-10
-110
-102
-236
-308
-261
-466
-364
-361
-311
-463
-317
-348
-413
-266
-406
-280
-117
-165
-4
-42
-32
80
60
122
129
61
79
272
240
314
326
334
388
442
429
353
509
626
536
553
670
725
794
799
850
708
739
835
880
808
821
812
785
918
805
764
820
764
692
664
624
674
573
422
391
484
548
542
489
442
440
431
404
423
379
371
390
390
488
371
298
225
261
192
161
258
283
247
238
219
150
148
85
101
104
4
10
66
-21
8
-5
25
90
8
7
-22
67
-71
26
-47
-234
-77
-30
-2
-143
-185
-210
-234
-164
-209
-320
-297
-266
-271
