190
189
145
163
53
171
256
164
76
84
17
175
116
73
151
33
237
164
150
171
169
251
205
168
-2
-57
-40
-141
-14
-175
-118
-112
-297
-211
-173
-206
-166
-163
-33
25
-28
144
12
5
-84
-97
-147
-125
-88
-171
-167
-210
-156
-279
-344
-326
-375
-438
-340
-432
-416
-457
-413
-350
-362
-355
-342
-185
-144
-179
-241
-314
-234
-178
-342
-403
-385
-399
-486
-445
-434
-462
-451
-636
-483
-420
-527
-438
-447
-487
-364
-544
-545
-280
-359
-320
-240
-206
-201
-239
-204
-307
-321
-234
-210
-326
-406
-323
-320
-299
-389
-330
-176
-150
-79
-167
-156
-45
44
52
0
79
154
192
257
215
206
123
321
275
253
259
170
164
17
141
150
172
167
275
191
237
232
207
237
146
138
226
245
89
155
10
-89
-138
-191
-210
-356
-355
-482
-568
-504
-481
-485
-649
-580
-658
-826
-896
-800
-767
-726
-660
-752
-935
-847
-1008
-983
-899
-837
-955
-979
-888
-911
-799
-987
-1075
-1147
-1010
-1108
-983
-996
-1088
-1046
-974
-981
-1053
-842
-808
-921
-921
-399
-402
-315
-327
-386
-365
-197
-89
-72
-70
-240
-217
-193
-56
-203
-48
-59
-120
19
164
176
211
292
83
241
479
734
525
538
589
550
716
742
752
714
995
744
747
848
991
944
929
796
874
943
994
1091
891
1071
1147
1112
1055
1217
1015
994
976
826
686
577
622
374
266
138
39
39
-20
-106
-241
-373
-421
-444
-365
-372
-437
-450
-554
-550
-549
-457
-356
-444
-527
-375
-463
-507
-351
-485
-553
-679
-747
-626
-676
-785
-790
-739
-774
-684
-731
-727
-752
-829
-792
-637
-632
-815
-720
-726
-636
-611
-655
-784
-746
-722
-798
-674
-630
-623
-657
-568
-600
-613
-561
-567
-491
-289
-317
-246
-186
-156
-138
-106
-38
-16
36
85
193
161
258
276
299
258
248
269
299
184
184
249
292
403
272
469
432
523
588
617
608
677
862
905
1080
1077
1118
1184
1141
1257
1380
1292
1107
982
982
789
682
759
573
330
112
133
23
-24
-152
-326
-331
-489
-554
-426
-550
-789
-844
-866
-776
-926
-906
-947
-969
-995
-1063
-942
-934
-937
-999
-929
-956
-924
-908
-946
-835
-948
-941
-841
-732
-824
-721
-791
-812
-787
-860
-753
-850
-776
-865
-870
-789
-793
-926
-974
-940
-1006
-948
-909
-1093
-849
-844
-926
-848
-894
-814
-878
-916
-945
-705
-696
-680
-700
-710
-756
-696
-644
-714
-666
-707
-669
-740
-734
-682
-636
-489
-452
-520
-450
-292
-321
-313
-190
-59
-56
-25
-26
253
216
159
226
244
396
551
619
623
657
738
827
914
981
1058
1208
1263
1364
1465
1466
1390
1421
1412
1487
1459
1520
1390
1102
933
852
651
517
337
119
1
-267
-612
-676
-728
-919
-869
-1080
-1231
-1525
-1636
-1763
-2029
-1905
-1940
-1861
-1921
-1976
-2025
-1751
-1468
-1507
-1582
-1428
-1261
-1302
-1131
-1197
-1188
-1273
-1056
-1079
-1016
-1060
-1072
-1129
-927
-777
-865
-656
-815
-701
-709
-504
-626
-396
-412
-521
-597
-527
-449
-409
-328
-495
-403
-491
-350
-523
-321
-399
-469
-457
-379
-428
-399
-351
-534
-475
-447
-258
-408
-279
-363
-473
-525
-361
-503
-565
-477
-669
-671
-761
-710
-744
-706
-747
-695
-565
-557
-524
-519
-489
-364
-256
-205
-46
108
279
287
348
406
540
519
660
716
779
754
838
903
859
994
1077
1282
1292
1346
1375
1371
1443
1552
1741
1848
2007
1981
1934
2002
2144
2005
1783
1789
1532
1480
1339
1046
854
676
405
143
-19
-87
-238
-498
-630
-872
-917
-904
-1079
-1205
-1259
-1375
-1450
-1373
-1335
-1445
-1389
-1439
-1341
-1177
-1134
-983
-999
-1027
-896
-661
-688
-733
-763
-677
-577
-496
-304
-405
-376
-330
-277
-304
-79
-23
-105
-7
-30
-93
104
-12
-89
-42
-104
-48
-127
-91
-36
-124
-69
-118
-243
-269
-149
-251
-335
-251
-379
-265
-348
-484
-321
-284
-308
-288
-444
-465
-462
-416
-415
-585
-713
-701
-578
-625
-650
-753
-746
-747
-658
-616
-613
-481
-340
-161
-189
-39
-69
-43
167
186
250
281
385
701
719
691
893
984
946
1071
1085
1190
1396
1434
1613
1672
1869
1855
1985
2087
2147
2219
2215
2343
2281
2270
2076
1733
1679
1656
1356
1142
856
632
365
223
104
-63
-234
-418
-679
-761
-765
-928
-1155
-1274
-1507
-1635
-1513
-1486
-1601
-1503
-1407
-1390
-1246
-1148
-1113
-1146
-1132
-1041
-886
-921
-855
-729
-727
-852
-692
-617
-556
-500
-467
-403
-429
-372
-294
-234
-78
-240
-109
-152
-341
-145
-392
-425
-533
-417
-415
-302
-417
-529
-539
-716
-596
-780
-718
-889
-958
-967
-975
-891
-1009
-1013
-922
-910
-1037
-988
-931
-811
-1023
-869
-882
-868
-779
-743
-944
-1113
-980
-1132
-951
-964
-910
-1082
-832
-818
-842
-685
-685
-503
-472
-243
-216
92
217
157
157
570
651
991
1056
1128
1133
1336
1511
1377
1636
1742
1920
1800
2043
2003
2215
2283
2303
2276
2475
2571
2433
2454
2303
2337
2035
2046
1592
1261
920
640
408
201
10
-233
-261
-557
-884
-952
-914
-1133
-1179
-1324
-1474
-1467
-1478
-1481
-1462
-1526
-1438
-1365
-1302
-1058
-1021
-930
-749
-658
-534
-521
-490
-484
-572
-518
-459
-479
-361
-380
-175
-86
-70
168
120
143
307
360
173
242
229
139
132
115
87
54
16
-26
-98
-50
-82
-176
-204
-338
-374
-322
-356
-446
-345
-385
-281
-296
-339
-347
-372
-337
-305
-344
-523
-457
-552
-466
-498
-557
-607
-682
-635
-566
-604
-541
-608
-598
-503
-260
-306
-188
-186
-255
-105
9
253
322
491
584
576
713
924
1049
1096
1189
1434
1487
1489
1675
1672
1854
1987
2006
2096
2145
2245
2457
2602
2717
2739
2808
2813
2759
2741
2571
2458
2236
2037
1640
1320
938
609
298
54
-73
-216
-485
-820
-971
-1118
-1149
-1285
-1500
-1660
-1841
-1887
-2027
-1977
-1888
-1929
-1762
-1579
-1483
-1450
-1333
-1320
-1109
-941
-886
-780
-851
-573
-543
-698
-480
-286
-402
-317
-145
-61
67
118
111
184
279
257
101
94
157
113
173
86
46
-85
-226
-345
-417
-422
-306
-506
-710
-844
-851
-733
-924
-952
-1064
-1009
-850
-962
-1022
-974
-1026
-1077
-1192
-1100
-991
-944
-1086
-1199
-1068
-1071
-1033
-1022
-1138
-1045
-1036
-925
-744
-728
-615
-621
-506
-506
-382
-284
-246
-187
13
184
254
327
288
275
386
256
541
662
896
924
970
1187
1135
1250
1346
1509
1350
1628
1592
1713
1821
2026
2205
2219
2158
2196
2309
2179
2239
1928
1978
1747
1441
1192
943
638
334
80
-97
-246
-533
-660
-1041
-1134
-1262
-1443
-1663
-1798
-2014
-2253
-2171
-2221
-2168
-2133
-1939
-2041
-1714
-1636
-1587
-1219
-1174
-1095
-906
-661
-766
-496
-520
-218
-370
-47
32
40
240
256
273
392
670
561
848
719
842
712
614
728
547
411
383
211
157
122
-95
-157
-315
-405
-567
-751
-819
-1061
-1002
-980
-1193
-1152
-1175
-1189
-1369
-1307
-1272
-1218
-1214
-1320
-1418
-1422
-1184
-1151
-1102
-1088
-1082
-1009
-976
-890
-795
-689
-547
-553
-495
-413
-356
-266
-231
-180
-32
155
429
288
388
605
625
749
939
999
1074
1175
1242
1446
1475
1556
1648
1816
1897
1935
2023
2012
2046
2086
2266
2344
2528
2525
2668
2794
2790
2864
2871
2925
2940
2868
2603
2410
2198
1911
1540
1094
849
479
212
-114
-410
-534
-650
-779
-1009
-1199
-1260
-1536
-1778
-1881
-2052
-1977
-2074
-2240
-2138
-1830
-1829
-1714
-1622
-1504
-1263
-1068
-836
-836
-643
-530
-223
-241
-113
58
114
279
354
247
310
506
523
576
458
633
720
627
596
582
408
248
242
23
21
-80
-163
-173
-381
-476
-719
-781
-841
-985
-1170
-1331
-1492
-1562
-1647
-1715
-1645
-1770
-1679
-1703
-1827
-1820
-1787
-1784
-1829
-1688
-1745
-1614
-1299
-1411
-1238
-1160
-1051
-908
-886
-768
-730
-659
-518
-377
-459
-390
-372
-428
-346
-258
-241
-237
-161
-147
67
219
307
476
524
600
768
982
1115
1299
1318
1512
1670
1755
1740
1814
1943
2104
2226
2315
2332
2403
2475
2479
2627
2655
2717
2716
2833
2805
2642
2508
2259
1888
1469
1155
777
417
178
-140
-385
-545
-806
-927
-1138
-1410
-1665
-1894
-2057
-2320
-2427
-2513
-2591
-2683
-2611
-2680
-2389
-2112
-2047
-1653
-1519
-1177
-1042
-887
-857
-810
-672
-590
-359
-543
-284
-152
-151
-134
19
71
279
278
236
392
309
350
115
237
234
334
100
6
-137
-247
-185
-429
-454
-828
-888
-1057
-1164
-1411
-1346
-1584
-1795
-1890
-1853
-1841
-2020
-1972
-2032
-1888
-2022
-1741
-1798
-1737
-1698
-1662
-1712
-1445
-1328
-1195
-1147
-1232
-1011
-1066
-697
-786
-790
-738
-739
-687
-735
-590
-472
-524
-699
-531
-543
-297
-189
-168
-63
39
267
467
613
732
885
964
1129
1298
1583
1676
1768
1940
2120
2188
2243
2243
2411
2516
2537
2645
2693
2863
2946
2927
3029
3091
3095
3207
3093
2931
2753
2647
2210
1762
1508
1022
702
360
133
-154
-374
-461
-660
-939
-1178
-1289
-1501
-1758
-1938
-2199
-2226
-2255
-2217
-2053
-2003
-1812
-1663
-1339
-1100
-942
-680
-470
-277
-142
-176
9
102
110
199
149
310
364
555
636
764
781
784
871
1012
865
858
706
408
295
348
298
286
157
77
58
-118
-219
-329
-521
-683
-985
-1151
-1299
-1629
-1827
-1994
-1916
-1972
-2017
-1969
-1918
-1887
-1845
-1730
-1583
-1667
-1648
-1519
-1470
-1410
-1346
-1280
-1047
-1024
-980
-912
-833
-803
-728
-737
-745
-650
-709
-731
-724
-566
-487
-334
-408
-319
-65
43
219
278
542
537
695
987
1088
1304
1378
1673
1731
1823
2054
2095
2185
2219
2339
2397
2436
2580
2656
2708
2715
2772
2776
2897
3068
3203
3292
3304
3291
3147
2961
2686
2272
1790
1320
1116
575
216
-218
-488
-675
-864
-948
-1184
-1310
-1363
-1526
-1801
-1945
-1917
-1949
-2210
-2165
-2083
-2023
-1757
-1681
-1435
-1183
-962
-589
-471
-410
-182
-191
-226
-149
-34
44
38
172
209
375
585
602
721
753
751
821
803
810
678
481
568
411
362
168
41
-12
-75
-331
-515
-512
-692
-705
-971
-1165
-1562
-1647
-1617
-1866
-1763
-1991
-1886
-1827
-1818
-1791
-1682
-1488
-1564
-1698
-1660
-1579
-1493
-1530
-1609
-1507
-1224
-1079
-1364
-1153
-1030
-949
-825
-803
-702
-743
-846
-982
-679
-666
-451
-348
-252
-76
-83
121
339
490
706
867
896
1188
1194
1565
1680
1807
1836
1972
2164
2418
2630
2516
2552
2493
2669
2783
2857
2744
2926
2796
2981
3034
3005
2901
3041
3311
3360
3454
3245
3034
2477
2163
1866
1381
1013
586
13
-216
-523
-582
-723
-1020
-1136
-1389
-1527
-1604
-1676
-1904
-2070
-2246
-2355
-2292
-2034
-1992
-1935
-1763
-1577
-1275
-950
-823
-627
-254
-179
-9
-20
6
180
97
236
393
576
731
803
736
832
869
829
951
954
799
497
559
638
444
344
290
161
217
152
95
-57
-274
-367
-461
-741
-822
-1026
-1288
-1422
-1534
-1522
-1436
-1335
-1336
-1187
-1241
-1200
-1114
-1147
-1261
-1278
-1204
-1169
-1204
-1161
-1086
-1159
-978
-903
-798
-675
-761
-768
-763
-676
-621
-603
-529
-392
-355
-344
-234
122
339
478
683
887
1070
1219
1343
1538
1660
1710
1886
2129
2138
2320
2408
2547
2671
2688
2645
2464
2534
2555
2514
2506
2555
2573
2627
2702
2698
2798
3072
3132
3160
3112
3054
2901
2493
2183
1769
1390
796
415
-64
-240
-518
-680
-826
-1075
-1310
-1500
-1536
-1816
-1995
-2214
-2392
-2585
-2599
-2561
-2519
-2329
-2125
-1911
-1498
-1260
-735
-471
-317
-240
95
178
163
157
203
369
315
458
537
534
585
513
553
660
797
770
511
443
392
302
236
122
-115
-217
-284
-153
-330
-518
-679
-955
-1006
-1229
-1382
-1641
-1677
-1803
-1849
-1713
-1564
-1634
-1470
-1415
-1423
-1100
-1031
-921
-945
-853
-853
-729
-761
-780
-795
-724
-739
-724
-625
-493
-577
-623
-724
-675
-696
-529
-557
-603
-525
-370
-289
-174
154
-14
343
594
1058
1334
1580
1829
1846
1945
2294
2462
2483
2799
2735
2794
2718
2883
2852
2812
2648
2542
2717
2625
2693
2930
3079
2899
3161
3340
3753
3883
3797
3492
3039
2693
2147
1964
1279
414
-216
-658
-992
-1036
-1430
-1636
-1802
-2216
-2231
-2151
-2115
-2339
-2443
-2927
-2953
-2870
-2554
-2440
-2267
-2157
-1852
-1231
-665
-234
44
375
286
580
950
1039
784
760
578
500
588
762
644
479
474
475
624
598
461
138
52
15
-358
-452
-444
-703
-937
-979
-1016
-1098
-1242
-1405
-1548
-1657
-1760
-1719
-1908
-2050
-2059
-1900
-1755
-1578
-1406
-1367
-1237
-1097
-902
-759
-717
-741
-765
-780
-716
-522
-638
-755
-770
-706
-717
-619
-607
-713
-778
-711
-735
-847
-694
-611
-698
-576
-372
-106
122
268
481
664
1131
1545
1743
1910
2188
2382
2610
2839
3002
3089
3154
3208
3249
3304
3393
3363
3372
3270
3289
3395
3327
3551
3386
3517
3638
3949
4177
4265
4152
3563
2847
2378
1839
1260
471
-619
-1188
-1695
-1848
-2373
-2563
-2662
-2687
-2853
-2866
-2744
-2658
-2780
-3250
-3338
-3307
-2881
-2562
-2437
-2275
-1913
-1172
-503
52
484
805
1042
1258
1433
1689
1519
1223
978
753
603
539
509
-17
-198
-198
55
-30
-89
-382
-557
-626
-834
-925
-1008
-1112
-1344
-1254
-1262
-1229
-1275
-1572
-1513
-1587
-1759
-1730
-1786
-1958
-2160
-1933
-2000
-1730
-1513
-1542
-1600
-1336
-1296
-1227
-1202
-1345
-1398
-1479
-1286
-1484
-1489
-1563
-1605
-1669
-1609
-1405
-1352
-1338
-1476
-1285
-1097
-1047
-962
-749
-638
-489
-260
-27
76
357
809
972
1336
1686
1829
2084
2251
2458
2586
2832
2955
2916
2955
2908
3136
3141
3080
3161
3274
3313
3312
3501
3390
3505
3741
3817
4009
4331
4763
4883
4620
3805
2716
2221
1861
864
-613
-1848
-2494
-2795
-3247
-3679
-3659
-3510
-3635
-3867
-3634
-3400
-3212
-3316
-3563
-3545
-3165
-2331
-1904
-1755
-1637
-1010
59
804
1332
1598
1957
2136
2032
2063
1849
1641
1123
518
-59
-166
-109
-412
-1036
-1473
-1187
-948
-933
-1430
-1552
-1754
-1785
-1717
-1905
-1702
-1856
-1749
-1643
-1233
-650
-527
-603
-545
-585
-359
-291
-521
-1239
-1555
-1764
-1777
-1962
-2212
-2201
-2380
-2332
-2413
-2113
-2342
-2394
-2841
-3091
-2972
-2818
-2864
-2958
-2950
-2820
-2224
-1588
-1216
-959
-626
-470
57
188
526
570
422
548
735
853
1087
1393
1255
1283
1547
1718
1784
1694
1679
1733
1695
1810
1905
2083
2279
2332
2581
3006
3300
3356
3473
3649
3880
4056
4279
4471
4552
4841
5196
5482
5914
6367
5877
4833
3563
2442
1967
1161
-844
-2904
-3745
-3892
-4295
-4858
-4888
-4661
-4340
-4122
-3751
-3029
-2515
-2323
-2467
-2546
-1836
-908
-177
116
171
947
2082
3055
3645
3733
3848
3810
3487
3090
2659
1945
966
-143
-873
-1268
-1374
-1611
-2285
-2476
-2361
-2043
-1848
-1729
-1888
-1898
-1668
-1404
-1208
-819
-440
-238
78
527
1287
1548
1460
1028
782
608
348
-287
-1296
-2007
-2582
-2948
-3349
-3509
-3799
-4109
-4166
-4252
-4201
-3906
-3806
-3954
-3915
-3658
-3064
-2610
-2206
-1706
-1136
-355
395
754
1019
1422
1630
1899
1786
1560
1519
1373
997
934
872
1046
819
437
417
318
494
488
512
523
628
806
1377
1685
2057
2634
2984
3468
3979
4318
4683
5108
5121
5091
5376
5605
5700
5693
5684
5971
6414
6589
6174
5186
3338
1316
205
-670
-2587
-4890
-6350
-6836
-6741
-6654
-6304
-5772
-4917
-4114
-3226
-2122
-945
-342
-287
-196
44
1000
1950
2467
2249
2387
3245
3948
4241
4007
3532
2709
1924
1096
181
-896
-2139
-3313
-4281
-4592
-4278
-3892
-3750
-3680
-3082
-2006
-1186
-481
-128
202
779
1294
1595
2071
2463
2558
2765
2879
2960
2892
2045
917
-306
-1077
-2308
-3668
-4698
-6134
-6831
-6835
-6811
-6699
-6698
-5939
-5360
-4755
-3797
-3145
-2570
-2321
-2030
-1453
-496
158
479
805
1347
1659
2006
2118
1781
1320
891
386
-342
-541
-990
-1588
-1974
-1915
-1806
-1654
-1413
-1382
-1293
-942
-101
211
839
1423
1739
2364
3148
3987
4621
5116
5561
5541
5484
5939
5585
5374
4877
4454
4255
3943
3757
3789
3726
3691
4038
4356
4622
2718
-181
-1857
-1868
-2610
-4842
-7061
-7656
-6707
-5645
-5227
-4110
-2355
-1221
-193
537
1548
2519
2282
1500
714
729
1523
1848
1262
515
679
1525
1800
1383
850
263
-759
-1821
-2520
-3265
-3768
-4185
-4709
-4732
-3894
-2517
-1283
-537
179
1299
2525
3410
3251
3031
3244
3173
2902
2713
2581
2420
2029
1580
1227
734
-3
-1451
-3067
-4181
-5052
-5959
-6643
-7254
-7494
-6917
-5912
-4846
-3880
-2616
-1481
-779
-37
342
739
853
644
607
752
820
790
659
505
389
147
-121
-688
-1417
-1910
-2165
-2505
-2463
-2405
-2184
-1880
-1361
-575
238
741
1198
1542
1934
2594
3089
3540
3645
3949
4479
4799
4949
5192
5340
5253
4814
4297
3949
3602
3220
2599
2393
2419
2734
3152
3546
4247
5144
6170
7302
6767
3749
511
-341
-210
-2128
-5738
-7973
-7184
-5705
-5013
-4249
-2522
-711
272
595
1452
2407
2415
1468
-277
-909
-336
917
979
-37
33
1160
2195
2105
1359
567
-400
-1624
-2497
-3361
-3948
-4168
-4328
-4318
-3483
-1889
-295
593
1000
1790
2772
3354
2829
2094
1942
1835
1672
1358
1366
1526
1468
1201
910
631
-24
-1321
-3192
-4595
-5581
-6314
-6805
-7086
-7129
-6414
-4928
-3560
-2573
-1632
-751
-82
212
277
422
331
-103
-402
-310
-91
257
338
-166
-440
-532
-904
-1322
-1924
-2499
-2544
-2536
-2342
-1781
-1185
-412
60
742
1312
1669
1981
2170
2290
2455
2789
3181
3590
3920
4438
4683
4892
4929
5033
5010
4588
3992
3426
2846
2502
2578
2420
2535
2945
3876
4560
5503
6806
8028
7389
4333
308
-1496
-1290
-2782
-6613
-9499
-8756
-6752
-5223
-4371
-2658
-235
1161
1485
1808
2452
2625
1384
-643
-1728
-1207
131
399
-465
-565
461
1429
1171
67
-1114
-2273
-3309
-4213
-4791
-4836
-4401
-3835
-3287
-2193
-96
1695
2387
2362
2542
2864
3223
2431
1762
1252
1236
1262
964
1253
1318
1543
987
519
-251
-920
-2178
-3909
-5246
-6394
-6996
-6946
-6786
-6580
-5629
-4251
-2758
-2057
-1388
-783
-257
110
-361
-410
-106
-25
-103
-444
-319
-58
-249
-735
-1326
-1781
-2332
-2841
-3142
-3055
-2710
-2213
-1627
-773
189
872
1443
1901
2121
2103
2217
2462
2506
2715
3391
3853
3981
4483
5028
5168
5000
4847
4707
4296
3800
3283
2821
2749
2898
2923
3244
3691
4415
5336
6346
7394
8870
9447
7057
2070
-1198
-711
-1158
-4876
-8995
-9292
-6698
-4461
-3543
-2221
155
2061
2371
1786
2125
2442
1615
-447
-2355
-2115
-112
805
-75
-458
439
1605
1512
382
-1109
-2332
-3347
-4291
-4747
-4738
-3793
-2608
-1726
-954
665
2719
3451
2943
2235
2399
2493
1896
934
444
1015
1521
1623
1808
2389
2648
2261
1356
312
-653
-1843
-3445
-5036
-6366
-6795
-6669
-6574
-6215
-5678
-4406
-3319
-2505
-1924
-1530
-993
-717
-737
-739
-196
129
0
-389
-511
-609
-776
-1514
-2317
-2717
-2996
-3093
-3145
-2932
-2488
-1758
-1086
-493
364
873
1380
1728
1905
2147
2428
2459
2519
2914
3231
3816
4076
4463
4708
4744
4707
4646
4265
3961
3697
3340
2828
2703
2898
2919
3294
3431
4108
5107
6336
7527
8779
9162
6392
1096
-2345
-1904
-1934
-5572
-9471
-9252
-5862
-3260
-2291
-1019
1475
3333
3102
2148
1735
1724
1075
-1232
-3472
-3013
-700
574
-68
-336
623
1513
1045
-437
-2152
-3449
-4015
-4609
-4980
-4578
-3143
-1560
-340
378
1454
3143
3651
2586
1370
1108
1165
645
-46
-100
1232
2234
2551
2765
3257
3523
2812
1558
296
-769
-1967
-3392
-5240
-6373
-6733
-6406
-6000
-5937
-5696
-4957
-3606
-2953
-2676
-2249
-1494
-1077
-1362
-1220
-804
-317
-718
-1409
-1921
-1791
-1878
-2652
-3487
-3525
-3162
-2890
-2594
-2335
-1571
-972
-250
51
537
885
1196
1445
1505
1940
2598
3041
3067
3503
4148
4838
4943
5187
5023
5152
4822
4699
4537
4412
4512
4022
3770
3722
4082
4086
4293
4764
5380
5934
7104
8225
7400
3442
-1508
-3361
-2746
-3387
-6953
-9099
-7043
-3715
-1865
-684
995
3080
3923
2695
1506
1297
1116
-182
-2249
-3414
-2062
99
542
-119
-91
769
736
-194
-1643
-2857
-3655
-4131
-4459
-4313
-2942
-1300
-121
722
1144
1947
2587
2429
1475
479
416
734
901
1014
1778
2810
3413
3445
3418
3489
3104
1853
416
-638
-1570
-2274
-3209
-4015
-4517
-4602
-4277
-4178
-4500
-4308
-3702
-3172
-2604
-2212
-1817
-1297
-772
-777
-977
-774
-926
-1773
-2575
-3115
-3265
-3463
-3951
-4018
-3372
-2543
-2092
-1716
-1243
-878
-438
-388
-408
-143
12
270
715
1110
1872
2495
2904
3528
4014
4423
4802
4912
4910
4930
5079
5204
4842
4574
4832
4857
4591
4299
4211
4300
4706
5095
5563
6027
6881
8122
7719
4146
-1511
-4243
-3561
-3781
-6814
-9359
-7681
-3811
-1329
-483
835
3141
4184
2802
572
-196
-5
-947
-3014
-4302
-2543
52
939
237
41
374
262
-817
-2642
-4081
-4489
-4471
-4759
-4358
-3082
-1061
394
988
1188
1370
1608
1288
168
-725
-631
71
567
1112
2286
3594
4162
3891
3417
2979
2355
917
-642
-1553
-1730
-2033
-2637
-3400
-3865
-3744
-3653
-3922
-4197
-4327
-4025
-3388
-2580
-1996
-1362
-826
-615
-721
-770
-1023
-1321
-2232
-3295
-3559
-3729
-3777
-3841
-3883
-3503
-2775
-2131
-1817
-1505
-1278
-879
-616
-428
-45
386
647
808
1237
1624
1997
2093
2377
3067
3846
4437
4680
4863
5269
5773
5662
5426
4997
4508
4316
4055
3806
3679
4232
4485
5020
5580
6677
8311
9662
8835
4202
-1921
-5315
-4558
-4551
-7691
-10093
-8063
-3982
-1012
424
1271
3440
4099
2083
-529
-1226
-1002
-1503
-3529
-4517
-2510
422
1925
1153
474
120
-398
-1933
-3808
-5335
-5521
-5243
-5277
-4474
-2717
-760
474
769
184
-135
-119
-54
-1197
-1624
-990
289
1589
2470
3441
4209
4578
3460
2504
1757
1000
-324
-1545
-1994
-1961
-1646
-1924
-2648
-3159
-3046
-3263
-3682
-4304
-4355
-3739
-2986
-2440
-1919
-1281
-671
-690
-1151
-1414
-1585
-2173
-3119
-3539
-3508
-3140
-3000
-3207
-3255
-2974
-2589
-2347
-2509
-2601
-2422
-1878
-1343
-839
-95
528
1118
1338
1429
1762
2085
2200
2490
2963
3635
4347
4840
5373
5564
6087
6382
6022
5590
5378
5171
4645
4330
4508
4977
5719
6454
7215
8362
9540
8829
4101
-2573
-6117
-5076
-4436
-7064
-9073
-6630
-2157
705
1196
1663
3230
3715
1353
-1620
-2282
-1239
-779
-2150
-2894
-943
2333
3317
1903
294
-587
-1454
-2996
-4931
-5697
-4923
-4011
-3635
-3035
-1478
173
1139
607
-876
-1391
-966
-1083
-1342
-962
512
2295
3186
3546
3921
4292
3758
2207
711
61
-253
-962
-1631
-1867
-1152
-655
-1062
-2053
-2940
-3588
-3953
-4136
-4697
-4824
-3757
-2191
-1355
-853
-400
-132
-403
-1113
-1924
-2341
-2407
-2697
-3211
-3013
-2555
-2235
-2431
-3286
-3352
-3156
-3252
-3620
-3695
-3173
-2195
-1174
-484
147
783
1248
1051
1098
1090
1167
1612
2039
3026
3837
4765
5320
5570
5828
5440
5182
5094
4775
4536
4536
4606
4759
5200
6142
7140
7760
8214
9167
9448
6913
1009
-5265
-6800
-4668
-4380
-6727
-7182
-3567
350
1672
966
637
1317
694
-1951
-4179
-3790
-1557
-340
-849
-1096
1119
3743
3444
1260
-976
-2337
-3005
-3817
-5161
-5259
-3656
-2103
-1473
-1253
-717
50
238
-1280
-2998
-3106
-1964
-1179
-687
202
2237
4313
4671
3989
3289
3031
2005
440
-853
-1101
-824
-536
-682
-812
-482
-764
-1841
-3612
-4993
-5583
-5373
-5303
-5282
-4560
-2903
-1163
-650
-757
-1106
-1285
-1814
-2149
-2647
-2593
-2173
-2027
-1929
-1846
-1484
-1627
-2591
-3788
-4188
-4009
-3528
-3610
-3417
-2606
-1195
-52
205
713
600
696
443
305
469
1216
2204
2933
3622
4549
5375
5603
5567
5149
4950
4885
5149
4986
5314
5538
5576
5722
6296
6818
7284
7855
8112
7732
5421
533
-4715
-5624
-3412
-2979
-4825
-4749
-1910
1344
2267
937
-64
29
-424
-2644
-4152
-3679
-1638
-154
-174
17
1733
3167
2627
403
-1891
-3023
-3422
-4111
-4781
-4122
-2513
-1028
-460
-430
-447
-115
-279
-1563
-2959
-2729
-1331
-97
765
1604
3314
4813
4938
4144
3157
2760
2272
1328
415
301
1020
1300
921
403
-232
-973
-2051
-3637
-4921
-5391
-4847
-4214
-4136
-3466
-2309
-1105
-628
-899
-1343
-1532
-1659
-1945
-2176
-1803
-1255
-1111
-1491
-1655
-1653
-2009
-2840
-3739
-4228
-4087
-3196
-2724
-2324
-1565
-598
72
397
394
294
573
827
715
873
1750
2892
4122
4795
5126
5352
5642
5653
5408
5277
5376
5421
5430
5545
5481
5875
6280
6571
6963
7563
8536
9105
7912
2946
-3980
-7172
-5229
-2944
-3964
-5538
-3573
650
3260
2513
316
-542
-596
-2052
-4589
-5434
-3461
-455
449
-282
289
2196
2926
1331
-1837
-4123
-4616
-4274
-4489
-4694
-3801
-1894
-567
-611
-1722
-2293
-1720
-1956
-3256
-4166
-2733
-113
1694
2167
2577
3610
4474
4127
3007
1904
1537
1725
1553
1487
1896
2571
2576
1793
720
-499
-1908
-3418
-4786
-5488
-5126
-4139
-3490
-3447
-3273
-2254
-1413
-1726
-2450
-2618
-2386
-2378
-2044
-1634
-971
-505
-714
-1460
-2051
-2489
-3116
-3831
-4556
-4282
-3440
-2775
-2457
-2132
-1812
-1018
-448
-387
-454
-342
78
667
1173
1653
2516
3605
4281
4740
5076
5395
5776
5614
5278
5096
5475
5955
5983
6043
6132
6538
7015
6955
7065
7846
9031
8214
3517
-3724
-7777
-6061
-2654
-3160
-5268
-4350
-853
2306
1925
-194
-1886
-2039
-2375
-3872
-5047
-3710
-408
1065
224
-419
190
737
265
-2477
-5164
-5888
-4415
-3468
-3362
-3382
-2889
-1369
-1427
-3023
-4605
-4248
-3684
-3627
-4112
-3041
-486
2071
2776
2237
2261
2343
2500
2000
1427
876
1811
2733
3180
2939
2829
2619
2025
618
-1328
-2451
-3279
-3843
-4447
-4328
-3764
-3036
-2901
-3139
-3279
-2829
-2669
-2739
-2795
-2745
-2132
-1539
-1055
-657
-665
-1059
-1414
-2099
-2728
-2783
-2914
-3138
-3188
-2953
-2634
-2340
-2046
-2153
-2207
-1539
-921
-496
-194
174
805
1409
1922
2321
2953
3669
4338
4797
5297
5798
6206
6564
6508
6470
6544
6638
6650
6393
6414
6931
7491
8143
9161
9695
8021
3279
-3350
-6470
-4150
-1188
-1465
-2922
-2416
-55
2369
2295
-293
-2577
-2985
-2590
-2565
-2883
-1478
1246
2468
1737
479
-120
-151
-682
-2770
-4890
-5054
-3516
-1823
-1263
-2051
-2376
-1967
-2086
-3538
-5104
-5108
-3824
-2571
-2044
-1285
301
1899
2372
1927
1230
706
1250
1814
1773
2166
2938
4127
4416
3987
2998
1983
948
-611
-1960
-2622
-2711
-2779
-2871
-3271
-3123
-2729
-2917
-3299
-3629
-3556
-3114
-2565
-2038
-1855
-1819
-1615
-1239
-1054
-1192
-1690
-1954
-1875
-1720
-1586
-1636
-1707
-1837
-2114
-2391
-2706
-2798
-2661
-2220
-1639
-1049
-354
123
614
1005
1440
1994
2740
3459
4020
4592
5041
5658
6046
6171
6320
6181
6332
6270
6394
6838
7115
7347
7897
8130
8177
8268
6967
2831
-3086
-6501
-4898
-983
136
-470
-1008
-533
522
730
-960
-3520
-4343
-3586
-2488
-1935
-606
1529
2492
1614
183
-1388
-2269
-2278
-2310
-3271
-4253
-3632
-1743
-335
-1120
-2841
-3927
-4213
-4465
-4639
-4544
-3889
-2628
-1505
-1021
-702
-303
-169
-49
-170
-515
-35
1211
2410
2797
2688
2633
2747
2300
1299
358
-499
-882
-1187
-1566
-2199
-2806
-3295
-3353
-3437
-3835
-4254
-4202
-3695
-3072
-2890
-2730
-2462
-2114
-2120
-2454
-2716
-2785
-2356
-2114
-2409
-2495
-2153
-2036
-1727
-2064
-2695
-2804
-2754
-2503
-2392
-2151
-1868
-1322
-1026
-981
-1157
-1037
-681
-142
901
1468
2477
3338
4278
4798
5304
5432
5659
5782
5939
6099
5777
5944
6294
7037
7236
7486
7425
7417
7468
6739
3582
-1483
-5374
-4825
-1844
-63
376
-51
-476
-1267
-1135
-1192
-2274
-3618
-3282
-1693
-1139
-951
14
864
569
-211
-1608
-3106
-3377
-2198
-1131
-1284
-2007
-2268
-2139
-2182
-2730
-3402
-4181
-4756
-4140
-3039
-2198
-1642
-1216
-865
-944
-1594
-1862
-1256
-218
658
1302
1685
2171
2615
2926
2858
2220
1320
439
61
-200
-412
-479
-590
-1119
-1880
-2437
-3019
-3177
-2936
-2764
-2850
-2886
-2628
-2181
-1860
-2028
-2145
-2586
-2729
-2452
-1981
-1719
-1449
-895
-854
-861
-878
-808
-770
-885
-1203
-1419
-1244
-1027
-622
-133
252
378
194
87
226
610
1068
1485
2174
2447
2642
3252
3844
4742
5335
5845
6405
6898
7126
7491
7392
7092
6762
6705
7177
7728
8065
7974
7171
4048
-595
-3775
-3456
-1378
-235
284
102
-1161
-2303
-2510
-2298
-2763
-2993
-2225
-831
-367
-476
-224
-36
-104
-401
-1191
-2528
-3199
-2478
-1126
-543
-941
-1772
-2633
-3680
-4065
-3741
-3612
-3522
-3186
-2474
-2136
-2089
-2221
-1959
-1706
-1668
-1888
-1702
-832
150
1231
1910
1935
1573
1564
1592
1236
1032
950
797
620
-98
-780
-1190
-1492
-1862
-1909
-2312
-2948
-3156
-3083
-2988
-2874
-2823
-3050
-2998
-2996
-2859
-2781
-2855
-2704
-2385
-2325
-2265
-1963
-1787
-1549
-1194
-906
-790
-748
-901
-875
-908
-847
-639
-481
-217
-85
221
520
680
921
1391
1840
1855
1939
2373
2892
3412
3939
4418
4839
5328
5773
6005
6172
6422
6745
7126
7242
7253
7587
7991
7610
5882
2566
-1064
-2342
-1329
-133
645
1024
-28
-1792
-3371
-4315
-4726
-5118
-4162
-2033
-366
4
-910
-2073
-3046
-2854
-1914
-1649
-1907
-1854
-1582
-1431
-1746
-2306
-2605
-3475
-4086
-4461
-4562
-4278
-3648
-2725
-2108
-2099
-2584
-2946
-3465
-3385
-3081
-2438
-1851
-1173
-576
-263
-224
-330
-182
85
709
937
1142
849
628
151
-328
-385
-611
-757
-743
-770
-1271
-1406
-1533
-1888
-2050
-2083
-2677
-2813
-2838
-2892
-2802
-2895
-2801
-2864
-2599
-2641
-2408
-2395
-1953
-1633
-1367
-1056
-860
-936
-1009
-775
-714
-284
-43
349
543
668
767
877
957
977
1019
1152
1452
1496
1941
2534
3090
3621
3958
4061
4204
4691
5199
5728
6182
6625
7099
7400
7151
7258
7490
7357
6272
3899
1878
1672
2406
2559
2324
1586
335
-901
-1630
-2322
-3541
-4053
-3199
-1447
-337
-211
-963
-2350
-3375
-3071
-2322
-1775
-1363
-953
-538
-670
-1160
-1933
-2895
-3278
-3067
-2649
-2392
-2544
-2681
-2654
-2654
-2529
-2268
-2184
-2242
-1811
-1659
-1700
-1688
-1448
-1052
-876
-806
-734
-553
-549
-166
19
139
452
651
624
417
-185
-177
-213
25
196
-15
-158
-463
-559
-819
-1156
-1268
-1142
-1222
-1210
-1556
-1978
-2433
-2975
-3030
-2933
-2635
-2037
-1781
-1714
-1743
-1793
-1918
-2190
-2059
-1579
-1045
-606
-310
-84
125
349
422
469
428
813
1099
1302
1520
1518
1617
1741
2059
2333
2645
2914
3382
3880
4427
4782
5293
5676
6133
6563
6588
6722
6819
7025
6302
4437
2682
2843
3729
3706
3477
2641
1304
96
-705
-1115
-2193
-3215
-2950
-1529
-650
-516
-1085
-2477
-3359
-3281
-2702
-2234
-1980
-1642
-1305
-1423
-1777
-2408
-3148
-3587
-3359
-2938
-2562
-2772
-3033
-3250
-3396
-3531
-3618
-3547
-3434
-2944
-2648
-2367
-2397
-2147
-1597
-1235
-1030
-826
-752
-739
-474
-296
-292
-373
-158
73
286
138
-35
-157
-23
-57
-138
-115
-184
-54
-60
-193
-369
-533
-984
-999
-971
-1342
-1417
-1792
-1946
-2102
-2169
-2078
-1996
-1992
-2029
-2098
-2388
-2547
-2682
-2478
-2004
-1445
-1337
-934
-1099
-1105
-767
-619
-401
-147
316
596
1045
954
1240
1157
1253
1298
1266
1887
2445
3015
3052
3575
3922
4422
4877
5529
5786
5915
5988
6039
6004
4440
3051
3273
4136
4191
4147
3742
2632
1603
1223
898
7
-1124
-1200
-299
20
394
-412
-1763
-2520
-2530
-2099
-1741
-1771
-1938
-1687
-1845
-2129
-2801
-3257
-3733
-3545
-3055
-2919
-3056
-3221
-3092
-3382
-3742
-3716
-3695
-3679
-3429
-3139
-2899
-2616
-2381
-2204
-1733
-1426
-1301
-889
-569
-356
-275
-239
-156
-101
148
249
254
-72
-238
-61
-139
139
-63
-81
55
44
20
-81
-68
-324
-303
-190
-315
-580
-863
-913
-1095
-1131
-1230
-1258
-1346
-1444
-1320
-1437
-1700
-1783
-1718
-1635
-1486
-1411
-1264
-1211
-1148
-1056
-1019
-842
-486
-171
365
901
1154
1358
1520
1625
1746
1992
2351
2761
3032
3227
3352
3567
3783
4008
4540
5002
5295
5595
5697
6068
5994
4593
3771
4245
5128
5331
5211
4433
3485
2855
2844
2957
1900
548
201
596
444
238
-454
-1770
-2506
-2501
-2097
-2169
-2494
-2630
-2471
-2736
-2920
-2945
-3297
-3514
-3566
-3258
-3170
-3237
-3484
-3389
-3567
-3783
-3779
-3832
-3909
-3891
-3487
-3228
-3006
-2924
-2783
-2575
-2337
-2140
-1820
-1471
-993
-593
-532
-295
28
288
453
417
404
586
821
969
967
893
789
730
576
429
275
-28
-242
-247
-169
-96
-309
-449
-540
-765
-890
-1032
-1212
-1492
-1597
-1627
-1576
-1639
-1871
-1832
-1695
-1679
-1680
-1515
-1521
-1473
-1440
-1536
-1444
-1249
-1116
-797
-519
-193
215
539
931
1407
1688
1965
1977
2202
2374
2501
2698
2995
3379
3840
4590
5195
5733
5938
6074
6387
6496
5240
3980
4435
5342
5459
5035
4271
3383
2877
2985
2995
2163
1125
626
881
737
499
34
-1177
-2117
-2385
-2026
-2007
-2487
-2918
-3115
-3206
-3163
-3258
-3722
-4357
-4168
-3822
-3644
-3723
-3850
-3716
-3881
-4231
-4266
-4061
-4164
-3861
-3390
-3321
-3285
-3293
-3386
-3070
-3018
-2701
-2281
-2047
-1843
-1266
-782
-413
-172
-512
-361
206
743
595
865
1043
1142
948
724
622
388
351
13
-89
-229
-175
-419
-539
-760
-1127
-1293
-1473
-1555
-1549
-1398
-1737
-2003
-1995
-1853
-2051
-2237
-2461
-2403
-2211
-2000
-1909
-2084
-1965
-2150
-1998
-1798
-1516
-1627
-1396
-1090
-827
-440
-30
448
773
1230
1277
1510
1810
1757
2277
2807
2903
3194
3505
4104
4815
5513
5746
5964
6296
6751
6756
5522
4548
4787
5574
5602
5311
4425
3229
2702
2857
2986
2090
1111
565
894
939
807
345
-1130
-2022
-2152
-1871
-1944
-2471
-2918
-3144
-3076
-3219
-3256
-3700
-4194
-4059
-3542
-3487
-3821
-3807
-3729
-3687
-3870
-3643
-3594
-3558
-3358
-3036
-2786
-2819
-2875
-2698
-2259
-2125
-1718
-1387
-1206
-937
-503
-336
-135
226
437
940
1184
1245
1291
1403
1425
1293
1081
872
983
1007
951
943
618
242
100
13
-22
-288
-657
-848
-969
-1175
-1329
-1644
-1811
-1811
-1825
-1742
-1799
-1995
-2194
-2140
-2284
-2269
-2271
-2209
-2143
-2082
-1932
-1926
-1746
-1617
-1207
-1038
-672
-361
-15
287
512
731
904
1229
1623
2209
2560
2890
3132
3422
3790
4327
4709
5006
5505
5940
6268
6550
6874
6859
5862
4581
4921
5860
5856
5236
4293
3233
2651
2687
2999
2287
1062
418
719
817
569
-62
-1371
-2092
-2206
-1763
-1892
-2444
-3024
-3051
-3148
-3359
-3439
-3984
-4437
-4473
-3857
-3481
-3382
-3613
-3575
-3559
-3743
-3696
-3592
-3593
-3444
-2986
-2771
-2525
-2692
-2475
-2076
-1794
-1573
-1396
-1253
-1071
-598
-91
178
583
781
984
1331
1301
1287
1351
1487
1444
1254
998
997
1052
902
780
564
224
232
256
27
-183
-596
-765
-1033
-1429
-1574
-1669
-1978
-2100
-2012
-2079
-2269
-2464
-2687
-2557
-2666
-2827
-3034
-3190
-3020
-2947
-2702
-2467
-2400
-2005
-1720
-1578
-1358
-1150
-1101
-755
-105
25
304
581
929
1318
1915
2209
2496
2667
2906
3238
3465
4058
4609
4956
5273
5770
5937
6397
6214
4889
3875
4273
5244
4998
4497
3843
2677
2006
2331
2411
1745
425
-141
153
-83
-152
-789
-1823
-2812
-2586
-2385
-2420
-3026
-3511
-3588
-4024
-4117
-3991
-4086
-4432
-4022
-3627
-3401
-3441
-3469
-3545
-3470
-3601
-3592
-3611
-3664
-3289
-2853
-2524
-2598
-2694
-2648
-2284
-1857
-1625
-1545
-1444
-921
-556
-102
126
380
861
1126
1488
1577
1584
1861
1842
1851
1823
1392
1419
1372
1293
1254
1070
660
597
510
177
-42
-514
-957
-1308
-1576
-1698
-1854
-2061
-2170
-2134
-2162
-2272
-2520
-2674
-2567
-2595
-2569
-2478
-2448
-2411
-2403
-2166
-2056
-2109
-2024
-1783
-1454
-1157
-1025
-644
-214
162
577
811
1124
1341
1543
1824
2091
2412
2667
2881
3412
3881
4292
4524
4812
5232
5308
5534
5736
6037
6405
6516
5971
4697
4382
5235
5541
4910
4173
3158
2294
1979
2206
1645
454
-321
-448
-339
-611
-1039
-1878
-2772
-3284
-3115
-3062
-3200
-3463
-3631
-3681
-3711
-3732
-3743
-3908
-3904
-3261
-2885
-2764
-2958
-3001
-2938
-3047
-3237
-3255
-3298
-3212
-2754
-2415
-2191
-2425
-2220
-2005
-1706
-1331
-907
-511
-44
389
732
1375
1513
1666
1898
2142
2265
2123
2195
2350
2445
2130
1832
1572
1409
1259
1062
1010
591
262
185
56
-414
-836
-1172
-1513
-1762
-1976
-1955
-2153
-2171
-2189
-2268
-2448
-2512
-2613
-2694
-2516
-2650
-2822
-2945
-2997
-2800
-2701
-2575
-2325
-2074
-1706
-1403
-1119
-980
-766
-453
-128
249
474
725
1192
1571
1873
2281
2335
2586
2759
2969
3362
3633
3746
3996
4546
4923
5194
5486
5748
5885
6014
6322
6592
6423
5230
4402
4558
4930
4717
4184
3142
1916
1347
1508
1458
511
-566
-1002
-1057
-1472
-1493
-1812
-2847
-3581
-3339
-3034
-3153
-3201
-3439
-3347
-3380
-3279
-3261
-3598
-3792
-3637
-3030
-2830
-2976
-3219
-3128
-3185
-3086
-2968
-2689
-2855
-2702
-2341
-2110
-1657
-1585
-1275
-819
-411
-351
422
815
1075
1399
1436
1722
1699
1839
1887
2018
1849
1708
1829
1819
1963
1847
1408
1100
886
630
407
78
-298
-850
-1069
-1283
-1304
-1476
-1733
-2026
-2032
-1948
-2113
-2188
-2562
-2728
-3053
-3008
-3162
-3199
-3188
-3074
-2976
-2954
-2921
-2931
-2667
-2608
-2520
-2318
-2071
-1745
-1160
-840
-657
-415
-68
134
411
761
1034
1183
1540
1834
2140
2425
2439
2876
3138
3430
3616
3779
4013
4144
4459
4777
4838
5109
5265
5236
5261
5449
5644
5770
5267
3728
2875
3103
3687
3463
2811
1710
477
159
366
505
-355
-1361
-1413
-1144
-1120
-960
-1532
-2599
-3152
-2932
-2500
-2704
-3082
-3276
-3241
-3372
-3308
-3038
-3123
-3317
-2731
-2251
-2080
-2137
-2142
-2086
-2140
-2042
-1815
-1579
-1493
-896
-481
-290
-145
-161
-19
245
484
577
725
876
1121
1385
1412
1431
1332
1511
1513
1531
1288
1028
944
890
780
533
362
140
360
305
31
-296
-567
-803
-1173
-1302
-1642
-2026
-2169
-2467
-2549
-2593
-2752
-2812
-3135
-3220
-3097
-3224
-3363
-3305
-3203
-2939
-2743
-2486
-2352
-2218
-1944
-1675
-1471
-1273
-1103
-753
-471
-224
-40
194
425
815
1267
1582
1736
1861
1982
2262
2546
2479
2529
2762
2912
2941
3103
3157
3212
3367
3599
3790
4092
4228
4282
4423
4487
4466
4449
4543
4650
4544
3744
2767
2610
3061
3257
2837
1960
1051
265
170
261
-296
-1120
-1615
-1612
-1787
-1723
-1682
-2181
-2769
-2702
-2326
-2256
-2328
-2512
-2497
-2535
-2466
-2207
-2021
-2252
-2129
-1637
-1330
-1305
-1483
-1375
-1321
-1303
-1074
-912
-749
-555
-306
-147
-167
-111
-115
-42
27
256
320
291
335
406
542
663
880
924
1092
1214
1244
1118
1026
1040
1023
787
531
164
53
-202
-409
-596
-1021
-1262
-1497
-1495
-1910
-1976
-2211
-2244
-2358
-2438
-2572
-2663
-2828
-2950
-2860
-3204
-3073
-3211
-2941
-2878
-2612
-2385
-2238
-1842
-1709
-1277
-1131
-885
-839
-560
-278
-226
-150
-172
-74
343
638
813
741
683
855
847
1176
1494
1634
1538
1829
2031
2195
2370
2308
2489
2467
2847
2958
3065
3249
3304
3438
3570
3789
3763
3992
3826
3959
4045
4052
3086
2046
2312
2840
2901
2499
1968
857
459
578
680
177
-610
-723
-516
-500
-631
-790
-1546
-2186
-2088
-1702
-1704
-1852
-2046
-2027
-1868
-1813
-1760
-1849
-1936
-1592
-1216
-1137
-1104
-1204
-1085
-1035
-1174
-1048
-869
-873
-879
-677
-450
-355
-595
-548
-395
-316
-288
-156
3
-3
195
306
443
497
558
710
1042
1011
810
891
1174
1151
947
862
734
634
590
529
85
-141
-363
-542
-705
-905
-1161
-1402
-1602
-1756
-1724
-1617
-1728
-1840
-1830
-1953
-1858
-2020
-2072
-1911
-1830
-1900
-1819
-1790
-1813
-1723
-1620
-1729
-1717
-1610
-1404
-1111
-916
-894
-850
-679
-453
-301
-242
0
382
541
722
1051
1133
1270
1312
1501
1639
1565
1617
1786
2059
2275
2396
2558
2535
2611
2835
2896
2983
2974
3122
3396
3594
3853
4094
4468
4516
4443
3544
2649
2600
2942
3090
2818
2368
1315
748
831
1086
526
-12
-489
-558
-675
-784
-885
-1709
-2426
-2417
-1935
-1856
-1870
-2072
-2009
-2231
-2173
-1998
-2083
-2051
-1984
-1833
-1605
-1486
-1587
-1467
-1588
-1726
-1560
-1446
-1369
-1314
-1247
-959
-896
-972
-770
-568
-455
-302
-152
51
302
332
480
707
706
784
735
823
927
921
984
1158
1365
1265
1188
955
748
698
733
535
174
2
-54
-81
-309
-705
-1119
-1316
-1468
-1508
-1682
-1762
-1806
-2061
-2096
-1988
-2218
-2397
-2616
-2506
-2292
-2235
-2153
-2071
-2036
-1941
-1839
-1841
-1784
-1695
-1413
-1214
-930
-957
-943
-756
-488
-200
99
283
495
529
777
837
733
835
986
1221
1447
1508
1572
1679
1961
2052
2135
2213
2197
2571
2605
2808
3128
3176
3156
3307
3688
3891
3762
3825
4197
4076
3940
2834
1795
1936
2242
2305
2065
1606
599
365
210
396
100
-688
-950
-1201
-931
-686
-781
-1687
-2269
-2279
-1738
-1847
-1832
-2082
-2175
-2221
-2297
-2033
-2090
-1907
-1805
-1234
-1424
-1350
-1216
-1072
-1126
-1223
-1067
-1142
-1105
-902
-688
-516
-368
-459
-462
-257
-16
81
245
365
333
592
963
936
1057
928
1020
1440
1412
1515
1494
1494
1665
1743
1671
1392
1290
1239
1065
744
425
213
84
-16
-294
-565
-828
-1293
-1416
-1495
-1719
-1835
-1857
-1828
-1848
-1868
-2126
-2215
-2240
-2089
-2058
-2013
-1931
-1877
-1782
-1633
-1407
-1346
-1329
-1251
-1029
-763
-539
-442
-264
-31
168
239
283
372
523
714
865
945
1080
1177
1245
1494
1558
1690
1742
1896
2022
1907
2009
2006
2005
2218
2207
2351
2348
2306
2463
2488
2603
2681
2920
3016
3062
3218
3428
3128
2259
1728
1746
1971
1927
1599
1095
297
54
63
-152
-694
-949
-1191
-1413
-1196
-1332
-1617
-2290
-2541
-2388
-2335
-2251
-2313
-2343
-2265
-2134
-1959
-2081
-2152
-2023
-1677
-1431
-1360
-1201
-1309
-1152
-1174
-1158
-1117
-1046
-1043
-932
-737
-706
-623
-548
-413
-395
-165
-8
57
255
461
431
709
795
888
1035
1201
1319
1523
1452
1577
1638
1535
1494
1214
1050
950
854
739
640
182
22
-137
-386
-542
-790
-945
-1075
-1474
-1847
-1987
-2172
-2058
-2167
-2231
-2327
-2277
-2359
-2383
-2350
-2549
-2473
-2409
-2154
-2029
-1780
-1791
-1574
-1316
-1183
-1061
-1097
-836
-594
-219
-181
-169
74
177
373
438
668
779
813
966
1005
1219
1317
1296
1346
1473
1687
1809
1708
1753
1890
2098
2163
2149
2400
2510
2536
2606
2720
2747
2668
2985
3065
2963
3096
3223
3323
3096
2567
1623
1445
1712
1725
1649
1232
398
-108
-168
111
-207
-766
-950
-1146
-1151
-1216
-1088
-1401
-1681
-1994
-1847
-1508
-1517
-1601
-1570
-1625
-1780
-1662
-1707
-1593
-1464
-1112
-1207
-1224
-1093
-954
-958
-1129
-994
-1137
-894
-684
-440
-400
-247
-376
-130
-24
316
332
191
382
350
654
853
859
741
966
880
1122
1037
1032
1055
1241
1226
1309
1285
1107
1109
813
811
550
505
410
264
-121
-427
-682
-927
-1102
-1416
-1629
-2090
-2210
-2118
-2151
-2186
-2319
-2472
-2455
-2470
-2557
-2364
-2389
-2355
-2135
-2047
-1831
-1843
-1770
-1862
-1805
-1471
-1261
-1079
-1070
-845
-529
-534
-499
-222
-312
-186
15
239
320
423
605
871
1190
1199
1131
1256
1481
1598
1841
1942
1933
1946
1900
2035
2091
2314
2433
2338
2335
2433
2391
2423
2517
2548
2613
2515
2682
2737
2855
2737
2435
1785
1385
1416
1600
1715
1231
549
146
-58
-175
-388
-638
-1013
-1257
-1309
-1265
-1377
-1649
-1992
-2105
-2023
-1854
-1637
-1691
-1643
-1593
-1487
-1576
-1403
-1341
-1439
-1142
-1090
-1182
-1062
-793
-765
-689
-575
-430
-505
-436
-218
-157
-124
-205
-110
48
169
428
610
611
703
730
1045
964
905
1101
1035
1168
1134
1201
1173
1132
1280
1233
1112
1095
1053
887
907
875
557
407
229
-52
-268
-359
-698
-958
-1286
-1679
-1783
-1868
-1816
-1938
-2113
-2292
-2435
-2603
-2527
-2497
-2447
-2465
-2440
-2263
-2277
-2124
-2049
-1888
-1706
-1473
-1366
-1145
-879
-764
-654
-511
-304
-93
29
124
293
352
523
638
639
638
771
838
926
1028
1081
1027
1168
1275
1442
1498
1580
1584
1675
1820
1817
1715
1880
1906
2006
2115
2093
2064
2027
2164
2172
2290
2257
2393
2303
2124
1842
1366
940
884
1251
1209
779
273
-181
-441
-411
-490
-820
-1032
-1206
-1301
-1209
-1273
-1495
-1804
-1751
-1690
-1526
-1673
-1545
-1467
-1624
-1193
-1178
-1334
-1318
-1082
-802
-516
-635
-600
-394
-324
-283
-285
-276
-262
-2
-164
-40
-127
90
-3
140
331
484
570
329
456
393
669
749
796
413
710
716
795
830
926
1157
1033
1163
1012
998
899
893
783
809
585
427
222
149
113
-52
-146
-441
-338
-400
-546
-895
-969
-1122
-1289
-1174
-1324
-1586
-1705
-1622
-1560
-1566
-1794
-1610
-1639
-1612
-1479
-1546
-1205
-1203
-1244
-1015
-637
-653
-486
-349
-289
-73
87
200
214
332
287
397
503
441
519
646
620
590
608
583
591
675
755
885
890
945
952
1066
1261
1295
1394
1561
1681
1794
1945
2165
2137
2110
2368
2493
2415
2588
2699
2556
2319
2063
1888
1574
1382
1422
1357
979
730
493
374
273
74
-176
-419
-520
-512
-549
-688
-817
-985
-1038
-987
-867
-808
-951
-976
-863
-779
-794
-752
-795
-950
-720
-537
-543
-438
-459
-331
-369
-471
-343
-329
-263
-178
-139
-9
-157
-80
87
127
196
237
221
319
524
574
598
673
929
1018
1054
1182
1288
1345
1460
1596
1608
1518
1416
1421
1304
1210
1138
1019
967
829
622
238
322
229
114
-68
-231
-182
-471
-428
-423
-556
-626
-680
-759
-718
-898
-854
-788
-751
-858
-1023
-907
-851
-905
-857
-1011
-1055
-1097
-973
-991
-1046
-890
-982
-863
-870
-727
-591
-655
-859
-695
-660
-688
-494
-534
-395
-298
-84
-203
-13
29
54
286
222
134
229
286
359
445
384
394
372
376
505
431
243
338
269
361
382
398
555
505
440
380
272
21
33
131
211
14
53
86
102
135
205
154
106
213
285
493
502
452
695
855
1046
1143
1238
1172
1011
1009
1103
1198
1195
1254
1316
1020
1047
1083
943
756
672
889
618
520
654
607
373
463
396
295
293
308
146
67
81
-25
-35
-128
-41
-266
-149
-98
-160
-140
-57
130
-145
-256
-358
-269
-138
-201
-348
-475
-699
-736
-780
-658
-722
-892
-762
-871
-788
-689
-669
-702
-515
-638
-511
-235
-228
-122
-161
-65
-193
43
72
105
-24
10
-65
77
246
215
90
34
175
111
263
219
289
76
260
272
202
183
143
-68
-18
-31
-61
-82
-289
-266
-314
-302
-373
-399
-389
-382
-481
-530
-641
-608
-396
-494
-505
-366
-424
-369
-287
-261
-249
-330
-158
-194
-359
-441
-318
-190
-201
-166
-104
-142
-49
-57
39
247
311
376
374
442
553
630
656
755
979
1084
1031
1040
1037
1048
1164
1178
1132
1067
1037
939
768
748
852
741
755
748
672
674
677
525
466
468
430
316
270
240
142
212
127
112
40
-55
-89
-82
-187
-224
-329
-485
-328
-352
-256
-241
-298
-283
-211
-248
-222
-348
-316
-311
-401
-370
-518
-308
-369
-465
-465
-496
-662
-671
-800
-905
-754
-817
-857
-812
-767
-737
-619
-561
-539
-420
-259
-412
-337
-193
-151
10
121
195
134
90
33
144
89
140
136
66
100
134
278
151
220
202
82
96
198
123
20
254
263
181
168
281
164
184
185
334
284
161
192
56
126
64
199
64
-19
23
71
152
200
261
121
161
255
255
266
275
282
393
340
208
338
365
278
343
317
317
289
243
308
320
291
329
345
455
443
538
532
471
504
498
522
495
400
436
396
388
333
301
310
86
49
-84
-165
-312
-245
-328
-287
-214
-324
-198
-244
-197
-223
-102
-193
-122
-79
-77
-15
-127
-174
-273
-355
-356
-274
-209
-233
-256
-287
-427
-402
-490
-612
-491
-475
-418
-504
-585
-574
-487
-517
-585
-559
-519
-683
-775
-751
-971
-777
-860
-995
-898
-826
-820
-748
-632
-841
-953
-712
-574
-573
-376
-427
-493
-491
-341
-466
-347
-318
-197
-113
49
67
-105
5
-133
65
48
235
122
57
132
131
319
498
557
378
445
319
576
643
770
646
628
784
887
989
947
958
824
1029
871
1056
971
1005
1014
1080
994
769
864
635
617
514
486
402
377
265
174
118
157
197
-59
-53
-178
-165
-189
-80
-141
-165
-114
-237
-207
-155
-224
-225
-246
-234
-194
-265
-141
-51
64
112
158
202
170
90
73
170
257
204
263
368
309
289
207
333
359
372
260
295
377
344
468
511
454
524
559
429
542
646
593
605
662
730
699
708
665
580
568
486
418
143
180
224
8
-104
-128
-277
-350
-449
-601
-522
-559
-651
-489
-587
-475
-502
-627
-643
-527
-381
-428
-264
-365
-307
-172
-92
-40
-79
-8
111
59
108
133
392
411
348
530
510
740
890
827
939
1018
1088
984
1042
1025
1140
1245
1188
1177
1189
1226
1041
1086
984
982
1003
1007
970
918
832
802
680
701
711
611
584
437
495
525
449
420
376
289
248
158
-53
20
-62
-245
-354
-516
-513
-569
-549
-696
-841
-860
-613
-657
-629
-632
-649
-497
-426
-258
-161
-241
-243
-183
-55
29
35
16
93
-36
-68
203
148
207
129
178
277
188
245
226
183
187
202
257
239
325
315
248
276
374
411
308
348
244
166
246
243
268
240
231
98
67
-19
-113
-178
-245
-321
-314
-268
-287
-232
-231
-374
-379
-300
-322
-296
-359
-360
-328
-339
-410
-464
-387
-245
-257
-74
-84
-339
-263
-353
-177
-142
-36
237
131
164
263
345
278
555
535
673
574
718
884
804
845
718
689
480
677
619
579
567
670
608
448
416
550
847
622
529
439
479
368
488
475
386
132
8
142
-144
45
-77
-287
-414
-397
-329
-271
-200
-386
-406
-583
-306
-417
-289
-297
-450
-444
-250
-92
-65
-123
-200
-98
-129
240
103
285
198
210
156
286
266
238
398
384
344
365
581
470
573
315
449
420
377
488
390
395
403
418
393
382
344
345
317
332
398
335
331
435
325
379
339
301
181
174
171
127
297
280
102
190
169
41
27
-78
130
96
50
-2
-38
77
-4
-104
-47
110
223
108
127
289
186
237
174
190
248
305
426
421
511
631
598
582
801
830
826
963
1028
1125
1047
999
1032
1096
1088
1145
1101
1250
1259
1243
1089
1067
1198
1117
1087
1048
1023
1022
976
830
778
783
732
620
702
532
549
485
489
348
138
266
219
162
-28
-114
-116
-121
-218
-254
-174
-286
-295
-294
-280
-152
-153
-194
-165
-157
-87
-70
-95
-97
-7
-13
-58
-51
-161
-203
-128
-67
-52
82
47
144
140
-47
-41
225
219
170
136
209
228
198
182
326
333
155
214
215
134
30
7
-155
9
50
-59
-292
-540
-444
-310
-171
-257
-352
-431
-459
-410
-317
-307
-351
-243
-325
-323
-206
-425
-416
-544
-400
-296
-375
-416
-377
-358
-333
-360
-343
-376
-189
-196
-260
-116
-161
2
-81
44
234
258
212
278
428
469
465
482
470
441
494
548
621
523
565
548
583
670
562
655
730
669
744
795
687
646
626
649
520
518
588
383
402
417
293
31
52
-53
-64
-10
-122
-248
-190
-85
-302
-413
-394
-221
-280
-316
-382
-314
-250
-221
-116
-395
-315
-301
-398
-282
-208
-333
-301
-425
-228
-299
-260
-186
-72
183
-48
204
234
276
384
376
458
414
455
578
512
365
412
408
427
231
187
89
-43
-112
-123
-62
-229
-180
-181
-13
-41
-28
-94
-10
-123
-105
-116
42
82
-60
-46
-156
126
-42
-29
-132
-62
-188
-168
-90
-283
10
18
-73
-157
-109
-91
85
141
141
11
151
252
244
344
404
599
486
605
599
616
718
507
508
742
662
633
709
683
692
636
633
611
612
570
653
595
643
640
621
684
681
637
488
510
499
512
410
472
480
443
281
145
141
178
256
176
209
142
27
65
44
87
88
46
-9
-60
-57
133
133
131
205
194
294
185
258
141
82
224
235
225
