-558
-530
-378
-490
-650
-668
-680
-703
-740
-843
-856
-683
-854
-988
-896
-781
-788
-900
-974
-940
-767
-812
-633
-540
-628
-405
-354
-369
-310
-221
-331
-307
-471
-540
-656
-989
-844
-967
-1001
-876
-821
-765
-912
-945
-691
-609
-471
-438
-489
-659
-563
-669
-477
-776
-762
-641
-742
-695
-737
-557
-702
-736
-886
-789
-822
-988
-849
-836
-868
-784
-661
-652
-529
-339
-226
-192
-231
-117
-174
-99
-278
-240
-354
-399
-410
-492
-475
-587
-660
-549
-457
-444
-355
-328
-213
-254
-279
-137
-223
-123
-186
-163
-90
-122
-258
-443
-504
-432
-541
-572
-440
-251
-417
-622
-500
-495
-702
-701
-537
-571
-487
-486
-246
-478
-340
-100
-232
-172
-240
-263
-262
-267
-355
-348
-323
-391
-282
-405
-495
-635
-538
-627
-661
-531
-417
-380
-458
-316
-209
-140
-169
-163
-238
-390
-371
-382
-396
-547
-582
-625
-575
-353
-504
-404
-315
-228
-336
-306
-112
-128
-138
-97
-38
-18
70
0
-137
-197
-252
-351
-388
-347
-256
-349
-449
-357
-310
-183
-225
-287
-259
-112
-40
-21
-33
-85
-127
-241
-238
-303
-411
-446
-540
-672
-639
-702
-561
-566
-525
-586
-652
-615
-641
-588
-686
-618
-488
-529
-623
-519
-407
-335
-407
-353
-497
-563
-691
-856
-890
-1014
-956
-988
-1076
-1056
-942
-938
-800
-943
-838
-692
-887
-888
-812
-747
-798
-787
-630
-556
-550
-612
-444
-390
-594
-534
-476
-476
-425
-394
-401
-298
7
39
5
-56
124
226
168
116
-69
-81
189
192
91
84
36
4
-65
-69
-223
-238
-399
-497
-259
194
-42
61
261
268
357
329
447
391
216
-26
-36
-30
-14
-69
-102
-122
-67
-125
-181
-143
-303
-433
-534
-543
-426
-377
-534
-659
-632
-500
-562
-696
-736
-686
-611
-840
-910
-892
-837
-938
-1320
-1407
-1326
-1352
-1449
-1457
-1409
-1225
-1193
-1282
-1197
-1115
-1067
-1075
-1086
-1083
-1012
-1005
-1252
-1378
-1310
-1388
-1503
-1665
-1603
-1494
-1544
-1536
-1491
-1481
-1423
-1221
-1032
-736
-416
-379
-18
106
376
483
683
644
676
744
614
376
420
270
289
18
-58
-168
-57
30
-84
317
382
572
710
927
1086
1241
1296
1422
1532
1651
1758
1711
1572
1436
1391
1268
1091
787
629
573
350
210
107
215
213
60
68
147
151
-141
-294
-258
-447
-668
-919
-1142
-1397
-1497
-1576
-1782
-1839
-1824
-1790
-1755
-1701
-1757
-1638
-1712
-1732
-1677
-1625
-1794
-1828
-1969
-2082
-2139
-2343
-2355
-2483
-2289
-2395
-2525
-2389
-2391
-2381
-2207
-2072
-1857
-1669
-1459
-1346
-1273
-1073
-1031
-695
-195
100
465
770
973
1058
1219
1336
1313
1299
1233
1228
1018
1195
1314
1370
1379
1566
1905
2056
2340
2508
2535
2510
2593
2621
2489
2312
2371
2428
2409
2535
2700
2522
2461
2343
2230
2065
1674
1014
-140
-1358
-2233
-2574
-2965
-3191
-3212
-2804
-2292
-1535
-626
36
447
577
763
864
943
805
387
-92
-434
-499
-607
-694
-790
-1025
-1328
-1569
-1516
-1861
-2166
-2647
-2895
-2883
-2684
-2267
-2017
-1933
-1843
-1511
-1446
-1512
-1667
-1813
-2211
-2632
-2743
-2875
-2855
-2834
-2853
-2706
-2451
-2210
-2143
-2094
-2168
-2133
-2101
-2001
-1649
-1237
-867
-655
-365
117
481
509
587
614
621
709
651
677
779
877
1024
1171
1478
1656
1700
1682
1680
1794
1837
1833
1934
1844
1841
1967
2086
2246
2347
2686
2941
2979
3018
3093
2897
2442
2201
1688
730
-91
-707
-1668
-2188
-2552
-2896
-2676
-2209
-1825
-1461
-615
45
476
752
1000
1124
1020
886
636
515
208
-127
-472
-704
-825
-1133
-1331
-1426
-1608
-1735
-1829
-2045
-1994
-1926
-1781
-1410
-1176
-1121
-933
-886
-975
-1079
-1305
-1533
-2068
-2514
-2706
-2896
-2962
-2999
-2858
-2618
-2516
-2315
-2168
-2066
-2057
-2039
-1945
-1863
-1661
-1431
-1280
-1067
-709
-411
-211
123
139
281
438
676
836
741
476
903
928
981
1382
1548
1717
1751
2205
2185
2328
2145
2225
2208
2277
2181
2259
2205
2099
2423
2474
2757
2996
3120
2865
2733
2442
1982
1050
235
-544
-1567
-2151
-2779
-3021
-2692
-2378
-1972
-1425
-491
187
689
1113
1323
1427
1109
1058
757
471
136
-45
-406
-651
-715
-864
-1152
-1350
-1424
-1469
-1486
-1436
-1273
-1104
-836
-566
-230
-171
-103
-56
-156
-593
-1252
-1529
-1818
-2295
-2639
-2768
-2901
-2947
-2929
-2672
-2471
-2176
-1790
-1683
-1646
-1340
-1049
-1331
-1352
-1241
-1245
-1375
-1392
-1175
-1078
-928
-600
-162
72
294
679
924
1104
1208
1344
1411
1387
1579
1723
1915
2057
2242
2504
2633
2925
3172
3138
2998
2975
2920
2871
2831
2949
2910
2968
3200
3551
3919
3899
3768
3328
2544
1885
895
-220
-1087
-1850
-2660
-3171
-2611
-1965
-1509
-826
127
938
1277
1603
1852
1651
1209
948
673
282
82
-7
-256
-479
-702
-941
-1318
-1509
-1651
-1746
-1774
-1475
-1133
-834
-555
-106
148
147
-24
-152
-176
-853
-1650
-2311
-2581
-2945
-3329
-3494
-3457
-3153
-2906
-2613
-2398
-2202
-1923
-1689
-1664
-1364
-1124
-1269
-1428
-1506
-1450
-1576
-1730
-1696
-1697
-1515
-1256
-834
-428
-100
58
325
575
914
1154
1158
1270
1279
1434
1597
1709
1947
2132
2178
2191
2300
2484
2616
2533
2371
2318
2459
2512
2493
2431
2710
3314
3531
3577
3602
3585
3139
2637
1906
645
-153
-914
-1671
-2431
-2743
-2501
-2161
-1519
-1107
-262
497
846
1356
1574
1570
1341
1141
826
506
226
-89
-378
-711
-974
-1224
-1405
-1658
-1823
-1664
-1340
-1044
-821
-505
-36
347
366
172
-14
-291
-798
-1522
-2232
-2633
-2849
-3196
-3353
-3187
-3034
-2860
-2635
-2290
-2036
-1704
-1567
-1439
-1266
-1216
-1272
-1407
-1509
-1532
-1601
-1809
-1829
-1843
-1694
-1503
-1251
-808
-418
-10
258
620
1035
1248
1112
1122
1095
974
1057
1138
1292
1559
1929
2031
2290
2479
2484
2426
2336
2322
2515
2289
2315
2498
2624
3023
3172
3664
3618
3719
3635
3377
2515
1566
462
-555
-1129
-1649
-2208
-2843
-2592
-1735
-948
-610
55
831
1217
1424
1717
1884
1464
1146
708
476
124
40
-249
-850
-1243
-1253
-1179
-1475
-1651
-1482
-1102
-894
-350
217
503
444
577
429
85
-172
-432
-1199
-2265
-2594
-2641
-2894
-3013
-2832
-2861
-2611
-2293
-1897
-1656
-1422
-1157
-1248
-977
-1030
-945
-1067
-1786
-1777
-1707
-1815
-1933
-1825
-1457
-1296
-1066
-536
-57
192
319
769
963
1064
1295
1291
1296
1340
1623
1668
1732
1959
2081
2404
2618
2722
2843
2935
2937
2808
2740
2947
3156
3194
3301
3537
3861
4078
4109
4229
4098
3552
3039
2360
1447
495
-433
-1077
-1626
-2126
-2394
-2023
-1276
-707
-20
785
1372
1459
1684
2066
1861
1339
958
689
284
-111
-305
-698
-1130
-1347
-1358
-1378
-1423
-1248
-991
-597
-412
-32
391
433
297
47
-193
-580
-874
-1386
-2009
-2466
-2597
-2730
-2975
-2813
-2467
-2440
-2162
-2008
-1672
-1562
-1544
-1436
-1448
-1411
-1383
-1551
-1957
-2116
-2210
-2178
-2327
-2255
-1993
-1824
-1450
-902
-416
-121
172
554
667
771
835
965
996
973
1136
1098
1220
1389
1680
1857
1967
2283
2501
2709
2708
2708
2784
2796
3008
3206
3282
3410
3707
3853
4048
4102
3903
3599
3180
2660
1762
937
131
-670
-1088
-1693
-2144
-2098
-1466
-872
-357
94
823
1493
1432
1583
1580
1271
809
477
248
23
-341
-481
-603
-836
-1151
-1126
-1236
-1432
-1273
-808
-358
-312
65
697
734
301
102
2
-595
-1393
-1793
-2339
-2864
-3038
-3131
-3182
-3087
-2742
-2460
-2282
-1952
-1552
-1505
-1568
-1466
-1448
-1630
-1770
-1850
-2010
-2122
-2159
-2250
-2329
-2229
-1986
-1834
-1519
-980
-376
-73
302
715
897
932
807
942
910
564
456
929
1046
1402
1785
2036
2174
2440
2619
2744
2769
2581
2613
2601
2535
2510
2783
2898
3009
3251
3706
3690
3626
3388
3115
2654
2062
1293
143
-759
-1399
-1909
-2597
-2634
-1923
-1409
-1032
-314
642
1019
1350
1704
1669
1356
997
778
272
51
-115
-171
-525
-670
-876
-1069
-1186
-1122
-904
-773
-706
-457
-175
111
326
308
190
-281
-689
-1140
-1691
-2368
-2660
-2739
-2802
-2932
-2598
-2168
-2243
-2077
-1820
-1648
-1573
-1516
-1509
-1592
-1924
-1985
-2117
-2083
-2038
-2186
-2320
-2151
-1968
-1916
-1665
-1310
-746
-386
-37
418
833
802
883
793
780
861
920
1049
1129
1474
1885
1998
2174
2629
2808
2857
3008
3082
3264
3475
3474
3361
3397
3608
3758
3818
3862
4100
4222
3928
3710
3783
3569
3130
2517
1623
578
-331
-962
-1721
-2247
-2184
-1712
-1271
-539
225
899
1213
1531
1895
1865
1505
1106
734
431
224
38
-123
-345
-496
-699
-806
-818
-842
-792
-709
-618
-398
-180
-89
-193
-209
-392
-785
-1387
-1911
-2210
-2584
-2962
-3213
-3112
-3060
-2659
-2409
-2266
-2097
-1968
-1813
-1789
-1611
-1793
-1951
-2057
-2129
-2181
-2270
-2451
-2380
-2472
-2390
-2193
-1853
-1505
-1158
-634
-353
159
549
673
776
778
789
819
741
708
856
1157
1390
1757
2150
2461
2774
2955
3136
3237
3366
3410
3182
3357
3382
3513
3565
3652
3796
3942
4156
4218
4130
3919
3852
3327
2949
1879
872
-385
-1776
-2357
-2683
-2776
-2704
-2027
-1346
-525
457
1321
1629
1691
1826
1546
1150
839
674
177
-128
-240
-379
-617
-947
-1257
-1643
-1753
-1609
-1199
-1065
-926
-766
-415
-33
198
168
-321
-1083
-1635
-2038
-2577
-3084
-3371
-3407
-3211
-2829
-2420
-2186
-2138
-2090
-2164
-2006
-1799
-1954
-2176
-2328
-2284
-2226
-2229
-2395
-2326
-2366
-2439
-2204
-1837
-1499
-1190
-824
-384
133
315
568
505
603
571
616
590
565
861
989
1506
1737
2438
2497
2737
2860
3044
3369
3316
3270
3099
3073
3069
3126
3240
3531
3476
3623
3693
3934
3802
3919
3645
3537
3613
3228
2813
1781
465
-882
-1848
-2483
-2952
-2762
-2378
-1813
-901
129
1119
1557
1971
1671
1862
1525
1213
941
552
231
-35
-109
-430
-598
-1109
-1340
-1573
-1387
-1218
-994
-838
-523
-75
193
319
228
-41
-649
-1332
-1631
-2165
-2809
-3077
-3134
-3192
-2985
-2523
-2228
-2319
-2597
-2436
-2266
-2145
-2114
-2156
-2128
-2065
-2042
-1937
-1896
-2162
-2264
-2454
-2473
-2047
-1675
-1374
-834
-321
95
574
806
979
1007
902
851
815
927
1095
1304
1597
1994
2372
2644
2891
2994
3169
3320
3326
3353
3330
3381
3419
3488
3737
4027
4024
4052
4259
4334
4129
3943
3820
3771
3585
3336
2903
1812
644
-447
-1470
-2263
-2626
-2603
-2311
-1627
-731
312
1340
1828
2051
2087
1881
1624
1242
919
377
-103
-96
-224
-403
-789
-1230
-1491
-1637
-1541
-1277
-1096
-854
-616
-178
105
248
125
-345
-906
-1474
-1875
-2397
-2909
-3080
-3104
-3302
-3110
-2824
-2626
-2649
-2570
-2372
-2429
-2318
-2296
-2279
-2207
-2037
-1832
-1866
-1992
-2122
-2259
-2276
-2239
-1991
-1818
-1342
-876
-403
186
432
662
727
774
698
618
758
1062
1256
1440
1844
2162
2468
2615
2825
2913
3016
3234
3312
3511
3424
3605
3689
3735
3921
3991
3930
3976
4061
4030
4004
3853
3812
3596
3522
3504
3294
2518
1010
-384
-1478
-2310
-2780
-2956
-2564
-2030
-1186
-125
1022
1684
1980
2097
1784
1480
1148
802
409
65
-188
-190
-406
-830
-1175
-1609
-1890
-1888
-1594
-1256
-1045
-966
-465
71
160
17
-124
-531
-1580
-2332
-2413
-2637
-3134
-3443
-3561
-3539
-3422
-3137
-3036
-2985
-2703
-2452
-2171
-1911
-1573
-1594
-1768
-1691
-1623
-1799
-2024
-2259
-2421
-2386
-1907
-1496
-1134
-710
-75
427
633
718
1240
1122
844
1062
955
1427
1512
1881
2091
2161
2511
2413
2576
2723
2661
2771
3047
2901
3353
3375
3500
3569
3541
3998
3647
3934
3736
3884
3721
3743
3738
3442
3535
3321
3208
2214
878
-966
-2081
-2727
-2993
-3127
-2801
-2108
-1275
-59
1011
1944
1986
1949
1636
1446
1171
898
553
230
40
213
105
-190
-703
-1311
-1707
-1701
-1332
-1159
-1156
-829
-229
-22
309
455
-134
-868
-1368
-1717
-2281
-2684
-3053
-3290
-3335
-3057
-2896
-3069
-3290
-2914
-2932
-2777
-2353
-2241
-1983
-1632
-1431
-1373
-1349
-1555
-1733
-2038
-2017
-1851
-1700
-1304
-800
-160
539
1058
1383
1493
1508
1644
1686
1492
1430
1591
1715
1931
2174
2489
2691
2916
3126
3149
3272
3336
3344
3379
3614
3851
3834
3896
4047
4181
4257
4276
4288
4255
4000
3784
3619
3605
3555
3404
3178
2146
516
-1150
-2103
-2589
-3032
-3053
-2480
-1757
-912
316
1473
1937
2005
1757
1595
1101
1007
910
430
153
144
142
-189
-505
-1024
-1666
-2157
-2171
-1809
-1517
-1368
-807
-238
8
71
-74
-538
-1339
-2099
-2499
-2994
-3501
-3499
-3315
-3480
-3291
-3034
-2968
-3103
-3199
-3188
-3268
-3188
-2802
-2398
-2305
-1823
-1565
-1551
-1633
-1821
-1922
-2205
-2075
-1786
-1455
-843
-166
441
749
1088
1355
1220
974
900
1018
1033
1334
1750
2036
2361
2754
2970
2909
3133
3213
3147
3032
3170
3495
3499
3358
3738
3893
3757
3810
3808
3827
3804
3648
3651
3672
3562
3609
3097
2832
2246
603
-1011
-2210
-2905
-3177
-3308
-2844
-2100
-1288
-295
701
1339
1581
1606
1204
849
770
694
401
223
218
250
-147
-633
-1124
-1673
-2159
-2658
-2521
-2053
-1475
-1072
-612
-45
373
342
-100
-684
-1505
-2387
-2833
-2831
-3118
-3163
-3113
-3071
-2903
-2814
-2986
-3316
-3644
-3442
-3106
-2847
-2403
-1991
-1733
-1523
-1434
-1441
-1747
-2050
-2283
-2398
-2097
-1502
-1195
-823
-416
157
370
535
805
752
629
606
1037
1155
1438
1928
2241
2433
2578
2531
2691
2293
2626
2523
2911
3137
3154
3480
3328
3499
3399
3420
3303
3435
3333
3359
3655
3667
3764
3684
3947
3627
3277
2549
593
-1064
-2296
-3014
-3078
-2785
-2465
-1789
-648
279
1101
1667
1765
1445
1235
1202
1358
1472
1311
1273
1150
894
512
11
-743
-1741
-2313
-2438
-2315
-1661
-921
-518
-186
420
827
595
-39
-705
-1474
-2181
-2634
-2628
-2672
-2802
-2716
-2853
-2792
-2945
-3051
-3211
-3475
-3151
-2756
-2195
-1630
-1385
-1426
-1582
-1547
-1598
-1871
-2112
-2143
-2022
-1686
-1208
-608
-294
-34
404
749
827
868
903
793
870
1071
1356
1601
1741
2050
2314
2532
2679
2796
2951
3114
3287
3379
3512
3808
3819
3520
3685
3728
3612
3416
3627
3992
4066
4091
4272
4273
3965
3910
3726
3277
2142
705
-679
-1712
-2223
-2540
-2249
-1748
-1363
-847
44
748
1050
1141
1310
1262
1251
1455
1535
1412
1208
896
570
98
-663
-1379
-2165
-2627
-2720
-2466
-2104
-1618
-868
-287
11
196
315
-177
-951
-1377
-1718
-2359
-2696
-2578
-2706
-3044
-3182
-3131
-3571
-3718
-3571
-3650
-3584
-3188
-2519
-2173
-1862
-1408
-1172
-1369
-1375
-1408
-1838
-2027
-1994
-1894
-1716
-1259
-815
-549
-249
117
312
352
590
865
1149
1289
1570
1788
1971
2112
2149
2178
2170
2375
2509
2471
2446
2827
3093
3183
3203
3210
3210
3165
3279
3250
3115
3204
3584
3631
3492
3467
3588
3419
3249
2996
2345
1264
-159
-1382
-2319
-2819
-2914
-2688
-2078
-1720
-1095
-362
319
640
685
882
903
1095
1223
1406
1309
977
719
242
-434
-1018
-1724
-2416
-2785
-2815
-2479
-1996
-1421
-937
-779
-527
-349
-517
-1041
-1669
-2104
-2578
-2826
-2806
-2938
-3224
-3427
-3471
-3749
-3833
-3793
-3887
-3709
-3204
-2633
-2182
-1871
-1883
-1956
-2139
-2239
-2359
-2382
-2484
-2144
-2035
-1825
-1179
-1041
-839
-558
-443
-67
131
261
716
671
1139
1016
1278
1265
1163
1302
1507
1580
1859
2109
2359
2596
3006
3302
3283
3281
3164
3247
3274
3197
3347
3359
3580
3732
3672
3560
3443
3287
2884
2836
2576
1943
542
-627
-1379
-2342
-3057
-2787
-2353
-2091
-1858
-1029
-122
199
526
814
808
753
1093
1453
1485
1239
1147
860
448
-215
-861
-1547
-2255
-2721
-2693
-2201
-1794
-1329
-1241
-739
-582
-647
-330
-462
-933
-1583
-1876
-1661
-1882
-2314
-2538
-2849
-2998
-3520
-3443
-3455
-3755
-3652
-3439
-3070
-2406
-1884
-1562
-1521
-1545
-1591
-1705
-1717
-1817
-1985
-1890
-1456
-971
-706
-501
-262
-130
-129
182
616
957
1115
1389
1835
1895
1962
2106
2143
2256
2476
2527
2683
2870
3028
3226
3235
3470
3537
3460
3400
3324
3301
3417
3612
3886
4059
4013
3893
3608
3446
3177
2947
2639
2066
1001
-297
-1101
-1672
-2363
-2619
-2334
-1827
-1600
-1241
-543
-76
111
155
678
843
1125
1503
1574
1566
1288
978
321
-299
-973
-1570
-2358
-2710
-2777
-2558
-1987
-1862
-1571
-1396
-1301
-1243
-1218
-1291
-1210
-1229
-1282
-1307
-1326
-1488
-1996
-2523
-3000
-3389
-3679
-3743
-3576
-3351
-3107
-2644
-2502
-2687
-2597
-2769
-2734
-2601
-2181
-1622
-1611
-1309
-1112
-988
-850
-818
-612
-427
-140
353
779
1131
1270
1475
1344
1234
1281
1446
1708
1771
1901
2095
2312
2690
3013
3091
3048
3039
3393
3432
3466
3540
3609
3536
3447
3613
3776
3818
3676
3409
3341
3077
2873
2786
2602
2284
1328
240
-706
-1399
-1957
-2374
-2346
-2002
-1723
-1454
-855
-260
-197
-268
34
407
642
1015
1526
1719
1484
1138
731
214
-353
-1111
-1787
-2197
-2247
-2103
-1912
-1570
-1420
-1523
-1499
-1356
-1281
-1265
-1310
-1430
-1674
-1657
-1467
-1748
-2067
-2345
-2746
-3248
-3479
-3320
-3315
-3451
-3239
-3016
-2898
-3091
-3067
-3187
-3197
-2927
-2787
-2164
-2039
-1840
-1768
-1467
-1594
-1322
-1079
-857
-407
81
396
642
1160
922
979
785
931
782
1080
1155
1728
1811
1881
2464
2340
2818
2976
3144
3076
3167
3570
3540
3614
3490
3499
3469
3711
3866
3637
3735
3314
2971
2664
2711
2437
2127
1263
136
-845
-1418
-1800
-2230
-2305
-1938
-1737
-1641
-1045
-518
-290
-306
217
635
984
1371
1832
1855
1556
1319
1166
618
-21
-550
-1232
-1783
-1857
-1986
-1932
-1758
-1565
-1788
-1792
-1362
-1270
-1040
-1242
-1215
-1321
-991
-999
-1152
-1246
-1692
-2254
-2566
-2488
-2658
-2950
-2953
-2913
-2913
-3127
-3248
-3186
-3225
-3123
-2837
-2340
-1917
-1542
-1456
-1288
-1084
-1035
-839
-604
-280
95
414
800
1049
1158
1108
899
916
1041
1097
1356
1837
2197
2328
2372
2429
2385
2503
2685
2867
3101
3501
3775
3686
3533
3486
3506
3302
3364
3479
3573
3732
3547
3345
3065
2771
2576
2139
1555
719
-272
-1007
-1417
-1750
-2127
-2002
-1762
-1746
-1469
-1044
-731
-581
-281
256
636
972
1343
1531
1596
1393
1083
825
472
17
-417
-912
-1066
-1252
-1602
-1741
-1674
-1853
-1979
-1736
-1624
-1686
-1408
-1051
-1185
-1766
-1804
-1705
-1876
-1856
-1866
-2042
-2368
-2458
-2561
-2753
-2800
-3001
-3196
-3044
-2766
-2554
-2808
-2831
-2981
-3004
-2613
-2151
-1930
-1771
-1519
-1153
-837
-556
-43
200
285
641
1075
1183
1460
1497
1435
1282
1285
1523
1502
1696
1828
1934
1889
2164
2549
2692
2918
2935
3346
3583
3800
3806
3632
3690
3770
3898
4185
4278
4024
3638
3134
2713
2472
2492
2022
1228
299
-854
-1522
-1782
-1992
-2105
-2110
-1689
-1517
-1282
-683
-468
-516
-173
343
778
1263
1668
1878
1597
1398
1199
793
440
87
-451
-1019
-1242
-1338
-1536
-1807
-2127
-2454
-2499
-2209
-1935
-1684
-1490
-1518
-1741
-1828
-1777
-1738
-1850
-1921
-1951
-2041
-2257
-2527
-2732
-3070
-3515
-3673
-3897
-3720
-3665
-3499
-3309
-3526
-3253
-3236
-2800
-2530
-2314
-1876
-1634
-1128
-846
-722
-395
-232
42
327
608
779
790
904
1045
1160
1113
1252
1371
1599
1737
1929
1951
2258
2249
2228
2470
2929
3100
3287
3319
3523
3507
3637
3710
3615
3752
3610
3496
3103
2925
2660
2510
2474
2164
1304
361
-490
-1170
-1658
-1814
-1992
-2015
-1799
-1624
-1436
-1194
-1028
-1050
-674
-130
414
964
1294
1632
1494
1293
1331
1267
913
591
466
201
-522
-796
-875
-1240
-1805
-2149
-2381
-2103
-2038
-1913
-1691
-2110
-2435
-2513
-2272
-2079
-1981
-1813
-1700
-1840
-2099
-2083
-2217
-2433
-2572
-2696
-2729
-2487
-2427
-2558
-2771
-2882
-2848
-2914
-2592
-2151
-1833
-1723
-1250
-939
-637
-218
98
414
621
991
1379
1628
1772
1673
1640
1792
1873
1881
1976
2172
2204
2312
2423
2487
2496
2683
2955
2970
3075
3379
3530
3308
3379
3678
3582
3553
3818
3954
3557
3224
3140
2777
2596
2456
2070
1227
122
-638
-1128
-1496
-1714
-1738
-1579
-1732
-1998
-1896
-1806
-1686
-1391
-857
-227
272
784
1278
1219
1215
1098
1225
1125
917
803
566
279
-203
-629
-1109
-1610
-1680
-1752
-1922
-2059
-2148
-2249
-2702
-3230
-3284
-3026
-2828
-2568
-2241
-2078
-2365
-2503
-2492
-2422
-2402
-2202
-1987
-1910
-1993
-2152
-2351
-2644
-2801
-2869
-2676
-2319
-2058
-2152
-1908
-1755
-1822
-1583
-1193
-406
5
415
977
1112
1181
1337
1482
1768
1868
2064
2665
2919
2962
2588
2490
2413
2462
2755
3137
3296
3072
3184
3243
2950
2835
2936
3243
3372
3588
3841
3676
3527
3318
3099
3002
3063
3083
2510
1688
818
54
-500
-961
-1247
-1404
-1462
-1704
-2112
-2128
-2156
-2206
-2092
-1535
-755
-388
-26
427
682
656
839
1090
1289
1449
1419
1245
806
454
131
-325
-601
-920
-1207
-1258
-1460
-1892
-2560
-3080
-3337
-3519
-3532
-3364
-3276
-3206
-3339
-3505
-3528
-3512
-3266
-3056
-2736
-2507
-2354
-2260
-2170
-2268
-2208
-2367
-2306
-2256
-2232
-2218
-2117
-2226
-2175
-2059
-1829
-1373
-1030
-543
-208
149
395
616
1121
1372
1630
2077
2405
2562
2780
3037
2935
2812
2913
2963
2927
2917
2975
2946
2802
2882
2830
2841
2773
3033
3228
3283
3357
3293
3100
3009
3109
3216
3021
2633
1874
1052
445
70
-329
-906
-998
-1083
-1208
-1582
-1946
-1988
-1903
-1735
-1288
-752
-349
-36
190
381
578
797
1175
1479
1822
1801
1604
1515
958
887
472
164
186
-16
-276
-603
-1094
-1740
-2082
-2351
-2834
-3238
-3079
-3116
-3148
-3065
-3069
-3170
-3215
-2879
-2499
-2262
-2016
-1739
-1786
-1787
-1674
-1685
-1596
-1616
-1479
-1479
-1549
-1539
-1594
-1617
-1589
-1293
-1157
-906
-434
-95
91
233
380
698
1098
1515
1913
2114
2396
2486
2689
2886
3028
3204
3373
3504
3387
3630
3624
3446
3444
3601
3588
3477
3526
3731
3768
3523
3648
3613
3334
3206
3351
3192
2799
2251
1569
821
446
-109
-629
-925
-965
-1155
-1738
-1770
-1787
-1897
-2095
-1504
-843
-684
-542
-64
197
263
650
1069
1365
1496
1852
1860
1582
1558
1374
994
921
733
474
50
-419
-848
-1372
-1594
-1916
-2464
-2954
-3038
-3162
-3349
-3229
-3222
-3361
-3491
-3406
-3103
-2965
-2729
-2461
-2232
-2099
-1935
-1790
-1696
-1574
-1493
-1497
-1304
-1245
-1370
-1484
-1521
-1410
-1514
-1181
-987
-791
-659
-363
-13
10
312
660
1196
1499
1726
2012
2240
2485
2787
3113
3043
3195
3358
3700
3777
3835
3817
3805
3623
3632
3923
4072
3991
3977
4093
3926
3751
3434
3095
2963
2790
2507
2020
1308
632
57
-582
-1169
-1412
-1398
-1674
-2017
-2102
-2169
-2334
-2255
-1700
-1225
-876
-523
-244
36
317
822
1231
1478
1673
1825
1846
1640
1547
1445
1234
1051
959
551
27
-271
-722
-1150
-1519
-1700
-1837
-2354
-2981
-3675
-3766
-3803
-3878
-3922
-3810
-3672
-3764
-3849
-3546
-3353
-3182
-2832
-2244
-2051
-2093
-1842
-2231
-2056
-1870
-1643
-1546
-1760
-1580
-1723
-1649
-1457
-1076
-958
-808
-479
-301
-243
-108
177
522
806
1306
1723
1848
2085
2139
2435
2603
2993
3085
3373
3355
3513
3676
3851
3943
3912
3855
3980
3985
4112
4277
4216
4167
3718
3342
2889
2520
2151
1755
1200
691
-11
-960
-1462
-1521
-1603
-1932
-2251
-2262
-2498
-2796
-2677
-1962
-1495
-1558
-840
-564
-482
111
825
1302
1504
1761
1928
1840
1817
1899
1841
1743
1558
1393
912
520
282
-208
-779
-982
-1238
-1819
-2599
-2834
-3175
-3472
-3544
-3718
-3840
-3886
-3729
-3636
-3597
-3497
-3254
-2934
-2753
-2289
-1900
-1825
-1683
-1391
-1231
-1271
-1045
-1004
-1187
-1199
-1076
-1037
-1162
-980
-868
-875
-733
-446
-424
-451
-193
150
556
878
1056
1179
1331
1474
1851
2228
2464
2589
2760
3114
3477
3632
3762
4028
4266
4225
4206
4241
4332
4392
4369
4262
3945
3543
3215
2812
2538
2331
1853
1107
353
-239
-996
-1490
-1505
-1669
-2164
-2534
-2622
-2818
-2966
-2701
-2182
-2020
-2102
-1709
-1230
-875
-422
237
803
956
1255
1518
1474
1433
1736
1886
1798
1800
1706
1237
795
496
152
-209
-790
-1136
-1554
-2150
-2653
-3075
-3479
-3650
-3798
-4179
-4423
-4327
-4202
-4201
-4062
-3817
-3601
-3411
-2969
-2455
-2109
-1926
-1770
-1557
-1472
-1304
-1170
-1162
-1129
-951
-673
-665
-550
-573
-622
-574
-221
-59
-226
-53
164
346
543
674
786
804
940
1321
1643
2103
2157
2437
2824
3163
3442
3545
3730
3972
4277
4487
4562
4527
4657
4557
4553
4658
4312
3800
3386
3089
2835
2335
1834
1191
177
-597
-935
-1090
-1316
-1787
-2319
-2573
-2866
-3044
-2978
-2695
-2349
-2193
-2025
-1684
-1311
-991
-524
-23
580
908
1157
1242
1285
1442
1767
1976
2091
1906
1744
1414
1028
507
120
-48
-761
-1157
-1839
-2152
-2958
-3531
-3881
-4167
-4286
-4958
-4679
-4952
-4705
-4905
-4539
-4339
-3980
-3732
-3694
-3036
-2880
-2368
-2341
-1793
-1572
-1179
-1153
-914
-843
-615
-441
-334
-273
-232
-121
-100
-109
-220
-217
-69
177
262
348
305
361
423
525
1006
1486
1697
1770
2171
2537
2923
3277
3606
3715
3763
3859
4191
4295
4360
4414
4396
4376
4151
3718
3314
3066
2896
2347
1708
1286
611
-362
-981
-756
-1154
-1832
-2153
-2698
-2740
-3165
-3156
-2824
-2762
-2744
-2522
-2165
-2039
-1566
-1168
-371
113
468
745
888
1092
1374
1720
2151
2284
2369
2183
1771
1632
1331
1078
849
532
-49
-854
-1524
-2048
-2619
-3023
-3309
-3718
-4110
-4364
-4503
-4701
-4637
-4497
-4442
-4237
-3943
-3652
-3538
-3223
-2886
-2376
-1952
-1625
-1355
-1292
-880
-518
-253
-101
-17
268
378
304
430
489
611
620
523
442
537
747
734
925
991
1140
1101
1378
1751
1991
2217
2478
2958
3094
3248
3433
3689
3812
3796
3996
4187
4341
4496
4388
4063
3660
3476
3239
3013
2814
2285
1556
813
53
-284
-210
-616
-1452
-2246
-2524
-2797
-3080
-3026
-2816
-2774
-2964
-2825
-2562
-2378
-2020
-1519
-1010
-632
-351
-154
49
419
1074
1471
1738
1960
1963
1961
1844
1838
1816
1488
1220
872
510
-115
-953
-1604
-1966
-2399
-3001
-3588
-3839
-4316
-4794
-4756
-4886
-4793
-4964
-5039
-4551
-4472
-4331
-4023
-3888
-3390
-2893
-2504
-2260
-1916
-1649
-1208
-1161
-723
-345
-330
56
305
537
604
647
609
649
761
1030
1060
991
964
1062
1169
1278
1563
1757
1807
1895
2462
2700
2535
2621
2940
3115
3220
3381
3743
4001
4060
4096
4001
3709
3385
3283
3391
3207
2645
2190
1582
903
282
290
206
-613
-1428
-1790
-1971
-2425
-2696
-2621
-2650
-3003
-3114
-2857
-2786
-2741
-2319
-1900
-1677
-1338
-846
-596
-348
210
776
992
1071
1301
1371
1511
1669
1594
1264
1149
988
657
298
-278
-820
-1405
-1847
-2215
-2596
-3274
-3887
-4262
-4390
-4674
-4554
-4659
-4926
-4791
-4581
-4319
-4399
-4089
-3690
-3427
-2951
-2790
-2356
-2249
-1983
-1706
-1329
-748
-676
-288
-249
80
352
492
665
734
885
925
1183
1234
1370
1408
1459
1578
1806
1957
2094
2121
2175
2387
2547
2631
2763
2862
2976
3085
3211
3512
3858
3982
3635
3398
3061
3009
3165
3292
2960
2397
1920
1391
684
227
423
-80
-990
-1439
-1687
-2134
-2412
-2434
-2356
-2637
-2982
-2836
-2797
-2742
-2495
-2011
-1872
-1722
-1269
-1026
-787
-399
178
562
737
1106
1351
1446
1586
1724
1713
1452
1246
903
687
547
-11
-761
-1163
-1438
-1994
-2544
-2881
-3166
-3588
-4143
-4244
-4058
-4284
-4463
-4403
-4279
-4319
-4394
-4147
-3826
-3430
-3209
-2928
-2666
-2471
-2070
-1750
-1323
-1004
-714
-371
-92
353
784
991
1058
1140
1255
1555
1750
1894
1931
2025
2182
2085
2238
2528
2571
2657
2708
2723
2785
2881
3036
3004
3085
3227
3375
3565
3687
3555
3356
3178
3015
3033
3068
3064
2559
1941
1332
817
745
647
258
-428
-1009
-1359
-1672
-1829
-1981
-2018
-2278
-2499
-2349
-2388
-2355
-2174
-1869
-1472
-1378
-1356
-1118
-819
-400
-21
296
476
701
817
1070
1297
1436
1359
1059
1023
908
834
422
121
-350
-748
-1223
-1566
-1804
-2370
-2855
-3282
-3525
-3676
-4154
-4102
-4316
-4265
-4267
-4483
-4343
-4322
-3916
-3582
-3407
-3340
-2978
-2834
-2401
-1965
-1534
-1227
-1047
-724
-311
134
374
589
635
919
1157
1399
1587
1654
1785
1823
2066
2260
2514
2555
2582
2711
2892
2953
2871
2985
3170
3280
3316
3505
3526
3493
3564
3725
3592
3265
3170
3277
3122
2707
2284
1800
1203
635
680
680
49
-793
-1162
-1384
-1806
-1962
-1859
-1967
-2374
-2601
-2475
-2551
-2398
-2083
-1853
-1824
-1565
-1410
-1274
-1052
-627
-279
30
169
325
667
719
1095
1182
1067
925
969
961
808
301
-166
-456
-992
-1355
-1630
-1906
-2289
-2861
-3267
-3430
-3671
-3856
-4069
-4084
-4170
-4196
-4314
-4142
-4049
-3825
-3702
-3573
-3245
-3031
-2699
-2391
-1896
-1636
-1247
-1048
-571
-64
318
640
878
1139
1351
1617
1957
2057
2144
2304
2452
2685
2847
2951
3011
3029
2943
3131
3049
3211
3514
3588
3807
3589
3364
3677
3693
3853
3772
3620
3244
3323
3441
2930
2778
2230
1466
894
1018
879
248
-335
-964
-1162
-1483
-1686
-1536
-1590
-2070
-2321
-2141
-2065
-2030
-1951
-1632
-1460
-1402
-1071
-840
-728
-388
147
482
509
557
888
1142
1285
1497
1560
1487
1269
1103
1113
916
617
370
-46
-558
-900
-1441
-1666
-1750
-2217
-2729
-3044
-3242
-3365
-3587
-3682
-3672
-3924
-4087
-4060
-3787
-3678
-3600
-3388
-3058
-2725
-2392
-2030
-1660
-1333
-1012
-674
-344
210
532
767
1184
1457
1762
1849
1883
2048
2373
2709
2746
2828
2957
3093
3061
3090
3283
3391
3428
3369
3510
3724
3806
3973
3956
4095
4081
3702
3710
3699
3735
3468
3066
2719
2264
1753
1164
1117
1064
559
-226
-744
-931
-1187
-1349
-1503
-1683
-2003
-2325
-2279
-2168
-2027
-1761
-1632
-1554
-1476
-1360
-987
-671
-349
113
193
265
573
781
1024
1251
1310
1286
1197
1385
1486
1149
825
742
553
52
-426
-767
-1194
-1405
-1606
-2133
-2649
-2992
-3172
-3204
-3570
-3692
-3931
-4420
-4063
-4184
-3987
-3718
-3983
-3739
-3518
-3069
-2678
-2367
-2000
-1666
-1298
-848
-429
22
465
917
1251
1488
1779
1972
2229
2423
2624
2722
2830
2928
3131
3408
3546
3580
3509
3617
3751
3802
3886
3931
4142
4194
4336
4332
3952
3824
3837
3854
3698
3264
2826
2378
1877
1468
1198
1118
669
-35
-618
-831
-1012
-1433
-1547
-1627
-2071
-2400
-2488
-2397
-2316
-2213
-2028
-1947
-1956
-1765
-1705
-1386
-993
-734
-459
-484
-262
192
514
665
828
842
957
1015
1002
1014
864
936
358
488
-149
-307
-601
-973
-1169
-1706
-1963
-2514
-2865
-2878
-3075
-3423
-3709
-4053
-4084
-4127
-4086
-4025
-4096
-4090
-3833
-3634
-3271
-2956
-2572
-2261
-1965
-1352
-1007
-593
-221
219
669
1050
1344
1537
1977
2218
2492
2743
2754
3021
3173
3362
3518
3575
3561
3849
3926
3870
3987
3913
4144
4213
4387
4378
3925
3711
3895
4027
3703
3388
2997
2405
1882
1653
1456
1496
604
-177
-424
-882
-1102
-1429
-1515
-1751
-2227
-2474
-2325
-2527
-2376
-2280
-2067
-2083
-2153
-1760
-1511
-1179
-916
-634
-551
-402
-151
312
505
852
1078
946
1076
1290
1604
1473
1299
1285
1196
854
536
494
224
-244
-414
-855
-1541
-1975
-2159
-2349
-2702
-3103
-3492
-3914
-4028
-3887
-3954
-4098
-4213
-4321
-4009
-3706
-3526
-3219
-2895
-2659
-2301
-1815
-1433
-947
-543
-24
446
935
1061
1210
1631
1990
2356
2495
2708
2852
3181
3304
3428
3568
3522
3647
3752
3835
3964
4219
4353
4188
4259
4134
4109
4124
4180
4084
3832
3435
2958
2580
2231
1804
1579
1383
669
-17
-452
-711
-1038
-1295
-1528
-1840
-2401
-2601
-2588
-2583
-2397
-2440
-2460
-2451
-2314
-1921
-1688
-1470
-1205
-969
-779
-610
-141
130
357
663
776
806
914
1099
1286
1381
1254
1184
943
615
616
604
501
80
-367
-720
-1000
-1373
-1495
-1861
-2462
-2841
-3212
-3389
-3663
-3823
-4044
-4125
-4109
-4226
-4041
-3890
-3683
-3489
-3214
-3046
-2690
-2310
-1997
-1616
-1246
-855
-425
-19
494
966
1134
1523
1856
2055
2306
2597
2903
3250
3375
3465
3576
3717
3811
3889
4117
4268
4317
4278
4272
4312
4286
4227
4241
4112
3831
3440
3143
2859
2434
2036
1776
1510
842
165
-349
-680
-936
-1210
-1480
-1995
-2490
-2637
-2584
-2662
-2739
-2584
-2623
-2665
-2535
-2225
-2108
-2103
-1910
-1634
-1360
-1155
-738
-447
-123
66
92
292
511
665
586
715
904
811
495
380
379
151
53
-175
-437
-826
-1152
-1285
-1478
-1901
-2299
-2636
-2953
-3201
-3364
-3474
-3571
-3731
-4057
-4120
-4085
-3954
-3787
-3435
-3147
-3091
-2744
-2491
-2018
-1674
-1222
-1029
-477
0
424
879
1279
1551
1887
2100
2432
2731
3032
3330
3513
3548
3794
4055
4147
4323
4469
4607
4632
4813
4696
4568
4653
4631
4397
4122
3964
3606
3265
2738
2323
2053
1728
1187
526
-86
-428
-575
-1052
-1454
-1797
-2193
-2601
-2487
-2299
-2532
-2662
-2741
-2682
-2532
-2254
-2007
-1982
-1662
-1363
-1249
-943
-562
-162
226
255
374
620
810
958
969
1029
1073
994
973
1001
940
644
420
275
227
-153
-638
-813
-1067
-1275
-1661
-2005
-2298
-2683
-2979
-3154
-3361
-3472
-3724
-3869
-3864
-3613
-3462
-3360
-3210
-3034
-2807
-2530
-2180
-1655
-1279
-923
-582
-330
38
415
936
1274
1574
1829
2238
2351
2811
3125
3237
3496
3615
3784
3982
4349
4417
4491
4547
4461
4428
4545
4387
4164
3888
3531
3398
3027
2434
2081
2058
1633
866
88
-217
-458
-860
-1057
-1502
-1956
-2416
-2690
-2716
-2714
-2774
-2994
-3158
-3063
-2923
-2587
-2608
-2474
-2140
-2047
-1778
-1446
-1051
-704
-399
-128
-83
-81
215
447
794
945
822
640
519
600
756
681
308
64
-154
-282
-553
-680
-811
-1168
-1470
-1832
-2113
-2233
-2445
-2705
-2711
-2935
-3052
-3204
-3043
-3056
-3012
-2998
-2908
-2820
-2583
-2253
-2093
-1704
-1372
-1132
-882
-517
-7
419
878
1193
1397
1605
1953
2387
2722
2906
3112
3276
3492
3720
3967
4184
4326
4268
4244
4336
4368
4432
4142
3962
3793
3497
3148
2636
2232
2245
1976
1178
525
80
-280
-574
-1004
-1473
-2022
-2501
-2628
-2634
-2736
-2933
-3086
-3267
-3292
-3145
-2981
-2856
-2662
-2394
-2198
-2090
-1845
-1551
-1068
-967
-842
-446
-442
-241
1
337
542
594
343
453
220
261
435
200
94
-355
-545
-913
-1027
-1018
-1758
-1674
-2371
-2455
-2544
-3116
-2687
-3047
-3072
-3173
-3171
-3117
-3070
-2907
-2814
-2605
-2565
-2487
-2155
-1833
-1658
-1162
-1090
-892
-143
38
232
791
1104
1239
1668
2117
2334
2727
2806
3125
3409
3589
3777
3979
4056
4163
4386
4377
4343
4306
4195
3965
3784
3427
3198
2739
2719
2667
1907
1189
730
545
45
-395
-667
-1192
-1634
-1812
-2152
-2430
-2575
-2780
-3118
-3364
-3071
-2953
-2977
-2822
-2491
-2213
-2182
-1988
-1617
-1345
-1036
-472
-225
-401
-329
117
726
848
643
668
721
798
998
1004
741
446
277
214
106
-158
-376
-695
-963
-1086
-1331
-1752
-1910
-1914
-2173
-2386
-2505
-2512
-2431
-2222
-2165
-2070
-2021
-1995
-1856
-1530
-1210
-913
-721
-621
-327
-108
312
596
825
940
1103
1434
1809
2093
2379
2482
2700
3008
3159
3231
3374
3607
3572
3685
3513
3462
3474
3249
3070
3061
2761
2381
2199
2285
2058
1331
685
540
302
-59
-368
-640
-969
-1412
-1486
-1768
-1995
-2304
-2523
-2661
-2817
-2691
-2735
-2831
-2796
-2604
-2478
-2385
-2296
-2114
-1810
-1663
-1276
-1147
-1180
-890
-508
-122
-101
-85
122
269
391
417
390
184
56
52
17
-98
-235
-453
-576
-820
-935
-1101
-1387
-1475
-1590
-1705
-1899
-1897
-2046
-1843
-1921
-1932
-1743
-1809
-1660
-1432
-1098
-796
-624
-395
-95
80
537
737
1046
1113
1311
1742
2132
2407
2696
2813
2789
2905
3044
3163
3299
3343
3436
3434
3255
3196
2951
2794
2709
2518
2140
1816
1702
1566
1077
603
353
141
-220
-481
-673
-1132
-1419
-1481
-1541
-1781
-2031
-2186
-2201
-2197
-2151
-2107
-2187
-2149
-2097
-1960
-1894
-1859
-1591
-1401
-1338
-1348
-1252
-1005
-775
-666
-591
-483
-481
-482
-392
-179
-203
-309
-439
-487
-450
-503
-590
-879
-1058
-1270
-1358
-1334
-1371
-1466
-1668
-1577
-1952
-1779
-2086
-1818
-1808
-1622
-1495
-1518
-1405
-1494
-928
-898
-345
-305
-250
-244
157
848
1225
1149
1238
1634
1849
2255
2455
2676
2702
2782
2930
3075
3358
3409
3445
3317
3271
3196
2991
2788
2675
2431
2094
1671
1556
1496
964
381
47
-189
-589
-1027
-1228
-1539
-1807
-2050
-1937
-2194
-2445
-2390
-2592
-2360
-2280
-2091
-2094
-2140
-1874
-1530
-1320
-1170
-951
-749
-627
-463
-275
11
204
18
255
192
216
124
127
315
317
-25
81
14
-78
22
-278
-415
-602
-660
-827
-898
-822
-909
-1091
-1269
-1268
-1386
-1438
-1381
-1260
-1230
-1185
-949
-895
-760
-531
-225
83
388
608
800
943
1281
1582
1791
2095
2332
2395
2497
2812
3094
3367
3417
3471
3517
3607
3804
3834
3879
3785
3619
3377
3099
3082
2947
2595
2070
1899
1782
1320
735
337
16
-361
-689
-984
-1314
-1824
-2020
-2173
-2345
-2673
-2924
-3144
-3207
-3063
-2813
-2746
-2844
-2672
-2477
-2253
-2050
-1700
-1315
-1193
-923
-610
-268
-48
97
445
594
515
423
471
666
685
657
510
325
141
21
-63
-194
-366
-768
-1105
-1311
-1255
-1464
-1672
-1951
-2108
-2091
-2172
-2065
-1932
-2006
-2049
-1958
-1873
-1582
-1316
-1088
-702
-430
-197
137
551
1086
1502
1893
2102
2266
2652
3190
3420
3630
3987
4116
4146
4336
4551
4477
4212
4253
4123
3655
3692
3438
3144
2699
2151
1959
1763
1029
450
257
-186
-525
-933
-1360
-1863
-2246
-2455
-2499
-2706
-3152
-3447
-3619
-3626
-3443
-3276
-3363
-3388
-3256
-3034
-2769
-2472
-2214
-2057
-1810
-1604
-1365
-1012
-511
-153
-110
160
472
620
729
965
1036
1028
814
827
936
760
760
697
441
128
-136
-304
-361
-430
-668
-1028
-1306
-1310
-1403
-1449
-1500
-1598
-1688
-1711
-1659
-1530
-1294
-1276
-1125
-1048
-943
-687
-335
-234
69
365
365
874
1011
1359
1652
1902
2197
2417
2761
2943
3369
3674
3889
4096
3839
3821
3652
3754
3764
3770
3326
2839
2417
2193
1917
1477
1311
705
59
-570
-795
-958
-1364
-1848
-2219
-2800
-3037
-3206
-3309
-3311
-3443
-3631
-3862
-3861
-3595
-3383
-3300
-3155
-3111
-2930
-2724
-2518
-2047
-1709
-1450
-1347
-1254
-941
-581
-201
-141
27
48
208
377
548
747
658
727
672
361
296
381
303
286
199
-55
-96
-114
-255
-386
-492
-623
-501
-749
-639
-506
-554
-390
-87
31
28
162
447
666
955
1288
1513
1841
2085
2445
2754
2963
3156
3593
4039
4052
4102
4213
4213
4244
4298
4225
3887
3714
3530
3137
2749
2451
2225
1792
1201
828
410
-15
-371
-651
-1098
-1558
-1959
-2258
-2468
-2708
-2770
-2876
-3170
-3315
-3308
-3264
-3192
-3064
-2882
-2907
-2883
-2546
-2193
-1900
-1645
-1493
-1457
-1320
-1096
-600
-429
-410
-187
-258
-152
-7
240
205
254
228
261
270
373
439
300
169
74
18
48
151
200
232
207
177
-20
154
80
143
164
28
107
-44
41
166
172
219
176
135
324
829
1070
1145
1102
1221
1493
1802
2225
2359
2400
2365
2461
2912
3067
3140
3097
2837
2784
2822
2722
2513
2388
2178
1833
1573
1392
1111
610
208
-116
-438
-697
-947
-1295
-1515
-1759
-1751
-1955
-2301
-2529
-2868
-2686
-2665
-2708
-2694
-2957
-2913
-2739
-2633
-2429
-2579
-2546
-2571
-2384
-2063
-2027
-1529
-1583
-1533
-1353
-1043
-864
-677
-532
-474
-412
-439
-269
-167
-113
53
90
90
189
227
363
438
405
377
393
487
637
650
689
835
935
1114
1239
1310
1392
1453
1584
1754
2003
2232
2189
2288
2558
2688
2825
2860
3015
2902
2698
2654
2826
2866
2543
2333
2244
2053
1666
1429
1365
1134
678
253
-54
-495
-714
-903
-1132
-1436
-1738
-1983
-2378
-2367
-2479
-2517
-2623
-2849
-2904
-2924
-2802
-2659
-2429
-2447
-2502
-2472
-2311
-1995
-1837
-1629
-1734
-1762
-2023
-1427
-1396
-1053
-997
-1286
-1206
-1175
-1006
-783
-819
-884
-990
-1147
-966
-733
-531
-362
-532
-532
-486
-338
-224
68
101
130
248
273
626
831
961
934
924
927
1001
1259
1547
1504
1405
1359
1447
1520
1650
1765
1755
1796
1860
2052
2235
2483
2553
2767
2695
2301
1920
2026
2677
2897
2136
1545
1586
1352
1089
1128
1265
693
-93
-375
-178
-49
-297
-344
-1030
-1719
-1702
-1556
-1603
-1675
-1890
-2262
-2523
-2452
-2220
-2204
-2347
-2532
-2654
-2733
-2441
-2094
-1845
-1799
-1850
-1907
-1930
-1678
-1235
-1122
-1132
-979
-998
-938
-755
-368
-161
-289
-394
-317
-16
47
242
472
416
331
377
487
737
863
871
886
928
1072
1293
1475
1526
1614
1809
2012
2165
2243
2426
2628
2774
2898
3113
3224
3200
3289
3222
3448
3332
3228
3068
2756
2523
2265
2256
2151
1689
1150
761
541
490
165
-80
-466
-945
-1127
-1201
-1317
-1598
-1840
-2010
-2237
-2325
-2237
-2212
-2378
-2342
-2405
-2452
-2436
-2221
-1998
-2007
-1929
-1806
-1670
-1630
-1540
-1585
-1406
-1297
-1290
-1329
-1329
-1329
-1323
-1234
-1211
-1148
-1259
-1315
-1223
-1148
-1115
-1020
-952
-947
-881
-764
-561
-419
-168
55
112
215
329
577
724
763
915
1070
1267
1342
1477
1713
1703
1777
1811
2030
2086
2041
2065
2020
2240
2374
2437
2646
2523
2567
2569
2195
1968
2085
2476
2259
1851
1549
1323
1070
806
967
953
383
-348
-496
-509
-480
-561
-990
-1311
-1795
-1830
-1656
-1559
-1522
-1677
-1889
-2169
-2052
-1728
-1566
-1614
-1694
-1823
-1965
-1813
-1508
-1301
-1375
-1611
-1744
-1739
-1509
-1223
-1238
-1379
-1450
-1597
-1474
-1306
-1054
-1032
-1218
-1284
-1219
-1088
-1085
-906
-977
-1037
-1038
-814
-585
-461
-149
-119
-4
76
270
573
809
1000
1293
1519
1820
2057
2329
2616
2809
3034
3284
3361
3529
3530
3485
3635
3437
3334
2980
2842
2435
2250
2126
2029
1887
1160
719
325
230
-40
-304
-681
-1122
-1549
-1783
-1890
-2127
-2375
-2559
-2837
-2774
-2773
-2576
-2412
-2477
-2293
-2404
-2341
-2065
-1716
-1492
-1345
-1221
-1072
-939
-838
-605
-470
-480
-443
-427
-354
-334
-233
-171
-76
-165
-445
-639
-761
-759
-725
-683
-880
-939
-1111
-1218
-1082
-849
-1004
-1228
-999
-1098
-867
-564
-478
-198
-223
-31
153
379
671
969
1174
1425
1668
1719
1977
2159
2400
2558
2720
2969
3064
3274
3327
3213
2943
2782
3008
3002
2835
2597
2238
1966
1661
1488
1398
1071
357
-152
-210
-337
-610
-902
-1350
-1924
-2264
-2411
-2279
-2295
-2432
-2718
-3031
-3004
-2795
-2672
-2610
-2621
-2675
-2784
-2552
-2063
-1740
-1573
-1466
-1392
-1324
-1121
-775
-564
-472
-380
-334
-261
26
216
430
335
151
154
222
546
600
540
545
526
355
412
521
647
605
547
569
679
782
770
902
837
1037
1076
1130
1117
1193
1432
1564
1570
1665
1807
1876
1874
1830
2079
2024
1939
2024
2018
1801
1722
1679
1494
1225
874
751
577
344
54
-105
-340
-721
-1079
-1254
-1383
-1478
-1638
-1872
-2072
-2127
-2085
-2134
-2213
-2188
-2136
-2247
-2228
-2254
-2091
-1996
-2012
-2095
-2031
-1810
-1684
-1424
-1412
-1518
-1485
-1246
-1276
-949
-942
-820
-939
-921
-730
-676
-449
-357
-375
-312
3
-12
148
333
424
447
482
621
747
969
1090
1184
1304
1384
1592
1702
1872
1912
2025
2192
2226
2516
2564
2686
2683
2671
2749
2652
2608
2479
2331
2160
1952
1757
1618
1204
790
462
245
40
-186
-474
-790
-1243
-1553
-1610
-1691
-1837
-2074
-2300
-2542
-2491
-2359
-2301
-2377
-2534
-2607
-2719
-2727
-2357
-2073
-2021
-2049
-2070
-2031
-1942
-1894
-1593
-1482
-1425
-1430
-1426
-1288
-1096
-876
-1002
-1037
-1047
-1011
-858
-804
-765
-812
-861
-844
-789
-720
-657
-727
-415
-551
-463
-331
34
188
353
519
818
880
969
1304
1558
1838
1959
2215
2299
2572
2851
2989
3283
3229
3570
3381
3623
3343
3373
3249
3085
3022
2738
2715
2258
1925
1530
1422
1023
758
356
-38
-574
-940
-1028
-1374
-1665
-2113
-2509
-2812
-3016
-3047
-2987
-3267
-3479
-3606
-3464
-3339
-3222
-3049
-3000
-2880
-2920
-2722
-2557
-2311
-1902
-1909
-1639
-1383
-1392
-1171
-772
-678
-480
-368
-274
-153
-139
-77
23
105
205
214
181
184
341
364
354
339
439
515
571
633
631
649
756
919
1021
1161
1208
1397
1610
1878
1970
2103
2225
2390
2605
2548
2594
2820
2916
2899
2982
3054
2915
2786
2785
2815
2638
2375
2180
2119
1824
1558
1323
869
409
45
-110
-365
-549
-886
-1269
-1567
-1808
-1843
-2033
-2151
-2295
-2447
-2511
-2470
-2378
-2349
-2376
-2528
-2585
-2644
-2632
-2256
-2125
-2101
-2114
-2094
-1996
-1796
-1581
-1583
-1534
-1542
-1321
-1227
-1036
-826
-799
-600
-544
-508
-263
-111
-18
85
101
152
386
572
514
662
874
939
1228
1456
1635
1661
1929
1944
2087
2210
2283
2371
2440
2413
2437
2784
2769
2745
2649
2489
2332
2335
2258
2150
1975
1618
1325
941
812
699
682
289
-174
-462
-637
-757
-1043
-1005
-994
-1222
-1394
-1523
-1614
-1302
-1330
-1516
-1547
-1530
-1406
-1389
-1041
-1162
-1341
-1294
-1218
-1194
-1156
-1036
-1113
-1237
-1336
-1315
-1164
-1048
-1051
-1039
-1110
-1069
-1032
-896
-738
-733
-819
-861
-744
-621
-532
-464
-320
-186
-122
132
303
455
540
544
588
745
1039
1273
1393
1524
1625
1840
1976
2096
2308
2470
2412
2527
2690
2803
3022
2957
2741
2513
2434
2378
2218
2001
1670
1283
924
756
633
439
84
-184
-687
-969
-1353
-1345
-1360
-1676
-1783
-2097
-2014
-2053
-2004
-2119
-2175
-2207
-2233
-2116
-1957
-1857
-1728
-1790
-1643
-1317
-1183
-836
-858
-750
-637
-481
-201
-114
-59
71
213
88
163
338
488
459
261
220
333
396
410
356
304
219
127
43
209
241
265
220
257
467
590
676
704
941
1082
1238
1406
1641
1785
2077
2240
2401
2568
2649
2834
2888
2829
2700
2582
2559
2629
2474
2280
1985
1556
1292
1168
995
617
263
-120
-572
-874
-955
-1138
-1569
-1840
-1978
-2127
-2448
-2346
-2450
-2486
-2265
-2419
-2477
-2305
-2222
-2229
-2200
-1891
-1718
-1501
-1366
-1289
-1087
-931
-655
-311
-58
25
31
-53
119
383
469
549
462
415
517
514
590
613
529
539
631
635
634
729
758
866
861
916
1127
1290
1373
1415
1599
1738
1952
2158
2212
2240
2184
2293
2377
2512
2551
2676
2779
2494
2297
2190
2109
2095
1834
1697
1442
1083
890
730
699
383
135
-191
-524
-809
-1009
-1037
-1260
-1445
-1718
-1837
-1953
-2159
-2224
-2197
-2261
-2452
-2547
-2459
-2384
-2273
-2081
-1985
-1912
-1887
-1754
-1694
-1450
-1213
-1131
-1013
-991
-822
-725
-522
-317
-257
-187
18
75
199
215
265
322
384
651
667
805
787
848
931
1098
1157
1268
1433
1445
1429
1524
1652
1889
1915
1867
2062
2121
2106
2262
2231
2248
2422
2429
2395
2278
2076
1947
1812
1878
1821
1607
1466
1145
968
662
647
525
432
67
-231
-498
-719
-866
-888
-1057
-1389
-1528
-1688
-1738
-1767
-1778
-1846
-2003
-2083
-2019
-1971
-1847
-1788
-1761
-1726
-1610
-1430
-1271
-1212
-1032
-985
-945
-752
-581
-477
-458
-415
-367
-360
-224
-180
-169
-76
-140
-67
-12
75
231
307
305
267
502
545
654
799
924
1059
1038
1300
1345
1391
1527
1520
1721
1810
1811
1876
1982
2081
2084
2240
2233
2052
1739
1505
1683
1397
1293
1131
731
650
254
393
-8
-161
-571
-937
-1199
-1628
-1429
-1900
-1827
-1955
-2209
-2267
-2336
-2441
-2286
-2679
-2430
-2385
-2315
-2032
-1945
-1883
-1721
-1602
-1426
-1122
-910
-797
-785
-675
-507
-400
-310
-209
-232
-264
-224
-134
-48
-23
49
-3
-4
-42
38
264
233
148
201
371
394
586
607
676
816
911
1126
1265
1285
1462
1607
1719
1665
1866
1962
1967
2082
2133
2209
2414
2404
2271
1837
1613
1903
1580
1375
1266
981
684
352
283
3
-415
-638
-1000
-1209
-1524
-1662
-1790
-1929
-2127
-2477
-2590
-2659
-2554
-2551
-2549
-2569
-2546
-2316
-2163
-1986
-1918
-1757
-1618
-1384
-1221
-1042
-744
-610
-423
-340
-123
79
-16
-124
124
390
382
397
559
570
555
674
679
823
873
842
988
1084
1199
1352
1398
1421
1496
1535
1521
1603
1739
1840
1963
1989
2054
2089
2059
2056
2048
2017
2149
2041
1855
1748
1565
1405
1330
1152
769
496
195
23
-272
-409
-590
-925
-1188
-1369
-1599
-1685
-1795
-2071
-2057
-2140
-2231
-2234
-2297
-2260
-2200
-2108
-1978
-1836
-1735
-1587
-1542
-1441
-1194
-1134
-1017
-1042
-844
-855
-903
-807
-941
-896
-826
-781
-692
-631
-493
-586
-593
-446
-274
-271
-263
60
208
349
518
602
812
988
1126
1342
1549
1573
1805
1954
2037
2271
2348
2268
2408
2522
2546
2475
2447
2413
2221
2246
1777
1750
1569
1188
859
531
396
-84
-213
-471
-1033
-1199
-1522
-1752
-1908
-2074
-2277
-2358
-2432
-2566
-2455
-2520
-2541
-2409
-2241
-2065
-1814
-1582
-1371
-1141
-1083
-981
-780
-570
-457
-266
-161
-116
0
133
190
221
240
278
311
210
202
269
291
282
143
35
180
190
140
298
387
358
363
384
399
421
481
478
511
773
788
852
939
1022
1127
1118
1127
1046
1059
1064
1052
1128
819
761
749
662
575
290
190
-11
-87
-392
-567
-744
-883
-1042
-1245
-1463
-1563
-1656
-1787
-1849
-1828
-1889
-1852
-1727
-1757
-1673
-1498
-1304
-1236
-1035
-933
-917
-668
-645
-588
-608
-508
-466
-380
-159
-116
-66
-86
16
24
123
256
366
474
633
767
863
829
773
1002
1029
1195
1250
1228
1254
1362
1441
1465
1450
1466
1331
1312
1361
1366
1426
1213
1227
1257
1093
998
1045
802
543
617
373
217
171
-169
-279
-505
-498
-570
-776
-753
-1091
-980
-1131
-1280
-1212
-1323
-1343
-1355
-1284
-1186
-1191
-1177
-1133
-1043
-901
-769
-727
-582
-489
-438
-310
-196
-210
-124
-59
48
79
26
160
164
266
212
160
268
364
424
396
417
447
641
620
516
621
689
846
974
1061
1132
1158
1167
1314
1373
1512
1485
1451
1603
1603
1552
1620
1565
1358
1375
1344
1200
1196
1112
1042
899
742
620
463
316
240
79
-162
-353
-400
-554
-693
-798
-853
-1028
-1186
-1256
-1499
-1537
-1543
-1455
-1567
-1571
-1480
-1575
-1603
-1485
-1415
-1560
-1330
-1364
-1145
-1074
-1041
-1044
-980
-784
-911
-807
-715
-423
-239
-152
-187
-66
105
115
152
165
375
395
371
478
607
730
803
832
845
846
966
998
976
1055
1000
1014
1053
1143
1152
1096
1029
1015
899
1010
916
717
704
573
611
511
430
383
426
271
208
211
150
68
-14
93
76
8
-43
59
72
-81
-220
-95
-139
-63
-96
-219
-124
-139
-183
-341
-337
-326
-297
-479
-428
-390
-325
-523
-603
-518
-637
-731
-833
-690
-670
-601
-483
-539
-578
-572
-526
-549
-473
-487
-362
-263
-138
48
157
244
373
528
562
631
722
728
741
868
967
994
924
897
760
790
824
780
707
686
724
576
509
330
160
212
141
91
103
-2
-79
-392
-493
-304
-570
-314
-490
-652
-402
-644
-413
-512
-584
-518
-506
-376
-686
-427
-323
-526
-298
-438
-302
40
-311
-272
-30
-95
101
33
-135
212
298
107
315
118
192
10
-85
111
-132
19
-106
-104
-292
2
-103
-239
-95
-238
-166
-156
-62
-194
47
15
93
212
280
306
266
223
203
228
256
272
355
328
374
369
285
344
222
214
262
316
294
296
270
213
270
453
507
280
123
256
346
343
120
160
314
197
165
163
275
339
154
177
289
249
201
200
269
216
172
191
190
83
65
229
337
294
206
166
142
179
140
55
115
80
169
306
255
349
374
322
412
352
395
550
441
267
312
392
338
411
527
479
434
363
349
395
382
362
393
321
236
226
60
33
-20
49
-14
102
97
-57
-1
-19
38
22
-9
151
-19
25
65
-28
-19
-122
-69
-59
-121
-241
-184
-286
-140
17
-79
5
-14
50
87
150
296
370
370
450
544
529
506
416
465
379
325
266
258
317
267
340
229
21
-63
-74
-53
-138
-240
-222
-120
-68
-166
-274
-291
-287
-242
-201
-300
-259
-196
-117
-75
-102
-104
-45
-91
26
99
148
293
214
219
144
180
178
202
337
237
157
198
343
113
317
330
14
233
287
203
135
171
45
38
91
-51
51
-31
-1
67
-95
-25
107
67
-47
-35
59
91
179
233
230
336
415
371
441
406
517
547
568
580
483
577
451
418
336
272
196
268
258
114
216
184
1
-56
-153
-62
-75
-120
-12
24
-24
-241
-154
-139
-105
-167
-182
-243
-275
-279
-305
-226
-240
-301
-244
-284
-390
-365
-378
-416
-334
-177
-303
-258
-282
-378
-434
