201
156
242
267
352
419
332
282
270
231
207
205
271
240
111
200
262
138
175
43
-43
-97
-134
-70
-94
-101
-114
-159
-167
-135
-289
-343
-441
-319
-460
-518
-506
-491
-446
-612
-290
-590
-308
-325
-465
-427
-325
-332
-347
-284
-405
-30
-280
-83
-174
-192
-149
-113
-156
-100
-41
52
135
7
89
113
92
-8
73
-98
-51
-194
-116
-135
-155
-48
-127
18
-268
-83
-233
-90
20
-161
-683
-653
-835
-778
-919
-701
-1017
-1125
-1009
-1023
-805
-753
-692
-638
-545
-570
-504
-406
-384
-553
-587
-708
-647
-645
-659
-633
-681
-609
-727
-672
-600
-615
-722
-709
-860
-837
-712
-869
-956
-985
-854
-867
-780
-743
-647
-690
-789
-868
-707
-696
-551
-532
-737
-788
-778
-829
-1011
-883
-766
-773
-778
-844
-744
-709
-841
-803
-1084
-1029
-980
-889
-1090
-882
-927
-925
-699
-843
-768
-927
-925
-808
-748
-843
-958
-805
-821
-824
-877
-965
-870
-877
-817
-886
-904
-948
-920
-974
-838
-783
-852
-807
-903
-832
-901
-874
-794
-749
-753
-821
-799
-736
-648
-625
-695
-676
-658
-614
-662
-612
-481
-518
-645
-639
-759
-794
-722
-681
-691
-655
-630
-671
-548
-425
-476
-618
-712
-639
-615
-570
-677
-849
-847
-786
-816
-845
-788
-1000
-782
-852
-790
-555
-756
-657
-825
-812
-875
-847
-885
-773
-731
-855
-869
-842
-820
-825
-859
-970
-978
-912
-1068
-948
-924
-849
-807
-885
-879
-719
-717
-846
-890
-793
-905
-978
-1004
-898
-899
-901
-817
-736
-611
-507
-449
-555
-592
-534
-490
-483
-577
-508
-442
-507
-507
-507
-558
-610
-686
-704
-478
-490
-540
-626
-565
-591
-575
-411
-267
-463
-516
-327
-549
-524
-497
-392
-404
-640
-534
-395
-374
-488
-266
-196
-309
-309
-217
-7
-305
-85
-242
-304
-150
-391
-266
-162
-324
-478
-477
-456
-407
-516
-530
-591
-517
-429
-457
-425
-359
-253
-224
-112
-92
-141
-273
-376
-475
-599
-529
-611
-699
-620
-527
-378
-296
-345
-357
-236
-352
-399
-331
-412
-439
-475
-403
-391
-419
-451
-521
-507
-452
-509
-562
-689
-652
-656
-646
-567
-473
-449
-480
-396
-441
-424
-334
-274
-279
-272
-357
-350
-359
-361
-352
-277
-224
-336
-419
-265
-319
-435
-473
-504
-535
-552
-475
-478
-359
-518
-475
-464
-594
-477
-533
-520
-512
-512
-412
-443
-382
-369
-205
-182
-247
-291
-406
-380
-516
-473
-604
-737
-581
-632
-520
-495
-557
-536
-487
-560
-501
-493
-655
-654
-715
-768
-795
-661
-769
-681
-655
-676
-532
-455
-471
-632
-739
-895
-963
-920
-802
-924
-825
-827
-904
-827
-686
-582
-597
-539
-409
-548
-608
-378
-379
-486
-488
-519
-481
-483
-370
-332
-474
-414
-392
-122
-60
-114
25
-84
8
-2
-28
-7
-64
-91
-259
-250
-184
-76
-1
-37
39
131
185
74
102
103
49
-14
-23
200
313
283
348
447
456
464
576
515
419
365
461
618
627
594
493
425
340
332
349
198
137
-45
-186
-286
-498
-584
-615
-856
-918
-875
-658
-759
-695
-628
-704
-581
-751
-711
-865
-812
-1045
-973
-1138
-1154
-1181
-1215
-1243
-1137
-1281
-1222
-1361
-1360
-1434
-1510
-1642
-1575
-1875
-1818
-1803
-2028
-1808
-1800
-1709
-1530
-1515
-1259
-1378
-1351
-966
-943
-791
-690
-508
-491
-102
-90
236
347
635
633
794
844
590
838
592
624
553
827
735
895
942
1049
1350
1263
1400
1496
1611
1626
1729
1674
1722
1748
1955
1969
2173
2245
2204
2467
2463
2196
2116
2236
2070
1732
1434
1453
1361
1273
1347
1273
1183
883
309
-149
-695
-1310
-1683
-1921
-2059
-2393
-2185
-1859
-1633
-1477
-1246
-1087
-1030
-955
-862
-872
-1087
-1249
-1202
-1270
-1322
-1429
-1551
-1644
-1762
-1984
-1981
-2120
-2219
-2234
-2263
-2045
-1936
-1782
-1514
-1279
-1086
-995
-1083
-964
-1017
-1038
-763
-730
-514
-137
182
471
775
992
903
998
1163
1107
1020
1024
1060
1276
1420
1504
1742
1939
2149
2414
2441
2406
2408
2435
2396
2336
2467
2522
2634
2788
2864
3051
3027
2968
2928
2786
2884
2827
2764
2562
2387
2336
2522
2691
2145
368
-1511
-2563
-2980
-3757
-4739
-4913
-4626
-3928
-3169
-1827
-422
525
992
1082
1345
1528
1729
1544
879
413
298
186
14
-323
-516
-1058
-1904
-2789
-3132
-3156
-4019
-4797
-4667
-4222
-3704
-3052
-2394
-1673
-1366
-1178
-770
-690
-544
-774
-1384
-1712
-1638
-1590
-1716
-1841
-1979
-2046
-2096
-2244
-2103
-1897
-1793
-1499
-1161
-437
258
682
946
1038
1391
1656
1718
1677
1736
1749
1439
1327
1536
1700
1649
1713
1690
1758
1854
1757
1630
1592
1631
1750
1871
2313
2860
3098
3230
3314
3590
3989
4115
4064
3886
3788
3625
3200
3019
2893
1573
-653
-2361
-2949
-3330
-4273
-4889
-4790
-4358
-3630
-2572
-1045
361
1254
1605
1828
2059
2505
2483
1889
1260
881
802
658
255
-154
-512
-1405
-2384
-2936
-3154
-3493
-4131
-4470
-4086
-3516
-2868
-2174
-1585
-970
-549
-332
-168
-35
-415
-706
-1271
-1547
-1238
-1709
-1940
-2307
-2526
-2745
-3239
-2972
-2984
-2860
-2555
-2274
-1666
-1108
-182
-95
286
548
888
937
1017
819
1257
1162
1087
1324
1360
1528
1302
1366
1280
1637
1659
1788
1752
1865
2166
2275
2574
2837
3222
3497
3470
3892
4103
4383
4412
4347
4238
4108
3973
3451
3281
2501
941
-1201
-2864
-3410
-3860
-4435
-4832
-4374
-3663
-2913
-1606
-199
863
1507
1751
1861
2216
2373
2272
1854
1284
990
912
781
367
-116
-509
-1580
-2335
-2656
-2842
-2870
-3239
-3502
-2889
-2429
-1990
-1310
-865
-483
-397
-542
-634
-541
-619
-1164
-1599
-1607
-1581
-1807
-2023
-2069
-2321
-2573
-2818
-2870
-2646
-2497
-2506
-2263
-1808
-1251
-754
-244
78
283
558
703
756
948
1224
1097
1109
1310
1462
1432
1317
1264
1205
1261
1187
1201
1406
1576
1810
2043
2299
2559
2818
2994
3195
3510
3679
3896
3898
3963
4164
4260
4333
4176
3950
3751
3455
2908
2089
291
-1809
-3173
-3730
-4249
-4728
-4612
-4184
-3579
-2781
-1345
5
875
1308
1521
1902
2074
2106
1936
1671
1179
872
779
553
177
-259
-1017
-1981
-2675
-3106
-3233
-3361
-3343
-2969
-2576
-2104
-1539
-1082
-685
-677
-704
-1050
-1189
-1279
-1563
-1911
-2210
-2308
-2437
-2570
-2651
-2804
-2942
-3004
-3067
-2895
-2558
-2359
-2151
-1871
-1497
-1076
-665
-356
-184
35
179
272
575
758
771
603
521
631
729
801
533
587
613
754
1065
1019
1430
1415
1391
1710
2018
2466
2614
2860
3031
3281
3698
3934
3959
4006
3987
3920
3876
3929
3723
3435
3127
2786
2492
1574
-330
-2323
-3506
-3832
-4231
-4706
-4417
-3630
-2929
-2096
-637
804
1596
1962
2154
2245
2278
2186
1843
1379
890
639
395
45
-319
-854
-1555
-2506
-2990
-3209
-3170
-3155
-3091
-2658
-2028
-1423
-915
-512
-326
-477
-877
-1164
-1259
-1435
-1880
-2252
-2443
-2472
-2629
-2641
-2719
-2967
-2931
-3229
-3153
-2720
-2516
-2210
-1938
-1545
-1137
-814
-602
-401
-397
-338
-210
-131
-19
146
211
-135
30
150
257
273
165
166
135
203
599
951
1196
1460
1684
1978
2264
2424
2581
2589
2636
2914
3057
3200
3297
3436
3637
3745
3865
3903
3777
3593
3235
2915
2641
1631
-380
-2556
-3732
-3854
-4094
-4540
-4189
-3466
-2620
-1605
-87
1375
2095
2222
2354
2430
2472
2288
1872
1438
1040
707
283
-97
-478
-986
-1730
-2744
-3269
-3057
-3176
-2880
-2666
-2069
-1611
-933
-334
-212
36
-329
-643
-1066
-1218
-1289
-1648
-2135
-2267
-2339
-2412
-2531
-2539
-2530
-2728
-2719
-2407
-2088
-1839
-1606
-1410
-1081
-875
-576
-416
-499
-516
-379
-224
-212
62
166
265
216
342
564
625
578
517
449
541
730
915
1246
1542
1829
2053
2426
2612
2756
2815
2883
2955
3080
3329
3626
3909
4063
4195
4302
4514
4622
4757
4545
4071
3645
3370
3045
2031
-13
-2415
-3701
-4045
-4241
-4521
-4181
-3310
-2607
-1766
24
1651
2326
2391
2290
2370
2397
2195
1829
1022
369
-49
-289
-413
-749
-1041
-1703
-2459
-2904
-2804
-2549
-2504
-2418
-2126
-1383
-624
-40
227
123
-185
-741
-1183
-1423
-1652
-2016
-2366
-2700
-2733
-2771
-2837
-2856
-2837
-3003
-2823
-2612
-2281
-2026
-1944
-1722
-1652
-1396
-1258
-1207
-1214
-1196
-1162
-981
-901
-702
-387
-392
-243
10
98
205
373
149
111
135
334
615
564
871
1009
1298
1504
1625
2087
2118
2218
2226
2311
2697
3045
3299
3436
3722
3999
4062
4071
4180
4207
4047
3756
3556
3453
3280
3200
2565
517
-2133
-3546
-3383
-3535
-4337
-4350
-3375
-2556
-1857
-71
1641
2293
2144
2161
2184
2061
2217
2032
1204
424
235
328
32
-222
-447
-1171
-2063
-2462
-2228
-2088
-2095
-1864
-1474
-993
-340
55
245
136
-231
-731
-1271
-1538
-1734
-2005
-2588
-2569
-2515
-2636
-2716
-2550
-2474
-2523
-2386
-2136
-1906
-1720
-1552
-1579
-1547
-1589
-1171
-1281
-1211
-1374
-1175
-893
-612
-360
-103
130
196
412
499
902
721
492
425
389
413
590
874
1094
1187
1399
1623
2118
2284
2392
2561
2741
2968
3344
3736
3883
3879
4123
4375
4377
4499
4463
4354
4042
3816
3387
3249
3335
3248
2259
-92
-2819
-3645
-3360
-3793
-4366
-3936
-3049
-2282
-1104
960
2736
2913
2622
2604
2799
2700
2485
1994
957
361
430
204
27
12
-588
-1351
-2120
-2461
-2070
-1871
-1818
-1723
-1278
-508
122
418
302
191
-370
-961
-1197
-1195
-1231
-1720
-2109
-2036
-1925
-2052
-2081
-2089
-2032
-2139
-2154
-1996
-1840
-1453
-1373
-1399
-1433
-1275
-1008
-962
-910
-850
-553
-153
357
493
699
907
903
741
842
897
623
377
166
393
611
880
1406
1782
1879
2260
2621
2961
3134
3331
3485
3542
3707
4148
4654
4546
4566
4505
4367
4236
4124
4135
3814
3343
3169
3197
3080
2938
3012
2747
993
-1650
-3293
-3402
-3426
-4038
-3906
-2959
-1934
-1011
552
2348
3034
2841
2535
2413
2194
2079
1840
1153
263
75
19
-88
-340
-563
-1235
-2081
-2486
-2402
-2105
-1980
-1729
-1496
-852
-221
-117
20
-103
-546
-1152
-1735
-1892
-1936
-2084
-2459
-2570
-2412
-2303
-2414
-2367
-2253
-2432
-2501
-2277
-1899
-1638
-1527
-1516
-1395
-1177
-1099
-946
-917
-1077
-933
-571
-153
343
382
482
545
359
421
468
327
170
213
434
653
1085
1454
1729
2040
2271
2567
2961
3252
3450
3594
3564
3755
3927
4013
4018
3859
3831
3811
3655
3559
3572
3384
3065
2841
2812
2889
2714
2742
3042
3033
1827
-801
-2639
-2780
-2716
-3359
-3611
-2724
-1713
-919
442
2159
3156
3089
2655
2313
2149
2077
1710
945
183
-17
-137
-403
-588
-706
-1294
-2072
-2589
-2561
-2203
-1858
-1539
-1302
-870
-396
-37
-34
-337
-645
-1435
-1977
-1963
-1928
-1952
-2449
-2526
-2631
-2609
-2660
-2583
-2725
-2856
-2595
-2399
-2106
-1834
-1620
-1660
-1733
-1646
-1426
-1127
-1220
-1110
-771
-336
84
536
834
879
773
794
832
902
892
645
557
753
1037
1341
1700
1941
2068
2364
2463
2842
3031
3194
3199
3189
3280
3527
3696
3806
3830
3883
3852
3733
3661
3652
3568
3190
2992
2866
2868
3212
3359
3483
3317
1498
-1253
-2674
-2357
-2646
-3690
-3576
-2505
-1614
-652
1220
3115
3370
2829
2533
2015
1855
1717
1331
716
-172
-76
19
-279
-449
-966
-1694
-2412
-2489
-2208
-1858
-1354
-1070
-803
-428
252
428
201
-219
-650
-1447
-1949
-1930
-1746
-2042
-2550
-2380
-2314
-2202
-2128
-2056
-2041
-2250
-2112
-1810
-1483
-1090
-998
-982
-1031
-948
-659
-513
-556
-470
-219
204
721
1167
1378
1371
1282
1105
1043
1177
1075
933
1039
1318
1712
2027
2351
2566
2532
2633
2798
3013
3034
3048
3254
3296
3471
3910
4234
4231
4082
4134
4130
3981
3850
3703
3480
3294
3280
3241
3347
3352
3670
4016
2801
23
-2507
-2973
-2830
-3608
-4181
-3120
-2062
-1610
-330
1950
3153
2737
2257
2029
1753
1486
1513
1141
195
-139
25
-144
-492
-692
-1215
-2231
-2827
-2774
-2348
-1914
-1491
-1133
-973
-621
-269
-317
-635
-1019
-1666
-2289
-2431
-2074
-1856
-2399
-2728
-2554
-2573
-2580
-2438
-2135
-2333
-2526
-2301
-1802
-1455
-1416
-1141
-1370
-1522
-1340
-1112
-1040
-1092
-1009
-470
-128
435
956
1102
1146
861
927
948
1060
842
558
747
1080
1247
1739
2082
2117
2035
2076
2263
2504
2771
2914
3012
3122
3391
3673
3707
3800
3731
3550
3377
3274
3380
3370
3023
2746
2714
2808
2714
2836
3487
3489
1474
-2080
-3921
-3392
-3471
-4670
-4553
-3040
-2218
-1722
58
2385
2844
2005
1669
1609
1458
1602
1599
779
61
47
-41
-505
-633
-937
-1924
-3033
-3366
-2972
-2700
-2146
-1851
-1653
-1274
-690
-571
-912
-1216
-1713
-2477
-3048
-2726
-2384
-2745
-3310
-3181
-3051
-2936
-2784
-2542
-2453
-2523
-2424
-1918
-1532
-1219
-1255
-1601
-1765
-1654
-1328
-1250
-1097
-889
-512
-17
745
1226
1533
1407
1430
1189
1215
1231
1265
915
752
1012
1269
1419
1423
1675
1508
1709
2092
2411
2668
2991
3272
3411
3562
3945
4062
3986
3908
3818
3762
3394
3255
3172
2734
2383
2434
2483
2438
2516
2943
3467
2338
-816
-3325
-3572
-3644
-4406
-4526
-3263
-2188
-1826
-287
2000
3147
2866
2252
1928
1578
1439
1566
1062
272
-11
-83
-574
-824
-1001
-1824
-2983
-3554
-3503
-3030
-2343
-1835
-1446
-1177
-824
-322
-445
-743
-1173
-1950
-2537
-2500
-2121
-2231
-2589
-2835
-2848
-2771
-2564
-2327
-2169
-2168
-2113
-1855
-1486
-1072
-967
-940
-1110
-1181
-976
-634
-597
-654
-496
-99
381
836
1205
1226
1219
929
806
754
828
610
399
847
1051
1240
1454
1610
1751
1635
1910
2069
2375
2678
2881
2878
2856
3260
3300
3033
2833
2899
2748
2600
2496
2691
2695
2355
2339
2219
2423
2684
2945
3483
3818
3399
1102
-1983
-3456
-3540
-4140
-4690
-4162
-3009
-2351
-1386
529
2211
2365
1891
1649
1231
952
1046
993
393
-157
-451
-690
-1207
-1324
-1733
-2666
-3438
-3624
-3174
-2545
-2000
-1739
-1632
-1394
-1009
-933
-1248
-1635
-2093
-2796
-2953
-2652
-2400
-2360
-2455
-2345
-2311
-2284
-1851
-1508
-1534
-1603
-1593
-1389
-1231
-1242
-1390
-1489
-1739
-1683
-1499
-1174
-617
-384
-21
650
1269
1622
1720
1609
1382
1133
1162
1105
887
672
630
798
943
937
1147
1194
974
1089
1351
1708
2280
2690
2832
3011
3235
3458
3462
3416
3236
3121
3070
3047
3089
3048
2870
2561
2326
2176
2459
2704
3197
3704
2921
116
-2729
-3571
-3560
-4272
-4593
-3694
-2683
-2210
-927
1269
2620
2431
1967
1566
1170
1169
1519
1282
499
-169
-690
-1050
-1419
-1562
-2160
-3436
-3957
-3779
-3443
-2650
-2112
-1951
-1593
-1231
-1190
-949
-1225
-1268
-1923
-2470
-2576
-2316
-1823
-2453
-2443
-2515
-2543
-2457
-2379
-1887
-2264
-2312
-1973
-1860
-1460
-1498
-1133
-1494
-1507
-1393
-1229
-1003
-718
-620
-346
168
519
1033
1039
976
751
533
558
711
598
479
496
689
826
1094
1302
1364
1228
1467
1930
2394
2895
3107
3154
3288
3178
3436
3566
3492
3567
3431
3530
3188
3007
3143
2978
2713
2578
2816
3046
3175
3675
4120
2885
-319
-3180
-4075
-3722
-4457
-4697
-3372
-2298
-1867
-611
1653
2971
2601
1905
1678
1420
1372
1580
1449
730
283
-151
-881
-1282
-1496
-2353
-3452
-4051
-3930
-3211
-2274
-1443
-1218
-1052
-828
-770
-936
-945
-1225
-2116
-2678
-2661
-2296
-2070
-2192
-2459
-2553
-2701
-2612
-2163
-1689
-1647
-1730
-1661
-1512
-1400
-1330
-1534
-1848
-2109
-2056
-1669
-1175
-645
-366
89
663
1139
1327
1495
1345
820
578
357
585
497
367
572
604
640
946
1276
1203
1251
1360
1629
2261
2665
3066
3180
3080
3007
3259
3327
3166
3190
3083
3047
2911
3039
3059
2788
2512
2260
2310
2753
3165
3752
3670
1302
-2148
-4098
-4112
-4049
-4652
-4007
-2754
-2321
-1578
375
2439
2859
2308
1875
1459
1126
1533
1943
1364
460
-65
-577
-1335
-1685
-1989
-2913
-4017
-4173
-3736
-2984
-2018
-1229
-920
-922
-649
-426
-466
-679
-936
-1953
-2333
-2037
-1779
-2007
-2615
-2771
-3096
-3137
-2969
-2426
-2039
-2119
-2013
-1719
-1388
-1125
-1082
-1246
-1673
-1825
-1624
-1226
-953
-753
-475
-216
191
446
674
739
600
260
93
333
443
440
548
630
697
865
972
1189
1383
1323
1621
1923
2413
2928
3092
3096
3019
3170
3359
3288
3203
3290
3189
2922
2854
2996
2904
2602
2452
2422
2427
2776
3411
3877
2942
58
-3230
-4513
-4326
-4539
-4585
-3534
-2405
-2007
-1322
695
1985
1769
1239
883
730
684
1346
1721
1165
328
-362
-1115
-1827
-2090
-2619
-3575
-4355
-4254
-3559
-2930
-1615
-1186
-1016
-1039
-1001
-840
-1002
-1254
-1536
-2280
-2470
-2476
-2220
-2320
-2790
-2853
-3199
-3222
-2630
-2128
-1619
-1195
-1338
-1026
-1147
-1160
-1249
-1653
-2001
-2244
-1977
-1641
-1027
-679
-61
232
534
809
964
1254
1097
842
740
755
821
848
937
1016
1025
956
1137
1272
1241
1759
2132
2515
2873
3562
3808
3850
3950
3917
3902
3832
3590
3651
3548
3390
3286
3220
3095
2834
2721
2766
2992
3344
3546
1929
-1483
-4154
-4249
-3970
-4270
-3726
-2177
-1459
-1567
-353
1691
2332
1787
1547
1454
1199
1368
2086
2192
1548
955
184
-814
-1411
-1708
-2410
-3370
-3750
-3311
-2548
-1724
-936
-526
-362
-375
-427
-521
-451
-526
-1128
-1697
-1805
-1672
-1893
-2200
-2546
-3176
-3573
-3676
-3146
-2545
-2132
-1742
-1460
-1413
-1319
-1023
-1083
-1418
-1842
-1923
-1747
-1401
-1020
-655
-372
-172
-71
-73
249
682
401
99
187
379
613
669
778
771
710
817
1042
1235
1599
1887
2072
2273
2642
3178
3387
3266
3259
3527
3439
3351
3515
3661
3526
3189
3180
3161
3055
2855
2796
2767
2633
2781
2720
1549
-1173
-3723
-4451
-4344
-4423
-4029
-2701
-1861
-1592
-764
619
1574
1592
1405
1528
1634
1734
2168
2525
1972
1187
345
-409
-1324
-1975
-2396
-2926
-3515
-3638
-2896
-2375
-1797
-1379
-1168
-1026
-1044
-1125
-957
-863
-1060
-1600
-1844
-2011
-2225
-2476
-2928
-3135
-3348
-3469
-3001
-2360
-1743
-1375
-1219
-1079
-1195
-1426
-1401
-1614
-1989
-2016
-1801
-1542
-1300
-961
-644
-360
-225
-91
377
705
859
891
790
953
1051
1031
936
634
587
753
694
884
1204
1515
1825
1976
2369
2905
3044
2933
2876
2899
2958
2986
3178
3370
3370
3182
2985
2735
2472
2430
2312
2080
2139
2186
2557
2251
16
-3131
-4931
-4509
-4593
-4556
-3024
-1779
-1653
-1580
-459
1063
1305
814
1181
1037
1020
1850
2136
2389
1510
360
-382
-1935
-2540
-2721
-3265
-3777
-4155
-3446
-3186
-2371
-1769
-1457
-1473
-1815
-1502
-1397
-936
-742
-950
-1484
-1819
-1955
-2597
-2778
-3312
-3694
-4009
-4087
-2980
-2269
-1742
-1435
-1487
-1499
-1818
-1759
-1683
-1719
-1877
-1947
-1573
-1257
-1070
-689
-373
-155
41
414
638
1044
1438
1290
1241
1032
1044
1240
1370
1290
1217
1159
1163
1341
1580
2062
2013
2151
2456
2692
3000
3173
3635
3966
3877
3716
3896
3940
3729
3618
3441
3262
2911
2811
2758
2856
3109
3225
2555
4
-3331
-4795
-4264
-3896
-3973
-2667
-1200
-1125
-1324
-300
1303
1534
1129
1312
1967
2224
2549
3388
3462
2378
1141
-60
-1296
-2164
-2438
-2741
-3268
-3493
-3135
-2579
-2257
-1833
-1382
-1563
-1837
-1490
-846
-453
-284
-161
-512
-1169
-1691
-2178
-2714
-3145
-3447
-3735
-3693
-3063
-2166
-1903
-1919
-1841
-1948
-2220
-2138
-1702
-1457
-1597
-1722
-1411
-1126
-1165
-883
-568
-587
-551
-235
406
751
851
1002
733
534
575
743
746
735
762
961
884
922
1399
1753
1968
2097
2412
2833
3006
3248
3594
3831
3715
3616
3900
4048
3874
3614
3482
3095
2632
2351
2410
2504
2683
2921
2963
1198
-2281
-4569
-4511
-3939
-3823
-2764
-1123
-758
-1424
-1055
310
894
780
919
1472
1748
2072
2789
3202
2716
1487
90
-1105
-2005
-2314
-2274
-2343
-2590
-2829
-2453
-2356
-2404
-2061
-1694
-1906
-2192
-1442
-555
-258
-411
-614
-1016
-1747
-2384
-2610
-2746
-3050
-3366
-3385
-3112
-2651
-2206
-2240
-2365
-2373
-2436
-2324
-1855
-1477
-1347
-1362
-1423
-1447
-1324
-1019
-641
-372
-150
8
291
625
815
935
1010
845
451
348
605
990
905
873
945
851
1078
1499
1883
2154
2431
2754
3038
3197
3569
3947
4061
3942
4000
4156
4198
3881
3696
3643
3236
2714
2421
2363
2382
2611
2920
2378
-338
-3337
-4640
-4248
-4048
-3354
-1942
-887
-1655
-2130
-1353
-384
-32
339
1029
1091
2079
2336
3064
2925
2381
871
-799
-1561
-1776
-1890
-1951
-2003
-2418
-2886
-2964
-3061
-3105
-2979
-2651
-2628
-2479
-1549
-667
-351
-724
-950
-1297
-1845
-2236
-2169
-1956
-2300
-2668
-2922
-2957
-2878
-3041
-3010
-2994
-2961
-2822
-2356
-1865
-1459
-1392
-1290
-1200
-1093
-769
-279
191
505
576
653
855
707
812
1054
1026
685
543
829
736
1067
1057
1116
1022
901
1393
1889
2518
3008
3428
3576
3725
3781
3934
4118
4360
4614
4697
4540
4361
3956
3544
3239
2985
2882
2999
3089
3068
3411
3449
2109
-1064
-3476
-3861
-3664
-3548
-2325
-613
-568
-1560
-1762
-1294
-882
-283
532
1472
2040
2851
3515
3488
3270
2513
1195
-249
-822
-755
-716
-843
-1149
-1892
-2820
-3483
-3900
-3897
-3561
-3038
-2584
-2150
-1600
-1029
-1057
-1376
-1461
-1735
-1986
-1922
-1662
-1438
-1617
-1928
-2492
-2697
-2647
-2809
-2667
-2769
-2716
-2675
-2492
-2196
-2007
-1974
-1851
-1719
-1435
-912
-273
315
638
828
860
827
805
1016
1161
1134
959
1090
1121
1064
1122
1166
1120
945
948
1250
1759
2251
2712
2916
2949
3003
3311
3600
3787
4118
4346
4387
4236
4183
4031
3694
3422
3237
3006
2802
2806
3002
3222
2375
-496
-3132
-3848
-3306
-3188
-2573
-1032
-757
-2057
-2994
-2383
-1748
-1201
162
1417
1853
2264
2743
3119
2741
2201
1416
308
53
134
131
-203
-603
-1368
-2638
-3749
-4047
-3908
-3778
-3206
-2941
-2591
-2282
-2215
-2341
-2362
-2078
-1999
-1769
-1519
-1129
-1053
-1409
-1642
-1955
-2200
-2304
-2306
-2218
-2096
-2173
-2501
-2643
-2586
-2555
-2365
-2121
-1676
-1324
-904
-277
244
453
635
837
962
1230
1508
1978
2042
1950
1788
1694
1643
1417
1518
1620
1530
1467
1615
1753
1959
2158
2288
2299
2352
2748
3086
3419
3704
4162
4377
4228
4162
4101
4030
4106
3882
3686
3415
3148
3161
3372
2913
628
-2413
-3485
-3235
-3052
-2985
-1834
-1202
-2441
-3871
-3826
-2988
-2441
-1274
336
1507
1963
2357
2449
2209
2090
2040
1674
1264
1357
1277
549
-278
-1096
-2306
-3739
-4283
-4492
-4180
-3822
-3415
-3614
-3847
-3811
-3704
-3531
-2996
-2228
-1654
-1345
-873
-521
-770
-1009
-1180
-1270
-1336
-1323
-1327
-1335
-1737
-2337
-2724
-2937
-2902
-2730
-2276
-1815
-1465
-1119
-635
-247
261
548
941
1458
1729
2302
2447
2738
2750
2413
2482
2454
2401
2386
2581
2388
2057
1926
1972
1975
2003
2165
2180
2559
2892
3215
3635
3893
4323
4734
4885
4951
4958
4785
4544
4583
4362
4220
4074
4042
3903
2173
-386
-1780
-1627
-1548
-1960
-1745
-1536
-2240
-3406
-3500
-3047
-2678
-1743
-420
759
1213
1499
1811
1670
1866
2368
2639
2566
2681
2672
1858
965
215
-542
-1579
-2146
-2457
-2891
-3315
-3672
-3965
-4482
-4736
-4446
-4371
-4027
-3263
-2600
-2239
-2045
-1704
-1604
-1439
-1032
-690
-443
-427
-382
-680
-1181
-1595
-1826
-2070
-2207
-2095
-2182
-2115
-2090
-2019
-1775
-1354
-852
-492
57
498
929
1322
1739
2062
2104
2163
2427
2748
2692
2624
2685
2634
2429
2377
2385
2204
2251
2478
2555
2604
2672
2822
3010
3251
3616
3951
4223
4483
4595
4490
4436
4168
3967
3809
3773
4115
3659
1900
-216
-862
-522
-687
-1150
-1421
-1888
-2918
-3457
-3137
-2815
-2894
-2473
-1729
-988
-403
326
611
393
740
1651
2185
2364
2699
2278
1713
1375
1103
671
96
-675
-1512
-2069
-2330
-2585
-3329
-3973
-4324
-4465
-4670
-4464
-4124
-4143
-3924
-3458
-2836
-2287
-2134
-2001
-1760
-1419
-949
-552
-409
-418
-640
-865
-994
-1066
-1173
-1390
-1331
-1241
-1277
-1074
-881
-842
-858
-748
-370
132
526
897
1091
1292
1398
1474
1792
2034
2324
2325
2519
2606
2705
2855
2725
2804
2782
2772
2830
2861
2896
2923
2950
3140
3315
3486
3616
3703
3771
3640
3388
3262
2943
2907
2807
2317
681
-789
-1077
-638
-576
-1123
-1408
-1922
-2863
-3219
-2790
-2273
-2351
-1935
-1469
-987
-677
-416
-372
-309
316
1116
1542
1666
1782
1387
1184
992
1120
727
370
-337
-833
-1316
-1661
-2057
-2808
-3237
-3723
-3961
-4019
-3881
-3985
-4234
-4298
-3839
-3262
-3006
-2940
-2622
-2437
-2006
-1409
-1159
-746
-844
-829
-867
-732
-687
-723
-637
-678
-601
-680
-577
-665
-558
-440
-288
59
344
756
870
847
1068
1406
1734
1793
1944
2194
2324
2521
2591
2620
2679
2760
2982
3207
3382
3348
3591
3724
3775
3915
4025
4135
4033
4173
4295
4394
4267
4104
3971
3817
3685
3287
1894
91
-461
-126
263
-161
-1058
-1954
-2799
-3135
-2814
-2296
-2333
-2430
-2120
-1569
-1143
-890
-722
-871
-432
573
1373
1728
1811
1897
1616
1535
1926
1979
1560
803
178
-413
-775
-1056
-1745
-2592
-3236
-3589
-4107
-4626
-4601
-4545
-4840
-4645
-4318
-4087
-3978
-3725
-3429
-2999
-2508
-2004
-1668
-1470
-1358
-1038
-1011
-962
-740
-643
-501
-575
-444
-407
-479
-520
-503
-439
-300
-85
10
70
369
679
801
755
1038
1042
1263
1506
1745
1918
2024
2281
2315
2354
2616
2926
3111
3228
3396
3537
3685
3790
3872
4072
4075
4200
4350
4431
4415
4166
3992
3772
3089
1807
455
-233
-198
86
-419
-1466
-2354
-3129
-3316
-3321
-2711
-2647
-3127
-2761
-2435
-1838
-1501
-1215
-902
-807
-68
646
1243
1388
1489
1582
1545
1784
1815
1656
1207
739
356
132
-227
-849
-1735
-2519
-2830
-3154
-3700
-4218
-4522
-4807
-4782
-4505
-4415
-4548
-4653
-4423
-4014
-3491
-2973
-2600
-2295
-2055
-1791
-1488
-1342
-1101
-961
-743
-470
-207
-194
-229
-126
-224
-170
-150
-171
-164
-190
22
128
194
283
314
328
517
1008
1398
1363
1538
1758
1961
2119
2119
2419
2478
2769
2974
3281
3422
3614
3714
3602
3708
3973
4184
4230
4274
4271
4129
3837
3600
2486
1347
284
531
565
208
-704
-1929
-2858
-3503
-3313
-3099
-3204
-3496
-3730
-3324
-2984
-2318
-2078
-1911
-1803
-1122
-304
186
731
825
1240
1499
1879
2237
2179
1912
1404
1340
1198
794
354
-403
-1146
-1709
-2406
-2928
-3529
-4162
-4560
-4972
-5048
-5118
-5071
-5114
-5260
-5221
-4654
-4020
-3425
-3064
-2833
-2343
-2010
-1598
-1284
-745
-517
-377
3
286
206
285
366
347
595
594
552
281
276
442
481
436
376
259
245
444
905
1179
1323
1491
1561
1880
2203
2458
2747
2878
3024
3301
3617
3929
4118
4048
4074
4168
4322
4505
4636
4669
4611
4403
4154
3883
2928
1799
1335
1528
1237
239
-793
-1445
-2145
-2719
-2720
-2794
-3084
-3528
-3541
-3173
-2700
-2420
-2175
-2058
-1658
-947
-446
-46
446
812
1272
1621
1917
2090
2122
2160
2115
1905
1658
1470
812
268
-214
-713
-1435
-2185
-2871
-3465
-4037
-4410
-4647
-4940
-5131
-5242
-5221
-5188
-4865
-4528
-4249
-3991
-3517
-3121
-2680
-2226
-1841
-1593
-1285
-820
-431
-146
48
258
418
460
743
625
461
536
439
410
339
359
321
349
204
179
350
461
761
956
1017
1271
1612
1830
2001
2217
2620
2813
3118
3393
3565
3924
3891
3887
4135
4448
4471
4490
4557
4501
4299
3568
2904
2043
1691
1596
979
463
-389
-1286
-2033
-2555
-2672
-2909
-3315
-3695
-3999
-3928
-3797
-3384
-3116
-2944
-2652
-2156
-1729
-1339
-689
-170
157
551
1009
1234
1485
1638
1796
1775
1642
1504
1136
614
234
-149
-786
-1535
-2298
-3039
-3681
-4254
-4670
-5102
-5492
-5886
-6133
-6107
-5886
-5526
-5159
-4941
-4533
-4070
-3650
-3057
-2520
-1913
-1487
-1117
-753
-477
-43
180
518
833
930
1182
1107
1029
1070
1133
982
970
938
780
589
568
629
380
443
306
387
631
959
1115
1240
1312
1564
1892
2113
2426
2640
2826
3160
3617
3643
3897
3727
3985
3983
4208
4286
3758
2701
1992
2233
2116
1838
933
52
-735
-1538
-1848
-2086
-2370
-3035
-3592
-3846
-3955
-3780
-3703
-3579
-3448
-3145
-2819
-2380
-2038
-1426
-846
-510
-173
275
828
1197
1508
1768
1880
1740
1620
1335
1041
753
361
-220
-802
-1589
-2365
-2800
-3355
-3930
-4447
-4837
-5335
-5425
-5533
-5634
-5490
-5368
-5061
-4767
-4266
-3969
-3457
-2794
-2308
-1602
-1270
-911
-398
-77
353
812
1006
1195
1399
1721
2039
2014
2002
2001
2049
1989
2001
1996
1763
1579
1453
1540
1462
1433
1430
1437
1514
1671
1888
2000
2014
2096
2275
2689
3065
3359
3488
3573
3724
4029
4422
4550
4518
4244
3460
2659
2555
2834
2710
1862
917
305
-312
-877
-1090
-1345
-1929
-2510
-2861
-3115
-3248
-3331
-3309
-3302
-3244
-2922
-2700
-2448
-2155
-1571
-1132
-824
-425
-45
258
578
1000
1252
1372
1338
1246
1092
812
610
262
-260
-820
-1306
-1936
-2521
-2975
-3441
-4103
-4734
-5029
-5286
-5460
-5368
-5164
-5140
-5073
-4954
-4712
-4256
-3670
-3162
-2757
-2241
-1761
-1376
-869
-327
66
372
696
1051
1406
1596
1756
1962
1999
2165
2096
2033
2182
2243
2073
1921
1887
1859
1833
1664
1488
1546
1717
1842
1895
1989
2035
2045
2217
2605
2739
2957
3149
3271
3552
3696
3904
3971
3924
3403
2971
2618
2321
2719
2205
1354
636
77
-339
-893
-1045
-1286
-1823
-2497
-2819
-2586
-2596
-2903
-2923
-2971
-2911
-2655
-2229
-2025
-1789
-1286
-1104
-919
-636
-300
192
250
459
801
779
694
577
425
306
60
-362
-877
-1248
-1627
-2056
-2470
-2830
-3241
-3667
-4130
-4471
-4619
-4673
-4670
-4706
-4670
-4672
-4642
-4321
-3923
-3467
-2947
-2581
-2067
-1509
-1046
-530
-76
248
645
892
1402
1636
1985
2107
2309
2413
2383
2311
2337
2381
2178
2325
2054
2032
2058
2020
2126
1993
2073
2078
1896
2125
2043
2316
2590
2724
2734
2665
2769
2995
3288
3391
3592
3518
3215
2674
2191
2342
2712
2450
1550
948
173
-345
-553
-807
-997
-1807
-2487
-2613
-2527
-2510
-2556
-2643
-2769
-2762
-2479
-2159
-1855
-1547
-1302
-961
-793
-520
-220
18
267
541
703
539
456
357
433
406
163
-169
-628
-1057
-1437
-1667
-1987
-2366
-2809
-3219
-3546
-3808
-4074
-4370
-4374
-4430
-4268
-4315
-4265
-4038
-3700
-3529
-3048
-2783
-2524
-1728
-1315
-695
-204
281
779
1130
1413
1927
2298
2486
2609
2639
2822
2910
2851
2835
2743
2691
2619
2524
2443
2432
2522
2449
2302
2234
2252
2296
2333
2565
2759
3005
3198
3343
3506
3591
3886
3999
3996
3856
3488
2751
2536
2957
3174
2636
1647
927
340
-155
-329
-426
-832
-1606
-2145
-2141
-2114
-2236
-2415
-2515
-2661
-2553
-2183
-1992
-1809
-1477
-1099
-1064
-1062
-710
-410
-67
218
467
457
272
61
100
160
167
-25
-529
-979
-1331
-1558
-1812
-1995
-2229
-2598
-3120
-3259
-3448
-3600
-3743
-3937
-3998
-4191
-4157
-4173
-3981
-3670
-3444
-3233
-2975
-2576
-2136
-1613
-1187
-603
-219
322
655
1152
1641
1809
2128
2266
2505
2662
2832
2952
3011
2999
2827
2613
2594
2661
2506
2522
2585
2592
2545
2450
2482
2522
2582
2673
2775
2918
3057
3260
3563
3668
3704
3441
2974
2486
2275
2246
2537
2199
1404
806
267
-166
-306
-439
-846
-1540
-2010
-2128
-2234
-2229
-2346
-2450
-2667
-2775
-2568
-2278
-1992
-1636
-1547
-1310
-1123
-874
-521
-265
71
299
517
417
300
216
310
446
256
-221
-681
-940
-1218
-1440
-1814
-2132
-2665
-3193
-3338
-3365
-3536
-3832
-3979
-4149
-4095
-4055
-4093
-4094
-3950
-3665
-3361
-3137
-2970
-2566
-2074
-1555
-1182
-758
-436
-26
558
1069
1464
1732
1902
2050
2506
2844
2947
3033
2914
3098
2883
2772
2775
2928
2726
2705
2446
2458
2381
2323
2361
2372
2582
2439
2753
2461
2899
2834
3263
3312
2991
2880
2095
2083
2315
2680
2348
1544
891
257
-118
8
-43
-577
-1231
-1867
-1989
-2048
-1976
-2268
-2422
-2694
-2628
-2498
-2341
-2093
-1768
-1451
-1396
-1135
-948
-591
-302
55
240
455
395
106
139
540
877
573
82
-312
-715
-888
-981
-1123
-1526
-1989
-2622
-2846
-2767
-3005
-3052
-3204
-3536
-3785
-3623
-3439
-3294
-3311
-3032
-2864
-2873
-2553
-2105
-1602
-1159
-745
-527
-315
-45
471
1088
1507
1667
1773
2021
2357
2609
2828
3084
3182
3237
3143
3117
3272
3361
3302
3119
2988
2956
2877
2644
2698
2706
2709
2787
2940
3070
3219
3416
3521
3518
3097
2614
2360
2484
2755
2723
2081
1405
772
347
117
-59
-277
-825
-1374
-1895
-1873
-1908
-2043
-2208
-2535
-2629
-2329
-2108
-2070
-1792
-1557
-1427
-1280
-1318
-947
-591
-216
56
168
325
298
237
199
328
470
359
19
-295
-710
-903
-992
-1266
-1510
-2094
-2658
-2982
-2937
-3106
-3243
-3624
-3874
-3894
-3952
-3645
-3554
-3395
-3159
-3061
-2946
-2609
-2174
-1803
-1553
-1257
-938
-613
-364
90
427
952
1146
1333
1459
1649
2012
2388
2513
2589
2830
2871
2951
3084
3381
3294
3120
3030
3054
3213
3278
3177
3012
3056
3048
3172
3301
3180
3241
3460
3390
2776
2235
2196
2435
2465
2085
1451
915
381
-18
-142
-148
-547
-963
-1659
-1990
-1968
-2150
-2148
-2315
-2690
-2524
-2510
-2359
-2036
-1891
-1626
-1641
-1488
-1056
-684
-432
-79
146
287
287
230
288
597
624
462
170
-157
-459
-847
-953
-1193
-1569
-1855
-2284
-2581
-2695
-2935
-2987
-3253
-3515
-3778
-3719
-3513
-3397
-3333
-3272
-3118
-3031
-2656
-2350
-1992
-1685
-1434
-1166
-749
-492
-98
321
617
952
1065
1210
1318
1623
1904
2134
2222
2318
2415
2406
2473
2652
2699
2531
2668
2523
2682
2855
2927
2856
2999
3089
3077
3085
3176
3217
3215
2982
2715
2119
1803
1973
1916
1757
1154
820
363
-159
-231
-438
-524
-1020
-1380
-1598
-1775
-1799
-1960
-2082
-2409
-2481
-2437
-2366
-2170
-1863
-1569
-1670
-1688
-1495
-1054
-672
-326
-73
106
170
240
386
406
517
543
416
109
56
-316
-681
-804
-1050
-1339
-1952
-2329
-2682
-2819
-2861
-2991
-3206
-3597
-3564
-3557
-3432
-3140
-3110
-3183
-3034
-2948
-2476
-1879
-1600
-1434
-1090
-722
-369
-109
376
722
946
1321
1499
1771
1735
1999
2225
2346
2484
2501
2531
2576
2692
2706
2754
2757
2806
2756
2700
2918
3027
3152
3227
3282
3529
3544
3639
3645
3600
3444
3055
2750
2685
2813
2661
1967
1396
1112
721
163
86
-66
-552
-1034
-1535
-1719
-1703
-1656
-1806
-2113
-2180
-2133
-2127
-1993
-1750
-1551
-1517
-1544
-1247
-972
-766
-395
-112
65
105
46
130
267
445
465
391
119
-143
-265
-507
-643
-943
-1282
-1655
-2199
-2475
-2697
-2853
-3155
-3430
-3657
-3716
-3853
-3795
-3733
-3627
-3317
-3301
-3014
-2801
-2510
-1880
-1621
-1358
-988
-744
-393
13
401
768
955
1157
1432
1585
1804
1915
2082
2093
2181
2183
2239
2370
2341
2446
2409
2305
2345
2364
2379
2376
2514
2632
2572
2761
3111
3132
3214
3436
3332
2919
2513
2537
2728
2683
2442
1985
1384
821
355
93
-41
-319
-877
-1343
-1631
-1882
-1882
-2000
-2086
-2528
-2527
-2597
-2409
-2077
-1956
-1726
-1795
-1743
-1612
-1241
-787
-550
-283
-116
-63
-58
9
214
396
392
176
16
-235
-267
-442
-815
-1074
-1435
-1732
-2088
-2331
-2422
-2604
-2820
-3048
-3204
-3379
-3585
-3514
-3354
-3242
-3105
-2995
-2748
-2532
-2135
-1902
-1627
-1272
-1076
-714
-234
156
605
913
1093
1329
1508
1769
2029
2211
2338
2356
2484
2481
2466
2382
2427
2417
2277
2321
2225
2187
2288
2276
2032
2298
2389
2459
2533
2576
2689
2796
2378
1933
1914
2065
2134
1705
1377
893
461
136
-61
-120
-560
-1100
-1670
-1867
-1964
-1866
-2052
-2420
-2602
-2614
-2497
-2513
-2282
-1992
-2054
-2100
-1982
-1704
-1347
-1143
-649
-394
-263
-331
-245
-57
117
254
241
79
31
-86
-261
-472
-403
-679
-1151
-1532
-1786
-1878
-2027
-2190
-2481
-2743
-2886
-2907
-2881
-2977
-2785
-2644
-2668
-2681
-2407
-2068
-1809
-1395
-963
-759
-561
-324
41
570
732
1007
1331
1462
1902
2000
2226
2430
2565
2718
2482
2530
2475
2601
2829
2777
2582
2597
2593
2675
2639
2614
2762
2701
2723
2856
2972
2866
2982
2880
2660
2280
2107
2290
2273
2070
1637
1286
931
502
307
324
149
-390
-766
-1050
-1248
-1292
-1221
-1448
-1860
-2032
-2046
-1921
-1945
-1681
-1616
-1752
-1739
-1679
-1258
-848
-665
-466
-449
-484
-284
-157
-1
-71
-20
-171
-404
-389
-470
-604
-767
-986
-1322
-1527
-1767
-1862
-1943
-2073
-2355
-2670
-2941
-3076
-3027
-2789
-2670
-2601
-2512
-2452
-2255
-1843
-1468
-1409
-1117
-833
-514
-216
1
485
810
1058
1238
1381
1624
1938
2025
2240
2428
2436
2450
2451
2525
2645
2776
2605
2695
2548
2624
2522
2634
2655
2726
2787
2684
2787
2794
2855
2699
2370
2086
2042
1983
1901
1545
1153
884
530
350
255
104
-135
-378
-731
-1025
-1221
-1282
-1369
-1447
-1575
-1614
-1630
-1567
-1353
-1524
-1656
-1492
-1590
-1358
-999
-791
-634
-576
-419
-575
-318
-172
-129
64
104
44
-38
-214
-416
-570
-668
-787
-912
-1269
-1662
-1883
-2062
-2197
-2307
-2438
-2656
-2768
-2822
-2663
-2453
-2412
-2347
-2287
-2137
-1840
-1473
-1176
-854
-648
-335
-17
194
570
826
1139
1451
1501
1674
1905
2024
2246
2374
2403
2392
2540
2574
2688
2861
2842
2783
2756
2715
2558
2728
2856
2875
2851
2858
2849
2829
2681
2472
1891
1732
1657
1398
1322
946
593
319
-70
-138
-316
-756
-1148
-1575
-1555
-1523
-1473
-1613
-1776
-1879
-1817
-1923
-1600
-1662
-1372
-1387
-1362
-1060
-1202
-710
-675
-430
-327
-470
-389
-410
-210
-266
-212
-444
-435
-646
-773
-765
-863
-792
-1308
-1447
-1687
-1582
-1689
-1841
-1952
-2270
-2202
-2346
-2350
-2376
-2313
-2231
-2042
-1976
-1836
-1567
-1289
-987
-773
-440
-246
4
414
798
946
1125
1460
1680
1701
1809
2009
2360
2453
2278
2328
2530
2547
2460
2609
2542
2615
2565
2470
2636
2633
2674
2839
2714
2630
2950
3087
2976
2735
2460
2222
2136
2040
1854
1757
1175
858
635
338
284
96
-241
-655
-900
-966
-1088
-1088
-1181
-1224
-1301
-1358
-1271
-1155
-923
-762
-642
-446
-399
-403
-161
194
278
277
297
181
234
267
424
352
113
-70
-208
-318
-427
-516
-813
-1123
-1329
-1536
-1699
-1821
-2020
-2119
-2238
-2273
-2348
-2404
-2255
-2238
-2214
-2051
-1787
-1553
-1425
-1180
-881
-632
-302
-194
122
403
684
1021
1273
1661
1899
2151
2233
2334
2444
2503
2789
2818
2754
2706
2765
2774
2729
2602
2649
2573
2418
2483
2449
2672
2695
2579
2480
2261
2108
2077
1955
1722
1525
1169
996
848
590
360
-56
-428
-551
-787
-971
-1144
-1372
-1561
-1677
-1630
-1501
-1617
-1532
-1538
-1455
-1184
-1089
-911
-734
-669
-461
-375
-326
-54
60
149
325
265
82
203
78
-28
-34
-210
-396
-693
-916
-1062
-1288
-1300
-1644
-1919
-2090
-2254
-2306
-2413
-2479
-2560
-2610
-2718
-2656
-2490
-2224
-2005
-1796
-1626
-1425
-1041
-694
-475
-210
185
608
875
1110
1277
1566
1854
2004
2185
2313
2515
2559
2728
2824
2804
2799
2749
2814
2628
2608
2676
2592
2466
2375
2262
2217
2217
2237
2150
1883
1670
1499
1395
1147
998
870
651
214
-64
-183
-500
-793
-995
-1036
-1294
-1428
-1623
-1649
-1837
-1795
-1727
-1811
-1638
-1510
-1207
-1133
-876
-807
-845
-944
-766
-354
-246
38
-69
-73
-127
-180
-56
-267
-191
-273
-503
-640
-541
-778
-877
-1148
-1323
-1530
-1834
-1974
-2181
-2359
-2658
-2847
-3060
-3085
-3094
-2887
-2924
-2775
-2810
-2567
-2376
-2189
-1699
-1558
-1263
-922
-626
-169
230
642
871
1144
1443
1681
2062
2303
2631
2687
2783
2837
2956
3036
3008
2941
3049
2972
2970
3110
3069
2986
2954
3017
2724
2797
2708
2441
2124
1824
1682
1378
978
742
320
9
-287
-697
-729
-1099
-1515
-1530
-1582
-1771
-1742
-1801
-1911
-1888
-1663
-1460
-1528
-1465
-1219
-1098
-1007
-666
-330
-162
-83
140
412
651
699
724
683
630
648
617
678
534
439
175
-210
-395
-470
-773
-1072
-1210
-1523
-1837
-2030
-2089
-2300
-2529
-2696
-2754
-2685
-2697
-2607
-2469
-2357
-2105
-2016
-1725
-1378
-1146
-806
-648
-277
138
476
794
861
1195
1549
1792
2077
2365
2487
2549
2785
2931
3183
3188
3117
3052
3027
3119
3188
3199
3171
3073
3090
3104
3156
2992
2698
2489
2101
2040
1709
1316
1083
619
201
-178
-612
-859
-1322
-1626
-1894
-2061
-2194
-2323
-2432
-2602
-2615
-2608
-2308
-2207
-2147
-2054
-1874
-1622
-1231
-920
-798
-578
-369
-30
268
582
645
690
802
822
876
854
862
647
388
209
-9
-236
-409
-786
-1090
-1458
-1663
-1952
-2360
-2571
-2903
-3157
-3408
-3261
-3277
-3379
-3152
-2987
-3029
-2711
-2413
-2222
-1838
-1588
-1172
-697
-409
151
593
772
1304
1637
1837
2171
2474
2687
2756
2860
2976
3089
3131
3226
3231
3354
3332
3219
3195
3244
3340
3333
3301
3160
3090
2838
2643
2435
2228
1966
1460
1164
665
228
-118
-367
-841
-1339
-1635
-1912
-2243
-2577
-2849
-2938
-2980
-3067
-3048
-2997
-2857
-2766
-2554
-2208
-1935
-1706
-1434
-1175
-950
-466
-83
352
578
745
935
1043
1165
1104
1196
1172
939
841
791
531
410
83
-167
-483
-905
-1134
-1416
-1893
-2294
-2683
-2639
-3218
-3189
-3676
-3765
-3728
-3818
-3493
-3600
-3230
-2949
-2659
-2330
-1798
-1479
-1093
-836
-332
39
537
770
1265
1616
1970
2351
2497
2913
3036
3321
3119
3304
3359
3482
3535
3601
3516
3440
3486
3576
3614
3423
3174
2919
2685
2564
2314
1988
1492
1142
827
377
118
-64
-425
-1040
-1375
-1806
-1995
-2228
-2552
-2804
-2983
-3082
-3108
-2909
-2906
-2927
-2836
-2678
-2282
-2055
-1833
-1534
-1330
-1156
-543
-152
145
515
818
1016
1075
1378
1454
1423
1543
1414
1292
1190
967
702
415
86
-197
-496
-796
-1106
-1552
-1714
-2150
-2423
-2694
-2946
-2954
-3090
-3070
-3033
-2977
-2753
-2682
-2412
-2081
-1868
-1698
-1239
-636
-404
40
485
945
1286
1701
2162
2415
2741
3000
3288
3524
3717
3785
3882
3974
4148
4147
4148
4101
4081
4155
3912
3660
3355
3160
2784
2500
2290
1898
1409
925
427
18
-316
-762
-1263
-1662
-2027
-2399
-2652
-2910
-2988
-3250
-3274
-3259
-3166
-3247
-3159
-3016
-2974
-2822
-2582
-2258
-2072
-1909
-1564
-1177
-958
-594
-223
-26
197
440
830
1032
1092
1064
1096
1192
1174
1127
1054
910
566
442
210
9
-311
-702
-974
-1295
-1625
-1771
-1984
-2221
-2380
-2533
-2571
-2610
-2535
-2566
-2609
-2557
-2308
-2049
-1790
-1636
-1346
-1117
-911
-636
-17
201
469
912
1080
1577
1733
2069
2222
2397
2722
2920
3219
3228
3316
3459
3605
3762
3979
3943
3889
3692
3428
3251
3223
3204
2788
2328
1895
1399
869
511
245
-81
-718
-1268
-1656
-2153
-2390
-2552
-2669
-2876
-3245
-3388
-3484
-3545
-3335
-3068
-3082
-3067
-2984
-2814
-2587
-2026
-1494
-1198
-1132
-990
-649
-306
46
273
361
523
618
667
730
795
797
733
574
461
287
136
-76
-279
-409
-621
-958
-1233
-1488
-1697
-1832
-1991
-2057
-2305
-2416
-2381
-2431
-2223
-1941
-1838
-1681
-1550
-1233
-934
-500
-210
96
343
607
967
1292
1561
1934
2209
2342
2604
2839
2916
3331
3562
3647
3640
3657
3773
3787
3779
3583
3438
3202
2805
2496
2127
1779
1433
962
542
-51
-433
-1095
-1176
-1698
-2150
-2495
-2775
-2929
-3291
-3281
-3517
-3600
-3463
-3602
-3480
-3327
-3113
-2821
-2560
-2227
-2050
-1692
-1491
-1253
-881
-532
-240
-108
303
458
307
391
653
434
393
331
518
253
154
-40
-115
-154
-298
-500
-810
-839
-1208
-1120
-1267
-1373
-1366
-1544
-1608
-1522
-1462
-1361
-1394
-1246
-1130
-1127
-746
-363
-222
-21
369
833
1057
1410
1595
1840
2243
2440
2791
2971
3236
3277
3478
3768
4018
4149
4232
4280
4106
4096
4067
3865
3637
3439
2897
2381
1930
1658
1269
695
326
-113
-689
-1224
-1614
-2163
-2594
-2863
-3070
-3230
-3553
-3572
-3516
-3579
-3503
-3426
-3331
-3178
-3088
-3020
-2686
-2345
-1907
-1604
-1334
-1176
-946
-593
-281
-59
112
254
233
180
266
299
304
142
134
-91
-145
-210
-400
-537
-730
-846
-1077
-1255
-1329
-1331
-1513
-1562
-1632
-1605
-1590
-1554
-1441
-1338
-1299
-1054
-847
-759
-653
-464
-252
-45
251
420
699
929
1245
1336
1671
1865
2034
2296
2461
2739
2991
3290
3455
3734
3865
4014
4113
4162
4217
4179
3937
3745
3522
3184
2859
2662
2110
1482
792
354
117
-393
-935
-1573
-2167
-2745
-2856
-2977
-3349
-3449
-3690
-4102
-4231
-3830
-3668
-3630
-3484
-3365
-3089
-2975
-2451
-2021
-1778
-1549
-1249
-973
-666
-252
-79
175
269
311
385
404
526
475
458
376
215
114
63
-192
-447
-635
-755
-969
-1079
-1310
-1535
-1594
-1741
-1591
-1442
-1429
-1335
-1306
-1216
-987
-715
-553
-305
-43
316
744
938
971
1263
1632
1905
2201
2506
2822
2987
3142
3332
3579
3699
3923
4003
4099
3934
4082
3958
3841
3588
3405
3285
2865
3088
2542
2371
1886
1444
892
553
160
-292
-912
-1643
-1825
-2538
-2558
-2934
-3241
-3454
-4142
-3860
-4233
-4116
-3890
-3730
-3771
-3667
-3404
-3022
-2651
-2358
-1947
-1792
-1549
-1378
-937
-628
-438
-388
-235
-142
-18
75
180
181
17
92
183
81
-186
-303
-433
-516
-678
-758
-898
-1054
-1146
-1248
-1206
-1130
-1171
-1136
-1113
-1183
-1144
-885
-683
-585
-581
-582
-293
-87
401
700
787
972
1481
1663
1973
2392
2393
2713
2783
3173
3362
3632
3789
4118
4148
4001
4457
4411
4411
4235
3968
3641
3398
3367
3122
2657
1984
1405
963
757
554
101
-523
-1183
-1723
-1921
-1960
-2176
-2441
-2885
-3220
-3356
-3285
-3124
-3298
-3433
-3460
-3278
-3052
-2832
-2396
-2252
-2324
-2097
-1880
-1588
-1250
-1108
-947
-885
-720
-476
-316
-248
-232
-161
-111
-160
-107
-150
-174
-330
-543
-408
-516
-607
-699
-765
-706
-590
-646
-648
-503
-512
-379
-212
-52
121
354
516
761
968
1089
1221
1345
1587
1804
1976
2200
2444
2570
2744
2987
3155
3368
3521
3609
3587
3640
3761
3639
3561
3469
3400
3117
2877
2606
2311
1881
1531
1358
968
624
105
-310
-770
-1089
-1322
-1382
-1620
-2050
-2159
-2430
-2466
-2428
-2525
-2513
-2638
-2666
-2591
-2427
-2148
-1922
-1802
-1730
-1579
-1283
-1188
-1031
-876
-901
-723
-740
-825
-642
-536
-635
-704
-676
-719
-780
-914
-890
-1044
-1050
-824
-1061
-952
-924
-980
-884
-771
-805
-775
-538
-517
-449
-252
-165
-58
211
289
394
466
680
878
1005
1169
1405
1449
1573
1716
1918
2002
2199
2452
2588
2683
2679
2808
2931
3050
3118
3249
3093
2897
2873
2841
2924
2820
2678
2290
1736
1599
1505
1429
1139
737
288
-30
-243
-410
-554
-806
-1165
-1374
-1511
-1537
-1534
-1590
-1676
-1933
-2074
-1979
-1883
-1794
-1790
-1897
-1931
-1783
-1857
-1693
-1977
-1900
-1835
-2067
-1711
-1709
-1632
-1736
-1636
-1573
-1539
-1649
-1453
-1496
-1581
-1474
-1275
-1230
-1197
-1202
-1060
-791
-635
-545
-326
77
79
335
363
702
1015
1148
1463
1495
1837
2060
2205
2374
2411
2594
2631
2790
2826
2916
2749
2796
2884
2734
2819
2634
2614
2359
2267
2090
1981
1866
1690
1367
1081
714
540
498
243
-52
-456
-651
-967
-1141
-1017
-985
-1215
-1374
-1525
-1509
-1372
-1260
-1019
-783
-896
-830
-411
-291
-74
126
375
216
395
582
547
523
326
386
256
138
-61
-102
-279
-461
-692
-872
-1069
-1318
-1505
-1726
-1710
-1696
-1803
-1758
-1780
-1747
-1725
-1654
-1346
-1085
-797
-670
-502
-263
80
422
683
875
1214
1549
1831
2156
2362
2510
2700
2797
2826
3002
3021
3011
3089
3267
3224
3151
3076
2955
2851
2519
2554
2474
2219
1959
1694
1391
1178
965
502
149
-112
-254
-516
-811
-981
-1271
-1654
-1770
-1795
-1893
-1838
-1915
-1808
-1772
-1699
-1436
-1301
-1212
-1131
-1024
-799
-587
-314
-257
-263
-147
35
107
105
142
189
213
212
163
68
-49
-217
-420
-590
-796
-791
-886
-1171
-1259
-1393
-1582
-1540
-1672
-1693
-1514
-1489
-1351
-1196
-1017
-793
-530
-313
-61
396
760
1081
1397
1684
2092
2381
2786
2978
3203
3369
3536
3866
4011
4059
4047
3962
3806
3762
3672
3389
3101
2769
2299
1863
1626
1304
810
360
-66
-592
-712
-1065
-1478
-1745
-2304
-2483
-2532
-2725
-2676
-2740
-2925
-2872
-2653
-2563
-2473
-2262
-2009
-1849
-1689
-1378
-995
-751
-572
-385
-147
91
311
326
385
485
419
414
548
632
455
371
258
142
-58
-144
-263
-407
-565
-703
-858
-1030
-1037
-1187
-1134
-1143
-1099
-855
-766
-778
-618
-490
-234
-85
16
274
541
751
1118
1507
1627
1788
1945
2073
2222
2445
2732
2838
2870
2956
3035
3085
3154
3289
3037
2838
2884
2487
2409
2122
2045
1668
1243
823
307
-69
-549
-715
-1092
-1371
-1602
-1981
-2315
-2527
-2824
-2885
-2896
-2946
-3021
-2993
-2912
-2793
-2577
-2355
-2093
-1998
-1817
-1732
-1436
-1214
-1101
-922
-830
-868
-651
-563
-391
-228
-318
-432
-432
-414
-366
-406
-372
-392
-466
-405
-319
-367
-335
-359
-303
-192
-100
199
215
435
598
685
765
958
1225
1292
1568
1659
2026
2169
2199
2323
2565
2820
2837
3016
2971
3199
3203
3028
3120
3016
2932
3025
2648
2640
2275
1852
1849
1530
1409
1053
652
373
84
-173
-392
-730
-891
-1245
-1397
-1492
-1644
-1759
-1753
-1766
-1785
-1608
-1524
-1487
-1435
-1314
-1227
-1073
-839
-726
-754
-809
-680
-540
-388
-356
-461
-494
-402
-552
-632
-545
-659
-785
-939
-961
-983
-945
-1061
-1180
-1123
-1195
-1197
-1112
-1076
-1053
-1100
-973
-847
-650
-491
-262
28
204
387
656
884
1063
1320
1587
1793
1961
2201
2317
2572
2743
2817
2821
2938
2996
2924
2866
2884
2837
2701
2579
2323
2194
1830
1501
1223
841
599
315
-42
-569
-803
-1124
-1307
-1716
-2024
-2228
-2430
-2553
-2643
-2718
-2729
-2690
-2718
-2550
-2486
-2332
-2216
-1959
-1768
-1578
-1399
-1336
-1145
-908
-677
-611
-465
-554
-483
-399
-335
-327
-415
-540
-667
-704
-689
-791
-1008
-1261
-1341
-1442
-1454
-1473
-1526
-1548
-1500
-1346
-1344
-1293
-1194
-1090
-872
-531
-486
-187
130
459
893
1152
1460
1670
1880
1948
2147
2441
2643
2741
2793
2799
2945
2972
2943
2978
2995
2851
2729
2660
2550
2302
1842
1516
1331
1124
775
416
177
-242
-647
-899
-1159
-1380
-1604
-1915
-2173
-2312
-2395
-2357
-2345
-2493
-2514
-2399
-2322
-2200
-2035
-1886
-1653
-1456
-1418
-1313
-1063
-892
-683
-589
-686
-414
-395
-381
-221
-302
-326
-490
-576
-638
-785
-761
-756
-890
-848
-930
-969
-1184
-1171
-1254
-1237
-1227
-1049
-950
-874
-820
-819
-547
-326
-112
31
112
369
435
586
725
768
996
753
1292
1173
1612
1612
1842
1948
1889
2343
2264
2382
2191
2355
2244
2172
1988
1631
1500
1109
1002
544
289
-76
-253
-747
-1057
-1172
-1540
-1873
-2212
-2343
-2377
-2341
-2384
-2285
-2292
-2167
-2150
-2032
-2005
-1889
-1658
-1705
-1676
-1463
-1260
-1053
-1007
-973
-886
-1015
-872
-768
-786
-670
-928
-814
-761
-885
-846
-762
-750
-820
-725
-736
-840
-606
-580
-527
-274
-203
-82
183
193
193
366
521
689
899
1095
1348
1452
1617
1722
1759
2006
1852
2002
2149
2229
2312
2270
2382
2452
2532
2596
2530
2443
2389
2219
1876
1808
1512
1261
1093
944
702
257
21
-85
-245
-503
-672
-771
-1041
-1392
-1423
-1507
-1594
-1597
-1601
-1597
-1535
-1595
-1562
-1417
-1486
-1384
-1468
-1524
-1434
-1262
-1106
-1093
-985
-1043
-1091
-1059
-1003
-875
-858
-950
-1008
-996
-984
-857
-984
-1035
-1050
-1007
-1037
-1020
-955
-883
-781
-704
-555
-493
-273
-179
145
267
516
733
1027
1247
1356
1521
1731
2067
2104
2212
2314
2454
2449
2440
2473
2349
2375
2373
2366
2311
2275
2159
2042
1792
1469
1237
762
584
326
239
-54
-389
-770
-979
-1229
-1456
-1446
-1588
-1852
-2037
-2002
-1963
-1898
-1827
-1846
-1783
-1725
-1547
-1367
-1149
-959
-851
-966
-1096
-833
-716
-787
-705
-613
-674
-849
-757
-450
-751
-815
-820
-967
-1239
-1180
-1249
-1510
-1500
-1686
-1735
-1639
-1582
-1690
-1709
-1689
-1360
-1167
-975
-800
-712
-434
-135
57
295
619
765
1044
1321
1627
1818
2057
2253
2339
2431
2659
2729
2723
2888
2987
2923
2859
2799
2636
2588
2388
2155
1845
1612
1266
857
642
355
-138
-323
-671
-985
-1245
-1508
-1734
-2061
-2326
-2403
-2452
-2429
-2378
-2383
-2334
-2240
-2124
-1894
-1799
-1633
-1453
-1253
-1000
-896
-899
-682
-469
-535
-208
-277
-187
-128
-390
-143
-602
-593
-720
-844
-1006
-1342
-1199
-1742
-1412
-1697
-1623
-1753
-1734
-1605
-1821
-1200
-1348
-1280
-1049
-669
-373
-230
60
107
544
702
976
1049
1402
1609
1858
1917
1898
2280
2306
2432
2507
2645
2694
2839
2622
2852
2513
2236
2046
1697
1496
1261
1027
746
286
-27
-472
-708
-1012
-1283
-1621
-1816
-1985
-2178
-2287
-2364
-2259
-2338
-2233
-1992
-1928
-1965
-1883
-1803
-1433
-1184
-978
-1027
-739
-592
-333
-161
-79
28
-6
156
-122
-56
57
19
127
64
-21
-90
-106
-131
-131
-119
-193
-211
-202
-167
-111
65
115
264
404
416
538
535
637
820
946
1056
1242
1415
1560
1607
1697
1877
1995
2190
2261
2295
2480
2538
2492
2379
2311
2149
1941
1627
1308
1106
821
607
333
9
-253
-657
-1011
-1237
-1492
-1732
-1956
-2110
-2378
-2441
-2479
-2411
-2259
-2267
-2245
-2163
-2110
-1951
-1683
-1586
-1372
-1266
-1140
-914
-866
-753
-646
-544
-542
-423
-285
-340
-339
-216
-181
-206
-186
-72
-52
12
75
24
52
276
328
273
469
543
607
712
879
961
1199
1402
1502
1503
1596
1829
1883
2009
2146
2314
2310
2379
2406
2407
2418
2322
2321
2060
1781
1565
1391
1205
835
429
197
-69
-454
-809
-1202
-1528
-1795
-2034
-2275
-2361
-2456
-2792
-2935
-2892
-2841
-2641
-2309
-2490
-2212
-1902
-1943
-1569
-1361
-1209
-1002
-734
-569
-330
-469
-280
-224
-304
-198
-276
-1
-110
-180
-142
-226
-140
-203
-320
-305
-189
-261
-290
-197
-101
65
191
251
354
446
615
812
939
1100
1332
1570
1759
1952
2237
2379
2485
2701
2713
2953
3054
3014
3046
2904
2686
2543
2303
1984
1811
1472
1127
796
287
37
-294
-762
-1085
-1555
-1882
-2033
-2238
-2408
-2628
-2798
-2859
-2917
-2815
-2658
-2623
-2516
-2472
-2247
-2258
-2064
-1805
-1662
-1435
-1327
-949
-957
-715
-632
-448
-632
-523
-334
-438
-418
-434
-259
-288
-203
-202
-197
-197
-186
-114
8
288
291
303
371
465
660
729
757
883
928
947
999
994
1084
1145
1246
1395
1331
1657
1717
1779
1901
1972
1877
1833
1766
1710
1602
1422
1282
1167
966
787
718
504
114
-157
-373
-549
-591
-770
-846
-1105
-1243
-1298
-1239
-1291
-1205
-1169
-1229
-1144
-992
-837
-815
-573
-529
-590
-694
-477
-462
-462
-302
-524
-376
-553
-519
-615
-631
-683
-678
-543
-625
-622
-534
-401
-473
-260
-25
90
384
540
695
825
888
1165
1384
1589
1770
1868
2012
2129
2225
2387
2508
2622
2580
2672
2761
2755
2700
2549
2564
2603
2312
2022
1924
1786
1501
1191
962
565
277
70
-219
-504
-888
-1137
-1281
-1456
-1564
-1769
-2010
-2123
-2109
-2056
-2017
-1935
-1919
-1806
-1676
-1476
-1208
-980
-822
-625
-438
-287
-93
93
202
240
300
260
256
197
223
140
135
142
40
-63
-58
39
-103
-328
-310
-158
-130
-169
-180
-115
-132
-94
-55
-26
67
132
209
258
482
612
758
1021
994
1057
1165
1285
1320
1478
1602
1562
1576
1688
1658
1500
1478
1419
1212
957
933
708
532
318
19
-127
-347
-548
-705
-959
-1039
-1208
-1365
-1399
-1498
-1613
-1622
-1634
-1694
-1629
-1748
-1606
-1362
-1265
-1329
-1213
-1034
-904
-837
-861
-734
-529
-506
-514
-390
-378
-356
-291
-162
-64
149
40
244
343
376
469
568
639
678
919
1054
1120
1046
1102
1133
1304
1276
1227
1319
1381
1488
1432
1449
1336
1264
1375
1281
1197
1293
1257
1235
1055
906
805
641
416
254
210
57
-74
-293
-512
-638
-737
-955
-1027
-1067
-1213
-1258
-1257
-1191
-1384
-1372
-1373
-1355
-1148
-1143
-1072
-972
-938
-940
-796
-698
-709
-808
-773
-666
-608
-444
-668
-461
-628
-630
-583
-622
-845
-772
-779
-735
-669
-715
-474
-568
-643
-537
-604
-513
-466
-309
52
-31
341
125
500
515
769
803
710
1003
948
1135
1168
1527
1293
1368
1525
1395
1541
1501
1491
1289
1541
1108
1213
1178
814
817
529
486
157
97
-36
-329
-391
-607
-885
-1029
-1131
-1216
-1255
-1428
-1527
-1595
-1608
-1486
-1578
-1520
-1401
-1288
-1364
-1196
-1010
-985
-943
-695
-551
-624
-497
-659
-470
-273
-302
-253
-203
-153
-82
-35
26
64
151
240
360
442
425
558
594
559
663
781
850
1037
1093
1267
1347
1329
1306
1309
1341
1372
1363
1390
1481
1496
1478
1455
1451
1393
1342
1377
1380
1308
1138
1242
1108
879
898
816
572
461
467
225
90
52
-117
-287
-433
-461
-365
-424
-628
-716
-822
-835
-757
-826
-774
-766
-824
-799
-800
-682
-683
-708
-853
-936
-988
-1062
-886
-848
-864
-928
-875
-867
-917
-1002
-995
-1001
-895
-744
-669
-456
-434
-224
-197
-54
13
264
456
497
583
737
962
1072
1107
1172
1238
1234
1357
1254
1450
1346
1475
1553
1334
1388
1275
1388
1313
1203
1208
973
868
927
699
578
551
405
187
185
130
-110
-216
-290
-446
-486
-552
-718
-704
-843
-925
-829
-953
-1043
-918
-855
-988
-817
-904
-977
-979
-888
-724
-638
-575
-897
-1034
-742
-751
-900
-774
-839
-848
-807
-952
-1034
-818
-934
-896
-642
-524
-542
-526
-472
-446
-339
-83
91
198
312
383
380
414
493
673
662
772
868
949
1114
1206
1167
1116
1222
1119
1204
1176
1252
1303
1287
1279
1182
1189
1087
1009
860
810
678
597
471
365
204
71
-94
-112
-208
-310
-441
-513
-389
-448
-399
-428
-453
-487
-595
-423
-364
-314
-265
-254
-239
-147
-168
-453
-402
-411
-330
-456
-358
-569
-615
-519
-654
-557
-683
-721
-669
-710
-528
-670
-622
-640
-694
-675
-592
-423
-220
-167
-158
5
135
284
288
480
535
596
600
718
747
810
729
792
708
629
640
664
866
686
756
766
673
548
489
464
452
277
350
226
180
116
113
11
-121
-274
-146
-300
-316
-305
-395
-370
-415
-383
-356
-458
-449
-251
-345
-233
-235
-174
-267
-31
-20
4
-7
-198
-213
-73
-190
-196
-8
-73
-108
-153
109
-45
158
199
-77
241
200
227
282
218
369
424
428
402
538
543
474
657
685
629
658
484
621
732
698
700
628
651
507
560
546
435
493
503
527
389
387
393
411
144
49
173
-13
-11
-121
-323
-336
-273
-470
-523
-500
-509
-526
-593
-604
-597
-632
-625
-597
-563
-455
-418
-321
-239
-190
-222
-202
-142
-101
-136
-41
-79
-6
-4
69
83
88
-44
-49
16
-44
75
-43
-113
-98
-22
29
-74
-62
6
-46
130
241
345
335
256
377
436
514
473
465
649
519
556
493
569
584
501
499
413
450
411
459
398
296
294
176
123
128
141
64
-48
-47
-195
-416
-425
-421
-581
-658
-796
-729
-795
-862
-813
-838
-833
-867
-881
-860
-732
-740
-570
-466
-450
-340
-427
-433
-328
-269
-261
-227
-201
79
-12
58
97
-98
162
120
114
161
207
318
218
256
460
496
441
520
551
573
613
657
546
722
700
743
847
727
780
691
628
768
715
644
644
478
467
539
476
429
480
511
383
241
203
127
26
51
101
40
-101
-237
-160
-237
-377
-436
-435
-590
-649
-664
-727
-666
-638
-690
-674
-652
-602
-602
-749
-658
-540
-463
-447
-530
-426
-442
-509
-435
-712
-439
-502
-321
-270
-400
-220
-288
-84
-156
10
-163
196
-47
49
155
170
276
179
528
204
556
341
538
500
516
430
606
414
241
594
302
486
371
592
494
246
378
260
322
238
335
142
338
103
214
229
67
181
191
192
16
215
21
50
98
12
-17
-147
-264
-229
-283
-245
-181
-187
-222
-249
-337
-378
-306
-317
-505
-416
-269
-273
-411
-363
-233
-260
-267
-262
-228
-137
-176
-152
-185
-83
-87
-205
-129
-27
62
135
225
242
385
422
429
426
426
411
465
454
507
465
460
485
424
398
373
409
452
426
402
459
341
262
178
183
96
73
119
58
13
31
54
21
-17
59
132
12
10
30
-94
-79
-44
-136
-192
-212
-162
-201
-252
-294
-286
-192
-298
-309
-252
-261
-245
-204
-245
-281
-204
-176
-248
-223
-264
-249
-355
-423
-331
-185
-217
-250
-40
-151
-21
-144
-73
-109
-103
-49
-53
168
18
67
154
190
218
281
156
244
369
168
166
179
209
123
27
59
56
113
-22
75
40
-10
-7
27
77
6
104
-13
-24
25
-22
-10
-22
138
0
-76
103
-2
5
-66
-65
-90
-89
-176
-171
-187
-259
-264
-223
-213
-301
-207
-167
-254
-201
-154
-169
-69
-210
-239
-273
-290
-334
-279
-241
-250
-257
-217
-160
-225
-197
-283
-126
-135
-197
-189
-136
126
69
-3
-8
57
210
159
181
130
195
282
169
236
256
217
153
9
71
127
67
146
40
116
-38
-64
-58
-150
-149
-125
-104
-18
-118
-153
-42
-203
-167
-161
-60
-90
24
35
-17
-93
-51
44
1
1
10
-62
-83
4
79
5
60
135
242
269
240
277
228
245
150
30
45
27
98
74
-74
-120
-285
-101
-361
-203
-237
-286
-374
-337
-381
-456
-407
-466
-363
-383
-476
-508
-453
-433
-359
-412
-227
-297
-238
-341
-402
-108
-291
-278
-165
-23
-199
-69
-38
52
116
-32
-20
-44
-4
-6
-13
-151
-100
-116
-134
-137
-187
-189
-221
-144
-173
-199
-184
-138
-187
-111
-124
-56
10
100
-23
-17
6
-53
-3
-9
168
123
182
377
340
286
418
292
263
394
500
493
273
278
439
438
198
305
304
78
288
232
94
-28
210
164
48
-1
-90
4
-75
-77
-171
-147
-117
-146
-177
-202
-173
-232
-284
-242
-240
-320
-311
-360
-349
-347
-284
-268
-159
-91
-25
16
22
-5
33
111
46
73
118
262
168
139
243
262
172
161
235
134
134
160
115
90
16
-27
5
-36
-52
-79
-99
-103
-55
-49
-64
-144
-129
-130
-200
-199
-176
-121
-64
39
21
65
60
53
113
25
19
142
86
110
186
83
0
61
114
125
138
20
-17
-45
3
-130
-103
-159
-257
-240
-278
-321
-449
-535
-585
-458
-494
-575
-519
-439
-359
-407
-287
-275
-287
-242
-205
-157
-184
-100
-97
61
127
115
43
16
22
17
-99
-45
72
95
98
30
8
66
96
14
51
39
150
33
-115
-92
11
118
-117
-141
-202
-297
-146
-9
-254
-261
-178
-296
-203
-155
-120
-144
-113
-179
