49
33
42
70
48
206
233
110
69
182
19
32
126
89
205
82
148
258
256
150
108
91
119
217
153
73
137
246
243
251
280
238
202
103
322
237
314
245
195
215
140
293
161
47
155
74
-97
145
72
0
130
78
74
110
186
220
212
216
109
35
4
3
139
13
114
165
120
97
96
-40
-100
-7
-73
-32
-51
-32
0
-17
-105
-69
-31
19
124
123
130
276
222
37
43
20
-24
-169
-66
-75
-168
-137
-113
-32
-83
-86
-147
-210
-187
-152
-170
-120
-69
-6
-16
-99
-107
-13
-74
-51
-121
-79
-109
-249
-246
-325
-370
-174
-130
-74
-166
-234
-109
-212
-148
-360
-90
-375
-99
-247
-177
-46
-319
99
-261
7
-17
-54
187
141
90
-15
183
65
227
50
269
212
51
152
157
223
232
119
146
204
64
238
161
217
181
174
211
186
174
19
100
88
223
200
227
240
290
194
91
144
144
172
203
263
346
373
339
264
387
403
401
330
223
351
414
78
244
89
41
209
98
80
85
25
129
29
-15
185
100
211
188
315
403
424
322
299
265
330
296
292
245
329
320
250
287
151
295
222
165
177
156
116
108
146
143
41
84
175
195
149
166
311
264
201
336
258
185
223
243
181
180
294
220
314
325
276
258
174
129
168
194
155
158
103
99
121
161
153
190
169
195
245
277
265
264
227
254
177
49
123
115
132
7
-27
158
382
181
233
398
392
248
314
330
330
282
116
239
304
368
622
675
720
606
356
225
209
267
15
-64
43
-34
-67
-43
-132
-186
-9
177
118
152
269
289
248
290
364
320
137
199
4
-78
-77
-130
33
138
28
136
-32
-255
-112
-265
-295
-180
18
134
314
84
-112
-221
-250
-214
-130
-48
31
204
265
357
227
170
61
-95
-88
-19
-22
-37
51
64
156
198
7
78
32
-60
-4
191
167
172
229
196
207
214
119
284
278
105
-13
-160
-167
-248
-170
-127
-59
189
84
133
267
79
56
36
-289
-121
-97
-294
-101
-247
-211
-240
-243
-5
127
412
252
212
229
133
21
35
13
-208
-214
-377
-367
-406
-496
-327
-158
29
83
85
210
388
349
287
174
65
38
-60
-5
-124
-448
-496
-529
-577
-494
-464
-467
-497
-288
-185
-188
-193
-84
-205
-520
-333
-170
-263
-252
-343
-374
-479
-611
-465
-444
-539
-572
-543
-585
-610
-513
-508
-618
-580
-592
-604
-456
-430
-403
-521
-372
-318
-403
-363
-554
-346
-463
-614
-610
-702
-826
-645
-499
-455
-519
-655
-678
-767
-741
-571
-1070
-762
-853
-708
-612
-607
-721
-791
-471
-432
-508
-458
-389
-462
-593
-582
-576
-560
-603
-647
-577
-574
-547
-392
-407
-285
-278
-287
-411
-382
-361
-476
-337
-328
-357
-286
-260
-272
-246
-321
-351
-245
-294
-380
-358
-312
-217
-269
-217
-283
-262
-377
-498
-539
-426
-503
-514
-502
-566
-501
-283
-345
-473
-257
-114
45
-157
86
-44
-95
-49
-229
-105
-339
-366
-330
-221
-150
-106
-182
-315
-178
-111
-83
-150
-122
-317
-400
-330
-226
-82
-159
-26
-27
69
-79
-57
-247
-470
-421
-478
-387
-390
-235
-163
-126
-75
-140
-244
-259
-142
-280
-460
-350
-251
-473
-621
-369
-372
-432
-335
-363
-350
-290
-222
-199
-279
-386
-372
-474
-364
-279
-191
-285
-336
-437
-497
-542
-527
-480
-626
-524
-709
-700
-632
-598
-634
-555
-461
-420
-332
-257
-252
-389
-376
-379
-257
-312
-262
-267
-162
-52
-193
-183
-272
-387
-489
-475
-439
-336
-468
-474
-500
-545
-366
-448
-486
-374
-310
-367
-373
-247
-198
-160
-160
-64
58
-41
35
-22
28
255
133
-16
52
-5
-211
-366
-524
-621
-748
-809
-962
-963
-993
-1055
-1098
-1047
-899
-868
-887
-840
-775
-547
-327
-502
-428
-390
-328
-596
-566
-702
-861
-784
-1037
-985
-1248
-1304
-1498
-1565
-1689
-1516
-1537
-1461
-1358
-1381
-1097
-961
-716
-579
-394
-279
-278
-314
-363
-224
-230
-182
37
79
337
446
577
619
729
897
978
854
914
797
754
847
845
746
636
547
570
712
655
705
727
839
702
734
797
1047
1140
1003
1129
1009
1080
929
814
714
710
588
559
502
251
144
-122
-361
-560
-724
-770
-746
-853
-1009
-886
-893
-810
-786
-859
-974
-1007
-1091
-1057
-1062
-1175
-1295
-1363
-1498
-1710
-1903
-2162
-2460
-2981
-3258
-3371
-3654
-3493
-3567
-3437
-3498
-3281
-3096
-2976
-2691
-2430
-2299
-2387
-2030
-1914
-2039
-1960
-1927
-1741
-1641
-1410
-1187
-915
-714
-329
-127
196
230
417
637
660
924
1080
1407
1455
1667
1888
2193
2142
2516
2651
2809
2656
2922
3000
2935
3010
2957
3075
3322
3720
4109
4371
4809
5195
4978
3617
1634
-96
-1447
-2749
-4160
-4953
-5322
-5501
-5227
-3874
-2657
-1700
-858
-223
19
358
834
988
1152
1042
1269
1303
1556
1721
1701
1269
508
-45
-719
-1295
-2047
-2700
-3388
-3740
-3639
-3231
-2651
-2032
-1693
-1494
-1052
-596
-328
-247
-311
-400
-461
-504
-465
-476
-1109
-2023
-2779
-3476
-3878
-4247
-4751
-5057
-5088
-4750
-4208
-3446
-2624
-2073
-1762
-1210
-502
-186
-118
-25
-72
-177
-207
-38
81
-164
-489
-629
-501
-493
-322
-239
-232
-43
317
922
1626
2326
2712
3208
3603
4242
4893
5273
5399
5516
5713
5987
6245
6461
6605
6418
5746
3298
-342
-2694
-4191
-5914
-7783
-8251
-8017
-7800
-6274
-3579
-1063
259
1731
2627
3460
4224
4904
4502
3726
3415
3176
3020
2864
2903
1778
179
-1311
-2673
-4150
-5496
-6735
-7738
-8142
-7340
-5798
-4005
-2216
-294
1392
2568
4013
5087
5275
4610
3979
3275
2376
1842
1303
300
-643
-1701
-2801
-4147
-5299
-5871
-6639
-7239
-6992
-6028
-5285
-4448
-3014
-1706
-673
534
1322
1352
1176
1078
195
-350
-949
-1670
-2578
-3373
-3541
-3902
-4105
-4110
-4057
-4018
-3328
-2484
-1555
-739
283
1340
1979
2588
3282
3658
3585
3598
3466
3261
3207
3261
3165
3076
2980
2879
2764
2821
2847
2750
2826
2868
3057
3192
3208
3197
3304
3443
3199
1714
73
-577
-1072
-2181
-2923
-2814
-2798
-2830
-2160
-531
440
823
1076
1333
1528
1728
1930
1546
1234
1024
1042
903
1058
1139
625
-263
-1040
-1631
-2080
-2656
-3019
-3131
-3224
-2681
-1879
-979
-181
542
826
929
1290
1352
976
437
-155
-801
-1467
-1998
-2370
-2787
-3304
-3831
-3726
-3710
-3940
-4356
-4233
-3933
-3502
-2796
-2245
-1454
-1112
-654
-615
-307
-547
-1037
-1533
-2380
-2709
-3226
-3020
-2900
-3103
-2615
-2281
-1682
-995
-577
87
252
708
1084
1443
1948
2248
2445
2811
3142
3539
3793
3850
3964
4108
4207
4150
3913
3602
3571
3670
3956
4053
4130
4108
3935
3565
1753
-1082
-3047
-3511
-4125
-5242
-5049
-3946
-3215
-2272
281
2719
3417
3468
3532
3742
3444
3083
2591
1704
910
378
243
220
-77
-973
-2123
-3190
-3880
-4188
-4397
-4282
-3891
-3198
-1867
-94
1817
3182
3888
4094
4066
3739
3240
2300
837
-589
-1681
-2091
-2443
-2923
-3344
-3925
-4472
-4752
-4407
-3999
-3776
-3195
-2280
-1164
-82
910
1414
1298
863
143
-567
-1280
-2176
-3176
-3959
-4362
-4465
-4081
-3440
-3234
-3178
-2791
-2168
-1610
-1071
-647
-377
-19
512
1241
1815
1999
1888
1664
1662
1691
1973
2093
2015
2129
2435
2841
3223
3447
3304
3218
3436
3575
3835
4083
4391
4598
4942
5547
5533
5158
3802
1328
-1439
-3461
-4749
-5921
-6355
-5890
-5309
-3972
-1526
842
2434
3373
3644
3370
3077
2957
2471
1762
1100
679
417
484
757
288
-692
-2006
-3097
-3899
-4407
-4500
-4465
-3921
-2739
-1156
854
2764
3991
4340
4447
3885
3082
2232
891
-721
-2277
-3156
-3686
-3774
-3906
-4333
-4642
-4759
-4462
-3921
-3454
-2789
-2172
-1183
-227
490
1090
988
480
-377
-1352
-2241
-3093
-3941
-4710
-5152
-5162
-4839
-4125
-3337
-2704
-1965
-1289
-639
72
627
957
979
1115
1361
1627
1784
1767
1764
1862
2188
2562
2797
2907
3063
3095
3253
3348
3415
3396
3286
3085
2996
3144
3560
3975
4386
4780
4946
4971
3775
1203
-1529
-3193
-4499
-5809
-5994
-5301
-4504
-3443
-1131
1399
2881
3628
3940
3477
2821
2745
2085
1232
726
154
-167
164
346
-173
-778
-2020
-3023
-3682
-4141
-3943
-4016
-3563
-1990
-631
860
2786
3821
3733
3651
3126
2082
1179
-496
-1850
-2855
-3802
-4255
-4500
-4330
-4175
-4173
-3921
-4035
-3608
-3228
-2699
-1877
-1475
-528
-148
-16
328
-215
-896
-1536
-2446
-2938
-3434
-3556
-3776
-3675
-3376
-2639
-2129
-1868
-1333
-1232
-1039
-708
-367
-288
-74
411
968
1348
1468
1796
1970
1918
2273
2549
2740
2839
2971
3196
3174
3206
3095
3004
2990
2858
2627
2635
2938
3264
3540
4448
5250
5338
5327
3726
1396
-784
-2651
-4360
-5330
-5297
-4766
-3718
-1836
482
2351
3548
4251
4417
3676
2931
2303
1339
354
-295
-739
-755
-391
-284
-532
-1066
-1781
-2357
-2749
-2990
-2895
-2410
-1704
-533
1017
2360
3226
3479
3165
2526
1347
27
-1166
-2519
-3528
-4104
-4417
-4353
-4033
-3465
-2988
-2577
-2212
-1917
-1586
-1112
-793
-583
-463
-322
-290
-651
-1053
-1908
-2754
-3459
-4045
-4336
-4368
-4041
-3631
-3083
-2181
-1296
-683
-63
159
179
282
148
57
20
57
67
512
733
1123
1509
1727
1976
2262
2620
2882
3290
3452
3670
3706
3709
3933
3894
3682
3581
3707
3797
4141
4441
4766
4908
4625
3175
862
-1158
-2668
-4270
-5778
-5666
-4939
-3939
-2176
211
2381
3514
4230
4524
4279
3626
2741
1659
782
-57
-637
-758
-928
-1055
-1518
-1996
-2492
-2784
-3077
-3216
-3013
-2342
-1284
-235
1314
2284
2925
3206
2632
1761
827
-528
-2002
-3304
-4230
-4631
-4861
-4788
-4145
-3596
-3204
-2632
-1914
-1227
-774
-385
-135
22
-169
-586
-1088
-1586
-2192
-2832
-3199
-3711
-3976
-4034
-3884
-3478
-2814
-2273
-1686
-1109
-708
-285
-222
-76
-29
-152
-246
-207
-63
103
327
492
986
1500
1758
2160
2639
3102
3589
4037
4153
4214
4248
4123
3895
3834
3844
3638
3566
3835
4058
4236
4534
4818
4192
2429
506
-1046
-2384
-4284
-5213
-5114
-4406
-3740
-2175
158
1976
2926
3448
4037
3789
3341
2405
1545
713
-376
-555
-690
-1378
-1625
-1920
-2640
-2746
-2914
-3098
-2473
-2440
-1652
-695
475
1532
1990
2449
2227
1527
883
88
-1176
-2483
-3270
-3927
-4344
-4203
-3720
-3653
-3449
-2838
-2645
-1998
-1567
-1182
-846
-813
-608
-532
-992
-1276
-1823
-2619
-3015
-3290
-3223
-3253
-2941
-2609
-1922
-1420
-979
-420
-179
-268
-375
-127
-51
-77
0
287
397
694
1132
1218
1388
1423
1874
2134
2357
3056
3232
3782
4082
4349
4798
4698
4524
4353
4265
4172
3999
4069
4130
4153
4306
4725
4613
2813
571
-1192
-2179
-3132
-4076
-3977
-3382
-2473
-927
1118
2782
3549
3665
3635
3448
3039
2510
1720
1001
320
39
119
-23
-731
-1507
-2165
-2769
-2830
-2751
-2520
-2188
-1529
-383
947
2088
2629
2600
2065
1415
486
-533
-1605
-2386
-3123
-3742
-3591
-3187
-2839
-2610
-2369
-2123
-1899
-1409
-1035
-1058
-1132
-1132
-1096
-1317
-1449
-1802
-2445
-2884
-3047
-2947
-2739
-2444
-2239
-1866
-1325
-691
-377
-261
-170
-249
-193
-41
-35
-69
-34
130
310
554
955
1276
1685
2037
2364
2968
3384
3813
4205
4227
4280
4225
4110
3912
3615
3337
3318
3324
3455
3786
3902
4150
4344
4565
4367
3589
1464
-979
-2265
-2562
-3036
-3451
-2717
-1756
-842
504
2256
2775
2583
2301
1973
1651
1628
1458
918
661
536
749
567
226
-639
-1810
-2598
-2893
-2805
-2635
-2301
-1774
-816
308
1398
1822
1755
1167
356
-697
-1497
-2056
-2817
-3471
-3670
-3392
-2938
-2515
-2268
-2003
-1852
-1563
-1349
-1477
-1630
-1825
-2057
-2176
-2123
-2365
-2691
-2995
-2999
-2896
-2634
-2152
-1767
-1432
-1083
-597
-149
167
147
80
-5
-153
-238
-181
-18
-146
-62
114
330
772
1038
1388
1715
2177
2793
3400
3908
4219
4332
4160
4055
4140
4104
3827
3523
3520
3580
3731
3912
4046
3997
4485
4656
4843
3954
1040
-1661
-2640
-2437
-3122
-3428
-2253
-1160
-594
746
2741
3068
2404
1708
1539
1515
1549
1388
1141
995
1086
1469
1305
704
-257
-1619
-2476
-2444
-2515
-2183
-1758
-1102
-386
774
1844
1778
1517
596
-347
-1047
-1710
-2083
-2975
-3244
-3257
-3052
-2553
-2223
-1995
-2243
-2148
-1718
-1531
-1489
-1383
-1503
-1579
-1493
-1397
-1649
-2177
-2455
-2511
-2406
-1879
-1320
-849
-427
-130
201
465
569
539
492
447
263
794
859
864
998
1018
1254
1331
1633
1734
2044
2384
3034
3720
4116
4363
4685
4752
4558
4615
4532
4451
4268
4127
4256
4542
4652
4628
4816
4833
5008
5094
4647
2372
-789
-2626
-2588
-2671
-3329
-2578
-999
-28
773
2531
3704
3180
1981
1572
1628
1514
1598
1496
1304
1220
1340
1199
716
-207
-1626
-2679
-2975
-2575
-2104
-1622
-1024
-347
597
1491
1836
1510
479
-356
-875
-1299
-1746
-2080
-2311
-2729
-2738
-2264
-1910
-2173
-2519
-2500
-2276
-1825
-1328
-952
-1076
-1175
-1335
-1423
-1657
-2089
-2709
-3091
-3196
-2829
-2079
-1561
-928
-546
-246
84
449
209
-52
46
-102
-50
273
695
782
567
726
766
853
1099
1519
1754
2016
2705
3262
3683
3936
4342
4446
4279
4291
4602
4584
4562
4520
4579
4588
4578
4513
4441
4409
4087
3795
3153
1014
-1952
-3285
-2941
-2991
-3398
-2219
-740
92
893
2496
3098
2411
1592
1218
1171
1231
1495
1172
1121
925
607
136
-213
-1148
-2333
-2759
-2757
-2401
-1627
-841
-312
496
1072
1506
1469
882
-73
-880
-1240
-1714
-2221
-2473
-2673
-3088
-3150
-2850
-2992
-3431
-3470
-3251
-2878
-2287
-1599
-1328
-1135
-1075
-1194
-1379
-1879
-2295
-2761
-2943
-2838
-2665
-2241
-1608
-1238
-1177
-977
-376
-10
97
363
717
854
1001
1185
1370
1407
1299
1346
1328
1557
1979
2158
2278
2679
3056
3356
3558
3864
3915
3820
4003
4215
4365
4641
4935
4533
4677
4690
4209
4134
3834
3801
3500
1874
-862
-2944
-3617
-3280
-3596
-3472
-1497
-781
-390
905
2303
2571
1353
1150
1120
1503
1901
1892
1953
1577
1141
757
181
-709
-1723
-2666
-3085
-2591
-1915
-867
-198
365
999
1320
1538
1270
695
-268
-427
-1096
-1259
-1442
-1889
-2408
-3118
-3476
-3951
-4108
-4106
-3976
-3783
-3137
-2091
-1135
-466
-396
-684
-914
-1188
-1760
-2071
-2508
-2592
-2544
-2425
-1830
-1506
-1458
-1501
-1200
-691
-188
337
1066
1191
1622
2196
2357
2439
2260
1986
1603
1821
2174
2625
2798
3073
3441
3534
3833
3874
3769
3894
4180
4193
4607
5171
5407
5305
5439
5600
5276
4938
4602
3820
1189
-2232
-4068
-4082
-3993
-4160
-3018
-1581
-774
-169
1280
2462
2109
1190
928
1224
1657
2505
2767
2522
1901
1279
570
-281
-1164
-2305
-3140
-3320
-2626
-1576
-569
111
343
422
753
1099
950
315
-105
-199
-560
-703
-587
-919
-2189
-3364
-3654
-3955
-4329
-4169
-3731
-3492
-2903
-2230
-1588
-1330
-1533
-1881
-2194
-2046
-1861
-2042
-2149
-2171
-2438
-2444
-2067
-1882
-2334
-2513
-2203
-1628
-909
-55
606
927
1181
1436
1455
1399
1388
1322
1238
1501
2106
2471
2599
2676
2787
2666
2655
2677
2751
3105
3416
3844
4324
4859
5135
5166
5064
5072
4777
4477
4516
4264
3799
1657
-1437
-3298
-3521
-3602
-4254
-3402
-2099
-1523
-1196
363
1712
1553
999
1326
1646
1998
2721
3005
3024
2251
1395
450
-613
-1445
-2463
-3185
-3389
-2992
-1779
-923
-191
72
68
49
471
678
384
180
306
190
36
-55
-447
-1570
-2888
-3757
-4314
-4639
-4660
-4293
-3879
-3461
-2782
-2145
-1915
-1948
-2080
-2186
-1921
-1695
-1430
-1189
-1411
-1686
-2088
-2048
-2153
-2300
-2613
-2701
-2314
-1782
-913
-133
168
8
273
752
1162
1403
1477
1591
1821
2227
2733
2997
2887
2927
2855
2958
3146
3362
3422
3439
3460
3901
4279
4250
4265
4012
4206
4014
4036
4229
4197
3835
2599
222
-2081
-3110
-3014
-3495
-3453
-2609
-1700
-1731
-957
158
396
161
-39
949
1385
1981
2611
3002
2393
1577
709
-371
-1121
-2128
-2767
-3032
-2645
-1956
-1433
-597
-664
-743
-887
-397
232
87
353
360
565
364
13
-193
-1303
-2566
-3454
-3824
-3803
-3717
-3451
-3237
-3223
-3075
-2816
-2778
-2669
-2485
-2405
-1977
-1512
-1349
-1181
-1421
-1878
-2103
-2259
-2180
-2054
-1924
-1790
-1290
-885
-490
116
383
336
431
630
1074
1313
1378
1651
1810
2272
2702
2885
3035
3174
3206
2961
3122
3704
3837
3896
4083
4416
4802
4952
5065
4795
4520
4352
4067
3894
3957
4118
3879
3152
1379
-967
-2677
-2991
-2997
-3029
-2154
-1116
-873
-900
0
721
350
31
450
1141
1792
2747
3336
3108
2191
1306
394
-507
-941
-1421
-1969
-2132
-1611
-1237
-991
-677
-809
-1373
-1281
-472
-183
6
613
894
565
-52
-337
-1204
-2271
-2950
-3341
-3540
-3523
-3026
-3112
-3364
-3369
-3485
-3707
-3682
-3213
-2754
-2577
-2181
-1739
-1771
-1714
-1655
-1897
-2116
-2010
-1816
-1676
-1394
-881
-587
-425
-61
191
127
244
519
685
810
1094
1438
1542
1749
2059
2290
2390
2609
2870
3008
3158
3436
3599
3788
4004
4184
4401
4483
4389
4160
4146
4151
3793
3418
3343
3366
3033
2078
189
-1712
-2859
-2879
-2723
-2243
-1143
-725
-1165
-1084
-281
151
131
111
819
1324
2050
2841
3158
2648
1550
381
-566
-1060
-1046
-1365
-1582
-1324
-1061
-1108
-1452
-1358
-1557
-2011
-1792
-748
219
671
978
975
139
-744
-1238
-1764
-2488
-3145
-3345
-3356
-3218
-3303
-3534
-3901
-3978
-3839
-3503
-3109
-2543
-2118
-1937
-1818
-1530
-1445
-1540
-1660
-1719
-1510
-1240
-735
-369
-367
-103
58
113
333
636
937
1155
1493
1706
1753
1828
1985
1772
1535
1614
1830
2099
2363
2805
3104
3117
2948
3272
3424
3698
3787
3732
4198
4072
4389
4552
3741
3598
3209
2974
2853
2213
600
-1698
-3057
-2875
-2848
-2824
-1655
-1584
-1885
-2235
-1517
-587
-512
-263
537
1538
2027
2962
3181
2724
1418
246
-609
-674
-655
-591
-802
-1072
-1465
-2122
-2119
-2390
-2195
-2560
-2243
-1171
46
404
333
76
-692
-1563
-1656
-1434
-1871
-2356
-2468
-2846
-3224
-3348
-3729
-4218
-4466
-4140
-3662
-3034
-2617
-2486
-2266
-2225
-2045
-1704
-1413
-1303
-1264
-964
-818
-486
-44
84
-140
-65
361
820
1228
1373
1472
1498
1630
1660
2020
2101
2059
2050
1869
2016
2336
2641
2713
2788
2804
2966
3287
3692
3973
4071
4159
4172
4374
4463
4495
4338
3924
3483
3159
2906
2566
962
-1415
-2639
-2629
-2414
-2049
-1184
-1072
-1908
-2543
-2005
-1227
-828
-315
627
1627
2431
3243
3390
2990
1976
844
202
145
291
415
114
-577
-1418
-2358
-2871
-3026
-3202
-3133
-2188
-1316
-724
-498
-512
-1085
-1575
-1453
-1323
-1080
-938
-1108
-1744
-2416
-2975
-3563
-4162
-4282
-4267
-4153
-3520
-3030
-2847
-2813
-2827
-2849
-2588
-1959
-1214
-850
-763
-348
-53
29
216
285
268
437
864
1457
1866
1937
1858
1570
1449
1448
1515
1646
1824
1906
1854
2078
2324
2245
2122
2239
2401
2761
3205
3682
3942
3949
3992
4132
4269
4293
4355
4334
4247
3987
3579
2611
545
-1663
-2710
-2472
-2087
-1737
-1139
-1274
-2384
-2936
-2633
-1853
-1313
-579
765
1531
2442
3112
3234
2601
1723
1389
1139
1546
2065
1824
876
-311
-1537
-2321
-2605
-2528
-2537
-2583
-2362
-2026
-1606
-1364
-1419
-1729
-1737
-1288
-814
-336
-280
-788
-1585
-2159
-2356
-2588
-2584
-2733
-3026
-3372
-3390
-3316
-3345
-3215
-3350
-3157
-2762
-1986
-1300
-1095
-916
-596
-231
107
613
1059
1204
1191
1423
1837
2161
2380
2342
2284
2014
1939
2068
2255
2351
2090
1885
1858
2130
2296
2594
2636
2760
2880
3321
3768
3936
4122
4106
4194
4276
4518
4630
4655
4300
3687
2637
747
-1060
-1969
-1858
-2006
-1637
-1712
-1944
-3387
-3770
-3598
-3047
-1977
-937
350
959
1668
2097
2227
1956
1823
1851
2541
2693
2968
2531
1607
686
-706
-1675
-1950
-2186
-2146
-2124
-2285
-2022
-2547
-2801
-2857
-2711
-2356
-1439
-580
-195
-154
-628
-1054
-1498
-1684
-1813
-1696
-1693
-1746
-2193
-2696
-3321
-3827
-3869
-3768
-3366
-2895
-2491
-2143
-1855
-1899
-1760
-1181
-379
380
849
1349
1670
2007
1778
1856
1904
2110
2362
2707
2983
2978
2841
2474
2288
2066
2108
2383
2664
2849
2919
2848
2843
2931
3054
3352
3752
4118
4497
4708
4785
4786
4682
4404
4125
3891
3286
2062
516
-305
-495
-870
-1096
-1349
-1900
-2775
-3370
-3235
-2775
-2134
-1280
-445
233
594
910
1222
1358
1660
2174
2545
2862
2955
2524
2051
1354
572
-96
-293
-407
-757
-974
-1308
-1963
-2683
-2942
-2934
-2611
-2146
-1772
-1806
-1948
-1928
-2233
-2300
-2172
-1841
-1518
-1315
-1221
-1551
-2104
-2592
-2934
-3070
-2870
-2637
-2522
-2561
-2793
-3001
-2994
-2866
-2367
-1621
-914
-243
107
247
443
776
1129
1622
1929
2182
2468
2600
2648
2464
2513
2416
2156
2338
2811
2875
2834
2811
2657
2587
2734
2971
3166
3534
3768
3959
4107
4047
4070
4134
4190
4214
3835
2536
781
-146
-56
-258
-575
-678
-1236
-2556
-3434
-3455
-3207
-3034
-2674
-1741
-969
-805
-523
-110
4
355
1031
1798
2485
2687
2565
1936
1323
1168
703
582
609
82
-500
-1096
-1386
-1816
-2497
-2761
-2822
-2715
-2579
-2236
-2108
-2244
-2419
-2553
-2290
-1919
-1722
-1624
-1578
-1538
-1603
-1813
-2140
-2305
-2323
-2320
-2096
-1976
-1925
-2252
-2696
-2826
-2570
-2128
-1780
-1444
-1106
-773
-619
-250
248
604
946
1372
1841
2183
2322
2374
2389
2269
2383
2479
2536
2583
2562
2524
2461
2704
2852
2904
2720
2870
3015
3297
3440
3667
3727
3651
3555
3595
3719
3486
2836
1537
550
-74
-43
-119
-464
-1097
-1858
-2676
-3311
-3319
-3221
-2874
-2412
-2127
-1685
-1427
-1185
-1079
-827
54
697
1361
1758
1850
1444
1060
913
817
656
663
792
174
-596
-1248
-1565
-1863
-2237
-2410
-2440
-2611
-2871
-2861
-2982
-3159
-3264
-2868
-2619
-2341
-2244
-2221
-2260
-2259
-2161
-2122
-2078
-2105
-2103
-2020
-1836
-1828
-1953
-1998
-1881
-1838
-1876
-1725
-1382
-1137
-1311
-829
-563
-451
-29
325
670
919
1134
1410
1839
1958
2273
2252
2475
2620
2570
2760
2734
2857
3021
3220
3364
3517
3454
3421
3427
3544
3770
3890
4108
4128
4080
3908
3726
3230
2243
1274
709
629
505
172
-465
-1360
-2004
-2377
-2582
-2575
-2400
-2137
-2109
-2033
-1740
-1517
-1374
-880
-173
554
1093
1397
1565
1374
1324
1485
1537
1427
1200
1060
747
245
-270
-588
-909
-1526
-1888
-1836
-2123
-2655
-2848
-2905
-2926
-3002
-2876
-2582
-2652
-2759
-2706
-2654
-2479
-2283
-2136
-2009
-2055
-2027
-2037
-2022
-1979
-1902
-2037
-2049
-1967
-1972
-1999
-1726
-1535
-1356
-1063
-928
-699
-466
-141
155
467
687
904
1131
1372
1577
1718
1914
2081
2318
2409
2581
2587
2654
2611
2733
2820
2973
3319
3422
3516
3514
3572
3585
3529
3659
3966
3981
3697
2960
2030
1123
820
841
371
-353
-1032
-1799
-2579
-2858
-2643
-2683
-2864
-2886
-2607
-2488
-2522
-2140
-1631
-1315
-644
-31
339
585
679
925
1276
1503
1499
1465
1173
1100
834
282
-125
-552
-828
-1045
-1453
-1890
-2305
-2792
-3041
-3124
-3092
-3116
-3402
-3399
-3387
-3304
-3160
-3085
-3065
-2886
-2634
-2522
-2308
-2285
-2335
-2163
-2009
-1823
-1779
-1802
-1884
-1789
-1483
-1292
-1124
-1100
-906
-712
-622
-339
-102
150
378
596
624
847
1079
1187
1237
1401
1597
1621
1900
2121
2375
2543
2594
2752
2881
3142
3381
3659
3750
3898
3640
3738
3816
3985
3968
3948
3776
3104
1946
995
897
800
336
-649
-1405
-2241
-2657
-3042
-2784
-3221
-3084
-3374
-3307
-2664
-3073
-2651
-2195
-1532
-754
-564
48
82
363
762
1179
1749
1729
1709
1440
1470
1204
860
564
14
-267
-897
-1026
-1457
-2317
-2657
-3127
-3163
-3256
-3456
-3614
-3831
-3777
-3647
-3369
-3469
-3351
-3184
-3034
-2631
-2450
-2342
-2037
-1953
-1835
-1608
-1503
-1582
-1553
-1340
-1224
-940
-807
-844
-585
-565
-540
-342
-151
-63
203
447
515
690
650
1152
1441
1606
1639
1628
1876
1986
2091
2518
2749
2854
3147
3447
3591
3803
4200
4325
4521
4532
4566
4670
4717
4739
4339
3584
2652
2158
1940
1383
565
-303
-1160
-1816
-2164
-2412
-2616
-2991
-3260
-3202
-2880
-2750
-2723
-2500
-2106
-1474
-938
-463
-202
52
445
907
1434
1785
1819
1854
1914
1904
1790
1521
1375
930
398
60
-135
-644
-1474
-2079
-2322
-2621
-3009
-3248
-3527
-3873
-4148
-4155
-4000
-3985
-4108
-3950
-3635
-3502
-3208
-2960
-2754
-2574
-2427
-2221
-2106
-1861
-1629
-1509
-1084
-1050
-1175
-1066
-993
-740
-511
-327
-88
-331
-303
6
312
552
420
406
566
902
1255
1508
1611
1580
1656
2074
2333
2419
2734
2982
3170
3430
3871
4051
4058
4115
4308
4567
4651
4458
4009
3481
2972
2362
1705
1275
808
28
-1119
-1748
-2104
-2385
-2694
-3017
-3168
-3359
-3571
-3526
-3251
-2998
-2747
-2325
-1703
-1323
-936
-524
-154
389
827
1345
1658
1719
1904
1905
1978
1899
1671
1486
1251
881
409
-153
-569
-1116
-1817
-2292
-2464
-2619
-3132
-3305
-3641
-3905
-3981
-4085
-4040
-4160
-4064
-3988
-3737
-3488
-3234
-2993
-2816
-2597
-2350
-2230
-2069
-1792
-1583
-1397
-1291
-1046
-971
-856
-714
-447
-282
-301
-232
-146
121
296
208
269
519
633
812
1030
1330
1455
1554
2016
2308
2453
2454
2630
2947
3226
3512
3860
4154
4141
4163
4452
4570
4858
4758
3816
3302
3125
2882
2004
1400
823
58
-1242
-1804
-1945
-2397
-3129
-3612
-3794
-4091
-4220
-3877
-3523
-3657
-3192
-2794
-2320
-1860
-1412
-781
-383
170
522
939
1123
1378
1533
1699
1850
1823
1623
1566
1262
939
437
402
24
-684
-1220
-1632
-1999
-2399
-2627
-3003
-3350
-3628
-3630
-3516
-3565
-3713
-3973
-4020
-3947
-3841
-3440
-3276
-3106
-2878
-2708
-2319
-2056
-2001
-1810
-1446
-1250
-1014
-909
-720
-317
-317
-200
56
205
68
327
713
550
620
640
656
896
1258
1513
1615
1790
2098
2167
2226
2464
2814
3012
3049
3281
3650
3868
4086
4242
4373
4499
4721
4779
4435
3935
3475
3133
2771
2080
1332
745
1
-835
-1315
-1615
-2104
-2638
-3125
-3257
-3128
-3310
-3350
-3206
-3067
-3033
-2669
-2123
-1794
-1262
-902
-484
-173
167
495
777
1079
1328
1366
1578
1746
1640
1514
1449
1058
687
786
520
-97
-614
-1045
-1362
-1823
-2189
-2526
-2938
-3276
-3464
-3471
-3531
-3741
-4013
-4187
-4046
-3983
-4022
-3989
-3731
-3488
-3182
-3037
-2721
-2471
-2338
-1860
-1477
-1260
-1142
-814
-475
-277
-116
46
318
405
625
775
792
970
1205
1303
1369
1515
1628
1755
1907
2103
2330
2459
2576
2882
3110
3166
3353
3576
3775
4017
4023
4114
4133
4386
4457
4133
3608
3179
3255
2885
2200
1603
987
277
-397
-870
-1257
-1693
-2391
-2829
-3027
-3097
-3067
-3353
-3258
-3055
-3176
-2679
-2387
-2133
-1714
-1334
-979
-863
-471
-202
-5
402
648
830
1064
1126
1186
1213
1224
1037
660
682
700
288
-447
-814
-1128
-1358
-1617
-2156
-2613
-3079
-3280
-3378
-3616
-3810
-3915
-3982
-4106
-4360
-4423
-4268
-3914
-3732
-3736
-3497
-3403
-3058
-2681
-2167
-1805
-1639
-1399
-1062
-498
-346
-156
52
193
242
480
686
863
1178
1254
1485
1665
1652
1859
2034
2253
2386
2461
2478
2670
2855
3095
3061
2952
3253
3390
3513
3547
3718
3603
3777
3948
3646
3268
2726
2703
2611
1598
1241
794
304
-597
-755
-1194
-1536
-2160
-2874
-2513
-3070
-2882
-3025
-2906
-3111
-2906
-2631
-2470
-2320
-2027
-1658
-1584
-1100
-921
-605
-385
137
235
553
506
814
812
1013
945
767
661
653
819
349
-114
-473
-410
-718
-997
-1535
-1898
-2344
-2521
-2626
-2818
-3114
-3550
-3623
-3675
-3825
-3737
-3818
-3586
-3691
-3702
-3295
-3147
-3021
-2826
-2410
-2162
-1921
-1625
-1297
-941
-568
-275
-93
269
324
529
813
1197
1295
1294
1707
1825
2083
2355
2407
2558
2794
2967
3090
3212
3443
3565
3444
3441
3587
3747
3874
3932
3887
3899
3872
3953
3935
3681
3307
3003
2924
2287
1477
1259
1275
613
-244
-501
-769
-1444
-1852
-1858
-1926
-2300
-2487
-2534
-2681
-2688
-2562
-2414
-2269
-2028
-1814
-1607
-1288
-832
-518
-332
-22
139
275
471
721
925
950
947
911
750
429
537
617
322
-87
-411
-613
-916
-1202
-1499
-1772
-2124
-2459
-2650
-2870
-3165
-3409
-3546
-3773
-3808
-3893
-3976
-3979
-3861
-3649
-3522
-3423
-3256
-2895
-2429
-2194
-1899
-1589
-1292
-838
-508
-94
204
360
380
574
1015
1208
1427
1686
1691
1878
2144
2359
2439
2602
2729
2867
2936
3019
3204
3360
3433
3350
3374
3418
3472
3611
3657
3545
3511
3542
3369
2899
2566
2447
2199
1750
1322
1076
758
26
-471
-734
-910
-1458
-2014
-2079
-2452
-2403
-2465
-2599
-2642
-2801
-2696
-2622
-2400
-2136
-2134
-1901
-1564
-1308
-988
-829
-376
-6
77
408
597
593
725
940
946
763
598
571
633
306
-127
-327
-509
-681
-1006
-1315
-1709
-1998
-2155
-2479
-2865
-3187
-3363
-3693
-3883
-3968
-4012
-4158
-4054
-4009
-3903
-3671
-3614
-3434
-3073
-2657
-2237
-1991
-1756
-1422
-1030
-618
-377
-56
120
532
928
1182
1335
1502
1868
2113
2468
2609
2970
2853
3016
2938
3134
3142
3119
3401
3181
3306
3303
3246
3309
3388
3246
3438
3378
3209
3360
3204
2800
2520
2330
2199
1687
1320
1149
910
190
-56
-283
-504
-1195
-1557
-1508
-1864
-1978
-2229
-2245
-2290
-2393
-2362
-2387
-2341
-2235
-2055
-1873
-1521
-1212
-934
-793
-446
-186
44
344
558
730
801
889
936
721
763
820
804
629
286
112
-136
-216
-494
-744
-1196
-1577
-1814
-2094
-2283
-2626
-2805
-2982
-3271
-3473
-3540
-3764
-3687
-3461
-3563
-3252
-3253
-3035
-2708
-2423
-2117
-1846
-1516
-1305
-999
-420
-59
212
447
606
1004
1265
1590
1911
2142
2235
2390
2669
2850
2864
3126
3309
3316
3422
3543
3475
3461
3552
3439
3416
3466
3512
3509
3552
3504
3505
3686
3540
3341
2947
2828
2903
2346
1792
1668
1491
869
278
150
-90
-627
-1104
-1193
-1438
-1807
-1987
-2009
-2137
-2350
-2328
-2327
-2340
-2185
-2086
-1994
-1762
-1545
-1385
-1146
-756
-486
-265
64
220
367
456
624
688
583
542
759
780
537
67
-67
-98
-378
-566
-939
-1373
-1813
-2020
-2086
-2288
-2767
-2931
-3082
-3312
-3269
-3340
-3498
-3517
-3389
-3289
-3373
-3252
-3078
-2798
-2385
-2209
-2083
-1923
-1680
-1300
-926
-704
-488
-368
-146
298
591
923
1153
1425
1563
1720
1945
2213
2322
2479
2612
2587
2651
2704
2744
2808
2846
2838
2940
2896
3001
3302
3341
3341
3482
3564
3694
3872
3585
3050
3071
2836
2492
1939
1741
1566
1059
472
101
-138
-671
-1072
-1240
-1495
-1885
-2140
-2358
-2486
-2642
-2574
-2585
-2681
-2482
-2310
-2200
-1964
-1678
-1495
-1385
-1227
-949
-605
-369
-156
-15
115
255
281
184
255
365
361
342
14
-129
-114
-269
-360
-687
-1068
-1506
-1634
-1739
-2003
-2182
-2427
-2559
-2883
-3036
-3055
-3134
-3199
-3304
-3311
-3270
-3206
-3147
-2951
-2644
-2479
-2423
-2113
-1806
-1408
-1021
-714
-324
-61
147
450
859
1253
1305
1384
1761
1872
2164
2373
2247
2527
2661
2569
2565
2603
2915
2891
3025
2834
2738
3026
2765
3120
3280
3098
3146
3144
3008
3187
3078
2632
2579
2602
2088
1772
1789
1413
922
470
89
-272
-791
-933
-1110
-1393
-1724
-1685
-2037
-2136
-2097
-2422
-2068
-2244
-2152
-1649
-1743
-1648
-1236
-1281
-927
-731
-595
-364
-169
14
40
286
353
240
292
499
654
585
485
378
82
99
6
-126
-453
-799
-1002
-1103
-1136
-1288
-1714
-2110
-2311
-2349
-2427
-2672
-2890
-2748
-2618
-2691
-2861
-2779
-2653
-2469
-2328
-2005
-1827
-1643
-1353
-1084
-647
-314
-70
48
243
556
795
1091
1320
1409
1702
1933
1979
1980
2055
2094
2301
2459
2433
2527
2694
2898
2997
3124
3115
3063
3471
3605
3627
3598
3542
3764
3959
4023
3693
3320
3270
3105
2724
2179
2105
2018
1459
898
532
280
-251
-630
-667
-873
-1389
-1701
-1918
-2055
-2147
-2251
-2319
-2366
-2400
-2230
-2182
-2237
-1931
-1847
-1761
-1608
-1531
-1289
-1154
-875
-704
-590
-507
-496
-528
-312
44
-8
-61
-264
-227
-245
-252
-210
-464
-647
-1064
-1167
-1163
-1475
-1838
-2112
-2346
-2531
-2768
-2959
-2968
-2989
-3054
-3099
-3115
-3119
-2997
-2760
-2522
-2463
-2257
-2047
-1707
-1279
-840
-630
-484
-205
53
425
748
940
1167
1315
1505
1775
1856
1980
2129
2279
2378
2454
2427
2552
2985
3067
2903
2919
3097
3100
3360
3423
3319
3388
3342
3313
3455
3229
2815
2731
2697
2518
1949
1621
1707
1370
731
521
144
-282
-646
-919
-986
-1378
-1793
-2002
-2114
-2322
-2367
-2435
-2543
-2522
-2404
-2384
-2400
-2170
-1885
-1663
-1587
-1371
-1097
-854
-673
-468
-396
-294
-103
-144
21
219
316
188
-90
-144
-62
29
-21
-285
-536
-653
-745
-798
-1113
-1521
-1783
-2045
-2121
-2325
-2497
-2699
-2752
-2718
-2850
-2953
-2974
-2890
-2767
-2668
-2417
-2351
-2261
-2237
-1781
-1574
-1436
-1207
-1102
-708
-661
-62
-78
301
398
614
802
981
1283
1443
1636
1642
2225
1806
2104
2572
2525
2813
2444
2890
3109
3243
3253
3256
3657
3361
3535
3661
3792
3498
3171
3095
2950
2821
2150
1908
1723
1489
1168
487
348
-75
-662
-532
-932
-968
-1576
-1941
-2070
-2159
-2108
-2312
-2266
-2440
-2302
-2343
-2218
-2091
-1846
-1660
-1656
-1412
-1141
-934
-693
-489
-353
-218
24
-103
-52
305
411
522
428
267
256
186
65
155
-136
-376
-601
-814
-787
-986
-1354
-1618
-1663
-1791
-1969
-2115
-2146
-2112
-2099
-2258
-2338
-2409
-2314
-2029
-1874
-1712
-1743
-1567
-1392
-1183
-964
-785
-621
-481
-245
16
112
372
640
746
935
1192
1540
1646
1845
2107
2237
2284
2479
2679
2852
2920
2976
3082
3159
3274
3306
3431
3614
3623
3660
3640
3590
3542
3577
3423
3297
3196
2856
2405
2044
1900
1780
1316
804
416
-13
-454
-586
-746
-1053
-1471
-1799
-1968
-2097
-2145
-2331
-2270
-2456
-2450
-2549
-2584
-2275
-2038
-1817
-1836
-1689
-1480
-1396
-1181
-828
-586
-611
-595
-523
-327
-79
10
86
-236
-311
-229
-299
-161
-248
-480
-715
-1011
-1016
-1133
-1241
-1441
-1705
-1966
-2164
-2269
-2299
-2309
-2575
-2683
-2833
-2889
-2842
-2704
-2516
-2404
-2372
-2327
-2217
-2067
-1734
-1518
-1462
-1272
-1019
-771
-381
-132
139
265
516
789
821
1077
1561
1829
1819
1826
2031
2201
2341
2659
2744
2695
2910
3088
3234
3161
3432
3489
3421
3594
3603
3748
3561
3353
3137
3124
3097
2613
2057
1875
1955
1634
1149
824
553
-112
-477
-648
-850
-1236
-1554
-1719
-1888
-1930
-1994
-2067
-2379
-2386
-2310
-2314
-2327
-2130
-1906
-1715
-1433
-1334
-1250
-1087
-824
-663
-613
-523
-302
-335
-317
-38
147
-33
-255
-228
-167
-121
-173
-325
-569
-902
-995
-1007
-1031
-1238
-1325
-1477
-1831
-1867
-2031
-2180
-2303
-2430
-2546
-2741
-2732
-2603
-2478
-2470
-2424
-2298
-2436
-2277
-2069
-1705
-1629
-1441
-1308
-1282
-864
-812
-247
-195
207
152
419
822
1234
1518
1656
1749
1810
2040
2154
2457
2598
2710
2626
2793
2914
3146
3389
3285
3445
3303
3421
3247
3658
3740
3376
2979
2836
2817
2602
2171
1920
1748
1465
1081
966
573
7
-294
-380
-589
-1028
-1174
-1389
-1665
-1798
-1904
-1959
-2007
-2282
-2276
-2132
-2054
-1773
-1699
-1775
-1667
-1448
-1257
-1116
-975
-862
-726
-762
-591
-579
-527
-180
-252
-253
-430
-277
-46
71
10
-94
-268
-352
-474
-499
-561
-620
-881
-1265
-1367
-1494
-1556
-1854
-1962
-2070
-2111
-2241
-2438
-2456
-2440
-2179
-2085
-2108
-2018
-1905
-1713
-1356
-1039
-970
-684
-642
-472
-14
301
400
535
739
983
1200
1409
1648
1797
1943
1956
2230
2469
2616
2749
2877
3050
3174
3217
3375
3565
3665
3625
3693
3669
3740
3884
3894
3634
3334
3138
3188
3112
2635
2187
1814
1588
1433
1164
695
257
-352
-567
-689
-933
-1029
-1444
-1759
-1936
-2028
-1949
-2073
-2169
-2135
-2253
-2056
-1980
-1977
-1913
-1862
-1707
-1525
-1426
-1215
-1018
-985
-765
-737
-671
-682
-581
-343
-167
-342
-333
-228
-325
-243
-189
-235
-437
-561
-635
-647
-705
-869
-1141
-1464
-1566
-1724
-1900
-1984
-2133
-2170
-2370
-2390
-2376
-2533
-2363
-2293
-2223
-1912
-1860
-1785
-1611
-1401
-1112
-868
-780
-820
-395
-213
112
419
596
566
925
1011
1181
1447
1436
1857
1947
2185
2512
2723
2844
3049
3030
3219
3356
3381
3457
3529
3488
3510
3584
3635
3643
3545
3419
3209
2982
2928
2781
2564
2262
1936
1681
1503
1280
879
504
111
-156
-332
-576
-716
-1031
-1457
-1685
-1708
-1727
-1806
-1931
-2013
-2017
-2056
-1941
-1848
-1770
-1733
-1637
-1543
-1398
-1254
-1122
-966
-979
-894
-817
-734
-592
-355
-196
-230
-393
-250
-534
-466
-285
-508
-479
-614
-704
-825
-948
-1010
-1256
-1572
-1628
-1854
-1864
-2096
-1937
-2162
-2284
-2235
-2421
-2342
-2267
-2064
-1941
-1983
-1715
-1832
-1709
-1445
-1224
-950
-869
-752
-520
-343
-48
146
267
387
448
717
1178
1406
1614
1868
1765
2112
2259
2544
2699
2828
2781
3123
3009
3108
3412
3377
3420
3290
3293
3436
3522
3541
3425
3299
3179
3246
3087
2720
2491
2175
1942
1783
1602
1433
1050
363
116
74
-203
-268
-796
-1158
-1323
-1475
-1422
-1505
-1699
-1838
-1986
-2095
-1868
-1850
-1710
-1650
-1541
-1372
-1259
-1135
-856
-817
-755
-634
-504
-353
-400
-246
-64
11
-19
34
-48
-57
15
44
24
-127
-392
-539
-571
-524
-612
-921
-1079
-1164
-1377
-1419
-1234
-1350
-1504
-1618
-1631
-1674
-1468
-1389
-1467
-1489
-1463
-1268
-1292
-1090
-894
-749
-586
-499
-434
-171
207
455
614
880
1041
1058
1361
1510
1726
1950
2138
2264
2292
2354
2498
2758
2765
2956
2951
2895
2888
3096
3114
3192
3186
3180
3208
3155
3336
3193
3023
2871
2730
2508
2396
2148
1675
1501
1271
1169
939
465
143
-235
-333
-510
-648
-899
-1108
-1435
-1652
-1703
-1698
-1626
-1777
-1904
-2057
-2108
-1895
-1890
-1685
-1673
-1673
-1460
-1459
-1262
-1149
-930
-799
-862
-826
-795
-607
-442
-287
-251
-366
-376
-379
-300
-263
-183
-257
-518
-656
-493
-523
-624
-850
-992
-1205
-1284
-1156
-1318
-1408
-1278
-1520
-1972
-1859
-1723
-1569
-1743
-1642
-1524
-1528
-1300
-1059
-833
-901
-689
-498
-335
-138
-29
212
496
665
834
1032
1084
1218
1433
1601
1836
1945
2124
2222
2320
2406
2561
2742
2765
2863
2774
2912
3100
3228
3066
3128
3212
3249
3328
3419
3341
2990
2875
2752
2701
2661
2470
2193
1938
1682
1560
1441
1202
1016
531
125
0
-239
-352
-548
-810
-1156
-1420
-1551
-1662
-1665
-1833
-2030
-2344
-2265
-2067
-2373
-2131
-1950
-1885
-1693
-1731
-1504
-1346
-1430
-1226
-979
-1038
-832
-544
-898
-641
-519
-521
-381
-600
-238
-706
-417
-358
-488
-516
-901
-653
-904
-1049
-993
-1266
-1304
-1415
-1590
-1723
-1891
-1658
-1799
-1608
-1746
-1562
-1562
-1413
-1312
-1224
-991
-933
-494
-266
-36
128
469
387
630
888
1126
1261
1475
1701
1807
1913
2037
2180
2251
2441
2523
2588
2556
2522
2695
2765
2745
2827
2735
2593
2560
2549
2731
2818
2768
2528
2437
2455
2417
2308
2329
2266
1921
1477
1591
1394
1299
1009
685
501
-65
-281
-359
-531
-758
-983
-1211
-1491
-1698
-1810
-1835
-1841
-1922
-1996
-2051
-2099
-1935
-1738
-1810
-1782
-1736
-1522
-1298
-1166
-964
-788
-660
-543
-424
-186
-68
-129
-108
-50
-28
-15
55
-4
-203
-200
-154
-240
-348
-450
-467
-584
-639
-748
-874
-903
-1021
-1142
-1145
-1045
-1000
-967
-1035
-1122
-1103
-1012
-874
-709
-612
-602
-640
-385
-86
-135
113
251
312
377
571
869
1023
1140
1195
1305
1311
1466
1701
1698
1804
1908
1778
1863
1925
1956
2006
2116
2037
2166
2252
2318
2502
2550
2571
2559
2593
2678
2727
2701
2601
2431
2457
2407
2254
1997
1801
1601
1217
1047
912
866
572
39
-362
-706
-963
-1022
-1098
-1432
-1705
-1871
-2009
-2228
-2213
-2065
-2150
-2196
-2301
-2222
-2113
-1914
-1708
-1551
-1492
-1391
-1282
-1246
-842
-738
-672
-474
-527
-463
-496
-398
-209
-261
-362
-421
-500
-459
-480
-535
-468
-518
-712
-827
-899
-886
-1023
-1279
-1305
-1308
-1288
-1409
-1412
-1343
-1270
-1268
-1120
-1081
-923
-753
-636
-371
-282
-66
152
213
308
518
666
837
1044
1158
1268
1329
1493
1582
1670
1778
1876
1895
1852
1889
1973
1913
1912
1953
2091
2125
2171
2296
2287
2348
2466
2444
2397
2559
2553
2358
2226
2237
2138
2190
1841
1685
1350
1070
948
682
471
410
202
-154
-388
-602
-761
-1065
-1236
-1592
-1691
-2003
-2022
-2166
-2155
-2101
-2138
-2306
-2369
-2148
-2195
-1991
-1884
-1435
-1456
-1524
-1253
-968
-798
-628
-619
-515
-434
-261
-355
-272
-184
-79
44
-154
-52
-210
-198
-371
-354
-327
-456
-509
-629
-760
-779
-777
-831
-938
-1012
-1048
-971
-864
-713
-766
-758
-657
-754
-530
-424
-162
10
127
285
311
416
563
732
777
966
968
1054
1356
1274
1555
1504
1496
1756
1743
1748
1931
1836
1869
1997
1979
2135
2141
2178
2418
2518
2435
2512
2533
2540
2486
2518
2643
2615
2602
2462
2328
2154
2177
2057
1878
1667
1315
1090
731
563
491
245
116
-132
-464
-742
-962
-1133
-1258
-1382
-1454
-1809
-2035
-1901
-1871
-1863
-1948
-1963
-1953
-1783
-1635
-1470
-1363
-1219
-1089
-1078
-980
-856
-713
-583
-438
-338
-207
-128
-148
-161
-91
32
-172
-202
-222
-298
-380
-499
-539
-569
-566
-830
-918
-917
-863
-857
-944
-1134
-1131
-1181
-1247
-1221
-1093
-950
-967
-880
-712
-615
-411
-295
-210
-135
-46
140
261
424
510
749
829
929
927
1094
1213
1298
1447
1450
1465
1559
1544
1684
1729
1706
1817
1980
1971
2002
1992
1915
2009
1945
1966
2028
2003
2006
2047
2056
1926
1857
1774
1685
1519
1442
1316
1061
915
650
532
307
20
-253
-600
-742
-1033
-1336
-1318
-1525
-1899
-1666
-1921
-2099
-2076
-2096
-2064
-2084
-2086
-2062
-1978
-1940
-1670
-1692
-1449
-1401
-1276
-1237
-1010
-711
-678
-622
-615
-532
-553
-352
-175
-122
-174
-202
-224
-378
-366
-472
-406
-557
-666
-616
-727
-811
-897
-927
-952
-1078
-1112
-1114
-1128
-1103
-1118
-1139
-1089
-966
-899
-811
-896
-814
-563
-476
-360
-201
-80
-103
17
249
378
525
603
769
846
889
897
997
1145
1112
1168
1071
1168
1295
1290
1256
1231
1173
1151
1215
1295
1342
1358
1473
1353
1410
1411
1488
1470
1379
1409
1221
1258
1176
1286
1011
945
726
514
261
89
103
17
-163
-512
-597
-720
-986
-1128
-1194
-1284
-1587
-1736
-1779
-1810
-1880
-1898
-1796
-1991
-1749
-1877
-1636
-1758
-1516
-1547
-1293
-1126
-1143
-875
-859
-718
-679
-348
-429
-204
-219
-52
2
56
70
61
54
55
-43
-233
-260
-356
-489
-485
-632
-809
-921
-939
-904
-776
-782
-831
-784
-868
-826
-927
-541
-576
-520
-406
-202
-109
-183
220
183
165
275
417
523
618
803
941
938
1035
1077
1024
1067
1174
1260
1225
1319
1366
1331
1473
1420
1355
1457
1576
1574
1461
1413
1495
1593
1658
1556
1649
1553
1527
1734
1621
1471
1440
1491
1453
1313
1263
1134
906
832
657
530
304
176
75
-204
-350
-450
-601
-782
-1014
-1068
-1206
-1304
-1329
-1405
-1468
-1461
-1474
-1551
-1494
-1447
-1460
-1390
-1271
-1171
-1181
-1119
-872
-882
-728
-709
-466
-449
-533
-414
-405
-216
-214
-213
-196
-241
-311
-382
-364
-437
-501
-533
-556
-495
-648
-698
-725
-782
-775
-840
-750
-674
-797
-818
-725
-712
-676
-516
-450
-436
-444
-326
-286
-83
-21
90
206
159
317
193
316
489
643
815
818
710
819
863
950
946
1025
1074
1080
1152
1079
1200
1165
1194
1207
1192
1386
1461
1419
1407
1489
1467
1295
1343
1425
1385
1272
1467
1394
1237
1363
1216
1178
1159
1021
817
629
599
418
221
-3
-304
-442
-628
-802
-952
-1004
-1074
-1254
-1374
-1427
-1459
-1552
-1496
-1443
-1412
-1406
-1353
-1324
-1218
-1092
-903
-925
-848
-741
-585
-476
-361
-231
-171
-81
-96
28
46
62
94
19
-35
43
155
145
-95
-86
-224
-236
-280
-255
-270
-429
-495
-635
-715
-786
-748
-697
-655
-716
-708
-669
-472
-521
-437
-498
-428
-429
-270
-273
-85
98
151
193
285
225
180
301
315
494
292
513
525
645
438
601
519
702
502
907
1042
1046
1009
1116
1265
1201
1264
1312
1463
1415
1455
1640
1540
1748
1596
1786
1570
1424
1544
1275
1498
1115
1058
672
719
571
458
289
63
-86
-381
-581
-619
-781
-829
-888
-1187
-1251
-1447
-1281
-1398
-1430
-1216
-1233
-1323
-1399
-1161
-1131
-1098
-875
-731
-652
-759
-688
-379
-262
-214
-143
-43
-44
79
179
135
330
214
198
343
211
233
89
81
125
24
-143
-261
-384
-497
-511
-464
-455
-463
-628
-715
-608
-667
-707
-605
-479
-440
-409
-351
-331
-303
-274
-149
-171
-83
77
94
253
345
549
665
672
658
768
764
735
874
962
997
987
1136
1097
1091
1170
1247
1366
1397
1467
1436
1548
1624
1607
1703
1698
1637
1588
1669
1704
1634
1688
1617
1555
1481
1278
1221
1137
1005
881
673
547
422
199
-57
-353
-542
-761
-871
-906
-922
-1036
-1269
-1339
-1472
-1542
-1527
-1453
-1485
-1392
-1332
-1327
-1287
-1241
-1004
-813
-743
-699
-512
-508
-272
-136
-115
65
132
132
95
122
135
189
118
-45
25
-42
-12
-23
-164
-221
-373
-585
-679
-741
-756
-770
-913
-927
-1012
-1079
-979
-944
-1002
-1120
-1013
-1041
-919
-785
-719
-687
-698
-492
-537
-347
-399
-134
-165
-104
12
210
313
358
578
484
631
669
743
643
823
905
998
1072
1256
1325
1281
1272
1210
1243
1258
1277
1497
1405
1389
1294
1350
1361
1289
1293
1352
1295
1352
1349
1139
1148
1011
947
867
802
629
437
331
199
40
-163
-318
-343
-511
-669
-777
-729
-820
-954
-1062
-1151
-1249
-1254
-1163
-1088
-1001
-962
-895
-779
-662
-562
-404
-302
-243
-222
-156
-99
7
67
105
69
89
-123
-96
-20
-104
-83
-74
26
-198
-146
-348
-354
-559
-678
-551
-954
-728
-899
-1002
-823
-1349
-953
-1125
-1254
-941
-1239
-987
-1124
-719
-846
-702
-480
-329
-389
-257
45
57
372
272
395
266
532
461
547
684
706
799
848
904
769
1045
926
1146
1127
1335
1278
1361
1413
1536
1629
1611
1545
1589
1592
1560
1582
1592
1622
1466
1588
1503
1583
1458
1415
1429
1261
1320
1234
1204
999
1012
944
868
804
673
670
505
361
410
216
-139
-10
-211
-503
-420
-453
-605
-690
-687
-662
-759
-733
-820
-792
-731
-795
-734
-639
-610
-552
-544
-588
-357
-203
-303
-235
-118
-161
-191
-275
-164
-289
-288
-297
-339
-379
-371
-368
-472
-360
-460
-581
-578
-535
-509
-518
-542
-561
-583
-582
-453
-384
-244
-210
-201
-73
167
205
184
329
434
609
729
799
875
898
1102
1217
1319
1380
1467
1448
1521
1624
1533
1538
1618
1657
1630
1570
1466
1417
1422
1388
1301
1205
1220
1246
1179
1200
1102
995
959
1108
1120
1047
899
816
829
783
672
558
389
334
353
221
84
-52
-160
-222
-296
-406
-485
-628
-731
-851
-921
-959
-1060
-1090
-1084
-1160
-1196
-1077
-979
-980
-931
-792
-761
-646
-638
-511
-395
-435
-307
-303
-174
-124
-221
-256
-228
-207
-250
-305
-255
-267
-425
-494
-632
-448
-623
-741
-686
-748
-506
-551
-723
-573
-529
-481
-361
-498
-363
-288
-254
-103
-56
-31
184
183
307
384
514
649
676
724
948
1004
1042
1225
1199
1236
1192
1299
1334
1387
1332
1324
1312
1368
1383
1187
1327
1332
1190
1209
1244
1130
938
947
941
989
988
991
1109
1012
855
725
676
673
574
513
429
257
151
104
-40
-64
-179
-311
-429
-545
-626
-739
-755
-884
-894
-1009
-1011
-1089
-995
-1169
-1109
-1090
-1066
-914
-913
-649
-886
-677
-817
-700
-724
-433
-650
-521
-389
-601
-457
-550
-616
-629
-722
-531
-451
-642
-496
-510
-480
-533
-580
-386
-391
-553
-530
-552
-445
-490
-462
-467
-446
-482
-348
-312
-281
-179
-262
-69
-25
167
220
298
419
628
693
940
992
1044
1109
1162
1180
1275
1374
1416
1443
1502
1368
1456
1384
1348
1465
1346
1355
1254
1337
1286
1383
1266
1241
1085
1215
1342
1155
1139
1245
1224
1069
1223
1099
941
1014
843
756
621
589
588
325
169
166
5
-164
-189
-259
-381
-478
-642
-545
-608
-680
-670
-611
-536
-569
-513
-513
-515
-581
-603
-584
-618
-547
-517
-395
-291
-280
-229
-175
-197
-146
-165
-234
-251
-99
-121
-137
-114
-108
-143
-175
-164
-261
-161
-221
-141
-155
-222
-306
-307
-390
-274
-216
-326
-244
-235
-154
-237
-145
-50
6
-1
135
277
297
517
568
548
550
524
654
746
641
555
509
635
631
654
709
698
696
703
825
816
923
863
885
745
790
793
772
771
693
763
791
724
671
611
555
567
460
437
403
392
299
335
221
115
9
-222
-145
-250
-266
-239
-387
-399
-494
-554
-648
-720
-637
-654
-724
-626
-664
-631
-582
-690
-615
-563
-682
-615
-415
-439
-746
-464
-291
-483
-495
-567
-321
-405
-409
-232
-271
-176
-73
-141
-169
-183
-171
-169
-182
-237
-324
-279
-204
-140
-315
-276
-227
-150
-233
-375
-372
-338
-363
-309
-111
-116
-28
27
130
172
208
242
282
324
421
366
512
419
429
516
512
618
572
661
728
737
627
688
767
703
751
736
769
760
734
746
730
745
785
800
781
815
717
657
601
519
607
531
395
389
344
380
158
127
122
153
46
-139
-287
-316
-360
-418
-448
-564
-596
-760
-609
-690
-645
-815
-759
-919
-809
-960
-796
-976
-924
-1058
-1006
-943
-929
-779
-893
-718
-548
-419
-547
-469
-376
-320
-227
-126
-116
-145
-101
-195
-206
-241
-271
-223
-226
-273
-376
-253
-438
-384
-490
-401
-363
-249
-290
-343
-245
-246
-203
-40
-88
-42
-21
92
178
208
177
187
242
159
340
401
339
434
453
479
474
484
546
592
673
665
624
702
849
630
734
638
707
906
740
836
870
1031
1017
934
864
836
742
706
735
680
506
494
529
416
355
326
274
245
221
173
177
20
-15
-124
-143
-245
-396
-478
-452
-379
-507
-467
-499
-535
-561
-557
-576
-718
-669
-736
-692
-620
-527
-558
-513
-449
-435
-399
-435
-202
-170
-137
-145
-123
-56
-45
-95
-180
-139
-71
-148
-168
-210
-157
-115
-157
-63
-63
-201
-163
-255
-229
-159
-286
-142
-272
-374
-217
-152
-201
-281
-413
-390
-364
-350
-406
-370
-318
-292
-263
-173
-235
-247
-131
-57
-106
-1
156
166
144
180
240
245
256
249
288
188
277
391
253
303
325
313
335
208
211
131
24
28
59
131
115
35
16
38
-59
-93
-16
-227
-95
-160
-121
-212
-375
-305
-416
-464
-523
-628
-742
-675
-756
-696
-642
-863
-756
-805
-789
-796
-811
-922
-823
-830
-730
-576
-531
-551
-626
-591
-513
-397
-442
-414
-231
-286
-285
-265
-193
-112
-206
-208
-190
-228
-227
-119
-146
-155
-53
-6
-76
-2
-33
-24
-68
-171
-93
-168
-148
-103
-121
-168
-233
-190
-206
-206
-262
-304
-232
-167
-69
-94
-119
-66
-9
-24
-112
77
169
107
130
217
200
60
142
140
94
173
212
115
66
56
80
140
94
205
136
136
124
107
11
-166
-83
-184
-149
-222
-171
-207
-267
-200
-288
-371
-514
-542
-578
-605
-678
-680
-733
-813
-735
-760
-693
-821
-742
-925
-774
-648
-745
-721
-628
-514
-591
-441
-506
-418
-485
-584
-625
-436
-473
-412
-477
-483
-553
-418
-411
-307
-363
-314
-85
-245
-91
-116
-60
-77
-126
-27
-78
-22
-63
-4
-105
-166
-129
-261
-177
-128
-210
-153
-105
-65
-200
-124
-153
-252
-219
-187
-134
-88
-218
-30
31
30
27
-135
-23
69
-135
-8
98
53
-46
38
168
11
106
309
307
150
170
168
84
120
93
190
267
240
303
173
239
336
335
311
312
163
187
137
102
102
-13
-39
-47
-14
-92
-216
-226
-268
-113
-151
-287
-228
-116
-180
-276
-263
-185
-191
-273
-228
-260
-243
-247
-202
-229
-258
-166
-217
-172
-240
-335
-228
-388
-393
-391
-289
-316
-205
-175
-94
-18
-68
25
-26
46
51
-24
-55
-73
-47
-162
-210
-206
-217
-105
-179
-232
-247
-143
-179
-87
-188
-236
-96
48
-105
-178
-115
-119
-134
-170
-203
-180
-204
-223
-245
-214
-214
-140
-146
-163
-58
-156
-160
-227
-192
-263
-185
-88
-102
-26
-88
97
135
-64
43
2
5
102
76
96
126
19
-64
-101
-80
-143
-222
-283
-304
-312
-262
-297
-336
-284
-258
-307
-284
-272
-412
-342
-295
-368
-392
-196
-376
-408
-179
-318
-254
-263
-406
-253
-298
-342
-309
-389
-355
-380
-320
-376
-294
-296
-334
-287
-253
-251
-291
-329
-214
-35
-108
-114
-100
-28
-23
-7
-28
-24
-3
-20
73
64
-20
-41
-30
4
-12
-8
84
15
20
4
77
78
-3
-21
-4
97
62
51
53
-96
-99
-125
-107
-75
-94
-10
34
-98
-66
-9
-9
76
16
-11
85
75
-88
-178
-197
-219
-196
-123
-3
-8
-13
-40
-38
-44
-154
-126
-157
-178
-127
-160
-190
-250
-315
-305
-284
-354
-364
-365
-269
-112
-63
-75
-121
-230
-137
-137
-69
-166
-85
-131
-78
-377
-272
-194
-224
-455
-402
-373
-450
-578
-561
-520
-416
-458
-412
-334
-308
-240
-241
-95
-76
52
-25
-8
-69
-50
2
-20
-25
-83
38
28
-93
6
-38
-95
-69
49
144
255
174
234
221
187
318
189
292
314
-53
102
215
-152
-62
103
-53
-143
-47
-93
-169
-235
-144
-108
-105
-151
-209
-74
29
-58
-33
7
-129
-82
-53
111
97
7
42
75
169
107
26
128
122
67
129
165
102
102
223
75
150
238
179
173
229
214
147
133
277
206
192
172
33
135
-31
31
22
-22
-47
-25
-45
-198
-240
-269
-298
-368
-359
-423
-502
-348
-306
-339
-379
-413
-275
-299
-381
-400
-315
-292
-246
-292
-327
-354
-315
-268
-321
-268
-292
-277
-277
-88
-114
-313
-152
-133
-22
-16
37
-6
62
79
-39
-33
-42
-62
-116
1
-22
106
133
10
0
-86
-147
-276
-113
-143
-118
-127
-115
-115
-96
-126
-167
-49
-194
-158
-172
-295
-134
-115
-67
-148
-152
-123
-98
-73
-19
-2
-4
32
-26
109
86
54
39
151
20
89
108
-87
61
0
-110
93
154
145
5
82
25
6
201
63
22
-83
77
68
85
69
-31
3
74
-74
-255
-157
-259
-317
-169
-90
-126
-99
-169
-150
-145
-173
-101
-125
-120
-38
-17
-50
-54
-23
-82
21
109
19
0
13
93
82
211
137
82
150
251
268
250
160
86
236
126
79
64
158
182
129
118
24
72
16
6
-57
-32
64
-72
-30
-71
23
-54
-102
-277
-167
-332
-280
-144
-114
-92
-280
-104
-328
-120
-391
-203
-330
-408
-182
-568
-433
-267
-569
-237
-205
-441
-236
-257
-279
-157
-16
-7
-194
-63
29
138
105
71
68
153
154
-2
63
-179
167
-140
62
-66
-92
-82
-2
