-84
66
274
44
145
288
90
-172
-44
330
-2
-65
-22
120
247
380
-5
84
349
15
0
424
449
255
-52
20
233
157
-70
-69
281
225
-22
230
61
-373
-24
252
27
189
450
95
-23
241
-198
-93
243
235
288
295
149
130
17
-69
-47
-84
-261
-66
-135
6
159
-222
-31
50
20
7
-164
-408
44
-9
-136
65
-30
-123
-100
-402
-385
4
-303
-183
-130
-409
-204
-82
-33
122
-3
-61
85
-204
-31
-380
-516
-309
-358
-188
14
-105
-494
-234
-328
-251
-424
-441
-23
-212
-119
-169
-682
-384
147
-77
-24
-47
-276
-41
-158
-691
-338
113
-498
-405
-30
-362
-180
-36
-131
-5
217
240
-38
-314
-191
-11
-156
-142
-332
-238
82
-291
-176
156
-148
-259
-177
-82
-249
199
148
13
302
85
-233
197
317
-175
176
-26
-216
-43
-191
113
120
-103
-56
-59
-63
251
-4
214
164
11
61
-107
61
51
17
237
240
191
15
130
270
-105
-297
-85
141
-65
-83
-101
-427
-122
160
-91
-11
14
-181
-302
-192
-340
-282
279
224
-168
-214
96
-95
-379
-464
-134
47
-403
-98
9
-111
-260
142
255
-250
-76
293
34
-259
-270
-626
-590
-139
-230
-358
-76
-230
-148
-13
-155
-277
-70
-82
246
-44
-270
-212
-749
-532
-330
-650
-386
-184
-320
-297
-299
-316
-20
-173
-459
-93
138
104
-158
-250
-252
-471
-481
-365
-427
-600
-479
-353
-215
-212
-365
-226
-191
-71
-215
-337
-163
-20
-58
-322
-175
-304
-426
-411
-310
-253
-253
-344
-257
-332
-292
-288
-409
-286
-214
-161
-84
-136
-103
-122
-138
-221
-478
-443
-246
75
-72
-112
-79
-237
-297
-243
-86
-102
-252
-198
-211
-204
-52
-56
-10
-74
-57
-312
-206
-129
-65
91
12
-58
-138
-70
-110
24
-58
-406
-276
-91
-85
-143
-12
6
-39
147
-4
-84
-101
-194
-76
-54
-244
-241
-174
-84
-77
-102
-44
133
-25
-190
21
-51
113
194
0
-99
-40
36
-4
63
123
149
71
34
89
142
158
129
237
163
68
121
223
60
-146
86
149
39
60
103
83
81
-27
-92
-69
-23
40
72
-47
-62
66
-42
-63
-79
-308
-334
-182
-14
-138
-250
-104
-257
-165
71
-83
-169
-126
-138
-108
-31
4
86
38
37
55
117
-131
-273
-215
-233
-135
-147
-117
-48
31
36
-2
-10
-79
-145
-154
-97
-163
-182
-32
-46
29
83
141
206
-3
-94
88
-13
-189
-123
-115
-88
-50
-58
-148
-62
106
-10
-126
-63
32
-68
-111
-79
-49
-118
-152
-13
-117
-50
-55
-110
-170
-205
-13
-54
-8
41
77
101
102
24
-65
6
-120
-230
-218
-136
-175
-223
-153
-66
-58
-202
-126
54
-3
-34
63
78
-12
-73
-148
-93
-70
0
-109
-257
-128
-133
-209
-183
-111
-183
-243
-197
-157
-101
-67
-70
94
7
-77
-81
-76
-133
-48
89
24
-57
-84
-19
-195
-196
-69
-92
-108
-127
-139
-198
-153
-165
-169
-218
-166
-12
-12
-46
-12
-51
-181
-217
-143
-139
-188
-206
-227
-290
-171
-123
-297
-261
-272
-322
-348
-150
-66
-5
-83
-142
-148
-168
-174
-252
-323
-317
-145
-182
-310
-252
-186
-174
-145
-192
-132
-175
-69
-132
-84
53
126
122
-63
31
-40
-133
-136
-107
-222
-206
-271
-254
-172
-203
-207
-310
-101
-95
-83
-191
-114
-97
-154
-227
-252
-217
-449
-503
-486
-446
-413
-329
-301
-219
-163
-84
-38
-136
-184
-282
-220
-202
-294
-267
-185
-303
-225
-182
-220
-310
-289
-212
-339
-200
-283
-226
-164
-147
-167
-118
-193
-209
-100
-101
-157
-225
-169
-174
-100
-119
-32
90
34
145
105
111
107
48
53
-90
-168
-167
-121
-88
-96
-22
35
-7
25
-3
29
22
47
103
62
97
67
150
119
3
16
-52
-98
-148
-129
9
-37
8
11
18
65
46
-10
-66
-33
-123
-109
-110
-114
-50
26
50
25
-25
-49
-130
-182
-216
-186
-232
-274
-227
-244
-245
-303
-278
-232
-262
-336
-284
-320
-348
-377
-337
-305
-255
-169
-211
-249
-478
-553
-484
-477
-409
-518
-589
-554
-584
-452
-369
-301
-260
-268
-248
-307
-327
-330
-310
-225
-205
-260
-79
-16
67
11
31
96
72
233
184
180
216
286
364
419
518
648
810
947
1020
1094
1171
1309
1356
1268
1271
1278
1370
1267
1257
1155
1158
1166
1072
1091
1131
1176
1264
1432
1478
1588
1679
1682
1475
1302
1137
793
508
252
-36
-258
-442
-515
-710
-955
-1060
-1071
-1143
-1148
-1099
-1011
-835
-745
-540
-442
-288
-225
-222
-348
-338
-415
-670
-857
-1106
-1239
-1465
-1560
-1545
-1558
-1583
-1704
-1705
-1687
-1651
-1539
-1464
-1469
-1284
-1221
-1034
-728
-647
-543
-495
-353
-379
-460
-442
-533
-526
-385
-417
-441
-366
-390
-266
-166
-133
-104
-35
-32
-25
14
-41
-30
16
79
112
282
458
743
1019
1248
1367
1461
1541
1608
1660
1693
1779
1766
1960
2227
2438
2633
2926
3240
3430
3658
3863
3912
3643
2981
1787
196
-1093
-1775
-2265
-3055
-3548
-3371
-2929
-2537
-1938
-1319
-984
-800
-694
-479
-310
118
542
782
1100
1748
2232
2364
2378
2144
1784
1128
471
-263
-881
-1174
-1579
-2004
-1930
-1656
-1602
-1415
-1172
-974
-997
-993
-777
-638
-533
-217
177
523
1032
1443
1438
1282
1233
1028
483
-58
-461
-985
-1671
-2040
-2394
-2731
-2741
-2982
-3472
-3707
-3524
-3386
-3338
-3058
-2561
-2089
-1643
-1153
-605
-268
-65
161
112
-34
18
-82
-420
-616
-539
-583
-769
-736
-613
-584
-607
-487
-366
-307
-65
-18
48
349
601
930
1051
1331
1524
1692
1953
2172
2269
2326
2543
2766
2927
3112
3262
3323
3265
3468
3734
3820
4065
4282
4462
4509
4099
2466
-2
-1537
-2018
-3158
-4649
-5328
-4785
-4054
-3554
-2717
-1620
-826
-515
-409
-185
210
683
846
789
1340
2028
2454
2554
2649
2530
1972
1089
68
-982
-1885
-2566
-3306
-3792
-3581
-2962
-2700
-2474
-2096
-1598
-1270
-1324
-1195
-843
-473
-138
193
770
1470
1788
2008
2018
1873
1581
838
20
-575
-1006
-1527
-1998
-2257
-2114
-2003
-2359
-2892
-3166
-3336
-3790
-4357
-4463
-4169
-3768
-3319
-2708
-1778
-994
-399
17
211
375
281
54
-141
-142
-217
-469
-619
-740
-722
-769
-1012
-1175
-1515
-1604
-1554
-1268
-945
-494
133
577
1049
1416
1718
1848
1920
2017
2110
2075
2196
2516
2748
2738
2873
2980
2971
3047
3000
2953
2851
2876
3196
3663
4201
4596
4968
5257
4889
2770
-580
-2511
-2725
-3636
-5413
-6178
-5406
-4209
-3313
-2295
-1145
-318
-193
-407
-622
-229
451
499
326
915
2018
2782
2988
2825
2446
1734
609
-887
-2196
-2853
-3411
-4193
-4332
-3627
-2859
-2338
-1828
-1267
-842
-549
-557
-727
-483
80
528
832
1405
2378
2829
2658
2375
2042
1409
461
-337
-1294
-1992
-2071
-2347
-2640
-2471
-2112
-2211
-2459
-2569
-2634
-3023
-3588
-3591
-3498
-3123
-2663
-2001
-1274
-612
-102
40
55
28
-121
-499
-917
-1123
-1195
-1320
-1278
-1173
-1161
-1084
-1186
-1345
-1296
-1213
-1159
-1053
-758
-367
65
423
765
1068
1236
1335
1405
1599
1741
1819
1945
2021
2102
2263
2204
2126
2165
2310
2409
2626
2778
3197
3706
4168
4703
5086
5740
5715
4114
818
-2394
-3370
-3522
-4798
-6281
-6266
-4824
-3631
-2667
-1555
-428
-6
-263
-638
-540
206
755
900
1094
2038
3140
3413
3236
2887
2088
763
-792
-2434
-3523
-4030
-4416
-4882
-4535
-3352
-2367
-1946
-1582
-1009
-532
-457
-534
-289
374
1044
1405
1823
2609
3298
3323
2856
2166
1431
541
-580
-1484
-2142
-2510
-2640
-2655
-2500
-2087
-1757
-1775
-1990
-2082
-1960
-2165
-2430
-2453
-2342
-2122
-1672
-1328
-1039
-846
-805
-837
-1011
-1191
-1275
-1410
-1611
-1730
-1727
-1497
-1331
-1334
-1172
-986
-910
-868
-781
-558
-416
-256
-101
122
406
729
979
1174
1288
1455
1786
2033
2098
2290
2470
2460
2334
2387
2434
2402
2557
2530
2678
3012
3366
3632
3738
4049
4500
4939
5254
5420
4684
1820
-1898
-3639
-3393
-3685
-5250
-5868
-4532
-2624
-1446
-709
308
1211
994
120
-282
254
856
781
504
969
1950
2220
2103
1516
738
-177
-1352
-2669
-3625
-3532
-3292
-3086
-2649
-1518
-287
413
773
871
1074
924
410
-171
-288
50
78
26
227
629
769
340
-195
-501
-831
-1236
-1492
-1534
-1178
-696
-366
-92
266
492
337
-299
-955
-1489
-2148
-2667
-3087
-3412
-3678
-3952
-3947
-3530
-3266
-3096
-2689
-2288
-1915
-1449
-961
-722
-591
-677
-774
-850
-964
-1052
-1278
-1434
-1441
-1506
-1436
-1451
-1294
-1121
-887
-656
-406
1
367
802
1002
1270
1388
1471
1496
1579
1626
1652
1801
1796
1833
2015
2067
2062
2365
2809
3440
3841
4290
4958
5669
6199
6639
6383
4215
271
-2964
-3486
-3313
-4453
-5646
-4884
-2799
-1114
-470
156
912
937
83
-974
-938
-288
71
-191
60
1063
1877
1847
1232
723
-101
-1073
-2276
-3256
-3377
-2723
-2207
-1752
-807
326
963
886
537
314
-54
-764
-1549
-1711
-1305
-858
-644
-363
192
703
631
279
167
150
-29
-168
29
572
1103
1327
1368
1454
1570
1130
162
-679
-1226
-1825
-2456
-2656
-2642
-2707
-2806
-2960
-2992
-2829
-2815
-2804
-2702
-2328
-1909
-1415
-1130
-916
-901
-1064
-1265
-1531
-1638
-1858
-2018
-1894
-1713
-1510
-1245
-1176
-1146
-962
-754
-656
-501
-346
-78
257
606
929
1170
1263
1365
1607
1589
1518
1531
1358
1294
1452
1611
1940
2398
2905
3426
3919
4277
4810
5345
5640
5886
6104
6313
5750
3221
-713
-3140
-3274
-3567
-4973
-5606
-4393
-2624
-1466
-793
-13
615
471
-426
-1212
-938
-215
-17
-116
357
1194
1517
1251
598
-98
-853
-1776
-2700
-3239
-2846
-2092
-1697
-1291
-506
355
497
138
-120
-314
-614
-1062
-1349
-1209
-671
-270
5
270
585
952
738
486
301
277
317
274
497
949
1275
1262
1192
1103
911
268
-564
-1287
-1739
-2045
-2364
-2480
-2370
-2348
-2712
-2624
-2215
-2052
-2077
-1864
-1494
-1089
-620
-434
-285
-389
-740
-1004
-1116
-1287
-1287
-1323
-1173
-907
-724
-543
-465
-487
-427
-278
-100
289
520
857
1058
1165
1236
1433
1542
1437
1413
1424
1452
1470
1675
1742
2030
2247
2521
3064
3629
4185
4625
4890
5309
5788
6182
6352
6439
6550
5671
2353
-1709
-3436
-3364
-3913
-5400
-5438
-3713
-1912
-1007
-407
422
809
212
-713
-1137
-542
292
253
276
782
1399
1270
534
-203
-839
-1530
-2518
-3350
-3544
-2929
-2260
-1862
-1449
-835
-418
-373
-433
-665
-680
-1033
-1388
-1518
-1180
-601
-431
-390
-145
173
133
-13
-129
97
225
400
650
1012
1271
1201
1036
715
514
162
-555
-1308
-1652
-1898
-2308
-2964
-3316
-3399
-3434
-3396
-3024
-2297
-1759
-1382
-1111
-670
-516
-477
-769
-912
-1045
-1401
-1585
-1597
-1457
-1345
-1191
-1013
-753
-629
-571
-526
-459
-291
-120
169
473
800
1136
1170
1242
1247
1242
1076
824
968
1035
1278
1486
1824
2233
2609
2980
3275
3659
4013
4432
4749
4981
5352
5688
5940
6117
6040
6036
5191
2406
-1475
-3694
-3698
-4000
-5042
-4907
-3189
-1344
-378
199
966
1348
925
-161
-624
-177
541
668
582
967
1336
1023
317
-335
-1034
-1747
-2547
-2904
-2894
-2224
-1486
-1009
-551
23
331
284
78
-168
-363
-620
-957
-1019
-687
-227
-61
81
346
487
520
404
426
437
553
714
956
1274
1369
1253
982
600
223
-113
-644
-1115
-1524
-1802
-2167
-2745
-3198
-3177
-2992
-3013
-2659
-1848
-1345
-1114
-694
-498
-495
-616
-890
-1144
-1382
-1482
-1522
-1552
-1445
-1265
-1133
-1211
-1038
-956
-910
-596
-363
-142
250
637
886
1102
1261
1141
995
903
868
859
862
1031
1216
1508
1792
2008
2177
2366
2591
2767
2986
3332
3651
3971
4296
4634
5037
5366
5375
5245
5010
4794
3288
-102
-3138
-3920
-3750
-4281
-4622
-3490
-1810
-724
-169
471
817
620
-161
-868
-646
-101
613
755
971
1241
1180
412
-377
-1101
-1576
-1975
-2308
-2415
-1998
-927
-494
-305
-192
74
61
-268
-408
-499
-463
-484
-636
-341
26
202
286
250
266
279
185
168
346
628
895
1130
1254
1384
1330
863
458
45
-203
-698
-1160
-1820
-2674
-3150
-3168
-3114
-2951
-2698
-2392
-1846
-1178
-679
-587
-428
-423
-591
-838
-791
-726
-788
-1063
-1160
-1019
-991
-1042
-1082
-883
-631
-322
-185
-38
337
741
878
823
1040
1164
1056
989
756
830
932
982
1186
1457
1806
2088
2048
2070
2210
2228
2297
2509
2805
3257
3829
4290
4607
4714
4797
4747
4372
4011
4004
4062
3282
931
-1977
-3388
-3073
-3081
-3656
-3403
-1970
-826
-326
137
613
649
103
-376
-540
-172
406
559
434
343
307
-275
-1020
-1411
-1724
-1925
-2037
-1885
-1604
-863
-194
-46
-120
9
152
-45
-253
-284
-111
20
89
-8
76
279
146
-133
-221
-112
-47
11
240
506
834
1013
1117
1081
839
336
-308
-747
-1013
-1256
-1535
-1868
-1991
-1998
-2096
-2140
-1986
-1900
-1983
-1824
-1561
-1155
-893
-746
-552
-489
-642
-754
-787
-860
-961
-1085
-977
-940
-836
-622
-343
-108
192
490
664
896
993
1084
1040
969
1012
995
972
950
884
1075
1227
1390
1591
1716
1836
1812
1801
1993
2254
2490
2777
3100
3281
3490
3899
4131
4172
3990
3939
3841
3771
3820
3782
2942
469
-2146
-2955
-2597
-2735
-3094
-2581
-1237
-326
2
254
485
446
-117
-577
-415
97
636
789
838
859
722
167
-546
-962
-1051
-1143
-1245
-1235
-927
-407
-19
137
27
50
-44
-137
-128
-81
-5
120
113
23
132
87
-63
-323
-232
-4
-8
204
512
782
959
1161
1144
990
817
613
203
-208
-420
-852
-1388
-1845
-1834
-1940
-2078
-2088
-1786
-1664
-1641
-1378
-1221
-910
-691
-542
-538
-446
-381
-522
-488
-526
-702
-881
-859
-592
-492
-437
-249
165
377
469
598
656
791
874
640
504
621
713
706
766
956
1116
1204
1377
1533
1514
1557
1642
1899
2314
2636
3021
3271
3412
3557
3618
3587
3617
3682
3710
3648
3620
3563
3029
1128
-1643
-3214
-3066
-2678
-3043
-2824
-1677
-574
-154
-142
-98
-165
-508
-1030
-973
-431
190
510
480
610
390
-389
-1148
-1671
-1841
-1802
-1749
-1723
-1334
-786
-526
-632
-661
-531
-647
-784
-810
-559
-236
-91
-269
-518
-433
-510
-757
-947
-757
-394
-326
-134
93
329
325
303
251
198
206
87
-198
-616
-708
-914
-1413
-1787
-1993
-2076
-2243
-2320
-2092
-1828
-1628
-1513
-1283
-989
-755
-752
-760
-750
-724
-683
-636
-624
-559
-432
-408
-332
-251
-289
-279
-217
-89
130
280
448
670
732
833
883
824
942
958
942
1014
1226
1369
1479
1651
1774
2001
2169
2338
2524
2658
2785
2988
3189
3361
3454
3592
3780
3912
3730
3723
3801
3672
3158
1476
-987
-2546
-2427
-2045
-2236
-2133
-1283
-421
-233
-376
-288
-275
-424
-651
-668
-176
471
741
518
403
338
-186
-912
-1345
-1345
-1144
-1063
-1086
-945
-577
-478
-605
-656
-758
-663
-570
-456
-280
36
157
-155
-484
-622
-612
-805
-951
-735
-434
-118
126
288
222
-44
-262
-474
-595
-603
-355
-371
-472
-331
-265
-587
-1242
-1710
-1985
-2210
-2260
-2133
-1820
-1509
-1300
-1063
-965
-954
-1040
-1235
-1233
-997
-817
-670
-399
-239
-244
-216
-218
-263
-408
-375
-298
-189
58
300
625
840
808
792
825
939
1175
1234
1383
1629
1899
2038
2199
2299
2318
2385
2346
2527
2679
2807
2914
2948
3074
3267
3464
3523
3536
3796
4008
4040
4091
3641
1940
-450
-1688
-1460
-1331
-1661
-1467
-710
-242
-181
-310
-381
-454
-652
-777
-427
195
779
1054
826
628
507
49
-556
-786
-764
-392
-312
-463
-407
-373
-506
-931
-1078
-1071
-826
-682
-471
-71
299
409
80
-243
-241
-315
-537
-673
-500
-19
221
402
507
551
419
194
100
45
136
159
43
-327
-747
-984
-1108
-1490
-1875
-1948
-1937
-1931
-1761
-1428
-1344
-1219
-1047
-960
-841
-673
-601
-616
-609
-607
-542
-655
-849
-806
-703
-703
-640
-567
-467
-190
39
66
251
441
511
747
904
911
1021
1188
1265
1273
1419
1640
1663
1632
1670
1872
2045
2174
2486
2652
2729
3000
3089
3243
3304
3448
3557
3723
4058
4299
4391
3421
1012
-1464
-2175
-1761
-1845
-2124
-1726
-975
-742
-965
-1036
-1130
-1406
-1407
-1313
-749
159
688
656
358
345
-21
-794
-1268
-1222
-936
-690
-560
-668
-705
-663
-901
-1299
-1370
-1217
-1186
-1082
-735
-289
18
-133
-448
-690
-704
-693
-750
-681
-408
-137
38
252
235
116
-79
-174
-261
-226
-118
-133
-244
-350
-297
-506
-823
-1215
-1302
-1515
-1636
-1611
-1440
-1333
-1497
-1403
-1359
-1112
-1079
-1032
-933
-680
-373
-373
-158
-36
-17
-161
-281
-284
-308
-281
-140
137
345
475
578
662
710
787
741
816
1036
1265
1514
1673
1847
1954
1946
1940
1987
2049
2073
2245
2377
2620
2917
2961
3048
3298
3364
3292
3347
3566
3935
4187
4118
3336
1210
-772
-1164
-871
-1029
-1298
-1054
-694
-669
-1083
-1151
-1217
-1365
-1271
-993
-326
264
598
517
260
-66
-297
-584
-1001
-1034
-700
-362
-249
-450
-650
-641
-987
-1215
-1230
-983
-653
-438
-337
-184
23
-118
-415
-675
-506
-424
-388
-289
35
330
432
397
377
369
260
157
195
395
559
712
608
459
39
-700
-1096
-1532
-1615
-1662
-1607
-1404
-1468
-1501
-1706
-1729
-1643
-1680
-1601
-1467
-1100
-710
-549
-478
-354
-338
-571
-591
-671
-625
-505
-412
-199
24
173
349
444
656
736
814
921
1112
1421
1515
1557
1431
1314
1407
1553
1835
2154
2218
2291
2397
2620
2948
3100
2930
2981
3158
3306
3570
4032
4365
4512
4641
4282
2615
-191
-1698
-1364
-723
-1045
-1376
-1031
-960
-1296
-1715
-1831
-1925
-1933
-1880
-1132
-269
545
816
418
151
-83
-344
-747
-874
-535
-198
-12
-119
-551
-819
-1099
-1607
-1713
-1424
-1030
-802
-664
-294
47
197
-253
-753
-872
-626
-516
-469
-157
117
180
92
94
171
101
6
57
123
315
608
711
445
233
-2
-486
-881
-1199
-1347
-1371
-1443
-1408
-1512
-1741
-2013
-2064
-1870
-1763
-1687
-1486
-1113
-879
-760
-683
-563
-556
-598
-447
-260
-3
43
18
117
165
67
-40
16
134
317
525
743
977
1132
1315
1335
1283
1421
1610
1678
1769
1971
2284
2470
2601
2862
2937
3069
3088
3117
3228
3468
3708
3859
4072
4231
4578
4482
3133
388
-1554
-1270
-315
-427
-1023
-1050
-1076
-1543
-1880
-2001
-2036
-1989
-1852
-1262
-444
312
510
99
-231
-234
-273
-475
-372
-67
287
403
89
-454
-824
-1071
-1330
-1545
-1420
-1009
-733
-811
-866
-692
-585
-809
-990
-901
-667
-331
-230
-80
26
159
-9
-132
-28
21
-19
-51
76
269
354
166
-212
-428
-212
-238
-695
-924
-905
-1021
-1198
-1340
-1506
-1656
-1941
-1996
-1836
-1658
-1567
-1452
-1357
-1345
-1106
-866
-932
-926
-901
-692
-366
-145
17
107
169
285
457
512
519
427
535
668
782
862
1016
1279
1278
1425
1575
1747
1864
1905
2081
2341
2511
2789
2879
3160
3422
3507
3586
3625
3753
3886
4047
4071
4224
4467
4597
3272
641
-1069
-629
305
53
-559
-704
-692
-1284
-1753
-1759
-1527
-1360
-1242
-716
-27
523
330
-112
-505
-345
-133
-172
-123
126
641
655
395
-153
-624
-895
-1250
-1205
-1088
-836
-696
-785
-997
-1060
-1005
-1174
-1332
-1177
-753
-399
-360
-288
-62
-40
-168
-158
-27
123
237
175
166
328
400
147
-114
-149
-112
-344
-786
-1103
-1165
-1262
-1466
-1505
-1630
-1795
-2023
-2131
-1980
-1923
-1942
-1883
-1814
-1636
-1493
-1274
-985
-963
-959
-938
-727
-596
-559
-393
-251
-75
-37
148
123
124
210
145
184
294
540
660
770
894
1043
1313
1400
1627
1828
1978
2145
2290
2502
2700
2928
3069
3052
3281
3648
3735
3899
4062
4108
4229
4507
4583
3441
808
-1080
-358
779
554
-247
-578
-698
-1402
-2046
-2012
-1832
-1765
-1561
-1094
-455
67
49
-570
-956
-820
-454
-370
-101
341
688
794
372
-87
-495
-666
-808
-914
-728
-334
-281
-657
-881
-830
-847
-1173
-1301
-1111
-812
-648
-521
-357
-307
-173
-79
-5
233
390
456
512
449
548
590
220
-153
-141
30
-94
-319
-503
-770
-967
-1120
-1377
-1450
-1665
-1973
-1879
-1723
-1552
-1584
-1716
-1584
-1556
-1542
-1481
-1343
-1146
-1195
-991
-710
-702
-658
-566
-506
-418
-160
10
100
78
87
229
289
388
472
496
522
680
975
1106
1317
1405
1516
1742
1927
2104
2326
2632
2593
2642
2675
2914
3128
3129
3316
3483
3586
3777
3922
3813
2627
297
-1255
-431
751
418
-395
-810
-1177
-1969
-2385
-2349
-2200
-2194
-1965
-1469
-1090
-673
-866
-1401
-1629
-1342
-958
-908
-714
-466
-150
-30
-284
-597
-898
-952
-1030
-1066
-824
-587
-613
-956
-1337
-1367
-1276
-1397
-1424
-1389
-1180
-986
-1017
-1002
-828
-601
-420
-223
-84
147
290
391
348
426
323
39
-92
-183
-105
-187
-296
-572
-810
-909
-1082
-1223
-1269
-1502
-1765
-1629
-1389
-1352
-1442
-1501
-1396
-1274
-1324
-1213
-1106
-1001
-991
-988
-806
-775
-736
-519
-374
-149
48
107
206
226
331
474
607
608
850
863
971
943
911
1218
1410
1591
1600
1932
2035
2148
2432
2631
2668
2498
2681
2841
2939
3136
3418
3570
3554
3694
3959
4285
3533
1359
-690
-462
845
1046
138
-568
-953
-1670
-2156
-2236
-2127
-2086
-2102
-2040
-1683
-1263
-1100
-1454
-1686
-1528
-1060
-884
-855
-621
-418
-142
-374
-751
-887
-1024
-885
-996
-994
-654
-580
-989
-1529
-1556
-1571
-1690
-1906
-1919
-1713
-1397
-1293
-1410
-1276
-947
-718
-722
-598
-351
-129
-181
-145
100
215
309
100
-292
-548
-594
-681
-868
-1015
-1163
-1374
-1596
-1647
-1854
-2053
-2235
-2138
-2067
-2197
-2019
-1899
-1940
-1970
-1725
-1429
-1363
-1351
-1233
-1129
-969
-728
-585
-547
-313
-260
-87
115
298
358
392
536
573
749
845
850
845
1122
1420
1446
1526
1628
1857
2053
2225
2386
2626
2664
2699
2835
2791
3021
3297
3491
3532
3669
3949
4213
4220
2974
809
-398
525
1668
1298
180
-342
-717
-1539
-1935
-1646
-1391
-1558
-1858
-1782
-1406
-1167
-1169
-1553
-1692
-1368
-928
-643
-556
-286
27
62
-203
-609
-739
-579
-575
-631
-504
-349
-484
-933
-1296
-1289
-1099
-1140
-1391
-1526
-1360
-1164
-1117
-1061
-953
-798
-695
-781
-615
-232
-109
-183
-217
-161
14
192
147
55
110
-113
-273
-410
-514
-708
-840
-815
-913
-1119
-1348
-1417
-1467
-1520
-1641
-1642
-1651
-1729
-1618
-1422
-1282
-1265
-1187
-1266
-1139
-924
-683
-580
-497
-317
-122
64
66
110
226
409
469
603
745
937
970
1019
1150
1255
1467
1586
1684
1858
2002
2153
2285
2438
2526
2577
2763
2912
3012
3216
3403
3594
3742
3939
4109
3867
2552
492
-103
1312
2282
1446
258
-204
-687
-1388
-1503
-1294
-1273
-1496
-1692
-1737
-1501
-1105
-1064
-1444
-1622
-1168
-762
-820
-846
-423
30
56
-243
-486
-531
-269
-310
-517
-385
-43
-156
-756
-987
-855
-788
-844
-1162
-1233
-946
-949
-1086
-1119
-863
-739
-694
-703
-578
-306
-244
-263
-140
134
256
151
-106
-102
41
9
-135
-406
-425
-471
-667
-693
-876
-1183
-1431
-1572
-1539
-1513
-1678
-1834
-1847
-1705
-1728
-1618
-1461
-1320
-1323
-1337
-1033
-857
-683
-459
-387
-297
-162
-6
84
140
273
410
592
729
789
793
818
1011
1218
1467
1604
1637
1749
1743
1812
1989
2109
2218
2299
2399
2479
2746
2823
3008
3144
3244
3337
3510
3789
3794
3405
2044
256
120
1430
2015
1116
26
-385
-917
-1399
-1476
-1269
-1292
-1658
-1865
-1928
-1736
-1279
-1196
-1499
-1603
-1264
-1031
-1089
-929
-662
-265
-150
-324
-454
-353
-95
-209
-437
-505
-291
-342
-639
-815
-822
-930
-1219
-1377
-1390
-1040
-956
-1097
-1003
-775
-507
-655
-905
-693
-351
-136
-104
60
142
353
278
-128
-231
-18
107
-230
-409
-398
-359
-488
-679
-884
-1080
-1206
-1248
-1278
-1447
-1477
-1509
-1586
-1555
-1493
-1332
-1264
-1514
-1407
-1200
-1002
-892
-950
-773
-536
-443
-314
-26
140
247
376
481
653
717
867
919
942
1092
1249
1486
1554
1658
1798
1997
2166
2132
2254
2255
2332
2434
2601
2946
2972
3126
3244
3328
3544
3684
3822
3825
3053
1367
281
873
2064
2050
901
46
-516
-937
-1057
-887
-922
-1120
-1487
-1850
-1960
-1703
-1326
-1478
-1827
-1839
-1440
-1184
-1187
-1089
-808
-487
-487
-631
-564
-208
-137
-155
-257
-40
45
-256
-515
-592
-328
-361
-685
-959
-921
-803
-727
-623
-526
-437
-411
-462
-522
-265
143
162
114
134
205
307
210
146
238
310
212
-33
-123
-27
-76
-219
-430
-544
-634
-725
-868
-1110
-1078
-1101
-1191
-1331
-1428
-1187
-1263
-1338
-1283
-1272
-989
-831
-664
-546
-502
-366
-232
29
163
347
625
578
676
851
914
1116
1125
1130
1328
1572
1689
1789
1881
1984
2016
2128
2206
2212
2339
2345
2369
2537
2717
2814
2843
3047
3375
3530
3500
3600
3629
2785
1092
347
1190
2176
1822
697
-60
-593
-908
-1079
-957
-1051
-1306
-1579
-1888
-2089
-1779
-1351
-1430
-1784
-1842
-1480
-1267
-1323
-1180
-869
-699
-708
-670
-465
-330
-238
-370
-460
-355
-112
-344
-616
-622
-578
-611
-841
-985
-943
-888
-1065
-1178
-921
-651
-638
-782
-689
-549
-318
-166
-164
-82
-43
-199
-148
-23
-21
9
-136
-372
-531
-559
-491
-611
-781
-885
-1091
-1058
-1183
-1278
-1260
-1326
-1400
-1475
-1403
-1262
-1243
-1322
-1434
-1346
-1044
-1060
-981
-788
-698
-515
-418
-74
130
182
301
458
626
841
985
1026
1014
1187
1352
1509
1608
1693
1809
1809
1854
2008
2073
2225
2327
2424
2538
2586
2592
2706
2958
3151
3333
3579
3693
3577
2872
1311
345
1230
2327
1739
519
-178
-403
-741
-774
-516
-465
-899
-1395
-1826
-1939
-1496
-1050
-1191
-1690
-1685
-1322
-1271
-1258
-1089
-804
-572
-726
-751
-486
-169
16
-203
-304
-134
40
-107
-415
-422
-165
-136
-371
-609
-698
-623
-685
-808
-827
-542
-409
-558
-648
-480
-211
10
-14
100
150
169
45
-117
144
256
99
-174
-381
-410
-377
-514
-628
-693
-884
-1090
-1158
-1220
-1265
-1241
-1349
-1432
-1362
-1374
-1401
-1370
-1433
-1312
-1173
-1205
-1114
-958
-722
-758
-562
-415
-356
-45
92
164
363
538
782
826
866
1090
1347
1425
1640
1719
1688
1731
1832
2127
2192
2170
2212
2234
2343
2587
2709
2873
3007
3170
3315
3501
3701
3930
3617
2305
863
729
1885
2378
1365
184
-334
-659
-944
-845
-627
-912
-1279
-1757
-2274
-2025
-1508
-1272
-1669
-2033
-1641
-1388
-1363
-1218
-965
-689
-648
-654
-642
-474
-118
-127
-223
-190
86
80
-146
-235
-115
94
-92
-328
-491
-355
-394
-546
-502
-396
-289
-328
-392
-355
-238
-52
-13
17
98
140
127
149
194
343
342
44
-132
-162
-101
-154
-251
-564
-718
-797
-775
-806
-820
-966
-1043
-1139
-1246
-1233
-1115
-1169
-1342
-1296
-1256
-1069
-1007
-864
-797
-750
-599
-403
-10
82
193
382
533
691
844
984
1133
1325
1305
1498
1703
1721
1746
1771
1988
2059
2144
2218
2253
2286
2360
2528
2616
2758
2830
2782
2987
3168
3365
3560
3532
3365
2284
926
826
1814
2213
1374
395
-272
-614
-735
-558
-527
-762
-1284
-1829
-2212
-2148
-1559
-1392
-1678
-1971
-1921
-1677
-1641
-1495
-1233
-1008
-895
-887
-809
-675
-447
-403
-462
-565
-398
-297
-520
-566
-479
-388
-647
-798
-896
-846
-792
-804
-811
-791
-650
-677
-734
-807
-635
-617
-647
-582
-391
-410
-413
-392
-334
-196
-201
-258
-403
-410
-486
-446
-579
-782
-925
-946
-1073
-1112
-1184
-1220
-1235
-1379
-1365
-1336
-1255
-1206
-1296
-1296
-1119
-1043
-1038
-961
-883
-662
-541
-512
-319
-159
43
170
324
358
451
719
811
1049
1250
1433
1704
1743
1812
1921
2013
2244
2240
2245
2333
2369
2526
2501
2518
2718
2809
2958
2949
3021
3324
3242
3022
2012
952
1012
1843
2117
1231
327
-204
-470
-723
-617
-504
-807
-1216
-1729
-2054
-1925
-1437
-1270
-1556
-1847
-1900
-1591
-1494
-1505
-1144
-903
-901
-1020
-925
-714
-490
-398
-513
-529
-438
-355
-589
-653
-444
-339
-512
-750
-784
-602
-604
-646
-734
-524
-366
-546
-553
-510
-319
-315
-458
-529
-382
-338
-364
-240
-253
-214
-219
-236
-336
-421
-429
-519
-640
-767
-724
-775
-916
-1094
-1204
-1283
-1287
-1329
-1419
-1398
-1258
-1179
-1245
-1197
-1221
-1107
-1030
-1055
-934
-827
-743
-554
-398
-292
-194
-7
132
167
452
618
798
898
1075
1277
1367
1542
1575
1625
1751
1872
2005
2138
2227
2312
2341
2368
2388
2538
2765
2829
2807
2827
3096
3035
2323
1219
668
1226
1802
1437
550
25
-325
-649
-750
-586
-765
-1143
-1544
-1942
-1946
-1608
-1468
-1472
-1815
-1820
-1656
-1654
-1583
-1402
-1133
-987
-1116
-1140
-864
-636
-532
-669
-710
-571
-388
-624
-653
-467
-366
-339
-556
-698
-696
-646
-627
-730
-706
-419
-369
-529
-613
-496
-469
-588
-571
-511
-413
-411
-514
-457
-366
-227
-241
-255
-372
-411
-380
-538
-690
-706
-785
-890
-982
-1085
-1141
-1210
-1221
-1290
-1325
-1254
-1114
-1221
-1238
-1129
-1068
-1003
-1015
-913
-738
-708
-487
-462
-397
-177
-48
33
102
332
528
644
630
767
1097
1276
1214
1374
1363
1480
1784
1869
2006
2010
2111
2078
2152
2177
2290
2434
2582
2600
2629
2738
2690
2663
1888
895
658
1208
1466
1006
331
-90
-461
-887
-905
-699
-821
-1386
-1821
-2171
-2112
-1790
-1528
-1580
-1968
-1927
-1816
-1796
-1804
-1590
-1384
-1243
-1323
-1337
-1101
-769
-691
-868
-764
-731
-606
-696
-808
-642
-552
-618
-822
-895
-795
-738
-865
-782
-623
-615
-601
-777
-804
-768
-693
-766
-920
-895
-624
-475
-660
-695
-605
-568
-718
-713
-753
-713
-656
-823
-800
-819
-789
-888
-1055
-1203
-1295
-1147
-1253
-1309
-1305
-1126
-1136
-1222
-1293
-1253
-1061
-1121
-1152
-878
-700
-605
-504
-483
-245
-71
57
173
274
424
630
684
881
1000
1241
1319
1458
1550
1673
1967
2045
2220
2264
2295
2433
2507
2496
2575
2781
2888
2841
2773
2814
3051
3043
2354
1333
959
1559
1872
1341
684
289
42
-319
-460
-254
-437
-786
-1365
-1722
-1731
-1595
-1272
-1440
-1707
-1688
-1475
-1419
-1355
-1153
-1027
-948
-1018
-1036
-768
-464
-323
-450
-526
-440
-368
-449
-500
-311
-246
-284
-404
-538
-539
-460
-465
-495
-462
-411
-299
-316
-471
-444
-316
-336
-414
-420
-336
-340
-503
-329
-221
-182
-186
-282
-263
-392
-426
-411
-493
-426
-392
-402
-585
-731
-768
-874
-843
-1000
-1007
-926
-1068
-1000
-959
-1122
-1140
-936
-957
-960
-827
-726
-697
-477
-362
-94
-34
83
255
335
617
698
698
930
1263
1259
1401
1534
1680
1807
1835
1876
1956
2192
2340
2427
2428
2439
2490
2604
2860
2829
2957
3096
2960
2313
1220
856
1406
1894
1379
596
170
-244
-536
-570
-556
-576
-863
-1344
-1762
-2028
-1741
-1277
-1351
-1850
-1956
-1827
-1709
-1591
-1431
-1186
-1156
-1129
-1162
-1004
-663
-589
-568
-604
-700
-525
-529
-708
-605
-521
-554
-646
-696
-663
-575
-663
-711
-635
-586
-374
-355
-495
-450
-389
-379
-424
-347
-183
-371
-443
-455
-413
-292
-211
-268
-292
-363
-287
-316
-327
-231
-460
-388
-451
-416
-543
-570
-573
-788
-803
-831
-837
-815
-893
-878
-794
-848
-688
-556
-485
-441
-365
-241
-104
102
235
262
426
654
803
904
842
1000
1274
1368
1496
1667
1703
1865
1949
2038
2152
2291
2472
2506
2421
2517
2593
2699
2697
2720
2730
2815
2912
2534
2115
1371
1109
1437
1423
1149
625
139
-124
-342
-368
-358
-529
-883
-1244
-1582
-1694
-1536
-1317
-1381
-1731
-1785
-1541
-1661
-1556
-1277
-1153
-1070
-1219
-1246
-1046
-790
-754
-721
-791
-790
-818
-790
-770
-752
-746
-810
-796
-772
-792
-814
-907
-903
-867
-671
-481
-632
-855
-849
-711
-659
-575
-532
-560
-711
-609
-597
-516
-431
-460
-609
-636
-698
-626
-631
-700
-697
-835
-874
-798
-794
-958
-1043
-955
-926
-1063
-1082
-1049
-1072
-1097
-1099
-1015
-928
-911
-787
-746
-641
-497
-308
-278
-183
-49
-38
161
272
420
629
721
781
913
1133
1345
1363
1507
1603
1631
1831
1944
2172
2298
2245
2233
2325
2500
2529
2628
2595
2603
2653
2448
1861
1232
1067
1237
1243
829
405
10
-206
-421
-575
-476
-580
-958
-1290
-1559
-1574
-1376
-1310
-1413
-1588
-1596
-1578
-1567
-1523
-1418
-1185
-1195
-1207
-1210
-1120
-985
-914
-800
-833
-814
-706
-723
-769
-849
-937
-941
-1038
-1022
-960
-939
-942
-1034
-1099
-939
-721
-674
-757
-884
-1011
-867
-608
-715
-647
-624
-693
-680
-553
-459
-526
-532
-542
-621
-641
-540
-508
-578
-745
-681
-582
-739
-807
-748
-879
-874
-961
-1032
-913
-985
-1008
-976
-894
-829
-769
-778
-795
-673
-519
-513
-490
-351
-171
-109
-62
23
116
214
364
563
870
959
1004
1248
1301
1469
1623
1789
1825
1859
1969
2077
2152
2199
2288
2201
2248
2361
2384
2332
2251
2124
1742
1277
1051
1061
1073
802
392
58
-328
-431
-553
-581
-749
-1046
-1329
-1494
-1532
-1456
-1303
-1351
-1436
-1573
-1553
-1427
-1429
-1336
-1109
-1084
-1138
-1112
-945
-793
-696
-756
-874
-754
-600
-592
-714
-753
-779
-759
-751
-730
-679
-731
-707
-770
-803
-714
-680
-700
-686
-752
-690
-649
-615
-510
-433
-386
-401
-442
-394
-249
-234
-251
-161
-134
-135
-195
-264
-303
-419
-384
-416
-563
-494
-529
-649
-655
-574
-558
-512
-567
-544
-460
-450
-433
-353
-338
-344
-191
-128
-86
28
185
274
429
508
655
663
678
747
911
1107
1163
1266
1340
1458
1648
1756
1801
1941
2033
2060
2165
2170
2223
2348
2406
2352
2298
2384
2366
2256
2037
1813
1475
1151
1041
1120
958
673
354
20
-244
-469
-441
-595
-867
-1078
-1276
-1454
-1403
-1376
-1507
-1549
-1542
-1465
-1476
-1365
-1198
-1276
-1153
-1082
-996
-964
-921
-930
-857
-859
-860
-845
-873
-893
-951
-999
-1003
-991
-991
-891
-851
-823
-884
-821
-869
-959
-827
-811
-868
-807
-726
-666
-587
-499
-398
-365
-325
-322
-217
-259
-138
-115
-109
-89
-202
-163
-172
-160
-324
-349
-370
-402
-385
-551
-600
-562
-464
-411
-316
-417
-468
-481
-457
-269
-379
-403
-432
-357
-276
-120
21
195
210
170
448
468
598
786
756
954
984
1014
1266
1426
1577
1677
1770
1710
1817
1832
2022
2078
2054
2280
2195
2085
2162
2086
2013
1773
1524
1226
996
884
863
705
434
103
-168
-308
-446
-559
-728
-861
-1154
-1217
-1327
-1330
-1348
-1426
-1539
-1450
-1474
-1530
-1454
-1279
-1128
-1130
-1173
-1116
-1079
-973
-985
-881
-872
-912
-826
-970
-944
-1111
-1094
-1047
-1121
-1087
-1082
-991
-1027
-1077
-910
-740
-640
-607
-612
-566
-467
-378
-407
-247
-178
-126
-9
12
139
182
263
197
192
253
218
196
146
209
267
156
91
53
2
24
32
37
141
15
15
101
194
187
153
173
141
230
257
279
270
271
371
471
516
617
803
816
866
1023
1116
1147
1214
1369
1421
1461
1542
1665
1771
1742
1845
2030
2114
2070
2163
2253
2222
2315
2214
2038
1990
1839
1473
1209
1025
970
801
464
279
99
-128
-274
-337
-478
-641
-768
-1028
-1077
-987
-980
-1043
-984
-1039
-1119
-1068
-1118
-1040
-1049
-941
-1000
-1086
-1014
-976
-890
-895
-961
-999
-924
-919
-982
-1076
-1068
-1140
-1253
-1204
-1429
-1398
-1380
-1313
-1253
-1286
-1157
-1175
-1059
-1049
-1046
-917
-898
-828
-612
-547
-387
-300
-241
-222
-171
-187
-269
-106
-90
-28
-150
-161
-157
-193
-93
-139
-181
-227
-276
-203
-260
-177
-73
-131
-162
-110
-69
-31
-76
1
172
94
189
263
336
295
458
541
569
666
562
763
899
960
956
1010
1154
1307
1383
1331
1380
1359
1419
1532
1697
1730
1772
1812
1864
1858
1765
1794
1670
1584
1346
1149
989
810
768
584
343
178
24
-192
-296
-333
-399
-468
-676
-707
-750
-827
-741
-697
-759
-775
-750
-877
-840
-744
-785
-730
-774
-847
-789
-798
-774
-734
-830
-940
-1049
-987
-869
-955
-1013
-1030
-1071
-1039
-1098
-1172
-1071
-1044
-1092
-1089
-1080
-852
-754
-638
-541
-488
-387
-337
-254
-94
14
0
100
90
138
267
445
421
415
391
395
391
384
311
294
363
394
383
339
388
363
443
430
368
322
354
348
357
413
451
435
524
490
548
537
451
562
577
706
580
565
761
784
851
846
1013
979
905
994
1172
1140
1315
1330
1278
1465
1419
1519
1490
1364
1316
1232
1014
813
629
484
480
186
127
101
-233
-430
-545
-554
-700
-840
-1006
-1071
-1084
-977
-903
-888
-889
-909
-894
-984
-991
-857
-887
-962
-918
-909
-935
-977
-961
-952
-1067
-1145
-1095
-1116
-1233
-1322
-1381
-1311
-1299
-1404
-1217
-1148
-1190
-1248
-1265
-1244
-1111
-1090
-1018
-917
-941
-716
-627
-440
-384
-334
-288
-132
-45
-36
32
101
85
101
165
214
261
241
198
145
141
123
222
286
240
246
265
259
300
318
326
461
599
620
536
480
574
613
745
791
901
760
736
847
879
992
1011
932
925
1021
1013
1110
1088
1050
1079
1139
1285
1198
1308
1396
1349
1389
1330
1272
1305
1303
1120
1017
853
776
580
519
355
153
-16
-122
-214
-279
-305
-416
-424
-559
-558
-623
-639
-761
-698
-683
-627
-572
-685
-677
-651
-609
-642
-757
-802
-701
-696
-844
-843
-935
-1068
-1061
-1096
-1241
-1255
-1292
-1305
-1416
-1454
-1379
-1381
-1357
-1387
-1245
-1229
-1188
-1024
-1013
-984
-891
-805
-772
-718
-643
-562
-491
-483
-309
-203
-226
-219
-216
-105
68
-46
-34
92
119
155
123
247
374
300
334
359
312
384
366
436
600
572
512
427
561
604
682
750
691
722
763
839
830
980
970
956
998
1114
1108
1076
1138
1145
1137
1099
1192
1141
1150
1226
1277
1309
1246
1227
1269
1292
1296
1117
1054
950
756
611
545
404
365
226
43
-152
-267
-277
-433
-593
-603
-725
-864
-810
-724
-709
-806
-629
-624
-758
-802
-824
-723
-624
-738
-820
-928
-863
-987
-1087
-939
-1012
-1196
-1147
-1146
-1272
-1233
-1329
-1298
-1178
-1216
-1222
-1264
-1196
-1115
-1036
-1152
-1153
-1009
-871
-779
-816
-802
-660
-507
-440
-394
-378
-241
-136
-133
-80
30
138
185
116
186
166
246
213
220
296
331
336
413
422
444
633
704
734
710
662
719
771
773
845
909
949
911
986
962
959
1050
1037
1064
1116
1171
1153
1180
1175
1269
1240
1180
1292
1355
1394
1331
1186
1236
1176
1137
1073
926
680
454
237
109
92
-135
-215
-276
-454
-512
-597
-685
-755
-782
-730
-757
-820
-907
-892
-898
-797
-763
-710
-749
-782
-611
-628
-718
-735
-661
-698
-712
-713
-684
-781
-834
-852
-907
-832
-938
-1002
-1057
-1052
-1124
-1132
-1152
-1071
-1081
-1193
-1167
-1062
-1056
-1027
-869
-757
-631
-574
-528
-485
-294
-265
-182
-111
-131
-76
121
110
128
177
174
185
206
286
258
262
289
424
433
482
476
539
579
609
589
593
605
704
749
769
794
935
1055
973
1036
1125
1233
1241
1238
1354
1485
1443
1414
1443
1378
1434
1376
1305
1395
1304
1326
1339
1222
1134
1019
1024
714
629
655
403
281
174
15
-198
-287
-404
-656
-833
-782
-822
-879
-986
-1008
-944
-919
-889
-862
-814
-804
-775
-759
-723
-703
-720
-677
-728
-776
-752
-722
-714
-747
-752
-766
-827
-798
-823
-744
-762
-775
-736
-759
-658
-703
-716
-678
-771
-755
-755
-747
-693
-674
-589
-517
-511
-490
-320
-236
-242
-276
-126
-39
-13
67
173
163
144
241
217
266
245
212
301
349
385
380
349
428
402
445
541
576
651
705
669
717
827
739
743
896
958
1027
1126
1131
1144
1203
1320
1321
1366
1326
1420
1471
1477
1474
1549
1637
1543
1583
1470
1485
1383
1332
1221
1084
926
708
564
414
305
114
-13
-101
-166
-297
-595
-642
-647
-712
-820
-962
-942
-948
-937
-955
-1040
-1056
-1004
-924
-906
-897
-866
-867
-883
-867
-798
-771
-782
-704
-702
-653
-820
-758
-660
-810
-811
-843
-828
-868
-865
-905
-816
-772
-867
-876
-840
-738
-593
-635
-466
-392
-365
-303
-163
-69
-120
-45
7
74
67
-15
-6
17
123
174
79
33
-13
95
5
68
44
71
170
251
303
338
381
378
392
382
427
537
601
651
666
836
883
852
960
1006
1099
1016
1101
1122
1091
1129
1110
1120
1133
1024
1061
1249
1245
1223
1265
1209
1227
1164
1015
996
1032
924
682
529
502
398
296
197
103
-51
-243
-335
-400
-574
-699
-695
-785
-814
-830
-867
-972
-948
-875
-817
-785
-775
-835
-987
-872
-907
-954
-905
-850
-830
-879
-902
-847
-848
-898
-912
-1016
-1031
-982
-978
-786
-770
-771
-825
-793
-752
-655
-690
-709
-615
-562
-500
-522
-360
-324
-271
-291
-171
-43
-107
-86
46
-2
94
152
138
196
90
208
294
165
117
189
172
89
129
110
107
244
260
184
179
189
263
310
363
462
418
436
478
575
653
684
707
798
859
877
932
977
884
1016
1001
970
1135
1116
1046
994
932
887
975
928
827
811
669
561
599
542
382
346
238
115
23
-81
-146
-267
-345
-409
-480
-463
-477
-490
-641
-797
-765
-670
-725
-768
-775
-737
-756
-769
-893
-870
-850
-795
-745
-815
-771
-861
-772
-802
-870
-813
-770
-755
-830
-831
-845
-783
-711
-714
-691
-738
-699
-649
-597
-514
-487
-416
-280
-322
-321
-200
-258
-204
22
31
-59
-77
-15
61
27
128
124
196
250
169
282
238
175
185
147
186
152
118
161
190
198
211
171
200
283
195
288
391
348
316
308
294
351
389
463
446
558
545
543
686
660
729
768
739
761
791
843
810
819
715
726
762
636
632
594
598
512
435
290
300
226
111
178
39
33
47
-145
-215
-273
-286
-332
-356
-354
-340
-342
-308
-402
-360
-402
-448
-421
-537
-529
-543
-594
-576
-499
-615
-502
-481
-635
-648
-709
-705
-721
-728
-629
-594
-455
-509
-550
-495
-454
-399
-415
-442
-469
-386
-410
-326
-340
-244
-206
-242
-148
-89
-123
-22
142
120
59
66
105
215
349
312
200
224
336
319
331
347
393
310
268
265
220
164
231
151
165
177
286
276
308
387
209
262
349
403
430
489
473
426
519
560
549
601
510
505
564
560
537
554
614
690
668
706
691
673
695
534
469
446
482
379
399
465
340
208
266
249
176
96
50
27
33
-99
-58
-140
-284
-292
-346
-479
-557
-570
-472
-546
-588
-535
-587
-510
-498
-532
-493
-591
-582
-431
-598
-625
-603
-581
-666
-713
-713
-753
-704
-634
-669
-661
-525
-483
-561
-609
-567
-497
-475
-553
-456
-381
-340
-294
-204
-209
-132
-56
-179
-116
-178
-265
-195
-82
15
-81
-85
45
105
117
102
164
223
184
88
79
82
127
184
217
235
254
285
315
321
314
419
390
334
354
379
363
486
469
428
557
513
595
616
494
558
660
552
611
574
529
591
572
547
487
449
578
641
579
526
548
577
516
576
504
553
538
400
381
394
359
283
164
118
173
164
27
-43
-146
-90
-34
-131
-132
-194
-149
-206
-258
-341
-440
-398
-404
-396
-350
-324
-254
-268
-355
-333
-369
-441
-431
-508
-507
-452
-507
-492
-451
-509
-417
-481
-470
-399
-530
-414
-458
-549
-453
-427
-386
-353
-362
-314
-280
-382
-369
-311
-233
-228
-249
-228
-209
-137
-55
11
1
50
27
-39
39
39
-47
-4
-19
-79
-51
-51
36
18
61
110
116
90
105
252
277
231
167
230
320
294
347
301
320
383
351
403
330
332
383
476
534
444
393
483
493
452
419
452
464
463
481
431
407
381
370
349
359
364
383
295
271
311
283
280
320
183
322
309
233
338
222
146
177
256
194
109
82
78
69
18
-18
-101
-177
-235
-166
-164
-93
-170
-292
-247
-325
-411
-400
-366
-391
-363
-328
-345
-346
-295
-336
-244
-307
-262
-297
-291
-186
-191
-202
-231
-161
-130
-134
-115
-166
-122
-151
-151
-137
-87
-97
-25
56
-69
-166
-68
-86
-69
-65
-78
12
-31
-47
114
53
-63
-54
-79
40
-16
5
-3
-11
120
132
135
233
251
310
395
402
358
396
256
311
356
377
504
373
360
512
546
502
499
422
537
525
471
527
543
610
456
443
545
545
510
502
475
449
509
432
453
344
321
329
343
163
164
192
98
99
83
145
120
82
2
-41
-68
-103
-149
-85
-44
-94
-6
-50
-123
-125
-128
-171
-183
-224
-214
-205
-225
-254
-315
-327
-320
-406
-385
-381
-361
-300
-391
-319
-284
-222
-228
-250
-310
-305
-241
-279
-279
-204
-157
-103
-132
-217
-51
-17
-125
-4
-138
-165
-169
-196
-176
-172
-230
-200
-217
-231
-231
-325
-288
-268
-202
-263
-315
-252
-212
-141
-102
-28
-38
22
-30
-113
33
101
95
193
253
312
264
301
315
283
250
228
276
325
380
369
313
393
440
336
283
357
325
283
270
223
272
222
226
268
293
170
164
198
119
120
188
166
205
135
106
68
17
63
-20
-4
27
-21
-46
0
-34
-49
-87
-41
37
-28
-75
-78
-143
-145
-121
-136
-172
-141
-254
-239
-226
-316
-206
-275
-267
-228
-228
-205
-263
-315
-235
-255
-289
-324
-245
-167
-176
-131
-134
-273
-236
-247
-332
-203
-103
-172
-201
-121
-168
-170
-99
-39
-21
-18
-61
-4
-46
-82
-88
-115
-103
-90
-137
-128
-110
-108
2
-28
13
15
19
37
53
153
170
238
246
213
274
224
274
207
300
349
344
435
406
510
504
529
551
487
346
320
302
322
278
293
303
357
272
282
268
302
330
217
273
253
123
35
126
226
102
185
178
202
220
45
95
62
124
67
198
197
142
108
112
-9
43
106
-4
2
-66
10
-84
-6
0
-62
-44
-100
-122
-126
-117
-112
-103
-67
-153
-265
-220
-277
-239
-160
-167
-124
-242
-302
-311
-280
-323
-327
-230
-269
-233
-187
-234
-197
-218
-171
-208
-211
-116
-150
-248
-304
-229
-171
-118
-235
-232
-196
-218
-172
-248
-203
-159
-187
-102
-118
-215
-197
-197
-69
-23
-120
-89
1
49
43
86
131
190
110
134
196
282
219
169
213
254
355
354
239
184
215
186
201
218
193
142
165
172
219
219
254
284
232
280
305
275
283
248
123
220
278
231
268
231
316
265
300
199
123
212
131
251
286
298
157
182
100
174
135
100
86
1
180
108
129
151
166
176
102
54
94
79
-4
34
-35
29
-41
25
46
-107
-101
-90
-7
-89
-51
-30
-99
-124
-94
-204
-268
-211
-214
-129
-154
-171
-145
-70
-89
-247
-190
-222
-292
-300
-314
-353
-279
-322
-222
-186
-257
-184
-259
-193
-262
-294
-208
-290
-294
-235
-236
-251
-209
-139
-62
-125
-150
27
-21
1
13
-38
-49
-21
23
-41
-106
3
-44
-26
16
69
-4
-38
12
36
117
-62
-46
2
3
-83
-121
-103
-113
-93
-137
-151
-168
-191
-204
-136
-203
-193
-129
-131
-88
-154
-217
-256
-108
-125
-239
-185
-183
-210
-224
-205
-218
-167
-228
-119
11
-145
-95
-75
-115
-128
-168
-131
-15
-75
-153
-12
-97
-149
-118
-124
-67
-112
-91
-12
-4
-200
-215
-191
-249
-279
-253
-184
-219
-106
-155
-116
-130
-266
-220
-260
-176
-209
-339
-300
-301
-295
-234
-301
-276
-268
-254
-135
-166
-182
-251
-127
-117
-163
-127
-181
-91
-28
-48
-112
-106
-108
-82
-120
-45
26
-67
-93
-99
-163
-83
-8
25
31
79
-91
-26
48
73
122
103
49
59
36
24
58
-65
30
102
76
26
26
126
67
74
-11
-22
-38
-152
-187
-205
-194
-104
-36
-152
-133
-232
-255
-186
-210
-292
-191
-207
-141
-114
-275
-239
-228
-261
-203
-315
-243
-237
-321
-252
-167
-90
-320
-269
-208
-331
-351
-310
-256
-271
-263
-262
-273
-310
-341
-244
-286
-313
-274
-298
-316
-351
-375
-304
-306
-375
-377
-351
-318
-404
-404
-360
-374
-517
-456
-440
-397
-355
-395
-301
-400
-326
-210
-154
-178
-129
-95
-118
-65
70
65
84
61
1
21
-37
6
-21
-37
3
91
76
65
132
98
118
11
74
114
268
307
225
297
266
259
169
149
249
364
276
262
134
46
242
148
118
188
228
286
169
220
207
212
196
161
161
127
109
73
157
72
72
116
72
32
141
105
106
100
68
97
56
-42
21
-12
-29
-78
-131
-74
12
-27
-72
-49
-86
-88
-30
-115
-192
24
-13
75
39
0
-25
-36
-32
-96
-54
-122
-42
-161
-189
-173
-161
-189
-256
-268
-299
-287
-317
-285
-274
-337
-307
-389
-431
-466
-442
-375
-470
-388
-357
-331
-427
-342
-280
-340
-329
-394
-371
-359
-347
-272
-281
-301
-175
-172
-255
-220
-229
-241
-247
-216
-231
-271
-280
-157
-189
-138
-139
-155
-113
-92
-42
-115
-138
-112
-108
-53
-117
-144
-221
-156
-103
-171
-87
-98
-85
-154
-161
-227
-168
-99
-275
-330
-245
-226
-305
-313
-318
-319
-219
-317
-296
-214
-219
-289
-365
-234
-219
-180
-151
-224
-212
-187
-120
-271
-248
-258
-286
-265
-224
-152
-174
-234
-200
-179
-91
-144
-137
-201
-137
-184
-278
-253
-304
-340
-325
-252
-263
-290
-398
-198
-174
-316
-319
-389
-394
-324
-282
-357
-293
-274
-343
-281
-291
-277
-287
-156
-111
-283
-273
-272
-357
-394
-394
-286
-200
-178
-235
-330
-206
-154
-131
-117
-150
-174
-102
-103
-56
-111
-171
-93
-82
-56
-47
-26
-28
-116
-147
-14
-63
-61
-45
69
-10
0
26
-165
-131
-161
-219
-199
-123
25
-57
-66
-8
-126
-92
-40
-117
-171
-209
-104
-145
-176
-94
-146
-101
-149
-173
-211
-231
-222
-195
-160
-118
-139
-278
-141
-224
-288
-143
-218
-263
-197
-260
-251
-107
-153
-62
-155
-206
-134
-180
-124
-126
35
-41
-124
-61
-32
47
-4
-19
-93
-104
-168
-77
-68
-110
-43
-78
-46
-115
-156
-181
-106
-130
-119
-228
-278
-203
-326
-236
-135
-91
-3
-145
-273
-235
-200
-205
-178
-111
-161
-137
-84
-117
-173
-150
-109
-147
-51
-62
-107
-63
38
86
202
190
219
144
202
237
221
299
192
189
239
237
195
387
284
224
180
222
242
128
140
134
248
130
92
129
63
243
195
135
196
240
214
199
164
219
226
147
109
77
177
50
-55
-27
37
96
48
91
124
114
141
125
32
96
94
75
56
48
115
111
90
105
109
249
301
301
335
195
213
197
172
186
128
117
70
1
30
105
116
132
171
103
107
58
128
57
6
-39
-82
-79
-87
-91
-138
-70
-124
-231
-177
-154
-217
-207
-191
-187
-71
-158
-217
-121
-100
-57
-191
-197
-156
-242
-143
-125
-229
-172
-165
-220
-160
-66
-40
-79
-28
-97
-84
-126
-66
-20
-107
-80
8
20
-6
46
14
34
-20
-22
11
64
-41
-109
-16
-109
-188
-101
-111
-46
-70
-179
-125
-60
-103
-147
-190
-162
-102
-247
-163
-186
-228
-222
-216
-189
-177
-59
-185
-175
-173
-255
-79
-113
-117
-112
-61
-46
-121
6
-20
-23
-72
11
-42
22
1
-81
-76
-48
-61
-144
-133
-212
-151
-33
-4
-88
-65
-97
-127
-128
-50
-126
-92
-187
-88
-99
99
58
-52
11
9
25
43
40
47
199
110
102
42
68
15
24
-27
4
9
-14
80
92
52
75
121
115
104
31
31
-20
-24
59
7
-56
-11
124
103
84
116
28
23
38
221
130
60
106
119
37
