-386
3
76
-42
148
359
234
188
233
214
191
73
-162
-235
-91
110
9
-7
193
309
203
-49
-160
75
161
-58
-31
-34
35
314
167
-79
-74
143
213
104
84
-65
-33
79
56
-4
58
233
38
-127
-168
-111
-119
-50
-89
-192
-63
-54
-87
-202
-94
150
85
-145
-155
56
92
-128
-172
-49
-35
-135
-289
-117
149
224
67
-61
-95
-243
-317
-186
-83
-178
-203
-130
131
128
76
-6
43
124
-39
-241
-323
-192
-6
82
-33
-86
-145
-54
-40
-148
-331
-390
-159
-104
-223
-280
-236
-152
41
-6
-99
-169
-102
-105
-211
-336
-345
-223
-133
78
10
-83
-158
-205
-152
-76
-111
-111
-230
-287
-276
-294
-197
-168
-180
-290
-251
-322
-353
-399
-550
-527
-400
-397
-439
-287
-38
78
21
-12
35
-35
-62
-82
-185
-171
-139
-219
-228
-135
-28
-33
43
123
16
-41
-64
-87
-132
-127
13
-87
-85
10
6
34
109
52
44
24
-6
72
-29
-22
-92
-92
-32
69
155
35
12
-54
22
29
7
-6
15
109
174
104
69
90
-26
-3
-80
-122
-70
-40
-152
-76
-22
126
90
64
79
55
92
-89
-210
-245
-213
-268
-223
-202
-243
-148
-100
-159
-182
-140
-108
-140
-69
-120
-190
-228
-193
-105
-104
-154
-225
-64
-157
-334
-358
-296
-373
-293
-308
-320
-239
-215
-297
-289
-242
-221
-178
-194
-257
-243
-252
-217
-153
-150
-16
4
48
-16
-57
-129
-74
-80
-48
-20
8
24
37
85
124
79
-35
32
-46
-28
-75
-78
-81
-40
59
66
104
178
293
297
354
459
417
381
351
356
490
585
571
582
452
456
526
415
363
416
569
468
413
558
581
562
602
672
621
554
508
489
468
398
285
255
284
202
114
96
4
-73
-51
-141
-112
-152
-196
-199
-291
-292
-320
-264
-273
-181
-159
-160
-106
-234
-289
-253
-269
-386
-412
-527
-494
-544
-715
-699
-747
-702
-685
-719
-791
-745
-827
-916
-834
-877
-814
-861
-928
-870
-783
-794
-782
-733
-741
-779
-802
-731
-664
-598
-566
-600
-538
-491
-595
-529
-478
-451
-320
-278
-295
-150
-128
-74
21
74
57
279
258
282
433
405
452
462
582
641
632
738
796
892
975
952
1069
1142
1115
1191
1361
1400
1491
1560
1697
1689
1797
1862
1974
2044
2069
2138
2092
2161
2227
2392
2387
2294
2407
2362
2085
1683
1060
178
-759
-1486
-1886
-2402
-2912
-3038
-3029
-2849
-2649
-2379
-2088
-1776
-1602
-1345
-1023
-782
-412
-21
308
551
797
806
798
629
328
-142
-638
-1114
-1599
-2086
-2414
-2699
-2845
-2958
-2940
-2895
-2974
-2865
-2749
-2595
-2427
-2220
-2023
-1713
-1378
-993
-784
-490
-290
-302
-405
-545
-606
-780
-1069
-1283
-1367
-1600
-1671
-1684
-1778
-1816
-1834
-1862
-1789
-1761
-1715
-1444
-1322
-1092
-783
-466
-251
-91
185
329
377
551
667
702
661
687
775
832
946
969
978
1153
1243
1253
1231
1287
1453
1445
1679
1978
2119
2374
2563
2855
3157
3413
3703
3919
4171
4314
4502
4663
4777
4902
4968
4929
4481
2830
160
-2153
-3038
-3453
-4808
-6005
-5827
-4901
-4126
-3315
-2175
-1222
-865
-898
-548
152
565
944
1294
1861
2685
3260
3532
3405
3231
2561
1353
109
-1060
-2075
-3149
-3815
-4174
-4060
-3749
-3412
-3146
-2860
-2583
-2316
-2250
-2226
-1947
-1629
-1095
-563
19
570
958
1216
1098
751
133
-489
-1214
-2020
-2508
-2882
-3087
-3272
-3250
-3235
-3289
-3370
-3613
-3737
-3683
-3527
-3342
-2847
-2242
-1663
-1013
-475
-144
94
235
168
111
-37
-264
-255
-350
-368
-271
-310
-313
-367
-387
-553
-638
-557
-503
-251
-185
-69
243
452
717
1167
1475
1797
2169
2459
2680
2749
2830
2905
2947
2900
2813
2790
2679
2740
2734
2669
2825
2933
3038
3222
3400
3529
3733
3841
4055
4139
3256
597
-2288
-3190
-2943
-3862
-5445
-5565
-4310
-3312
-2682
-1670
-607
-153
-384
-552
-103
440
782
856
1242
1978
2501
2742
2631
2428
1669
442
-811
-1986
-2944
-3614
-4083
-4185
-4076
-3592
-3074
-2767
-2394
-2039
-1689
-1374
-1123
-913
-539
158
806
1169
1624
2030
1996
1676
1088
65
-1332
-2304
-2827
-3335
-4028
-4070
-3680
-3424
-3111
-2655
-2467
-2619
-2673
-2499
-2224
-2002
-1573
-1228
-964
-411
35
84
18
-52
-307
-767
-1098
-1093
-1185
-1238
-1083
-972
-777
-548
-382
-352
-476
-417
-490
-526
-366
-71
123
223
659
954
1171
1420
1583
1657
1840
1950
1941
2090
2073
2099
2209
2230
2100
1949
1839
1812
1682
1602
1716
2115
2454
2647
2984
3369
3800
4004
4222
4243
4261
4395
4028
1790
-1534
-3412
-3567
-3926
-5509
-6360
-5523
-4348
-3810
-3002
-1793
-977
-824
-1061
-612
384
1073
1207
1470
2228
2914
3096
2792
2447
1738
467
-722
-1952
-2942
-3638
-4017
-4287
-4202
-3788
-3238
-2772
-2505
-2127
-1678
-1131
-648
-354
140
838
1539
2118
2243
2394
2222
1588
439
-567
-1291
-2249
-2958
-3362
-3592
-3367
-3072
-2919
-2703
-2389
-2276
-2403
-2310
-2007
-1828
-1617
-1203
-650
-219
-46
186
413
160
-228
-412
-655
-897
-1041
-962
-814
-603
-487
-423
-287
-310
-409
-425
-335
-395
-409
-319
-147
10
204
388
690
1008
1194
1541
1648
1798
1764
1878
1922
1885
1906
1762
1655
1623
1544
1394
1305
1295
1423
1640
1908
2155
2544
2881
3277
3805
4234
4551
4641
4815
4991
5180
5190
5253
3968
275
-3302
-4288
-4098
-5422
-7270
-7144
-5590
-4248
-3387
-1931
-432
53
-38
146
1019
1904
2183
2122
2670
3472
3816
3580
3149
2386
959
-456
-1801
-3116
-4333
-4904
-5147
-5054
-4428
-3747
-3007
-2373
-1686
-1113
-579
-92
359
739
1161
1894
2242
2485
2486
2062
1210
-73
-1027
-2092
-3138
-3813
-4279
-4353
-4225
-3748
-3437
-3172
-2722
-2409
-2299
-2262
-2054
-1816
-1452
-1124
-607
-332
-211
-73
-99
-218
-574
-913
-1246
-1499
-1536
-1317
-1148
-868
-671
-602
-456
-483
-704
-898
-904
-931
-856
-667
-330
139
466
767
879
868
958
1111
1299
1345
1627
1885
2040
2099
2025
1795
1497
1300
1131
954
886
964
1032
1319
1692
1999
2348
2886
3482
3952
4360
4572
4620
4612
4696
4690
4579
4816
4869
3253
-432
-3586
-4222
-4185
-5579
-7236
-6831
-5070
-3696
-2584
-1025
497
972
698
914
1773
2452
2221
1935
2363
3006
3094
2600
1962
1325
88
-1339
-2354
-3368
-4397
-5160
-4985
-4571
-3912
-3058
-2198
-1470
-920
-196
243
686
916
963
1219
1541
1618
1334
914
499
-120
-955
-1727
-2401
-3008
-3465
-3632
-3565
-3300
-3147
-2923
-2569
-2217
-1867
-1808
-1889
-1765
-1520
-1353
-1255
-1106
-985
-1077
-988
-929
-987
-1160
-1300
-1428
-1429
-1249
-961
-720
-520
-450
-420
-355
-298
-499
-693
-836
-772
-631
-595
-277
-2
216
392
663
832
1146
1491
1703
1990
2156
2249
2242
2138
1914
1685
1465
1348
1311
1255
1175
1231
1509
1814
1987
2112
2498
2873
3095
3171
3444
3864
3834
3646
3954
4214
4206
4254
3862
1603
-2105
-4279
-4470
-4915
-6404
-7066
-5910
-4176
-2873
-1675
-152
768
694
277
622
1355
1537
1222
1141
1706
2160
1986
1572
1027
27
-1253
-2520
-3490
-4203
-4776
-5077
-4759
-3990
-2905
-1951
-1194
-646
-354
-34
290
469
301
357
480
599
460
227
27
-477
-1034
-1583
-2174
-2733
-3076
-3505
-3597
-3390
-2766
-2326
-2110
-1647
-1307
-1180
-1382
-1603
-1579
-1618
-1604
-1553
-1337
-1134
-1052
-798
-604
-621
-617
-752
-801
-671
-409
-277
16
289
315
357
404
247
48
-79
-276
-327
-269
31
101
281
656
1066
1423
1727
2017
2129
2166
2202
2189
2158
1875
1558
1418
1098
994
1061
1163
1174
1244
1489
1672
2037
2169
2455
2750
2992
3115
3283
3396
3494
3456
3371
3486
3640
3818
3625
2261
-603
-3305
-4055
-3920
-4736
-5664
-5039
-3269
-1708
-505
515
1413
1575
1004
516
443
526
109
-451
-272
216
371
168
-225
-618
-1198
-1963
-2605
-3146
-3336
-3118
-2655
-1808
-919
-247
197
464
488
305
-21
-503
-937
-1193
-1036
-805
-688
-674
-926
-1184
-1391
-1409
-1676
-2141
-2029
-1786
-1574
-1175
-802
-814
-882
-945
-954
-1182
-1665
-2176
-2564
-2524
-2383
-2104
-2110
-1857
-1542
-1305
-883
-722
-537
-607
-544
-269
-10
160
154
52
108
-32
-273
-594
-841
-908
-1056
-727
-371
-129
205
582
926
1227
1436
1603
1793
1952
1973
2005
1922
1793
1585
1179
1056
1144
1190
1361
1588
1861
1943
1884
1897
1979
2251
2518
2818
3300
3743
3843
3964
4081
4123
4024
3775
3488
3494
3594
2601
-250
-3250
-4071
-3568
-4200
-5275
-4803
-2779
-1045
-184
623
1500
1867
1425
725
587
870
649
39
82
724
926
626
108
-262
-679
-1158
-1799
-2232
-2362
-2191
-1646
-1136
-533
73
428
456
480
276
-128
-550
-914
-1149
-970
-647
-573
-461
-373
-406
-585
-604
-621
-944
-1049
-941
-729
-610
-520
-676
-876
-1015
-1227
-1324
-1672
-1995
-2200
-2244
-2141
-1930
-1717
-1492
-1375
-1042
-726
-446
-298
-311
-217
-223
-151
-42
-12
-109
-255
-333
-198
-214
-315
-357
-221
7
200
472
627
820
1110
1207
1228
1367
1425
1415
1587
1673
1716
1736
1814
1710
1515
1497
1397
1434
1528
1866
2244
2406
2597
2803
3049
3373
3540
3560
3675
3695
3805
3965
3900
3955
4021
4116
4184
3629
1243
-2233
-3851
-3667
-3794
-4722
-4858
-3274
-1268
20
655
1642
2227
1648
687
364
755
746
237
179
744
993
771
384
-188
-781
-1467
-2061
-2587
-2759
-2520
-2008
-1361
-737
-168
158
292
279
116
-123
-301
-624
-948
-984
-602
-335
-370
-367
-260
-305
-563
-976
-1417
-1509
-1394
-1417
-1141
-735
-587
-587
-675
-670
-846
-1181
-1594
-1956
-2033
-1972
-1847
-1786
-1598
-1358
-1238
-977
-660
-552
-432
-257
-16
213
250
276
265
88
-211
-327
-371
-452
-435
-331
-109
198
594
684
931
1094
1025
1091
1192
1454
1601
1793
1910
2006
2023
1989
1761
1442
1378
1379
1532
1753
2096
2439
2627
2853
2955
2991
3013
3090
3263
3391
3633
3887
4071
4380
4649
4538
4593
4319
1966
-2169
-4597
-4301
-4009
-4981
-5472
-3776
-1621
-340
456
1320
1893
1381
333
1
565
855
567
495
960
1417
1209
477
-282
-1218
-2067
-2660
-3159
-3394
-3066
-2288
-1495
-905
-382
71
188
-54
-197
-430
-489
-534
-708
-567
-191
315
215
-102
-211
-277
-364
-523
-507
-450
-456
-735
-995
-874
-914
-1386
-1638
-1713
-1756
-1592
-1496
-1603
-1553
-1335
-1440
-1477
-1515
-1512
-1707
-1500
-1086
-979
-915
-709
-388
-151
-231
-315
-228
-397
-647
-749
-563
-456
-321
-146
61
248
337
360
375
433
472
540
767
1174
1348
1685
1938
2078
2307
2414
2354
2203
1999
1850
1800
1802
1860
1857
2020
2244
2498
2559
2562
2652
3069
3429
3618
3884
4174
4389
4413
4604
4675
4807
4708
3015
-787
-4128
-4512
-3662
-4058
-4848
-4044
-1935
-334
447
1003
1482
1494
538
-91
528
1411
1356
1247
1559
1840
1658
762
-254
-1219
-2035
-2655
-3038
-3094
-2714
-2092
-1468
-865
-201
101
184
38
-97
-46
4
266
208
145
331
576
387
-7
-177
-456
-599
-690
-568
-413
-243
-390
-718
-675
-693
-1041
-1363
-1602
-1633
-1432
-1370
-1488
-1589
-1564
-1527
-1650
-1739
-1738
-1861
-1831
-1446
-1109
-924
-898
-864
-842
-854
-794
-772
-817
-830
-751
-533
-165
-33
-39
61
221
334
276
277
372
207
274
539
871
1208
1381
1491
1457
1544
1864
1699
1557
1534
1696
1867
2098
2291
2308
2423
2497
2469
2419
2494
2471
2612
2988
3396
3849
4145
4149
4252
4332
4196
3993
4194
3893
1435
-2748
-5219
-4387
-3660
-4484
-4988
-3378
-1233
-404
-85
717
1331
815
-158
-168
881
1538
1478
1301
1674
1784
1034
-72
-980
-1855
-2669
-3092
-3254
-3070
-2668
-2156
-1609
-1140
-716
-424
-363
-349
-171
-31
236
432
434
253
294
430
-74
-554
-973
-1117
-1120
-1102
-1096
-934
-695
-838
-1123
-1108
-1079
-1412
-1738
-1724
-1331
-1065
-1162
-1390
-1526
-1524
-1806
-2005
-2026
-2073
-1963
-1758
-1363
-920
-684
-734
-719
-710
-704
-665
-708
-678
-574
-522
-235
29
-61
-89
-169
-195
-89
53
271
479
653
919
1178
1405
1650
1681
1654
1598
1703
1792
1720
1639
1599
1877
2100
2340
2328
2344
2403
2330
2477
2719
2666
2920
3317
3631
3827
3930
4215
4246
4204
4112
4029
3996
4290
4247
2259
-1698
-4418
-4241
-3409
-3878
-4427
-3240
-1358
-292
236
891
1459
1146
158
-76
1017
1945
1950
1737
1817
1656
975
62
-946
-1802
-2592
-2976
-3050
-2833
-2365
-1953
-1497
-1140
-857
-708
-615
-481
-250
44
317
599
600
398
414
214
-237
-626
-1085
-1179
-1184
-1287
-1458
-1464
-1512
-1734
-1791
-1776
-1639
-1530
-1480
-1277
-808
-637
-844
-1156
-1339
-1506
-1777
-1986
-2206
-2200
-2162
-2020
-1621
-1246
-1180
-1312
-1346
-1252
-1180
-1008
-743
-504
-431
-345
-36
100
-3
-132
-186
-213
-143
61
392
562
719
792
981
1274
1452
1675
1629
1599
1587
1732
1892
1824
1939
2025
2099
2088
2144
2339
2498
2547
2780
2946
3173
3405
3633
3856
3927
4032
4314
4434
4208
4024
4076
4423
3810
837
-2902
-4575
-3934
-3576
-4163
-3963
-2397
-885
-407
98
857
1150
591
-242
247
1509
2131
2184
2166
2179
1721
711
-314
-1135
-2133
-2735
-2754
-2558
-2230
-1759
-1413
-1163
-1029
-1121
-1041
-742
-394
76
413
804
969
684
364
149
-98
-630
-1218
-1303
-1218
-1010
-861
-765
-570
-492
-831
-1184
-1109
-1170
-1169
-1146
-1014
-618
-487
-651
-1064
-1438
-1695
-2090
-2198
-2094
-1891
-1780
-1474
-994
-727
-788
-957
-1103
-1109
-1048
-893
-646
-529
-272
-37
-41
-6
-114
-278
-309
-281
10
361
557
708
967
988
988
1198
1454
1600
1670
1788
1813
1964
1898
1773
1619
1476
1488
1449
1675
1846
1954
2168
2414
2773
2899
3029
3178
3162
3195
3232
3503
3786
3815
3862
3862
4251
3837
983
-3022
-4971
-4258
-3805
-4166
-4065
-2515
-870
-521
-446
-54
238
-400
-872
-243
1454
2440
2481
2451
2317
1669
493
-698
-1482
-2124
-2606
-2566
-2235
-1865
-1714
-1687
-1938
-1857
-1967
-1785
-1397
-749
-90
371
962
1005
648
243
-50
-426
-806
-1053
-1014
-580
-380
-391
-434
-642
-777
-1104
-1532
-1483
-1110
-949
-699
-504
-339
-282
-760
-1381
-1630
-1721
-1804
-1625
-1452
-1313
-1226
-1041
-861
-866
-966
-1025
-946
-697
-427
-61
247
308
213
-47
-194
-373
-466
-435
-137
174
542
866
907
1142
1151
1099
1212
1376
1755
2078
2182
2117
1862
1788
1724
1535
1453
1535
1761
2042
2224
2500
2634
2674
2829
2925
3038
3154
3214
3339
3543
3855
4144
4368
4334
4340
4419
2763
-771
-3746
-4271
-3345
-3501
-3917
-3062
-1719
-1344
-1609
-1300
-676
-742
-1248
-888
545
1988
2365
2211
2109
1606
475
-446
-933
-1338
-1845
-2006
-1793
-1728
-1905
-2350
-2597
-2723
-2674
-2503
-2039
-1292
-675
-225
192
438
200
-304
-805
-836
-899
-985
-880
-741
-621
-698
-983
-1246
-1455
-1501
-1491
-1378
-1046
-778
-779
-826
-801
-920
-1251
-1790
-1929
-1895
-1962
-1834
-1595
-1450
-1638
-1676
-1480
-1276
-1176
-1045
-693
-232
17
180
453
537
181
-295
-417
-453
-421
-400
-86
238
450
537
578
689
825
845
933
1444
1918
2249
2432
2348
2229
2090
1925
1893
1919
2136
2232
2462
2784
2971
3008
2816
2709
2771
2760
2784
2968
3394
3650
3905
4149
4048
4111
4189
4402
3547
669
-2581
-3539
-2534
-2166
-2800
-2787
-1852
-1754
-2003
-1922
-1326
-1132
-1443
-974
198
1490
1931
1971
1620
1051
238
-674
-777
-731
-1057
-1347
-1082
-1091
-1779
-2460
-2611
-2857
-3001
-3010
-2385
-1487
-882
-602
-638
-451
-627
-1035
-1281
-1128
-753
-742
-622
-537
-582
-933
-1468
-1688
-1694
-1731
-1613
-1229
-829
-672
-839
-939
-884
-1009
-1381
-1707
-1541
-1389
-1468
-1483
-1277
-1296
-1627
-1890
-1688
-1347
-1209
-1149
-847
-457
-232
-142
-127
-98
-175
-288
-201
136
295
301
306
496
548
490
397
440
579
827
1124
1348
1753
2098
2066
1833
1738
1728
1846
2088
2260
2445
2522
2658
2766
3000
2888
2635
2619
2792
3032
3045
3227
3480
3712
3686
3686
4029
4295
3640
1228
-1752
-2807
-1948
-1484
-2014
-2204
-1624
-1717
-2419
-2754
-2564
-2130
-2064
-1431
-246
811
1183
1153
1118
911
410
-134
-246
83
224
102
-157
-660
-1357
-2197
-2638
-2868
-2709
-2355
-2039
-1620
-1265
-1113
-1240
-1344
-1377
-1556
-1377
-763
-288
-142
-168
-254
-361
-696
-978
-1068
-940
-808
-618
-447
-230
-207
-455
-768
-869
-904
-959
-1052
-1048
-910
-1041
-1100
-1067
-1044
-1331
-1512
-1271
-820
-583
-511
-283
29
125
27
26
123
163
274
154
305
449
383
383
565
767
725
695
826
1251
1425
1523
1636
1709
1829
1851
1835
2032
2281
2303
2339
2421
2687
2838
2811
2857
2848
2892
2950
2958
3161
3091
2961
3033
3166
3345
3365
3492
3706
3238
1304
-1440
-2792
-1808
-935
-1256
-1696
-1364
-1272
-2099
-2513
-2346
-2015
-2167
-1801
-670
443
690
215
-12
-44
-254
-532
-219
250
395
162
18
-403
-1200
-2071
-2345
-2043
-1692
-1542
-1413
-1175
-1094
-1420
-1727
-1686
-1686
-1766
-1554
-996
-560
-601
-964
-961
-866
-887
-880
-885
-701
-527
-526
-590
-545
-623
-874
-1043
-952
-642
-643
-797
-902
-951
-1025
-1100
-1182
-1200
-1154
-1187
-1038
-718
-483
-469
-423
-119
-16
-18
165
430
414
253
145
336
397
288
386
566
742
716
770
958
1132
1212
1346
1443
1587
1518
1511
1686
1964
2147
2321
2359
2306
2410
2558
2601
2686
2892
2830
2913
3063
3048
3071
3372
3609
3665
3711
4026
4137
3052
518
-1731
-1528
-161
-18
-922
-1532
-1505
-2106
-2795
-2687
-2166
-1962
-2005
-1207
-111
463
-2
-491
-396
-93
-428
-662
-405
28
117
-111
-114
-584
-1470
-2145
-1870
-1480
-1483
-1651
-1566
-1196
-1240
-1547
-1542
-1358
-1527
-1663
-1425
-881
-670
-1036
-1223
-1081
-758
-823
-957
-827
-523
-446
-451
-347
-243
-317
-520
-332
-53
49
-178
-540
-467
-400
-572
-753
-772
-776
-949
-970
-642
-385
-376
-477
-304
-171
-196
-136
-26
99
2
150
325
563
572
502
653
872
848
613
717
1052
1523
1381
1328
1515
1705
1824
1717
1676
1785
1820
1857
2065
2303
2544
2550
2644
2743
2739
2657
2631
2692
2750
3037
3355
3603
3858
3983
3787
2565
338
-1216
-452
740
424
-607
-1183
-1368
-2194
-2704
-2553
-2179
-2284
-2356
-1866
-1336
-1116
-1346
-1194
-781
-345
-211
-135
-178
-206
-299
-308
-382
-762
-1250
-1553
-1469
-1344
-1468
-1713
-1955
-1898
-1882
-1950
-1823
-1686
-1683
-1695
-1315
-1027
-1079
-1224
-1137
-874
-685
-585
-575
-603
-482
-443
-460
-434
-428
-440
-387
-269
-133
-224
-489
-656
-606
-490
-371
-416
-466
-440
-555
-653
-620
-658
-742
-598
-355
-234
-52
68
143
187
101
214
380
465
504
559
778
979
1111
1372
1570
1630
1716
1839
1842
1835
1858
1808
1815
1742
1811
1997
2057
2143
2366
2589
2577
2500
2432
2434
2453
2526
2786
2955
2865
2845
3194
3340
3330
2608
851
-908
-717
914
1194
119
-1085
-1399
-1854
-2447
-2146
-1658
-1603
-1895
-1794
-1402
-1274
-1729
-1985
-1629
-1189
-1055
-1171
-1183
-977
-676
-622
-425
-606
-1052
-1310
-1210
-997
-1220
-1460
-1631
-1804
-1926
-1912
-2121
-2130
-2292
-2426
-2242
-1938
-1832
-1987
-1922
-1625
-1193
-1094
-1034
-913
-735
-647
-469
-322
-381
-434
-497
-331
-22
-202
-566
-764
-706
-603
-733
-881
-971
-890
-939
-953
-762
-640
-638
-603
-432
-210
-224
-226
-140
-35
123
140
209
423
563
670
740
949
963
990
933
951
1236
1361
1508
1759
2015
2263
2386
2423
2289
2318
2574
2670
2656
2653
2754
2856
3116
3188
3004
3093
3057
2964
3048
3050
3349
3480
3225
1933
134
-426
644
1369
593
-601
-1088
-1127
-1605
-1631
-1200
-964
-1347
-1367
-891
-672
-1088
-1324
-903
-462
-206
-563
-802
-649
-663
-604
-456
-490
-868
-1229
-1033
-719
-703
-964
-1104
-1105
-1163
-1276
-1298
-1298
-1390
-1502
-1458
-1283
-1223
-1574
-1825
-1818
-1583
-1397
-1385
-1416
-1278
-868
-621
-446
-315
-311
-209
-114
142
351
181
-66
-129
-22
54
-53
-174
-395
-521
-527
-524
-528
-599
-574
-542
-314
-268
-342
-259
-62
174
274
386
509
500
546
711
914
1067
1173
1128
1206
1575
1577
1473
1558
1795
1985
1940
1958
1989
2143
2299
2476
2648
2686
2589
2561
2852
2997
3016
3055
2998
2863
2781
3033
3369
3396
2558
894
-467
-346
1091
1183
-169
-1096
-1372
-1603
-1886
-1840
-1578
-1638
-2090
-1994
-1674
-1566
-1776
-1730
-1076
-510
-426
-869
-1078
-903
-507
-204
-159
-442
-940
-1125
-948
-550
-704
-1136
-1242
-1216
-1292
-1281
-1285
-1376
-1547
-1550
-1356
-1183
-1257
-1547
-1394
-1036
-775
-894
-998
-987
-820
-716
-639
-625
-705
-584
-455
-281
37
119
-80
-81
-32
13
78
62
-5
19
-11
-72
-66
-95
-251
-176
-35
-27
1
-137
-51
129
275
194
203
431
497
636
869
1107
1168
1189
1452
1807
1957
1915
1877
2116
2294
2306
2217
2129
2087
2105
2376
2490
2420
2428
2619
2786
2663
2669
2749
2955
2987
3005
2980
3084
3257
3332
2884
1443
-16
20
1177
1436
310
-925
-1312
-1495
-1848
-1953
-1797
-1787
-2200
-2228
-1981
-1948
-2103
-2049
-1566
-1087
-802
-1173
-1378
-1223
-805
-470
-389
-516
-904
-1110
-1030
-676
-593
-995
-1256
-1277
-1265
-1320
-1353
-1527
-1698
-1721
-1710
-1776
-1792
-1821
-1910
-1696
-1384
-1360
-1536
-1515
-1315
-993
-857
-702
-613
-583
-560
-461
-325
-223
-316
-498
-388
-341
-274
-346
-537
-488
-538
-584
-469
-388
-394
-454
-375
-122
-101
-180
-65
72
236
215
292
254
238
395
647
828
835
784
983
1174
1265
1560
1755
1728
1650
1939
2146
2278
2337
2404
2582
2750
2751
2748
2728
2611
2484
2644
2930
2972
3010
3022
3107
3359
3346
2453
636
-565
422
2082
1885
41
-1255
-1337
-1285
-1625
-1763
-1651
-1929
-2432
-2450
-2134
-2031
-2348
-2218
-1660
-1026
-1047
-1489
-1563
-1125
-387
9
32
-208
-651
-733
-390
85
-7
-590
-1022
-974
-829
-923
-931
-1089
-1292
-1513
-1599
-1606
-1771
-1942
-1887
-1575
-1375
-1451
-1636
-1623
-1395
-1062
-861
-832
-861
-692
-581
-463
-106
-2
-147
-190
-138
87
206
137
112
77
-123
-203
-148
-269
-308
-366
-339
-301
-356
-371
-321
-255
-177
-197
-67
125
314
555
713
931
1128
1209
1205
1282
1354
1425
1544
1826
2020
2009
2075
2102
2049
2223
2301
2337
2414
2406
2461
2612
2649
2750
2860
2846
2929
2891
2852
2863
3068
3189
2977
1953
339
-320
693
1793
1049
-503
-1211
-1376
-1698
-2004
-1802
-1569
-2004
-2486
-2401
-2248
-2352
-2556
-2398
-1927
-1517
-1649
-1856
-1774
-1239
-649
-512
-622
-952
-1089
-1078
-660
-258
-337
-767
-971
-1027
-934
-832
-1043
-1395
-1723
-1782
-1701
-1787
-1979
-2088
-2030
-1890
-1979
-2061
-2057
-2055
-1864
-1686
-1499
-1327
-1353
-1332
-1257
-956
-652
-638
-801
-764
-620
-391
-254
-337
-408
-426
-383
-411
-310
-237
-333
-260
-202
-122
-227
-308
-209
-103
-52
-14
-27
-29
53
322
726
801
778
754
1051
1287
1469
1675
1847
2013
2239
2420
2368
2348
2264
2446
2573
2700
2824
2703
2614
2762
2970
2939
2783
2820
2941
2906
3110
3395
3524
3158
1932
432
126
1311
1840
736
-679
-1226
-1139
-1416
-1725
-1680
-1817
-2109
-2441
-2464
-2412
-2412
-2390
-2149
-1649
-1365
-1566
-1827
-1624
-1029
-436
-266
-488
-773
-812
-489
-26
105
25
-322
-483
-309
-159
-162
-421
-603
-917
-941
-1064
-1210
-1353
-1583
-1684
-1696
-1812
-1980
-2031
-1980
-1697
-1463
-1365
-1511
-1436
-1329
-1180
-1000
-648
-620
-777
-705
-679
-474
-428
-377
-480
-494
-486
-411
-356
-373
-408
-350
-202
-166
-149
-217
-90
13
262
248
290
242
258
567
804
885
841
834
905
1226
1387
1470
1490
1583
1882
1966
2082
2087
2020
2092
2321
2481
2510
2514
2459
2464
2552
2674
2738
2793
2744
2625
2668
2965
3156
2897
2162
735
-21
872
1757
1273
-147
-905
-834
-959
-1364
-1505
-1437
-1780
-2232
-2307
-2292
-2333
-2413
-2341
-1909
-1538
-1476
-1849
-1945
-1332
-623
-333
-557
-748
-845
-705
-199
178
28
-254
-427
-382
-257
-70
-157
-581
-834
-929
-833
-993
-1321
-1462
-1457
-1409
-1444
-1672
-1878
-1881
-1798
-1703
-1589
-1595
-1618
-1693
-1505
-1105
-790
-760
-781
-723
-544
-344
-152
-264
-327
-250
-225
-68
-74
-39
-44
-50
-30
9
18
27
97
301
271
340
465
491
400
538
814
891
841
874
1044
1125
1276
1334
1476
1632
1684
1777
1894
1960
2045
2156
2306
2310
2369
2496
2476
2432
2541
2600
2824
2872
2816
2887
2964
3078
2803
1871
206
-370
929
1875
666
-1093
-1614
-1435
-1602
-2003
-2061
-2062
-2526
-2915
-2863
-2651
-2653
-2891
-2737
-2257
-1846
-1938
-2234
-2228
-1649
-1086
-830
-867
-996
-1026
-879
-386
4
67
-264
-524
-473
-429
-271
-254
-561
-909
-1067
-1091
-1157
-1362
-1454
-1490
-1554
-1607
-1891
-2062
-2238
-2174
-1954
-1805
-1826
-1855
-1814
-1718
-1439
-1226
-1171
-1250
-1253
-1091
-809
-649
-544
-460
-529
-517
-264
-41
-98
-34
-67
-59
168
162
86
106
179
220
166
286
320
352
569
797
997
1087
1150
1254
1491
1704
1968
2031
2117
2312
2485
2594
2598
2753
2869
2852
2942
3162
3174
3148
2990
3022
3270
3337
3297
3126
3296
3475
3441
3268
2041
527
351
1890
2471
1069
-637
-1091
-796
-1168
-1589
-1479
-1479
-2022
-2541
-2316
-2132
-2290
-2525
-2503
-1949
-1404
-1469
-1892
-1694
-1002
-490
-447
-666
-678
-503
-164
130
424
426
192
-51
-120
26
86
100
-281
-519
-719
-702
-853
-1153
-1396
-1504
-1532
-1616
-1817
-2039
-2165
-2092
-1921
-1917
-1909
-2046
-1976
-1781
-1567
-1383
-1296
-1358
-1325
-1122
-911
-852
-791
-735
-778
-961
-811
-584
-484
-439
-409
-305
-310
-373
-342
-157
-190
-127
-77
0
83
-81
30
289
407
548
664
730
720
961
1234
1460
1568
1642
1824
2065
2212
2357
2414
2503
2654
2851
2889
2901
2992
2839
2885
3015
3022
2963
3056
3163
3364
2988
1599
82
66
1622
2122
612
-934
-1179
-1055
-1404
-1739
-1678
-1786
-2328
-2762
-2612
-2380
-2429
-2683
-2731
-2327
-1903
-1872
-2125
-1900
-1212
-536
-397
-505
-599
-432
-173
162
509
511
398
215
181
427
797
758
309
-229
-333
-378
-439
-693
-951
-1002
-1106
-1304
-1451
-1697
-1843
-1933
-1914
-1867
-2024
-1947
-1955
-1928
-1601
-1227
-1261
-1429
-1471
-1271
-948
-701
-681
-674
-633
-675
-479
-414
-466
-545
-449
-299
-219
-250
-189
-133
-207
-158
-113
-61
-8
50
248
443
462
455
556
726
836
934
1099
1260
1367
1525
1711
1753
1814
1908
2097
2262
2434
2616
2693
2641
2575
2736
2980
3036
2972
3043
3044
2977
3048
3196
3078
2119
654
153
1143
2054
1228
-430
-1103
-1023
-1164
-1584
-1633
-1644
-2082
-2500
-2490
-2473
-2385
-2456
-2520
-2411
-2047
-1746
-1959
-2086
-1690
-1096
-887
-916
-945
-785
-520
-160
56
342
332
126
-40
-3
305
511
192
-366
-355
-230
-369
-638
-842
-884
-871
-1180
-1387
-1476
-1570
-1737
-1741
-1790
-1776
-1690
-1812
-1763
-1478
-1353
-1299
-1445
-1534
-1291
-1089
-856
-770
-763
-806
-822
-631
-450
-395
-624
-675
-389
-208
-247
-291
-175
-115
-205
-140
-60
-80
-65
-48
136
387
336
261
401
596
789
937
1147
1311
1407
1494
1725
1743
1861
2056
1961
2006
2119
2247
2288
2204
2195
2191
2306
2468
2511
2495
2598
2697
2735
2850
2658
2295
1176
201
578
1568
1508
248
-703
-1040
-1128
-1447
-1521
-1513
-1831
-2131
-2375
-2402
-2300
-2271
-2491
-2542
-2267
-1924
-1918
-2060
-1920
-1474
-1077
-1049
-1039
-1119
-819
-469
-317
-74
-45
-129
-162
-102
-31
9
-93
-275
-354
-338
-307
-357
-584
-792
-989
-1065
-1151
-1260
-1339
-1572
-1686
-1683
-1555
-1503
-1640
-1703
-1628
-1465
-1264
-1296
-1328
-1279
-1105
-955
-922
-835
-847
-736
-780
-715
-558
-493
-498
-558
-435
-373
-311
-257
-225
-265
-210
-139
49
185
282
413
524
543
681
767
829
905
1091
1242
1263
1376
1420
1536
1672
1843
2024
2017
2128
2223
2234
2317
2429
2443
2305
2406
2400
2406
2478
2486
2574
2637
2641
2564
2252
1479
490
314
1035
1280
476
-516
-1017
-1154
-1293
-1489
-1515
-1801
-2177
-2526
-2642
-2514
-2370
-2332
-2494
-2459
-2184
-1965
-1976
-1890
-1544
-1217
-1067
-1069
-933
-866
-665
-501
-367
-256
-222
-367
-447
-372
-264
-228
-480
-737
-756
-766
-798
-875
-1036
-1118
-1146
-1241
-1370
-1422
-1435
-1573
-1632
-1661
-1674
-1589
-1652
-1715
-1491
-1261
-1221
-1241
-1302
-1077
-955
-920
-783
-727
-688
-630
-567
-355
-203
-305
-304
-205
-78
-89
-143
-210
-267
-233
-83
-2
-19
139
266
291
491
613
675
769
928
1044
1093
1227
1233
1349
1498
1547
1653
1789
1901
1740
1811
1896
1926
2002
2081
2193
2135
2191
2180
2227
2267
2329
2284
2287
2144
2001
1610
799
371
758
1062
600
-177
-649
-691
-986
-1270
-1327
-1421
-1752
-1982
-2173
-2182
-2049
-2013
-2261
-2364
-2109
-1794
-1847
-1816
-1615
-1393
-1163
-1108
-1048
-1013
-871
-740
-664
-489
-411
-419
-572
-597
-483
-434
-488
-736
-921
-979
-981
-1094
-1130
-1284
-1372
-1406
-1372
-1508
-1515
-1515
-1539
-1510
-1489
-1419
-1434
-1359
-1228
-1163
-1133
-1135
-1152
-1010
-781
-637
-625
-552
-434
-332
-294
-214
-144
37
-11
116
199
170
163
44
173
299
364
445
395
367
501
668
735
688
843
1022
1086
1183
1254
1294
1459
1559
1724
1811
1828
1932
1896
1989
2027
2152
2218
2241
2205
2150
2249
2191
2101
2176
2223
2181
2168
2119
1934
1532
802
311
698
956
497
-216
-548
-693
-889
-1130
-1159
-1227
-1582
-1900
-2124
-2133
-1954
-1787
-1852
-1902
-1819
-1605
-1516
-1644
-1430
-1298
-1198
-1156
-1138
-938
-848
-795
-660
-628
-490
-448
-453
-471
-432
-418
-510
-637
-813
-782
-790
-758
-941
-1017
-1202
-1320
-1420
-1453
-1411
-1461
-1478
-1402
-1369
-1245
-1265
-1328
-1142
-977
-852
-903
-756
-507
-414
-300
-241
-202
-121
16
123
174
211
204
249
398
402
379
440
463
505
475
507
632
721
820
814
918
980
1065
1183
1213
1290
1276
1355
1396
1536
1585
1621
1684
1686
1859
1864
1946
1925
1974
2022
2053
2226
2174
2228
2197
2296
2368
2251
2172
1981
1860
1711
1003
437
567
817
693
36
-390
-535
-820
-1107
-1224
-1256
-1487
-1886
-2051
-2078
-2062
-1869
-1841
-2006
-1922
-1623
-1498
-1475
-1474
-1251
-1071
-1056
-1031
-893
-754
-662
-667
-594
-441
-536
-565
-637
-738
-588
-545
-730
-965
-1066
-1028
-1038
-1226
-1272
-1311
-1404
-1505
-1532
-1499
-1456
-1444
-1496
-1405
-1319
-1172
-1093
-1113
-917
-939
-929
-897
-755
-603
-579
-453
-397
-230
-171
-35
21
131
174
307
294
307
495
428
317
338
442
514
468
542
659
626
719
832
906
1042
1175
1213
1312
1431
1544
1705
1699
1788
1871
1891
1962
2047
2004
1951
1968
1971
2015
1980
2020
2086
2084
2133
2219
2325
2256
2002
1972
1809
1201
701
750
873
665
144
-163
-463
-737
-1079
-1124
-1177
-1485
-1649
-1851
-1889
-1761
-1607
-1710
-1738
-1489
-1383
-1322
-1188
-1090
-837
-794
-851
-645
-394
-320
-322
-262
-99
-23
-39
-128
-277
-271
-222
-340
-499
-544
-603
-674
-814
-904
-939
-1075
-1220
-1265
-1363
-1388
-1361
-1355
-1341
-1380
-1223
-1119
-1016
-983
-861
-677
-589
-637
-511
-335
-216
-207
-175
-60
-58
114
267
361
375
399
370
473
565
399
376
500
660
701
705
754
700
754
862
1023
1075
1225
1199
1177
1308
1423
1574
1607
1612
1774
1891
1832
1777
1767
1779
1838
1944
2018
1940
1805
1900
1937
1889
1839
1797
1797
1762
1644
1747
1633
1147
705
510
550
433
169
-115
-339
-562
-756
-889
-1108
-1176
-1405
-1689
-1804
-1702
-1675
-1662
-1667
-1712
-1645
-1485
-1283
-1159
-991
-801
-628
-566
-484
-424
-302
-341
-300
-224
-101
-130
-176
-143
-233
-304
-450
-571
-581
-628
-710
-823
-1037
-987
-1005
-1101
-1218
-1113
-1092
-1192
-1258
-1181
-1009
-955
-907
-924
-676
-507
-483
-346
-328
-156
95
12
35
203
320
317
355
482
493
539
555
560
592
606
527
503
630
672
743
824
873
939
1007
1033
1168
1216
1323
1508
1407
1535
1630
1735
1820
1895
1931
1913
2021
2100
2148
2178
2155
2017
2036
1979
1922
2000
2097
2174
2170
2072
1976
1862
1843
1728
1512
1190
869
741
614
484
350
15
-234
-461
-652
-858
-1065
-1168
-1216
-1392
-1496
-1490
-1422
-1390
-1418
-1343
-1195
-1081
-994
-799
-727
-652
-566
-467
-441
-429
-323
-292
-186
-26
-49
-66
-132
-188
-219
-214
-285
-452
-626
-619
-644
-763
-816
-1005
-984
-984
-1023
-1027
-1119
-1019
-995
-959
-759
-625
-560
-513
-419
-428
-339
-177
-193
-237
-146
-2
105
184
167
238
328
219
304
346
444
499
469
377
414
475
453
503
593
578
771
836
876
1066
1062
1214
1304
1411
1416
1363
1508
1678
1737
1828
1929
2036
1972
1960
2014
2160
2216
2222
2128
2042
2028
2034
2008
1935
1896
1745
1724
1647
1457
1276
1007
870
747
416
258
24
-65
-248
-486
-521
-627
-837
-973
-1020
-1158
-1190
-1146
-1081
-1084
-1065
-948
-867
-803
-689
-639
-651
-571
-476
-314
-248
-208
-101
-53
-27
-101
-20
31
-80
-82
-190
-394
-380
-417
-482
-661
-859
-830
-854
-826
-844
-871
-824
-803
-703
-640
-534
-431
-464
-328
-234
-292
-199
-172
-16
77
68
109
191
331
348
329
340
375
445
502
523
450
559
517
497
610
665
649
701
658
693
856
774
719
777
881
936
992
1040
1060
1024
1120
1198
1313
1413
1425
1462
1545
1535
1573
1647
1663
1609
1658
1594
1583
1555
1473
1518
1506
1450
1426
1253
1113
927
720
677
385
177
49
-125
-237
-419
-556
-627
-805
-964
-1121
-1281
-1266
-1225
-1335
-1303
-1303
-1309
-1322
-1329
-1242
-1245
-1144
-1170
-1092
-1056
-1023
-876
-841
-881
-843
-748
-642
-625
-719
-659
-582
-477
-474
-454
-501
-459
-554
-606
-597
-713
-700
-823
-832
-858
-819
-842
-845
-768
-650
-657
-513
-380
-372
-254
-111
98
80
224
361
433
417
314
320
314
454
461
576
586
567
603
702
700
752
815
734
799
758
772
833
999
1047
1085
1115
1087
1187
1284
1290
1379
1375
1347
1397
1433
1474
1461
1473
1546
1565
1553
1590
1511
1614
1648
1670
1613
1514
1395
1373
1233
1144
1105
949
827
630
364
247
130
-85
-182
-286
-480
-617
-792
-966
-1007
-1101
-1184
-1107
-1082
-1196
-1149
-1186
-1210
-1181
-1036
-1027
-1000
-954
-894
-748
-838
-715
-621
-614
-536
-595
-620
-565
-640
-762
-741
-701
-760
-816
-793
-803
-808
-930
-884
-727
-833
-797
-746
-828
-797
-820
-620
-556
-676
-681
-605
-484
-425
-396
-384
-280
-262
-238
-48
12
-11
11
15
50
170
328
383
408
507
535
582
517
478
480
635
663
552
569
610
650
690
790
856
868
801
852
918
970
1190
1121
1216
1322
1303
1339
1305
1311
1362
1403
1342
1323
1259
1280
1200
1134
1115
1115
1045
987
944
859
766
724
583
522
418
227
81
-41
-72
-162
-280
-438
-559
-568
-667
-767
-848
-813
-797
-885
-833
-823
-799
-717
-763
-720
-683
-596
-606
-648
-555
-370
-344
-465
-482
-446
-293
-282
-299
-385
-269
-278
-238
-284
-405
-312
-360
-352
-442
-475
-488
-509
-521
-553
-470
-502
-542
-383
-257
-256
-205
-159
-164
-92
9
27
-1
119
235
281
285
362
445
385
445
351
344
280
361
310
299
361
322
443
468
520
584
575
611
666
683
747
784
878
798
783
768
765
770
771
849
834
886
941
934
963
972
994
1022
998
937
1019
966
935
960
863
776
686
572
460
368
316
259
196
116
90
165
27
-167
-252
-419
-434
-527
-642
-649
-662
-601
-675
-794
-808
-754
-856
-868
-682
-758
-792
-662
-665
-624
-576
-608
-589
-564
-473
-370
-329
-412
-345
-274
-317
-326
-263
-187
-264
-271
-301
-326
-326
-431
-403
-413
-319
-422
-482
-348
-395
-410
-445
-429
-325
-257
-354
-437
-333
-284
-230
-260
-247
-117
0
76
52
57
79
156
179
168
290
343
356
377
342
320
372
485
468
446
533
631
624
638
695
734
726
685
720
748
611
564
670
648
738
740
800
829
832
757
690
614
606
672
693
764
671
672
590
583
653
653
575
471
548
422
311
253
143
123
59
91
42
5
-63
-141
-195
-326
-376
-348
-348
-457
-418
-398
-437
-504
-570
-572
-514
-544
-607
-661
-688
-722
-597
-507
-606
-540
-572
-564
-543
-614
-469
-491
-431
-345
-434
-479
-476
-443
-563
-488
-520
-551
-570
-578
-558
-473
-446
-446
-408
-363
-408
-457
-398
-342
-268
-256
-174
-152
-247
-231
-165
-253
-391
-254
-92
-185
-162
-128
-103
24
24
39
154
328
408
316
337
231
203
242
166
216
207
287
328
327
234
235
236
319
389
486
533
599
634
514
580
531
673
710
738
635
526
602
653
677
581
510
480
467
326
300
239
216
272
190
173
195
178
116
56
97
50
-49
-111
-146
-182
-205
-280
-418
-411
-403
-395
-442
-566
-447
-364
-445
-328
-266
-381
-385
-393
-330
-336
-344
-288
-339
-391
-329
-284
-212
-332
-290
-290
-259
-258
-402
-447
-491
-421
-389
-397
-411
-381
-458
-343
-397
-436
-474
-412
-348
-502
-455
-388
-445
-473
-361
-294
-245
-183
-119
-127
-200
-118
-67
-106
31
39
41
-7
7
22
-48
13
201
261
382
329
252
392
431
538
511
479
495
490
581
507
494
574
501
500
486
604
573
635
621
548
525
513
608
532
529
525
553
492
492
541
482
455
436
505
423
382
337
314
403
331
358
270
256
164
66
76
21
-18
-86
-111
-115
-72
-82
-126
-235
-329
-356
-350
-315
-346
-475
-418
-498
-511
-438
-535
-579
-631
-556
-576
-588
-570
-421
-428
-483
-494
-503
-471
-407
-389
-411
-370
-418
-485
-451
-407
-382
-444
-437
-326
-375
-381
-294
-335
-322
-471
-401
-264
-351
-255
-177
-160
-226
-235
-94
-88
-77
-3
-8
-42
-87
-89
-28
12
36
146
186
168
205
289
228
258
244
386
517
416
457
439
514
395
398
516
523
492
480
486
663
655
663
628
451
494
534
540
565
518
464
599
729
627
523
558
516
459
354
325
322
391
348
341
339
153
205
250
116
129
115
84
70
-3
-69
-193
-161
-200
-195
-136
-253
-213
-220
-281
-355
-388
-333
-311
-373
-470
-341
-361
-391
-366
-463
-427
-558
-556
-507
-516
-501
-509
-537
-425
-441
-455
-404
-512
-472
-358
-368
-418
-409
-433
-379
-314
-395
-400
-281
-329
-395
-318
-376
-443
-369
-319
-304
-218
-247
-131
-73
-89
-16
111
81
79
57
19
34
156
259
303
300
288
370
336
365
345
348
382
466
480
594
583
649
658
568
561
614
664
565
622
618
572
571
556
510
453
464
523
452
445
405
388
418
397
466
401
342
350
312
179
73
86
45
75
113
67
18
-35
-66
-187
-165
-159
-183
-188
-256
-271
-317
-314
-284
-217
-279
-337
-351
-318
-406
-374
-371
-348
-340
-386
-410
-409
-466
-507
-401
-391
-430
-487
-413
-462
-514
-474
-474
-529
-485
-524
-484
-451
-408
-358
-375
-313
-389
-479
-500
-341
-333
-431
-272
-312
-305
-267
-237
-198
-189
-152
-125
-21
-143
-102
33
122
102
153
188
122
152
165
224
258
274
255
308
424
500
556
627
601
508
496
578
571
604
587
651
661
546
581
603
584
561
621
571
500
431
353
404
461
418
434
345
281
275
294
230
142
133
94
26
-3
-1
20
-52
-160
-181
-206
-183
-309
-351
-344
-413
-330
-328
-455
-387
-399
-441
-453
-491
-467
-522
-469
-311
-309
-291
-365
-425
-467
-512
-451
-349
-427
-387
-366
-460
-436
-471
-480
-472
-498
-409
-418
-463
-506
-522
-520
-523
-476
-485
-497
-465
-369
-216
-196
-279
-168
-125
-124
-105
-88
-183
-182
-115
-140
-2
24
45
63
80
130
126
241
180
194
281
257
326
301
375
373
466
463
538
555
487
575
610
553
653
617
633
679
680
630
559
563
537
469
533
455
376
393
362
367
232
203
137
77
4
20
-36
-33
-48
17
24
-60
-23
-147
-144
-207
-313
-331
-283
-262
-301
-380
-285
-310
-358
-250
-294
-240
-240
-220
-218
-189
-259
-219
-244
-249
-226
-161
-191
-250
-244
-185
-223
-349
-318
-368
-385
-350
-328
-320
-398
-415
-283
-432
-329
-325
-403
-289
-378
-376
-423
-340
-321
-322
-203
-166
-99
-88
-149
-68
-30
-32
-83
-34
67
36
74
123
161
198
251
260
249
239
319
332
404
391
369
449
433
437
427
463
458
497
505
409
437
492
475
552
587
611
557
586
692
487
478
449
474
469
381
401
395
225
119
170
114
31
24
-8
46
-15
-113
-123
-161
-249
-285
-255
-349
-389
-447
-468
-419
-468
-501
-477
-496
-415
-444
-501
-374
-385
-455
-371
-469
-398
-396
-449
-426
-414
-347
-342
-360
-409
-450
-443
-421
-449
-420
-313
-184
-276
-317
-257
-171
-258
-288
-265
-365
-321
-400
-348
-423
-354
-298
-377
-302
-243
-90
-67
-109
-109
-4
-70
-50
-28
31
41
81
105
42
5
-21
-3
139
132
106
174
132
166
164
242
288
304
295
269
367
347
369
440
474
459
442
496
493
450
428
570
557
500
437
396
458
377
350
316
230
295
312
155
157
206
239
248
73
129
133
138
83
69
-29
-39
39
-19
-15
-157
-56
-49
-87
-36
-81
-102
-73
-31
-14
-179
-157
-125
-206
-48
-16
-105
-150
-180
-139
7
79
23
-1
39
-28
-70
-103
-67
-39
30
37
-60
-17
-17
-11
-31
-54
-95
-68
-19
-75
-32
-135
-30
13
-96
-101
-35
-50
-46
-40
-141
-75
-39
-112
-88
-66
-76
-95
-143
-128
-81
33
13
-23
-25
-35
52
-10
12
152
178
225
187
114
108
127
172
150
208
200
158
192
201
218
119
126
131
210
144
143
260
134
235
205
148
169
97
161
142
142
145
34
-15
-43
-49
-34
-21
12
-40
-77
-88
-84
-175
-92
-111
-86
-131
-207
-70
-134
-100
-41
-59
-99
-78
-45
-100
-52
-39
-38
-36
-108
-27
-70
-91
-111
-149
-150
-48
-14
-80
32
-9
-1
57
59
73
-17
-14
28
38
51
90
126
55
105
88
102
160
155
159
151
172
238
214
179
224
247
200
153
198
191
216
241
207
244
220
248
91
119
211
84
136
170
229
223
245
222
152
275
305
310
383
341
354
343
379
337
272
319
370
417
361
331
341
298
293
235
281
377
357
342
352
230
239
324
277
108
66
105
140
100
4
48
17
-26
-73
-23
-70
-140
-156
-197
-204
-190
-151
-151
-126
-94
-96
-203
-279
-174
-224
-235
-165
-217
-234
-175
-147
-236
-206
-206
-185
-159
-170
-267
-330
-300
-163
-178
-191
-210
-233
-156
-180
-126
-227
-212
-136
-52
-110
-113
-119
-49
-29
99
96
61
95
66
26
-67
40
-26
-51
35
102
74
2
-37
39
18
-13
-57
-123
-177
-163
-105
-165
-68
-157
-80
-150
-306
-235
-249
-73
-77
-199
-210
-206
-226
-191
-187
-181
-164
-159
-185
-138
-172
-165
-134
-89
-41
-101
-96
-132
-12
-22
25
109
54
48
111
-2
29
-8
99
62
79
72
27
59
-47
68
-70
-73
-74
26
-10
-97
-67
-102
9
-34
-27
-14
-57
7
5
-19
-66
7
19
39
58
-21
-26
41
25
105
165
23
147
113
59
98
109
95
143
165
103
223
178
252
223
150
192
290
198
212
258
159
287
318
308
331
345
302
243
270
185
177
146
37
121
100
60
17
79
92
77
93
60
3
-39
-21
-12
1
2
-70
27
0
-75
15
-44
-126
-66
-75
-87
15
0
-71
-34
88
58
144
85
114
111
67
16
30
58
32
128
72
233
183
203
126
72
148
183
231
156
266
290
331
345
316
264
294
306
257
199
232
188
207
278
139
160
156
183
147
120
-56
-30
125
113
67
75
49
85
49
-29
-9
43
63
57
73
79
139
173
44
99
135
-11
29
37
97
172
129
74
57
-2
47
4
-14
66
87
105
64
14
-15
-24
-17
35
46
-25
6
-49
-36
-19
-143
-156
-176
-117
-110
-181
-94
-79
-200
-115
-161
-102
-137
-174
-179
-208
-212
-258
-175
-128
-188
-108
-75
-13
-66
-65
-41
-24
-93
-239
-84
-80
-148
-156
-140
-131
-120
-87
-59
-48
-10
9
97
106
99
38
147
68
42
174
155
101
57
77
174
139
14
-10
-32
79
117
127
124
111
52
61
72
-19
-56
-93
-34
9
-15
-166
-95
-3
-49
3
-71
-146
-154
-160
-209
-134
-117
-163
-144
-157
-192
-158
-83
-90
-196
-266
-357
-330
-238
-67
-103
-175
-104
-104
-188
-69
-154
-162
-151
-78
29
-35
-62
-113
-201
-164
-53
-73
-119
-119
-44
-14
-90
-143
-102
-98
-144
-242
-179
-142
-274
-215
-326
-447
-412
-351
-357
-395
-309
-282
-299
-312
-333
-413
-359
-361
-273
-211
-256
-258
-210
-220
-286
-221
-281
-206
-168
-98
-72
-177
-161
-232
-126
-102
-95
-35
40
110
40
117
125
316
326
172
188
197
272
276
191
231
222
259
244
154
171
146
145
172
161
245
212
164
264
213
217
274
184
208
219
225
176
159
138
145
128
53
82
7
76
114
25
-8
-58
11
70
49
131
106
120
234
156
115
131
97
152
133
124
124
251
322
328
242
202
199
248
188
166
241
146
83
117
182
146
157
178
156
199
141
98
58
-20
56
13
12
17
71
5
10
7
-82
-102
-155
-121
-137
-141
-155
-235
-313
-285
-315
-261
-173
-183
-202
-63
-80
-147
-219
-315
-309
-308
-207
-88
-96
-89
