-337
-227
-62
-29
-81
-100
-42
-114
-147
1
-98
-9
-121
-4
-165
27
-230
7
-250
-131
-25
-213
98
-72
128
117
77
183
107
161
112
127
212
96
154
76
85
31
-99
55
23
56
86
-15
101
9
25
-22
137
127
124
220
21
164
198
118
101
75
81
169
212
201
91
90
77
37
-35
33
99
-132
-114
-68
-67
0
-75
-67
-175
-114
-60
-21
-25
58
121
75
120
52
93
67
72
96
95
119
238
284
131
13
-7
125
122
36
198
165
127
152
83
47
15
1
-35
-65
11
-66
-155
-124
-43
16
25
-24
-141
-31
-108
16
-22
-44
-39
1
47
-69
51
63
-2
-68
-60
-109
-60
29
-83
-108
-2
-50
-104
-234
-308
-335
-325
-339
-472
-435
-439
-432
-365
-441
-477
-578
-401
-336
-390
-329
-335
-161
-165
-244
-261
-121
12
-3
-128
-126
-9
-80
-120
-132
-116
-242
-247
-243
-313
-294
-309
-330
-246
-274
-221
-333
-386
-337
-341
-221
-182
-175
-223
-152
-104
-43
-5
-47
-47
-8
35
27
57
56
207
6
-68
135
36
-155
-137
31
78
43
15
-54
-7
-146
21
29
42
87
12
-32
-92
-143
-261
-136
-83
-139
-168
-66
-105
-37
-60
-112
-60
-143
-19
-13
-83
60
-15
41
13
64
-8
-94
-7
9
57
21
-47
-2
-12
-124
-220
-243
-264
-293
-279
-345
-280
-234
-295
-199
-255
-340
-177
-103
-221
-117
-54
-35
-60
-8
71
15
67
104
86
17
50
-52
-49
-94
-69
20
-87
-69
-96
-103
-123
-377
-295
-305
-549
-335
-481
-298
-403
-319
-311
-252
-331
-347
-386
-479
-301
-569
-249
-621
-391
-415
-622
-237
-572
-176
-515
-234
414
317
-73
-28
198
520
442
67
-208
-229
-83
-182
-52
225
334
166
-52
69
207
-100
-67
-75
-297
-55
66
249
-21
-211
42
134
-55
33
197
334
406
529
657
575
645
657
491
359
254
-72
-81
-75
-47
-167
-214
-96
-83
-10
249
120
-117
84
80
8
264
277
183
89
-128
-194
-66
-179
-156
-107
-206
-190
-206
-83
-137
-37
165
141
21
-17
-22
50
90
-24
-158
-140
-61
-204
-283
-229
-111
3
-92
-127
147
194
-34
-131
-121
-153
-85
-65
-137
-29
62
-14
-33
-26
70
154
259
138
11
147
136
100
60
104
24
-35
-139
-112
-145
-299
-187
-225
-155
-167
-140
-46
-54
-152
-145
-178
-158
-238
-501
-436
-399
-340
-370
-270
-216
-143
-115
-229
-284
-518
-233
-511
-382
-313
-383
-240
-721
-426
-554
-418
-325
-700
-298
-353
-133
-236
-11
-167
-200
-225
-392
-187
-281
-3
-242
-253
-56
-328
-243
-129
-631
-301
-184
-289
-149
-235
-36
-16
310
53
71
66
-11
-125
-286
41
170
472
465
364
321
390
363
370
435
509
539
266
107
85
119
61
67
75
102
149
218
184
1
52
236
-7
-179
-100
-70
-4
-9
13
22
24
81
93
320
385
388
426
327
337
375
381
302
290
284
302
326
372
232
73
55
66
132
224
386
282
283
360
383
472
417
352
339
390
366
477
442
206
184
155
34
82
61
113
84
26
259
296
388
486
465
275
250
166
219
192
182
178
82
185
105
128
42
172
83
-20
87
142
346
248
173
140
141
130
138
0
-93
-117
-144
-298
-336
-365
-188
-75
-114
112
238
363
323
318
287
237
191
76
-54
-24
-24
-221
-225
-76
17
38
-58
-33
25
184
71
-102
-58
-16
82
41
-83
-56
-23
-82
-198
-183
-214
-177
-145
-134
39
-7
102
152
35
25
9
-111
-243
-361
-245
-238
-394
-397
-430
-211
-278
-357
-415
-327
-345
-491
-522
-507
-657
-724
-793
-916
-725
-1055
-746
-823
-866
-598
-665
-712
-658
-493
-363
-328
-397
-152
-241
-229
-308
-424
-441
-373
-342
-289
-38
98
222
104
230
502
738
765
773
800
857
1053
952
847
619
701
849
675
646
643
699
755
676
641
625
602
633
480
418
635
681
637
598
704
843
747
548
568
543
460
371
214
74
44
-90
-331
-339
-321
-436
-375
-356
-259
-417
-356
-437
-323
-433
-446
-417
-385
-481
-666
-541
-948
-878
-1079
-1032
-1479
-1368
-1744
-1719
-1805
-1997
-2135
-2163
-2192
-2297
-2268
-2548
-2416
-2557
-2127
-2044
-1969
-2224
-2057
-1994
-1878
-1763
-1664
-1489
-1441
-1403
-1201
-1178
-1025
-917
-564
-278
-37
-10
360
428
735
843
1205
1255
1401
1658
1688
1912
1911
2087
1963
1987
1930
1944
1856
1765
1869
1849
1889
2134
2318
2514
2944
3161
3573
4061
4153
4374
4532
4578
4492
4366
4387
4265
3502
1891
415
-296
-992
-2482
-3678
-4119
-4444
-4437
-4021
-3538
-2977
-2268
-1659
-1024
-298
396
675
340
76
228
266
112
-213
-859
-1100
-1164
-1370
-1797
-2306
-2435
-2654
-3020
-3139
-3074
-3169
-3499
-3811
-4067
-3841
-3451
-3489
-3606
-3369
-2900
-2445
-2278
-2243
-1946
-1564
-1389
-1297
-1036
-780
-641
-522
-447
-73
430
533
631
1090
1478
1631
1943
2100
2248
2503
2674
2866
2843
3005
3112
3179
3208
3304
3422
3652
3779
3699
4041
4607
5209
5743
6443
7071
6962
5494
3479
1814
31
-2061
-3931
-5293
-6116
-6049
-5184
-4000
-2848
-1294
157
1160
1847
2315
2364
1896
1168
580
298
299
345
118
198
543
823
710
22
-501
-1289
-2308
-3179
-3883
-4247
-4189
-4070
-3737
-3085
-2123
-1217
-548
-384
-186
-293
-709
-1023
-1025
-1158
-1309
-1442
-1611
-1373
-1165
-1205
-1451
-1776
-1874
-2182
-2400
-2464
-2698
-2658
-2554
-2218
-1869
-1530
-1433
-1353
-1401
-1437
-1563
-1931
-2079
-2184
-1981
-1687
-1386
-1030
-571
-222
165
750
1068
1308
1511
1843
2138
2571
2944
3219
3546
3766
3966
4168
4284
4324
4383
4304
4300
4293
4468
4508
4263
3692
2736
1734
605
-707
-2144
-3114
-3805
-3853
-3430
-2752
-1776
-699
446
1454
2295
2790
3048
2763
2413
1945
1527
1130
659
290
40
-206
-270
-561
-1027
-1345
-1679
-2003
-2484
-2704
-2735
-2706
-2540
-2214
-1435
-858
-406
-177
14
-123
-193
-495
-1164
-1585
-2111
-2241
-2681
-2714
-2905
-2738
-2643
-2400
-2474
-2039
-1895
-2161
-1829
-1874
-1755
-1542
-1718
-1718
-1560
-1699
-1590
-1761
-2102
-1916
-2153
-2280
-1722
-1557
-1136
-748
-314
307
518
968
1227
1268
1533
1914
1942
2362
2622
2722
3169
3097
3462
3808
3887
4318
4383
4717
4720
4933
5476
5572
5197
4256
3417
2321
922
-759
-2265
-3318
-4052
-4015
-3582
-2833
-1824
-652
321
1293
2310
2835
2839
2454
2075
1746
1344
1025
596
237
0
91
-16
-369
-856
-1399
-1967
-2456
-2589
-2857
-2566
-2308
-1792
-1049
-381
250
645
704
483
365
-175
-908
-1527
-2087
-2512
-2746
-2555
-2336
-2160
-1901
-1517
-1263
-1116
-1022
-1103
-1126
-1096
-965
-923
-915
-859
-959
-1141
-1312
-1396
-1750
-2237
-2337
-2402
-2339
-2135
-1769
-1481
-1054
-622
-249
-91
-22
261
351
350
467
772
1013
1490
1930
2331
2723
3135
3389
3577
3604
3566
3384
3353
3668
3776
4106
4462
4996
5289
5258
4803
4041
2970
1781
-85
-1929
-2866
-3401
-3791
-3718
-2931
-1880
-820
374
1301
1652
2269
2452
1967
1545
1188
1122
755
377
302
385
629
441
-115
-770
-1201
-1791
-2401
-2794
-2901
-2798
-2340
-1846
-1198
-373
16
233
104
-102
-540
-1191
-1810
-2491
-2847
-2883
-2934
-2822
-2419
-2132
-1934
-1670
-1479
-1330
-1097
-957
-849
-712
-528
-387
-447
-618
-830
-1204
-1651
-2066
-2248
-2390
-2510
-2226
-1904
-1748
-1319
-1028
-706
-580
-589
-434
-367
-424
-152
166
422
738
1103
1725
2258
2487
2624
2830
3019
3035
3037
3099
3215
3547
3711
3980
4379
4845
5273
5072
4605
4127
3496
2353
595
-1429
-2774
-3293
-3595
-3680
-3021
-1877
-724
299
1314
2212
2568
2581
2044
1597
1384
1101
766
324
202
252
434
316
-277
-774
-1220
-1867
-2567
-2894
-2855
-2660
-2366
-1693
-773
13
540
557
298
-116
-665
-1560
-2563
-3147
-3451
-3564
-3345
-2823
-2298
-1889
-1581
-1327
-1156
-1094
-1010
-1087
-1417
-965
-833
-691
-1144
-1068
-1460
-1525
-2082
-2361
-2702
-3052
-3008
-2912
-2233
-1835
-1479
-1147
-697
-506
-295
-329
-391
-511
-358
-157
33
241
532
897
1039
1271
1422
1689
2013
2208
2500
3043
3482
3903
4469
4742
5281
5691
5746
5217
4268
3156
1837
417
-1339
-2873
-3623
-3769
-3843
-3212
-1748
-356
577
1460
2292
2662
2546
2233
1737
1211
1134
825
462
481
597
430
360
-138
-762
-1214
-1893
-2150
-2527
-2469
-2048
-1595
-935
-385
475
952
881
545
8
-607
-1372
-2091
-2610
-2954
-2895
-2609
-2387
-1962
-1510
-1233
-1100
-1125
-882
-742
-790
-629
-296
-153
-229
-293
-569
-847
-1245
-1666
-2226
-2528
-2425
-2536
-2209
-1690
-1179
-715
-385
-55
61
53
-218
-501
-699
-689
-461
-333
-171
80
439
835
1053
1328
1520
1767
2093
2511
2876
3569
4079
4373
4920
5357
5749
5939
5941
5528
4765
3843
2692
1161
-507
-2094
-3174
-3305
-3347
-3052
-2387
-1297
-289
601
1411
1899
1990
1609
1474
1120
838
712
494
342
123
130
4
-312
-763
-1198
-1649
-1977
-2059
-1951
-1519
-1273
-867
-437
-25
253
83
-237
-853
-1158
-1590
-2075
-2395
-2652
-2514
-2322
-2170
-1999
-1894
-1599
-1523
-1452
-1183
-1061
-772
-568
-485
-486
-641
-624
-952
-1304
-1814
-2129
-2504
-2821
-2587
-2441
-2080
-1344
-1037
-779
-593
-728
-601
-587
-812
-902
-863
-810
-756
-585
-251
-29
174
678
923
1135
1448
1722
2099
2630
3338
3945
4313
4786
5198
5555
5997
6419
6615
6201
5292
3989
2469
569
-1368
-2995
-3888
-3992
-3603
-2653
-1200
62
1108
1983
2332
2371
2062
1611
998
511
480
578
620
759
861
912
717
291
-205
-691
-1286
-1767
-1791
-1433
-903
-513
-125
407
788
820
404
-329
-1265
-2073
-2627
-2946
-2920
-2784
-2715
-2201
-1788
-1233
-1100
-863
-1085
-1206
-1169
-1039
-758
-916
-669
-747
-553
-991
-1478
-1948
-2364
-2624
-2829
-2701
-2492
-2057
-1578
-1133
-714
-268
-280
-187
-387
-475
-736
-793
-817
-754
-573
-357
-264
15
38
341
425
622
915
1209
1603
2042
2625
3155
3633
4111
4308
4522
4755
4911
5134
5325
5688
5995
6114
5115
3101
1010
-295
-1691
-3223
-4192
-3909
-3048
-1954
-566
616
1853
2424
2443
2305
1875
1468
1037
395
218
582
884
850
700
545
314
-167
-645
-880
-1205
-1527
-1448
-1143
-708
411
772
769
572
344
86
-653
-1673
-2332
-2620
-2949
-2882
-2545
-2179
-1698
-1291
-1155
-822
-636
-551
-570
-564
-392
-233
-306
-612
-923
-1260
-1457
-1836
-2209
-2392
-2170
-1894
-1689
-1293
-802
-439
-420
-300
-386
-523
-513
-697
-641
-443
-63
255
406
665
942
1135
1259
1408
1536
1994
2296
2808
3328
3757
4200
4419
4723
5129
5499
5926
6226
6329
6683
6637
5212
2522
406
-1148
-2705
-4055
-4409
-3833
-2818
-1560
-16
1445
2315
2694
2518
2101
1653
1232
865
476
499
856
1579
1867
1533
963
503
-75
-973
-1566
-2073
-2124
-1866
-1395
-672
331
905
866
590
110
-370
-1269
-2188
-2744
-3014
-2945
-2406
-2043
-1563
-1009
-791
-725
-761
-716
-872
-1012
-1079
-1017
-774
-547
-699
-946
-1214
-1671
-2297
-2691
-2898
-2772
-2735
-2360
-1819
-1411
-745
-757
-675
-543
-731
-914
-912
-1138
-1132
-848
-779
-396
-354
-139
56
42
409
842
1039
1259
1766
2283
2704
3028
3251
3564
3764
3804
3908
3946
4151
4614
5075
5472
5952
6476
6857
5958
3560
1083
-662
-2247
-3756
-4229
-3727
-2882
-1721
-198
1241
2116
2481
2254
1609
1132
884
547
290
312
770
1425
1631
1352
951
328
-557
-1270
-1921
-2151
-2249
-1995
-1579
-767
142
618
685
220
-221
-699
-1484
-2186
-2595
-2844
-2943
-2720
-2220
-1888
-1549
-1467
-1356
-1517
-1484
-1192
-1261
-1100
-1054
-582
-728
-836
-1309
-1658
-2240
-2867
-2811
-3372
-2807
-2308
-2091
-1282
-927
-385
-326
-513
-192
-405
-377
-367
-279
-191
-51
379
325
506
904
910
1179
1515
1780
2271
2628
2838
3809
4094
4512
4722
4944
5190
5617
5859
6171
6848
7054
7098
6104
4198
1987
-141
-2080
-3563
-4014
-3592
-2973
-1774
-113
1241
2098
2759
2716
2292
1949
1539
1132
942
890
1273
1651
1608
1365
1029
397
-610
-1641
-2038
-2342
-2508
-2129
-1684
-899
125
978
1029
780
378
-386
-1201
-1718
-2077
-2425
-2468
-2131
-1744
-1350
-1106
-1179
-1286
-1301
-1164
-1027
-765
-429
-36
358
590
460
89
-463
-1324
-2044
-2473
-2736
-3024
-2840
-2581
-2182
-1656
-1324
-1193
-1201
-1083
-983
-961
-833
-754
-658
-535
-306
37
130
-37
-302
-344
-167
49
440
966
1438
2012
2556
2865
3305
3632
3757
3856
3866
4141
4338
4421
4884
5564
6198
6643
7223
7519
6848
4971
2546
319
-1546
-3030
-3700
-3475
-2968
-2041
-759
791
1684
1882
1850
1446
932
859
990
989
944
1216
1798
2034
1688
950
140
-979
-1703
-2161
-2325
-2126
-1768
-1075
-386
528
1048
1097
557
-41
-631
-1321
-1848
-2269
-2490
-2564
-2543
-2347
-2096
-1930
-1962
-2217
-2177
-1924
-1511
-1212
-884
-559
-307
-231
-679
-1210
-1727
-2306
-2775
-3049
-2800
-2524
-2297
-1763
-1622
-1244
-929
-1027
-962
-880
-863
-734
-371
-148
29
-43
193
205
488
1011
1163
1267
1661
2140
2843
3415
3714
4150
4473
4891
5140
5246
5219
5446
5778
5965
6158
6762
7148
6147
4093
1826
-307
-2305
-3922
-4528
-4375
-3654
-2489
-1068
396
1381
1965
1995
1539
998
759
630
700
895
1146
1553
1604
1277
503
-480
-1490
-2378
-3030
-3148
-2800
-2295
-1480
-635
273
784
814
463
-201
-861
-1554
-1952
-2247
-2196
-2285
-2228
-2053
-1982
-1803
-2250
-2288
-2544
-2258
-2074
-1484
-1001
-447
-216
-83
-226
-917
-1142
-2389
-2752
-3556
-3514
-3525
-3125
-2775
-2583
-2092
-2098
-2187
-2077
-1838
-1770
-1295
-943
-469
-153
118
147
167
-12
-118
-335
-434
-309
129
624
958
1537
2122
2532
2831
3217
3357
3740
3610
3664
3675
4002
4319
4553
4954
5374
5832
6001
6424
6567
5956
4340
2270
330
-1262
-2824
-3482
-3160
-2724
-2195
-1162
166
1010
1325
1288
1260
969
807
1097
1339
1320
1764
1843
1559
1254
684
47
-978
-1679
-2165
-1907
-1493
-1079
-661
-343
125
487
303
-26
-389
-969
-1357
-1720
-1771
-1984
-2263
-2512
-2623
-2702
-2785
-2783
-2743
-2686
-2403
-1671
-1096
-683
-514
-606
-766
-1154
-1603
-1839
-2231
-2613
-2763
-2598
-2193
-1869
-1576
-1418
-1268
-1199
-1060
-875
-781
-521
-330
-102
280
492
579
622
606
597
679
963
1382
1848
2514
2959
3566
4137
4316
4500
4282
4190
4003
4073
4347
4682
5144
5743
6341
6539
6881
6421
4466
1470
-1153
-2939
-4277
-4791
-4231
-3178
-2274
-955
433
1205
1328
1135
730
194
56
671
1338
1882
2146
2338
2170
1467
579
-592
-1767
-2812
-3261
-3159
-2424
-1494
-922
-488
-147
232
43
-307
-792
-1278
-1585
-1643
-1239
-1061
-944
-1218
-1829
-2345
-2853
-3169
-3368
-3322
-3084
-2338
-1314
-581
-107
-2
-90
-853
-1421
-1807
-2199
-2671
-2939
-2763
-2253
-1877
-1800
-1876
-1878
-2028
-2145
-1950
-1546
-935
-554
3
343
766
1041
1023
544
240
113
160
623
1160
1883
2357
2663
3091
3556
3646
3738
3748
3575
3700
3930
4231
4598
5148
5500
5746
6091
6360
6532
5980
4233
1676
-486
-2028
-3088
-3527
-3117
-2331
-1929
-1291
-385
376
686
543
317
93
385
1066
1750
2124
2375
2297
1896
1106
356
-479
-1711
-2503
-2779
-2434
-1898
-1152
-656
-421
-334
-25
-155
-358
-731
-1120
-1394
-1418
-909
-871
-914
-1420
-1921
-2824
-3183
-3297
-3274
-3285
-2685
-2296
-1493
-949
-572
-307
-1048
-1270
-1988
-2313
-2121
-2530
-2319
-2225
-2317
-1954
-2049
-1911
-2054
-2116
-2202
-1911
-1380
-744
-582
-286
113
-93
216
-66
69
-17
-239
143
427
1260
1890
2457
2818
3084
3337
3472
3538
3495
3687
3892
4100
4354
4630
4940
5206
5342
5346
5439
5862
5955
4843
2968
1335
-81
-1976
-3103
-3156
-2845
-2668
-2301
-1439
-421
235
535
741
698
730
1251
1699
1964
2439
2665
2431
1710
1087
623
-207
-1153
-1759
-1943
-1730
-1219
-786
-540
-342
-19
-8
-230
-295
-245
-365
-529
-569
-388
-463
-979
-1596
-2392
-2900
-3112
-3154
-2944
-2754
-2405
-1814
-1337
-848
-712
-670
-850
-1395
-1617
-1605
-1512
-1591
-1667
-1575
-1501
-1603
-1679
-1801
-1821
-1942
-1704
-1244
-663
-101
154
407
444
538
556
534
576
556
701
983
1314
1854
2211
2503
2804
2993
3187
3477
3665
3765
3938
4019
4250
4552
4951
5285
5343
5481
5808
5971
5558
4258
2384
509
-1203
-2756
-3361
-2908
-2378
-2286
-2107
-1132
-251
-187
93
440
384
533
1084
1779
2439
2757
2938
2208
1331
764
68
-1016
-1881
-2111
-2207
-2015
-1569
-966
-840
-727
-746
-986
-1154
-993
-823
-836
-851
-697
-580
-964
-1309
-1878
-2477
-3082
-3327
-3251
-3031
-2505
-2174
-1781
-1510
-1287
-1191
-1239
-1349
-1482
-1591
-1582
-1529
-1524
-1378
-1455
-1791
-2178
-2183
-2155
-2172
-2098
-1811
-1270
-718
-427
31
282
-59
-154
-49
170
354
485
657
931
1410
1731
2021
2199
2626
2853
2971
3090
3293
3751
3876
3894
3902
4200
4434
4731
4929
5100
5347
5557
5499
4899
3666
2407
1090
-607
-2276
-2814
-2508
-2281
-2194
-1935
-1109
-675
-724
-385
93
420
789
1198
1945
2468
2820
2805
2267
1412
735
-112
-1059
-1638
-1858
-1721
-1868
-1589
-1469
-1381
-1431
-1605
-1621
-1682
-1281
-943
-953
-847
-748
-982
-1332
-2051
-2418
-3241
-3674
-3892
-3862
-3337
-2875
-2362
-2089
-1749
-1583
-1616
-1480
-1589
-1480
-1638
-1568
-1176
-1240
-1242
-1449
-1711
-1962
-2004
-1922
-1999
-1672
-1162
-856
-447
-218
228
6
159
162
297
603
800
1132
1344
1737
2008
2568
2716
3079
3343
3530
3571
3603
3856
4150
4336
4561
4697
4833
5070
5252
5277
5379
5746
5654
4893
3708
2130
346
-1135
-2435
-2764
-2098
-1903
-1596
-1121
-781
-537
-401
-208
26
365
786
1633
2216
2740
3162
2903
2162
1297
600
-176
-878
-1197
-1307
-1547
-1496
-1217
-1281
-1483
-1478
-1402
-1561
-1386
-935
-659
-512
-432
-482
-763
-1243
-1701
-2109
-2613
-2890
-2822
-2619
-2408
-1930
-1657
-1796
-1807
-1689
-1532
-1529
-1314
-1108
-1041
-878
-849
-819
-1034
-1311
-1532
-1737
-1729
-1530
-1263
-1005
-665
-428
-200
-34
31
20
48
58
236
558
1009
1317
1611
1907
2035
2557
2596
2750
2962
3022
3176
3112
3502
3910
4111
4098
4259
4560
4731
5055
5107
5303
5481
4913
3664
1973
530
-1062
-2400
-2887
-2480
-2055
-2181
-1945
-1447
-1284
-1319
-967
-523
-287
383
1280
2095
2602
3208
3068
2115
1255
343
-148
-784
-1272
-1163
-1302
-1399
-1449
-1531
-1758
-2122
-2192
-2189
-1986
-1301
-674
-512
-296
-227
-480
-960
-1385
-1829
-2364
-2658
-2684
-2590
-2589
-2479
-2368
-2382
-2402
-2365
-2118
-1934
-1809
-1231
-1101
-1057
-1215
-1035
-1001
-1565
-1465
-1589
-1740
-1603
-1272
-975
-729
-495
-431
-446
-451
-403
-268
-80
247
494
843
1141
1349
1497
1583
1806
2107
2490
2909
3228
3374
3452
3594
3845
3884
3885
4112
4325
4599
4720
4773
4905
5126
5133
4456
3162
1824
670
-428
-1579
-2129
-1944
-1707
-2116
-2336
-2044
-1935
-2013
-1859
-1190
-661
-118
627
1469
1847
2040
1927
1230
660
257
-92
-402
-704
-825
-1168
-1364
-1624
-2036
-2188
-2473
-2428
-2495
-2159
-1625
-1196
-972
-1015
-1019
-1386
-1766
-1922
-2148
-2331
-2510
-2554
-2486
-2581
-2521
-2684
-2827
-2987
-2614
-2689
-2437
-1808
-1676
-1512
-1402
-1443
-1534
-1399
-1494
-1490
-1501
-1316
-1142
-969
-1006
-909
-1042
-1063
-962
-867
-553
-344
-128
14
258
518
926
1186
1531
1624
2113
2510
2873
2990
3250
3515
3433
3636
3915
4243
4312
4318
4438
4428
4813
5020
5033
5268
5101
3855
2468
1287
328
-743
-1719
-1833
-1459
-1400
-2033
-1900
-1642
-1758
-1930
-1412
-666
58
934
1588
2418
2617
2388
1952
1339
788
427
234
-46
-253
-442
-663
-1065
-1577
-2044
-2342
-2406
-2313
-2095
-1548
-1079
-921
-906
-880
-1072
-1329
-1470
-1521
-1465
-1503
-1493
-1465
-1612
-2035
-2312
-2375
-2496
-2505
-2321
-1974
-1738
-1481
-1282
-1295
-1314
-1403
-1371
-1257
-1089
-1005
-782
-593
-671
-672
-636
-683
-959
-913
-805
-609
-447
-325
-85
92
295
476
638
758
976
1321
1634
1976
2363
2621
2821
2929
2903
3075
3310
3545
3706
4022
4268
4376
4385
4283
4602
4606
4241
3618
2341
1313
417
-584
-1376
-1672
-1313
-1710
-2440
-2687
-2429
-2371
-2408
-1843
-1196
-528
347
1075
1523
1756
1855
1586
1143
875
887
676
332
255
-29
-531
-960
-1264
-1731
-2029
-1931
-1912
-1987
-1633
-1305
-1425
-1461
-1465
-1650
-1986
-2051
-1918
-2065
-2161
-2018
-2080
-2252
-2196
-2167
-2525
-2702
-2483
-2367
-1979
-1843
-1748
-1814
-1592
-1556
-1698
-1615
-1215
-947
-897
-880
-810
-701
-791
-715
-621
-698
-699
-410
-263
-79
20
116
192
399
606
775
963
1272
1625
1956
2170
2430
2819
3052
3242
3253
3403
3641
3831
4151
4454
4527
4618
4770
4812
4768
4747
4321
3285
1956
848
-29
-899
-1366
-1375
-1508
-2054
-2477
-2457
-2493
-2585
-2026
-1341
-806
-189
705
1290
1562
1801
1784
1316
1000
1086
975
628
548
302
-468
-770
-1464
-1954
-2461
-2544
-2499
-2367
-2368
-1887
-1748
-2205
-2101
-2428
-2220
-2573
-1985
-1979
-1879
-1864
-1971
-2148
-2422
-2267
-2480
-2706
-2551
-2238
-2160
-2034
-2163
-2128
-2244
-2070
-1894
-1661
-1472
-1344
-1082
-1044
-987
-943
-1039
-1066
-835
-822
-633
-642
-649
-466
-558
-377
-328
-172
79
432
823
1104
1347
1598
1926
2173
2391
2716
2934
3034
3438
3789
3767
3819
3983
4076
4367
4676
4509
4687
4654
4375
4064
3028
1929
1090
389
-636
-1140
-1320
-1254
-1868
-2339
-2233
-2484
-2464
-2154
-1377
-679
-124
555
1082
1266
1515
1659
1449
1400
1482
1484
1452
1314
1200
527
-78
-524
-1199
-1632
-1844
-1651
-1687
-1687
-1574
-1910
-2107
-2203
-2245
-2427
-2418
-2069
-1617
-1621
-1687
-1477
-1793
-2013
-2115
-2058
-1986
-1877
-1679
-1684
-1624
-1651
-1703
-1675
-1601
-1430
-1300
-1091
-851
-706
-770
-863
-861
-1004
-987
-721
-413
-241
14
139
216
275
303
483
564
670
869
1134
1405
1552
1648
1975
2043
2178
2469
2942
3223
3506
3935
4061
4236
4287
4398
4679
4798
4708
4795
4904
4492
3498
2433
1648
795
-313
-1001
-968
-980
-1557
-2177
-2237
-2376
-2710
-2554
-1889
-1173
-564
135
726
960
1106
1266
1115
1022
1214
1403
1469
1399
1316
919
225
-396
-918
-1503
-1667
-1624
-1697
-1741
-1697
-1931
-2336
-2618
-2681
-2555
-2541
-2311
-1941
-1679
-1576
-1362
-1371
-1584
-1646
-1774
-1998
-1959
-1819
-1600
-1405
-1348
-1535
-1804
-1874
-1620
-1598
-1364
-978
-907
-922
-879
-774
-813
-771
-601
-476
-496
-327
-25
45
87
10
-132
-105
56
361
742
1069
1356
1510
1773
1918
2125
2479
2782
3048
3210
3478
3650
3829
4093
4202
4411
4481
4674
4887
4764
4601
4196
3336
2214
1545
1116
193
-608
-734
-950
-1651
-2421
-2570
-2646
-2856
-2596
-1900
-1318
-892
-300
184
147
501
718
750
851
1115
1543
1390
1473
1320
925
249
-196
-425
-1028
-1183
-1170
-1580
-1831
-2035
-2139
-2624
-2833
-2823
-2930
-3090
-2813
-2459
-2569
-2403
-2198
-2107
-2365
-2039
-1948
-2065
-1720
-1556
-1502
-1487
-1528
-1402
-1543
-1440
-1365
-1195
-1201
-1214
-1077
-1380
-1254
-1278
-1018
-1075
-833
-435
-531
-291
-160
2
-218
-169
91
218
451
775
1195
1253
1323
1624
1861
2171
2328
2639
2735
3066
3487
3660
3810
3907
4189
4293
4422
4499
4879
4652
4618
4573
3941
3429
2181
1495
1120
79
-384
-583
-797
-1441
-2237
-2563
-2665
-2743
-2511
-1976
-1496
-1090
-651
-183
39
398
722
1006
1137
1647
2146
2071
2088
2052
1731
1182
763
412
13
-235
-453
-752
-1181
-1477
-1686
-2058
-2363
-2243
-2272
-2635
-2504
-2184
-2097
-2051
-1878
-1697
-1619
-1461
-1244
-1180
-1114
-971
-871
-956
-1002
-1104
-1135
-1070
-860
-823
-922
-946
-1023
-1071
-1001
-824
-719
-785
-731
-603
-578
-627
-469
-268
-394
-212
58
355
553
729
1060
1036
1152
1432
1737
1978
2271
2706
2933
3088
3143
3418
3633
3687
3815
4104
4400
4624
4734
4678
4478
4598
4563
3941
2956
2286
1803
1204
529
-236
-321
-882
-1741
-2271
-2390
-2472
-2652
-2456
-1958
-1517
-1289
-908
-625
-374
80
514
693
1117
1667
2050
1913
1725
1742
1502
1227
793
474
195
-5
-280
-828
-1218
-1459
-1902
-2402
-2569
-2492
-2560
-2867
-2915
-2593
-2554
-2563
-2287
-2298
-2146
-1925
-1820
-1715
-1477
-1551
-1243
-1137
-1167
-769
-877
-842
-864
-870
-812
-758
-826
-876
-763
-669
-547
-607
-640
-583
-739
-765
-613
-514
-528
-324
-115
151
326
585
888
1058
1428
1710
2078
2196
2431
2804
2949
3187
3388
3578
3830
4104
4202
4264
4351
4412
4455
4449
4520
4481
4085
3255
2340
1767
1373
702
-45
-361
-622
-1283
-1894
-2189
-2536
-2744
-2701
-2299
-2110
-1800
-1560
-1148
-956
-468
50
538
850
1115
1945
1843
1942
1881
1853
1313
1255
764
169
123
-305
-705
-1122
-1476
-1555
-2107
-2476
-2836
-2705
-2958
-3348
-3025
-2869
-2891
-2973
-2663
-2517
-2358
-2306
-2062
-1974
-1704
-1511
-1452
-1425
-1257
-1196
-1005
-899
-687
-653
-628
-546
-545
-615
-596
-433
-704
-646
-569
-527
-663
-728
-730
-639
-483
-234
67
317
477
849
1127
1418
1789
2004
2266
2547
2904
3289
3437
3687
3876
4030
4140
4143
4275
4477
4611
4653
4604
4623
4658
4495
3784
2998
2385
1919
1528
623
124
-74
-564
-1379
-1826
-1971
-2177
-2414
-2244
-2001
-1843
-1534
-1034
-756
-420
38
538
780
962
1444
1674
1716
1812
1968
1819
1610
1418
1143
797
456
346
-12
-507
-864
-1136
-1602
-2026
-2160
-2431
-2687
-2754
-2682
-2790
-2834
-2730
-2720
-2721
-2551
-2300
-2164
-2074
-1655
-1355
-1296
-1086
-940
-681
-554
-463
-315
-288
-238
-209
-360
-410
-337
-394
-429
-541
-547
-689
-768
-808
-778
-692
-565
-438
-383
-229
93
402
735
1168
1330
1487
1810
2070
2478
2635
2756
3140
3285
3314
3553
3890
4083
4260
4226
4468
4599
4688
4659
4319
3851
2876
2421
2048
1685
897
114
-235
-813
-1460
-1923
-2167
-2597
-2763
-2688
-2482
-2342
-2117
-1785
-1579
-1270
-669
-92
123
479
1009
1265
1385
1393
1596
1532
1401
1267
1216
1009
627
307
-76
-422
-841
-1274
-1738
-1948
-2264
-2432
-2802
-3045
-3024
-3253
-3410
-3487
-3362
-3234
-3228
-3078
-2792
-2589
-2207
-1848
-1736
-1416
-1062
-842
-573
-400
-190
-156
-192
-278
-363
-131
-332
-411
-481
-644
-726
-842
-832
-929
-887
-895
-659
-508
-349
-125
69
293
371
711
1087
1236
1467
1804
2044
2386
2670
2920
3160
3333
3387
3609
3937
4079
4286
4393
4532
4549
4455
4353
3878
3171
2614
2066
1786
1220
459
-23
-238
-828
-1522
-2094
-2300
-2318
-2805
-2388
-2338
-2243
-2114
-2150
-1714
-1594
-1023
-569
-697
-164
127
385
898
725
822
1159
1064
968
718
947
634
486
3
-277
-484
-933
-1287
-1858
-2067
-2541
-2953
-3229
-3521
-3688
-3700
-4087
-3775
-3636
-3561
-3052
-2871
-2748
-2154
-2158
-1665
-1411
-1108
-546
-601
-246
-212
-69
-94
-133
-101
-218
-306
-376
-410
-459
-582
-680
-851
-908
-959
-833
-506
-513
-544
-543
-343
-306
-98
157
421
651
914
1308
1688
2172
2427
2544
2897
3238
3414
3721
3816
4195
4300
4353
4546
4732
4671
4396
3987
3470
3025
2705
2334
1721
987
521
181
-424
-1082
-1521
-1705
-2067
-2365
-2302
-2169
-2275
-2232
-1957
-1770
-1305
-806
-426
-293
-12
454
767
1089
1371
1541
1576
1707
1781
1823
1770
1504
1056
567
244
3
-484
-1055
-1397
-1880
-2404
-2799
-3236
-3281
-3524
-3742
-3638
-3557
-3391
-3288
-3083
-2877
-2521
-2182
-1985
-1585
-1158
-870
-587
-446
-336
-179
-217
-94
-46
-80
-114
-234
-278
-237
-204
-286
-426
-480
-430
-415
-536
-581
-467
-463
-644
-705
-547
-309
-84
106
382
713
1028
1305
1627
2134
2431
2665
2826
3042
3423
3769
3742
3731
3841
3960
4178
4226
4288
4150
3760
3163
2615
2450
2203
1661
888
529
331
-344
-961
-1387
-1816
-2216
-2418
-2504
-2459
-2495
-2398
-2204
-2148
-1874
-1347
-1103
-986
-467
-129
337
736
1017
1268
1380
1421
1471
1364
1218
974
666
363
-192
-395
-863
-1417
-1899
-2277
-2724
-3122
-3347
-3518
-3651
-3820
-3773
-3619
-3548
-3494
-3402
-3166
-2869
-2455
-2348
-2050
-1697
-1481
-1197
-933
-645
-334
-204
-96
-70
-54
74
12
78
21
-8
-61
-114
-155
-339
-554
-714
-798
-899
-798
-806
-703
-582
-415
-252
-147
54
364
663
900
1273
1666
1971
2311
2557
2750
2911
3164
3440
3764
3928
4208
4386
4474
4390
4153
3913
3434
3359
2827
2404
1413
989
447
170
-503
-1260
-1642
-2223
-2497
-2910
-2645
-2937
-2809
-3198
-3021
-2741
-2566
-1685
-1977
-1178
-745
-274
305
507
1005
1012
1327
1263
1424
1470
1243
1123
651
387
230
-335
-766
-1296
-1734
-1998
-2477
-2727
-2890
-3327
-3255
-3553
-3704
-3431
-3324
-3312
-3247
-3026
-2841
-2412
-2136
-2024
-1727
-1454
-1183
-954
-633
-276
18
53
172
492
587
637
678
621
670
476
215
54
-187
-254
-463
-597
-712
-649
-610
-798
-869
-466
-357
-210
-16
188
715
1012
1246
1504
1797
2063
2375
2755
3162
3472
3650
3977
4263
4589
4845
4793
4975
5046
4619
4117
3820
3501
3140
2573
1789
1171
652
77
-670
-1272
-1605
-2034
-2426
-2431
-2557
-2765
-2798
-2793
-2611
-2289
-1807
-1459
-1286
-968
-363
132
419
680
1035
1300
1379
1504
1572
1556
1381
1107
687
497
290
-87
-622
-966
-1322
-1672
-2001
-2301
-2520
-2921
-3105
-3239
-3314
-3308
-3263
-3309
-3349
-3174
-2939
-2609
-2564
-2254
-2088
-1809
-1463
-1150
-799
-460
-239
-86
160
264
401
302
342
335
240
196
127
32
83
-172
-370
-439
-533
-659
-814
-801
-766
-585
-517
-513
-409
-52
294
650
948
1151
1565
1904
2345
2774
3022
3381
3575
3923
4284
4607
4877
4956
4993
4938
4797
4403
3930
3459
3120
2594
1837
1293
940
297
-606
-1076
-1543
-1886
-2235
-2470
-2667
-2765
-2839
-2697
-2605
-2506
-2028
-1949
-1845
-1474
-962
-428
-135
87
338
634
810
870
981
1108
1091
958
690
448
426
225
-142
-514
-827
-1210
-1659
-2014
-2226
-2519
-2808
-3144
-3317
-3432
-3506
-3498
-3511
-3345
-3261
-3049
-2804
-2556
-2399
-2083
-1634
-1338
-996
-629
-382
-104
44
148
381
428
413
463
584
503
462
341
123
78
-66
-159
-254
-385
-633
-647
-632
-615
-450
-520
-409
-352
-242
268
502
883
1143
1530
1766
2198
2735
3073
3392
3586
3951
4227
4244
4783
4512
4541
4092
3970
3734
3289
3250
2474
1949
989
993
532
-195
-852
-1190
-1571
-1954
-2188
-2351
-2639
-2942
-2974
-2734
-2720
-2284
-2282
-2108
-1933
-1499
-952
-743
-254
-180
253
276
702
790
949
1160
1089
1096
874
802
611
262
-179
-437
-731
-1084
-1479
-1791
-1741
-2067
-2452
-2729
-2878
-2893
-3069
-3305
-3288
-2977
-2660
-2332
-2331
-2202
-1761
-1520
-1234
-870
-666
-307
-230
2
514
671
692
950
969
965
843
876
999
812
590
493
376
188
92
-11
-162
-385
-332
-214
-130
-20
133
298
372
531
873
1320
1682
1981
2288
2672
2955
3205
3635
3934
4191
4511
4758
5064
5178
5048
4876
4590
4251
3975
3743
3411
2718
2010
1685
1386
781
-76
-684
-1104
-1640
-1996
-2269
-2429
-2676
-2884
-2890
-2849
-2678
-2438
-2235
-2155
-1826
-1394
-1067
-739
-375
-64
152
413
632
765
949
993
905
745
606
547
336
-1
-214
-425
-790
-1178
-1487
-1807
-2274
-2605
-2703
-2912
-3082
-3256
-3259
-3219
-3293
-3313
-3123
-2970
-2777
-2485
-2278
-1930
-1509
-1086
-774
-543
-134
233
434
446
573
798
788
827
875
878
780
625
561
357
145
78
-12
-204
-220
-256
-269
-185
-82
-8
53
168
478
766
1139
1283
1591
1804
2132
2408
2813
3352
3276
3711
3929
4091
4437
4478
4623
4419
4165
3965
3821
3588
3306
2513
1847
1404
1061
413
-223
-641
-1125
-1575
-1874
-2050
-2288
-2639
-2839
-2876
-2959
-2776
-2612
-2502
-2352
-2122
-1703
-1328
-1039
-676
-461
-247
113
459
698
873
1011
886
803
895
986
840
505
246
-22
-370
-834
-1150
-1429
-1726
-1999
-2416
-2677
-2873
-3056
-3148
-3262
-3248
-3100
-2995
-2908
-2709
-2372
-2029
-1614
-1346
-999
-590
-299
30
192
450
607
737
618
727
666
670
703
632
529
515
270
179
-42
-143
-302
-558
-321
-682
-479
-404
-532
-159
-92
-196
371
425
783
1020
1178
1929
1972
2441
2555
3026
3295
3590
3804
4036
4407
4470
4424
4157
4107
3694
3638
3457
2865
2547
1654
1516
1130
562
-59
-673
-1025
-1795
-1893
-2197
-2350
-2727
-2960
-2961
-3034
-2967
-2738
-2651
-2580
-2200
-1792
-1435
-1021
-622
-349
47
388
672
861
1144
1222
1185
1088
935
902
900
700
306
-93
-216
-663
-1059
-1362
-1855
-2156
-2537
-2718
-2739
-2925
-2901
-3074
-2850
-2741
-2699
-2429
-2324
-2037
-1705
-1421
-1096
-631
-325
41
276
426
770
1016
1185
1352
1411
1325
1332
1413
1420
1328
1150
943
737
681
525
501
381
307
408
257
266
429
563
663
702
908
1095
1291
1509
1802
2053
2347
2686
2948
3250
3502
3710
3961
4261
4427
4546
4563
4306
4199
4098
3975
3583
3000
2291
1953
1659
994
257
-317
-673
-1397
-1822
-2181
-2491
-2824
-3129
-3210
-3411
-3250
-3061
-2930
-2784
-2495
-2003
-1620
-1288
-957
-473
-141
66
381
651
897
1112
960
937
1075
1035
817
633
374
64
-203
-674
-1071
-1336
-1598
-1772
-2041
-2379
-2566
-2657
-2850
-2955
-2919
-2748
-2759
-2666
-2529
-2290
-1967
-1707
-1433
-1179
-839
-537
-172
-25
285
514
749
790
936
1101
1125
1151
1043
1075
1050
816
522
391
353
229
35
-99
-217
-233
-139
-297
-400
-214
14
156
191
536
822
958
1297
1533
1952
2337
2523
2847
3168
3493
3838
4167
4317
4363
4424
4398
4147
4090
3873
3592
3157
2350
1829
1461
1132
428
-327
-890
-1406
-1864
-2260
-2483
-2727
-2948
-3187
-3310
-3284
-3118
-2789
-2625
-2684
-2386
-1804
-1418
-1022
-719
-405
-144
60
284
407
683
868
783
759
815
667
418
288
-31
-232
-444
-721
-1139
-1390
-1632
-1867
-2297
-2659
-2804
-2946
-2958
-2992
-2928
-2912
-2722
-2692
-2477
-2309
-2072
-1847
-1622
-1118
-893
-616
-392
-33
54
360
447
600
816
826
891
1016
1047
778
681
518
533
269
178
-72
-33
-265
-250
-464
-490
-573
-388
-396
-298
117
20
439
652
854
1433
1671
2058
2544
2676
3207
3447
3701
3966
4072
4169
4201
4168
4006
3746
3508
3367
2988
2356
1792
1357
1015
581
-158
-613
-1279
-1735
-1984
-2303
-2541
-2772
-2957
-3336
-3183
-3055
-2911
-2792
-2534
-2245
-2063
-1786
-1368
-1089
-645
-377
98
332
411
812
910
920
912
957
861
733
629
470
272
12
-344
-699
-945
-1249
-1478
-1665
-2031
-2368
-2494
-2436
-2495
-2457
-2500
-2436
-2223
-2073
-1923
-1689
-1349
-1190
-768
-444
-284
68
282
477
584
763
1061
1094
1045
1130
959
973
926
876
809
637
428
174
41
-18
-201
-404
-476
-552
-465
-354
-151
15
127
320
524
787
1058
1297
1578
1852
1967
2175
2478
2807
2867
2969
3205
3452
3601
3558
3565
3615
3316
2967
2839
2731
2249
1670
1167
734
344
-48
-501
-1150
-1558
-2024
-2280
-2468
-2733
-2853
-2966
-3138
-3151
-2863
-2809
-2584
-2537
-2210
-1785
-1522
-1164
-889
-509
-182
30
185
397
635
943
935
793
623
640
550
279
112
-88
-291
-531
-808
-1081
-1398
-1525
-1793
-1800
-1851
-2061
-2111
-2237
-2233
-2145
-2148
-2053
-1714
-1618
-1472
-1274
-812
-675
-436
-183
-30
195
135
487
627
664
788
765
803
740
711
709
524
410
297
226
91
29
104
-49
-115
-147
-79
-45
42
133
210
363
467
690
806
1047
1285
1389
1541
1841
2113
2407
2700
2863
3033
3219
3452
3545
3544
3570
3353
3091
2786
2577
2368
1905
1318
928
615
133
-387
-798
-1116
-1508
-1919
-2214
-2338
-2496
-2441
-2677
-2850
-2719
-2578
-2414
-2432
-2159
-2126
-1819
-1556
-1301
-1021
-607
-328
-229
-4
241
443
506
434
503
315
460
170
219
18
-206
-278
-731
-723
-1142
-907
-1407
-1440
-1566
-1724
-1947
-1913
-1990
-1965
-1894
-1880
-1808
-1726
-1605
-1608
-1314
-1260
-910
-778
-460
-331
-156
26
329
439
394
572
542
765
765
745
665
534
395
393
194
54
44
-67
-188
-230
-235
-191
-383
-342
-142
-137
-34
74
160
402
723
804
1142
1354
1528
1729
1933
2328
2442
2657
2804
2893
3125
3155
3188
3272
3121
2788
2568
2575
2403
2096
1703
1309
900
569
98
-363
-770
-1138
-1422
-1788
-1984
-2120
-2234
-2261
-2329
-2208
-1989
-1947
-1919
-1885
-1660
-1467
-1204
-954
-548
-187
38
272
468
805
819
957
1161
946
933
963
917
766
479
311
168
-59
-311
-451
-675
-848
-1092
-1301
-1454
-1540
-1785
-1872
-1892
-1808
-1773
-1832
-1639
-1461
-1338
-1197
-1085
-872
-681
-445
-247
-67
107
212
324
326
449
397
540
466
624
594
601
497
447
387
163
50
-6
-17
-171
-189
-347
-209
-242
-238
-230
-54
102
153
317
477
771
968
1070
1254
1522
1772
1979
2119
2408
2627
2720
2792
2878
2910
2757
2652
2503
2448
2200
1930
1434
999
684
433
138
-310
-754
-1098
-1510
-1767
-1900
-2122
-2265
-2468
-2514
-2635
-2505
-2277
-2050
-1958
-1771
-1520
-1281
-984
-696
-430
-151
59
263
464
483
757
796
609
604
628
507
454
294
18
-4
-232
-508
-473
-681
-978
-1162
-1367
-1394
-1498
-1655
-1712
-1886
-1996
-1904
-1800
-1698
-1590
-1497
-1416
-1260
-1116
-937
-750
-516
-322
-97
166
401
439
556
619
708
744
661
670
710
711
543
319
261
146
-16
-119
-276
-288
-326
-297
-330
-286
-151
-45
56
180
337
518
655
829
1165
1292
1563
1787
1874
2089
2338
2515
2540
2628
2651
2667
2568
2429
2414
2234
2091
1991
1709
1347
911
577
253
12
-324
-651
-1020
-1460
-1368
-1795
-1725
-1973
-1909
-2098
-2138
-2051
-1816
-1761
-1593
-1342
-1059
-966
-672
-579
-204
-65
193
220
311
557
486
811
500
681
517
531
409
188
337
-63
-12
-358
-470
-751
-1030
-1108
-1342
-1300
-1508
-1526
-1602
-1682
-1821
-1660
-1594
-1538
-1404
-1289
-1064
-1035
-914
-797
-583
-408
-274
-104
-27
165
121
227
411
448
431
420
375
248
472
115
317
254
19
233
171
27
138
221
208
312
343
266
278
528
669
759
885
1039
1098
1106
1333
1645
1902
2007
2175
2202
2308
2468
2523
2614
2680
2826
2626
2523
2463
2315
2272
2068
1770
1461
1258
881
608
347
28
-255
-553
-820
-987
-1146
-1200
-1254
-1271
-1350
-1373
-1465
-1432
-1162
-1061
-846
-650
-486
-404
-188
-37
140
344
386
432
484
640
629
580
586
662
678
440
197
170
85
-173
-458
-651
-716
-883
-1023
-1161
-1210
-1239
-1414
-1458
-1582
-1629
-1559
-1487
-1502
-1522
-1474
-1329
-1149
-1088
-922
-828
-587
-486
-443
-254
-121
86
215
234
267
470
335
453
400
304
300
238
259
193
243
276
194
121
40
57
92
61
204
334
333
493
568
636
791
868
954
1023
1229
1324
1566
1567
1718
1830
1843
1941
2035
2180
2181
2284
2258
2156
2072
1967
1847
1726
1286
1020
926
692
329
90
77
-468
-505
-805
-947
-925
-1132
-1126
-1204
-1290
-1294
-1230
-1257
-1049
-938
-956
-805
-619
-593
-414
-287
-112
-81
-64
81
228
284
328
425
410
211
176
105
-15
-4
-144
-285
-357
-554
-884
-1104
-1247
-1310
-1396
-1560
-1651
-1698
-1742
-1826
-1728
-1619
-1624
-1508
-1475
-1329
-1126
-974
-763
-684
-528
-315
-125
-118
99
240
387
567
451
701
553
756
703
598
606
452
704
407
600
305
378
278
238
126
77
219
-91
340
164
142
423
309
366
814
680
1080
1181
1256
1576
1545
1867
1840
2108
1931
2118
2278
2241
2406
2135
2297
2034
1862
1867
1286
1325
1063
744
679
266
106
67
-352
-460
-682
-946
-1071
-1196
-1141
-1255
-1194
-1226
-1188
-1229
-1183
-1095
-852
-749
-619
-370
-175
20
-23
247
117
184
255
398
409
278
254
243
91
-240
-59
-255
-202
-461
-731
-891
-990
-1073
-1432
-1382
-1362
-1480
-1563
-1503
-1501
-1510
-1403
-1364
-1250
-1122
-1047
-850
-747
-499
-270
-158
53
148
228
421
529
628
776
832
823
843
877
881
823
838
726
640
555
522
635
424
345
394
370
261
243
301
283
332
378
378
375
545
754
873
1057
1229
1331
1422
1573
1768
1881
1927
2035
2108
2309
2261
2283
2385
2474
2198
2060
1819
1621
1519
1200
1045
884
656
349
109
-197
-450
-627
-876
-1061
-1243
-1265
-1268
-1332
-1296
-1441
-1506
-1351
-1195
-1220
-1255
-957
-770
-792
-732
-642
-409
-292
-277
-107
-88
-113
0
13
105
73
-24
-166
-227
-271
-479
-600
-738
-878
-1001
-1273
-1197
-1247
-1465
-1465
-1531
-1475
-1473
-1412
-1350
-1298
-1143
-1119
-880
-716
-576
-500
-274
-25
240
420
473
829
842
859
720
833
933
854
657
698
679
479
562
511
475
368
245
292
224
95
129
76
155
159
79
369
310
375
458
515
546
625
874
1025
1125
1336
1556
1541
1631
1737
1876
2016
2204
2273
2222
2263
2302
2143
1998
1830
1682
1522
1291
1099
734
435
177
-17
-173
-469
-788
-1040
-1213
-1412
-1421
-1507
-1625
-1632
-1712
-1665
-1627
-1574
-1460
-1272
-1079
-984
-787
-778
-507
-348
-366
-205
-289
-66
-54
-29
108
-105
-114
-161
-371
-376
-523
-559
-557
-762
-882
-976
-1109
-1153
-1264
-1501
-1430
-1456
-1497
-1328
-1441
-1175
-1220
-1195
-1104
-941
-761
-720
-584
-448
-290
-153
14
254
406
546
527
659
665
681
767
796
779
456
460
515
406
360
243
241
107
25
-14
-65
-44
-26
-24
-72
34
142
207
295
381
516
733
848
1077
1282
1458
1615
1686
1928
2166
2208
2261
2337
2320
2460
2384
2435
2326
1980
1530
1511
1621
1177
851
554
421
-10
-147
-406
-738
-769
-1158
-1357
-1466
-1403
-1474
-1387
-1381
-1400
-1448
-1380
-1219
-1092
-892
-809
-635
-510
-464
-251
-17
89
272
364
278
244
354
287
317
398
265
124
97
-10
-69
-216
-428
-502
-522
-808
-1125
-1131
-1132
-1016
-1122
-1091
-1037
-1085
-956
-944
-854
-723
-563
-448
-246
-132
61
302
538
469
429
595
703
741
757
914
858
932
855
695
704
587
534
488
370
424
281
176
140
-3
-35
-72
-14
108
143
120
237
417
671
582
789
809
990
1342
1506
1696
1637
1948
2111
2207
2180
2165
2254
2144
2011
1719
1648
1629
1467
1115
804
599
272
101
11
-230
-476
-768
-1056
-1311
-1502
-1473
-1498
-1540
-1615
-1720
-1628
-1444
-1327
-1204
-1050
-876
-794
-554
-369
-184
20
63
147
299
229
335
489
561
468
254
28
-49
-10
-84
-244
-546
-554
-559
-723
-858
-844
-898
-1078
-996
-1150
-1186
-1129
-952
-838
-770
-465
-643
-594
-375
-226
-169
-100
-5
90
181
178
308
303
320
317
300
407
367
419
439
361
279
142
108
119
61
-26
-112
-198
-220
-264
-253
-117
-70
-78
-60
15
207
402
502
616
630
647
840
1001
1158
1401
1499
1575
1645
1619
1733
1730
1779
1632
1669
1491
1510
1404
1240
1181
998
758
361
168
-109
-132
-506
-434
-766
-842
-949
-1115
-1229
-1463
-1376
-1733
-1539
-1568
-1496
-1459
-1480
-1295
-1403
-1285
-1204
-1094
-960
-913
-780
-619
-528
-465
-386
-237
-300
-304
-318
-249
-208
-354
-346
-576
-530
-720
-618
-802
-802
-859
-988
-1121
-1191
-1036
-1142
-1051
-1165
-1086
-1026
-806
-753
-681
-561
-334
-228
-186
-70
53
215
340
570
544
686
807
793
801
889
890
839
964
928
825
924
855
861
760
849
700
643
828
739
912
776
795
861
979
1122
1096
1131
1283
1366
1496
1543
1455
1507
1446
1408
1328
1170
1060
1012
953
793
559
350
193
48
-102
-148
-324
-623
-765
-867
-1056
-1216
-1319
-1279
-1193
-1235
-1313
-1236
-1221
-1100
-889
-960
-924
-714
-714
-709
-533
-443
-419
-334
-331
-251
-146
-93
-44
59
-41
-82
-96
-231
-271
-353
-424
-485
-456
-423
-546
-559
-615
-669
-810
-895
-829
-710
-784
-736
-660
-700
-604
-470
-383
-466
-421
-354
-282
-256
-104
21
106
95
148
226
232
98
309
249
205
269
157
250
186
239
238
370
395
325
363
360
543
462
497
443
529
523
584
700
676
688
752
862
903
998
1044
1154
1213
1223
1293
1277
1247
1188
1155
1175
1078
1031
1001
981
647
477
401
225
100
-63
-173
-292
-532
-621
-692
-743
-757
-959
-1123
-963
-1091
-1389
-1258
-1135
-1070
-994
-1120
-1174
-969
-943
-778
-741
-670
-569
-507
-388
-404
-426
-420
-349
-475
-490
-618
-683
-602
-569
-767
-761
-683
-755
-864
-867
-840
-713
-666
-877
-905
-909
-874
-794
-714
-636
-532
-520
-411
-332
-329
-218
-117
56
47
132
252
391
561
558
662
735
780
799
822
864
929
856
829
834
855
807
746
658
607
732
705
728
697
661
466
530
562
458
612
659
766
734
807
834
849
830
710
737
760
693
638
623
488
379
172
-63
-93
-306
-629
-502
-767
-789
-1032
-912
-1045
-1329
-1307
-1295
-1351
-1303
-1261
-1262
-1255
-1138
-1193
-1169
-1133
-1048
-1005
-841
-897
-874
-806
-726
-581
-611
-607
-655
-489
-521
-358
-374
-294
-303
-357
-395
-442
-420
-425
-451
-533
-456
-651
-644
-736
-700
-529
-457
-535
-612
-525
-570
-275
-413
-173
-166
-24
79
194
273
237
454
437
511
633
750
757
762
1046
990
939
1230
935
896
896
1008
1014
824
875
813
942
974
876
740
675
852
824
853
926
933
1022
1031
1052
1007
1023
960
1000
955
961
933
902
911
777
571
431
569
506
297
274
305
139
-28
-86
-198
-336
-421
-460
-485
-448
-531
-504
-522
-663
-676
-763
-836
-882
-822
-693
-730
-743
-711
-631
-652
-757
-693
-539
-593
-489
-438
-408
-441
-531
-506
-510
-438
-394
-422
-442
-397
-413
-431
-501
-599
-548
-533
-451
-618
-616
-483
-432
-452
-500
-496
-393
-259
-279
-309
-165
22
130
216
240
361
364
404
401
445
447
537
554
616
541
518
433
480
612
619
648
652
726
710
781
755
725
777
845
833
895
1000
955
931
942
979
955
978
979
833
883
781
621
645
480
532
387
402
338
165
-17
5
-27
-166
-189
-333
-259
-521
-583
-431
-471
-643
-582
-604
-568
-604
-633
-662
-862
-840
-755
-808
-931
-783
-728
-704
-754
-800
-722
-729
-624
-606
-672
-598
-574
-702
-693
-648
-585
-578
-526
-584
-613
-631
-643
-677
-749
-718
-659
-684
-651
-516
-530
-473
-514
-385
-373
-393
-290
-322
-213
-176
27
-30
31
115
115
148
139
256
256
279
229
336
219
267
303
277
131
201
125
177
245
199
349
214
369
400
375
403
337
445
419
455
423
389
414
344
409
310
271
364
296
250
116
314
258
48
82
168
124
75
118
-43
-94
-236
-356
-337
-270
-476
-430
-529
-740
-638
-595
-694
-649
-781
-708
-731
-722
-718
-646
-645
-647
-554
-552
-525
-498
-430
-384
-423
-458
-437
-512
-323
-415
-430
-436
-431
-316
-273
-432
-461
-421
-506
-393
-443
-432
-417
-250
-205
-198
-220
-154
-36
-133
-101
-20
211
224
63
245
262
367
357
302
346
483
458
470
280
255
347
348
385
334
336
409
540
581
595
609
627
483
436
508
494
532
499
593
530
552
734
744
550
589
855
820
749
916
890
862
801
749
910
798
745
739
757
796
690
647
492
407
314
162
157
191
291
72
21
-79
-138
-288
-327
-318
-416
-267
-440
-343
-427
-499
-552
-538
-443
-490
-475
-481
-511
-411
-469
-461
-499
-465
-622
-596
-498
-574
-540
-637
-548
-559
-609
-640
-647
-631
-571
-603
-436
-369
-426
-385
-338
-365
-346
-250
-172
-148
-52
8
-36
39
177
190
88
152
205
70
139
152
186
133
-20
16
12
166
234
137
163
208
208
185
89
93
88
279
164
193
251
260
365
468
345
316
426
406
514
386
423
385
458
561
432
436
557
484
492
544
412
527
510
277
344
264
138
210
72
-62
-107
-185
-223
-406
-308
-310
-337
-360
-486
-475
-489
-484
-440
-423
-500
-397
-477
-451
-413
-409
-305
-427
-464
-448
-424
-406
-434
-407
-313
-296
-416
-587
-554
-490
-494
-526
-650
-370
-359
-512
-403
-377
-360
-381
-368
-260
-158
-160
-274
-172
-50
-13
25
18
-60
-35
-7
-19
-44
-169
-108
-242
-98
-84
-52
-48
29
140
87
131
5
8
-2
-90
-280
-389
-382
-262
-478
-337
-490
-321
-407
-410
-461
-162
34
-42
-19
47
243
90
296
127
95
135
225
183
206
211
169
228
46
190
141
175
32
245
39
197
64
81
129
47
117
23
118
100
35
114
24
-146
-33
-154
-216
-183
-203
-266
-214
-224
-307
-268
-167
-278
-216
-152
-182
-321
-141
-33
-108
-38
-142
-209
-141
-40
-158
70
-138
-110
24
-143
-124
-190
-61
17
10
23
93
51
11
92
69
8
11
151
243
220
251
267
299
328
348
352
249
175
192
284
264
176
282
262
292
197
109
-12
-18
202
141
5
15
38
37
115
61
134
129
131
107
44
72
-1
-9
92
102
107
73
133
139
107
90
139
98
102
53
103
165
95
219
187
112
97
85
11
-25
14
-13
-2
-57
-165
-188
-273
-319
-304
-492
-438
-480
-439
-367
-523
-501
-622
-527
-552
-553
-463
-462
-373
-567
-562
-450
-440
-430
-462
-419
-371
-267
-235
-271
-342
-336
-234
-331
-243
-252
-224
-306
-213
-145
-255
-233
-337
-294
-311
-224
-178
-115
-90
-94
-63
-65
-54
-5
53
176
134
147
265
176
193
104
45
123
108
283
125
-14
257
194
159
197
-239
95
225
-15
52
34
79
128
59
-129
-63
-109
-121
-119
-34
-83
-99
-74
-39
-50
-60
-31
16
59
139
85
81
233
178
149
213
274
261
293
221
289
283
207
143
127
201
112
127
115
137
82
23
34
0
-104
-124
-181
-267
-257
-347
-417
-418
-351
-356
-243
-243
-342
-258
-241
-177
-171
-176
-234
-246
-263
-216
-238
-221
-26
-46
50
28
-56
-222
27
-111
-123
112
-29
137
8
66
72
-23
6
-240
-12
-210
-276
-113
-393
-252
-273
-479
-176
-244
-418
126
-312
12
-120
-64
104
13
71
-35
12
2
100
-158
-66
-233
-163
-343
-202
-380
-326
-313
-540
-169
-511
-207
-317
-162
-104
-151
-89
-74
-30
43
70
18
64
-95
61
-63
-101
-15
-30
-59
22
62
-48
17
84
78
155
202
181
192
121
18
2
-12
37
-22
35
43
79
-48
-199
-79
-59
106
-77
-56
-28
-111
41
139
-34
-107
64
86
84
77
93
207
300
164
186
225
184
250
313
284
205
250
306
181
215
207
208
139
107
172
31
26
-6
-113
-3
82
-14
-7
58
42
62
121
194
257
246
201
232
169
104
144
184
113
200
310
203
90
-51
-140
-183
-171
-120
-97
-196
-108
-96
-34
-107
-162
-149
-97
93
-14
-1
-24
23
-79
-254
-215
-303
-134
-210
-283
-256
-168
-208
-184
-130
-239
-195
-141
-78
-127
-225
-117
-41
-58
-222
-179
-87
27
-58
-99
-95
-96
-112
-195
-185
-185
-169
-285
-253
-212
-183
-88
-165
-183
-141
-165
-141
-91
-68
-14
-36
4
1
-12
93
117
84
-16
