-19
-9
87
-16
63
146
155
147
116
26
99
176
195
134
240
181
123
155
155
106
184
75
205
180
86
184
154
171
33
120
113
172
277
342
244
230
204
18
334
190
157
162
92
157
254
143
98
201
150
285
270
256
179
137
261
26
143
119
164
90
202
244
187
227
115
92
48
171
213
160
226
117
251
390
294
284
117
145
169
90
113
182
128
-8
-102
-100
-42
-13
-78
-4
-98
-187
-79
104
104
176
135
102
216
10
55
-32
7
-34
-39
-102
-120
-17
-70
93
95
49
-44
-43
22
19
-80
-170
-95
-96
-15
-90
-246
-436
-510
-490
-385
-325
-233
-154
-172
-289
-315
-263
-220
-351
-339
-325
-440
-281
-207
-372
-339
-227
-411
-408
-411
-329
-249
-227
-103
-69
-49
-209
-215
-196
-280
-40
-116
-60
-20
-126
-73
-294
-276
-186
-30
-173
-205
-88
-93
-55
-151
68
64
-68
-175
-94
0
-26
85
146
102
58
172
114
219
130
121
181
151
220
90
133
198
83
153
193
28
122
183
238
162
115
125
102
373
339
175
171
5
165
119
69
275
240
223
170
233
169
190
313
299
279
374
394
396
273
356
480
435
469
315
405
454
399
430
351
311
384
308
141
277
356
286
347
411
389
442
361
252
192
350
480
271
57
241
355
578
406
323
350
391
422
281
328
387
445
400
334
425
331
258
215
232
293
215
255
163
124
166
197
78
35
98
46
38
13
-85
-62
-144
-168
-116
-104
-331
-319
-207
-196
-151
-217
-194
-160
-189
-218
-157
-40
-70
-243
-112
-101
-148
-31
-132
-98
-231
-292
-308
-311
-254
-335
-115
-80
-246
-283
-174
-144
-200
-119
-136
-242
-26
-194
-234
-200
-252
-290
-224
-103
-219
-99
-107
-113
-132
-150
-219
-130
-129
-183
-88
-56
-97
-133
20
-138
38
-30
-200
-13
67
-54
-37
-57
-29
58
-6
-34
-96
48
-78
-78
5
-48
-22
-89
25
-26
-103
-60
-97
-138
-8
17
74
7
-70
-9
36
25
42
76
-41
7
-31
-20
-93
-71
-58
13
38
78
12
-76
-58
-64
34
21
57
27
138
75
-6
-31
12
164
80
111
-91
16
70
-100
-136
-153
-63
-30
-18
-30
35
-3
-26
3
47
-138
-49
-81
-89
33
-24
-20
-7
-33
16
-92
-241
-288
-211
-139
-258
-196
-328
-124
-169
-316
-294
-244
-396
-381
-256
-398
-450
-396
-439
-463
-330
-371
-383
-417
-284
-363
-283
-137
-157
-156
-224
-285
-254
-313
-377
-184
-97
-118
-137
-211
-358
-458
-419
-393
-468
-587
-584
-383
-250
-296
-419
-269
-380
-388
-294
-374
-112
-200
-183
-231
-140
-101
-121
-181
-158
-100
-62
16
40
141
-85
-12
74
-80
-86
-105
-100
-75
-39
-36
-159
-166
-231
-26
37
64
41
146
110
-119
-24
-64
-152
-170
29
-1
-65
-44
-75
-59
-52
70
150
98
175
213
143
107
257
190
83
88
-81
-80
29
55
94
38
82
60
194
251
258
250
270
312
334
290
162
212
271
442
309
-17
57
40
58
45
136
252
182
71
37
143
149
143
140
120
152
236
-15
127
221
31
56
55
28
56
87
8
-129
-46
-8
-67
-219
-269
-178
-202
-131
-102
-201
-183
-222
-182
-187
-223
-256
-313
-306
-248
-223
-103
-24
-232
-365
-247
-245
-211
-152
-129
-101
-190
-259
-253
-246
-282
-251
-206
-185
-163
-176
-140
-28
-99
-118
-244
-150
37
-36
10
-54
-151
-68
-62
1
-35
-60
-5
-135
-26
-71
-78
-26
-72
-215
-162
-87
-36
5
-91
80
-20
-81
44
-50
-131
-57
-29
-212
-184
-196
-128
-86
-46
-205
-102
-142
-115
0
-163
-98
-76
-27
-187
-227
-183
-276
-185
-160
-59
28
13
-39
-52
-30
-91
-147
-128
-5
-127
-161
-4
37
32
-64
-75
-54
-118
-7
-52
-45
-7
-16
46
15
-14
100
50
-22
-142
-7
108
-1
-9
-100
-49
26
-14
4
-66
-171
-124
-209
-195
-168
-131
-158
-125
-178
-217
-266
-189
-193
-193
-248
-225
-214
-283
-207
-273
-425
-433
-496
-585
-485
-395
-450
-494
-335
-336
-403
-361
-282
-295
-244
-506
-339
-326
-469
-363
-399
-538
-480
-401
-569
-604
-505
-396
-243
-240
-186
-233
-231
-404
-481
-259
-260
-198
-64
-178
-316
-189
-396
-352
-289
-401
-330
-187
-253
-427
-472
-227
-218
-192
-383
-399
-289
-355
-162
-152
-113
-54
-110
-72
-126
-130
-3
-97
-188
100
-65
-171
-127
8
-22
-83
86
-115
81
124
57
-49
-94
103
68
32
205
137
77
21
72
-101
-52
182
165
-3
26
-119
-459
99
-471
-69
-79
-277
76
-522
54
-242
-23
179
-477
6
-234
-94
-136
-312
104
-432
-99
-149
-416
96
-348
-83
-40
-31
-56
-429
87
-256
99
197
-114
384
-120
319
71
-39
330
-242
319
-208
-137
272
-158
222
-244
20
145
-204
315
-297
217
160
-78
265
-149
405
-228
147
453
14
468
-307
219
-77
-133
151
-355
274
-158
-95
-99
-118
115
-227
237
-175
11
85
-297
118
-398
182
-184
-152
-12
-381
98
-383
-29
-135
-255
-21
-469
1
-293
-12
-334
-324
-163
-488
7
-519
-157
-255
-625
67
-540
-218
-337
-352
-253
-575
-2
-631
-171
-375
-285
-215
-558
-192
-406
-164
-615
-260
-414
-489
-29
-425
-66
-314
-313
-431
-281
-234
-496
-186
-605
-157
-315
-236
-248
-400
-218
-173
-94
-538
-57
-551
-136
-323
-394
-124
-341
-121
-393
-149
-486
-275
-124
-669
-144
-330
-358
-224
-116
-123
-507
-178
-368
-199
-368
-281
-454
-225
-590
-280
-97
-249
-47
-393
158
-390
82
-406
-118
-145
-459
-49
-677
21
-530
-31
-317
-63
-215
-479
30
-623
176
-477
-22
-137
-196
-148
-372
-55
-460
-172
-323
-13
-478
5
-447
-189
-143
-391
14
-809
271
-546
-139
-194
-555
-48
-333
29
-364
-306
-562
-42
-494
-230
-433
-478
-142
-381
-110
-665
-9
-698
-33
-332
-286
-292
-339
-86
-653
-29
-892
-155
-731
-364
-608
-609
-457
-721
-334
-845
-298
-804
-20
-984
-492
-715
-863
-454
-1127
-758
-1115
-672
-1169
-612
-798
-992
-673
-378
-488
-632
-282
-378
-471
-658
-229
-664
-416
-544
-611
-567
-597
-647
-453
-595
-802
-460
-947
-445
-719
-540
-600
-389
-778
-266
-522
-562
-420
-448
-257
-229
-315
-215
125
-577
-81
-460
-169
-330
159
-623
248
-487
-355
-294
-119
-143
-327
-255
-160
285
-534
29
-561
47
-506
93
-404
-114
-381
72
-222
-230
-116
-261
224
-578
278
-235
233
-262
152
-291
303
-225
207
-104
-23
52
-55
129
-169
277
-218
180
-143
198
-122
-216
-88
282
-469
274
-125
228
162
90
-122
354
-489
85
27
52
-3
-350
88
-300
255
-581
59
-390
-167
-195
18
-189
194
-435
161
75
-326
13
-98
-285
20
-386
-143
-55
-681
28
-162
-750
265
-572
-228
-49
-410
57
-658
-229
-181
-556
-324
-254
-782
-30
-742
-398
-130
-793
-78
-476
-680
-72
-840
-718
76
-950
-142
-260
-686
230
-986
-17
-509
-819
37
-900
-497
-178
-1067
-86
-654
-483
6
-700
-522
-190
-415
-398
-554
-277
-376
-613
187
-798
-249
50
-717
-295
-326
-702
180
-547
-475
154
-987
-54
-93
-570
274
-692
208
-97
-883
555
-850
-187
154
-985
481
-659
-263
-129
-779
343
-925
-181
227
-714
373
-398
-461
712
-955
257
-241
-638
440
-1012
300
-129
-536
728
-991
128
-165
-628
892
-978
424
-180
-642
726
-1028
431
-42
-608
806
-884
244
-135
-699
551
-880
74
-65
-705
390
-692
-211
-61
-1030
442
-727
178
-3
-856
654
-1235
29
-190
-767
422
-710
409
-251
-536
309
-916
27
-149
-579
186
-575
-115
-210
-802
22
-730
-410
227
-1224
354
-443
-507
-6
-867
-81
-383
-336
-308
-858
24
-164
-1040
205
-1032
-330
-290
-908
90
-1207
-207
-285
-1383
355
-1394
-467
-112
-934
583
-1262
404
-301
-752
520
-989
-60
-17
-677
741
-838
-8
104
-1090
383
-944
-71
113
-600
361
-749
-316
-182
-607
299
-508
38
-43
-413
517
-751
267
-43
-175
578
-842
578
-482
-65
311
-619
747
-578
137
111
-736
921
-838
506
88
-500
716
-964
701
-420
-123
417
-810
580
-910
117
-166
-614
699
-1074
556
-539
-497
764
-872
832
-396
91
600
-822
841
-781
556
286
-548
844
-696
264
-339
267
433
-618
614
-152
-396
627
-276
737
-259
534
131
-267
481
-245
214
-187
419
241
-283
154
251
47
5
386
46
224
-153
498
66
72
584
382
320
17
258
-95
217
192
214
290
141
-305
168
-176
-129
175
-314
42
156
-137
130
-209
-308
551
-583
31
-111
-357
185
-629
218
-468
-463
361
-843
124
-480
19
-141
-831
553
-947
240
-318
137
-104
-264
339
-788
103
-549
-136
-192
-251
-45
-193
-314
-272
-312
111
-666
190
-479
-378
-58
-463
67
-307
-340
-147
-249
-568
-48
-322
-153
-159
-136
-378
40
-186
-227
351
-262
225
7
215
3
-385
343
-327
299
282
-266
-143
-84
-327
-157
43
-393
-133
87
-553
244
57
81
271
-174
-132
169
198
-347
251
-270
51
373
-493
294
-70
-200
202
134
-601
385
98
-522
634
-772
429
-330
-287
-39
-320
-2
-311
251
-232
-102
-92
-60
-95
-29
11
183
-400
-133
177
-148
112
-301
63
-579
118
-233
-589
349
-1050
206
-403
-261
15
-104
-33
-476
428
-280
-310
-251
150
147
-420
86
-134
234
-521
254
-575
-338
208
-697
308
-702
74
-392
-618
-155
-706
166
-461
-459
-22
-882
-145
-726
-23
-557
-361
-373
-693
-66
-969
-11
-707
197
-578
28
171
-553
307
-507
-217
266
-157
-341
60
-424
319
119
-275
-212
319
-278
-439
640
-564
429
-135
-458
539
-399
260
-414
317
367
-414
418
-50
304
-114
533
-61
397
235
158
499
-287
423
37
207
-246
537
-28
27
372
-668
632
-24
-37
320
96
459
32
447
64
134
-249
398
-60
-402
633
-64
331
-120
433
81
329
235
280
558
326
148
630
318
17
714
-14
623
331
402
488
-24
595
210
-196
710
29
482
444
377
861
54
548
322
641
372
545
457
636
483
251
288
514
261
51
870
-31
937
108
346
-93
476
414
20
831
-239
537
161
235
-41
228
-63
-9
265
180
-38
-31
128
-271
74
-486
401
-281
-151
92
11
-217
255
-259
-39
-298
-307
78
119
-205
57
-341
-493
117
-461
64
-245
-139
28
-122
-213
-3
-306
179
-465
352
-419
102
-214
-227
449
-483
-233
52
-250
-207
234
-446
152
-225
166
-313
-125
76
-332
-324
124
-427
-217
-336
-406
-58
-386
483
-803
-299
127
-984
147
-231
172
-180
40
143
-314
-122
-173
-427
361
-481
176
-487
-289
103
-511
37
-476
-46
-630
142
-369
-508
183
-761
185
-396
-339
276
-334
151
-552
117
-94
6
89
-487
155
61
-760
363
16
-462
-3
-201
-129
-105
-399
265
-880
-83
-180
-683
25
-205
-388
-232
-192
-358
-230
-618
-43
-721
-141
-332
-43
-31
-594
4
159
-1151
348
-280
-982
143
-840
-242
-520
-404
-30
-436
-399
-574
-279
21
-786
-70
-586
-775
124
-514
-515
-534
-993
-952
-706
-394
-972
-924
-883
-787
-873
-656
-492
-887
-558
-1125
-704
-1058
-471
-1773
-444
-915
-1168
-432
-1072
-521
-1245
-905
-225
-503
-1374
175
-1004
-878
-776
-670
-1054
-852
-671
-1068
-805
-1044
-1183
-997
-1263
-466
-1417
-1139
-921
-1015
-1059
-1034
-700
-1181
-897
-798
-1280
-540
-1070
-1119
-173
-1269
-538
-899
-909
-1112
-445
-566
-907
-789
-1006
-541
-1287
-434
-623
-1120
-616
-669
-509
-887
123
-824
-651
-663
-603
-787
-594
-798
-627
-1201
-172
-550
-887
112
-1344
-262
-861
-165
-1005
-100
-196
-885
512
-1106
-7
-192
-1063
-262
-727
-607
-305
94
-838
38
-418
-851
-257
-596
-405
-858
213
-924
-58
-379
-127
-443
-115
348
-965
490
-1134
131
-116
-540
257
-1102
146
-542
-960
162
-378
-38
-263
-136
-663
141
-630
-94
-535
66
-245
-733
278
-388
-87
-834
304
-1248
155
-379
-36
-270
-304
-424
-497
-351
-569
-25
-830
-93
-910
-21
-586
-314
-625
-451
-437
-485
-500
-153
-950
-254
-372
-714
-709
-393
-694
-834
474
-465
-328
22
-796
-574
-467
-412
-513
-1106
-102
-565
-832
-446
-457
-1015
198
-598
-591
804
-1037
-379
-112
-861
-178
-376
-188
-645
34
-334
-567
-451
-346
-74
-602
-278
-125
-417
-507
39
-520
-276
-613
-274
-440
442
-270
-436
312
-1243
1081
-1422
-87
227
-1079
251
-650
432
-1052
170
-75
-899
627
-236
-582
668
-624
-379
155
-301
-1038
469
-583
-760
717
-1134
412
-370
-171
-165
-894
600
-251
-590
802
-1009
326
327
-412
433
-130
-482
252
461
-671
280
-190
-423
20
-260
578
-321
28
-139
18
112
-355
676
-665
523
56
470
-300
412
119
-395
117
-280
579
-3
516
595
-255
316
45
518
-82
215
116
-379
240
-80
538
-9
175
222
293
129
45
124
-298
205
-30
295
37
-14
-419
519
182
-710
850
-712
-69
117
-512
470
-333
-19
-465
294
-220
-7
484
-105
-198
1277
-1256
691
-3
397
211
394
976
-216
927
9
-290
1189
10
-177
148
323
0
406
329
-328
1196
-630
458
290
79
726
331
958
80
478
744
-338
1472
354
77
654
550
-44
153
1712
-643
1114
470
26
1127
39
1070
288
1007
313
233
1223
-416
1252
231
833
526
939
366
422
1387
-513
2118
-666
1722
306
894
1040
544
1288
-4
1719
-776
1877
768
-140
1690
46
1511
437
998
1019
96
1364
471
689
1005
-379
860
452
668
857
1085
1121
557
1362
596
1438
776
576
1364
528
838
1181
156
878
-15
1644
-135
1061
786
491
718
786
1196
-428
1852
227
686
1166
335
142
860
840
-416
1223
368
-418
1895
-494
175
1507
-1219
1684
-273
565
659
76
1275
22
943
-23
765
361
-115
142
248
89
774
-97
634
-404
469
770
-170
1096
-365
1034
331
503
328
-397
518
-21
408
995
-910
1382
478
-532
1376
-623
794
797
-35
540
1200
-164
803
617
469
10
862
-35
34
778
785
212
36
1357
14
1282
131
1077
326
-50
1900
280
412
1163
-94
248
1326
110
465
1069
-573
1093
547
120
1098
-8
906
265
1355
-163
599
895
404
536
458
191
866
276
-622
1146
-63
1060
503
1048
107
-217
1729
310
787
868
382
664
-357
1233
-19
321
1482
-500
990
610
-214
1434
-90
902
266
934
300
559
2034
-1394
1205
1047
-299
952
520
-416
1138
531
265
1529
-594
781
523
304
297
798
-126
132
867
275
409
1332
-386
952
622
267
920
572
-235
1075
282
92
837
-216
778
-144
410
610
-140
467
-355
551
58
796
415
-189
1075
-778
851
619
-120
151
717
-268
441
779
-645
644
151
764
-457
1357
-173
1075
177
-237
2221
-1647
1514
1384
-914
1627
498
-460
1288
669
-247
28
1829
-1140
674
2071
-1529
2030
474
-245
1553
-31
1341
48
828
1039
-449
1825
-16
776
543
736
1882
80
1402
1190
541
1059
1339
1055
723
1534
-156
1803
1277
485
1289
-127
1935
-344
2399
-52
1571
838
833
1118
1141
937
1185
869
1214
1627
-2
2345
-116
615
2025
225
1343
1748
959
731
2138
452
1486
1588
644
2300
312
2748
-286
1322
1617
53
2122
346
1918
1112
1238
1876
1340
1036
2519
-36
1410
2417
476
2124
1041
1756
993
917
1746
1567
1357
2004
1012
1613
697
2023
730
1548
977
1416
2031
1486
1185
1167
1459
1197
1684
1178
2245
87
2298
739
1619
1622
226
1312
1479
495
2562
1254
577
1272
806
502
1893
1094
1723
1004
2094
593
692
1924
-476
2890
1245
1113
1266
832
1689
1053
1276
1262
462
1180
1977
1058
1990
1181
824
1951
1097
1334
449
1645
1470
1069
2133
105
1491
666
1389
1906
1086
1306
1074
1896
629
1594
1748
1839
702
2788
73
1829
1590
1142
1108
1777
126
2417
1286
376
2631
1053
1726
291
2714
-713
3273
503
2002
1025
2075
1228
1287
1162
2314
728
369
3242
-750
2739
547
1784
1578
594
1052
1981
468
2425
1870
471
2222
312
1728
1566
512
2324
1292
1163
1848
511
1934
1153
1865
849
2184
611
1713
527
2743
484
1155
2755
442
1878
1745
519
2601
1079
1396
763
2075
770
718
3685
-614
2549
1697
1508
1725
2202
831
2128
717
1567
1042
2052
1420
444
2979
-15
2278
1272
1441
1928
746
1661
1420
1699
1837
-298
2940
388
611
1615
959
1174
686
1569
1172
925
1914
624
2778
512
326
1963
454
1632
356
1657
1008
711
1077
713
823
1116
1000
1042
1350
1149
1443
1146
1894
603
1666
1315
1809
1286
1594
1389
1059
1897
1088
1513
829
656
2036
946
1965
712
1420
1773
504
1933
1133
1133
2137
538
2150
1644
1446
1626
1295
970
1812
1908
931
1204
1931
345
2067
1131
1400
1823
741
1918
713
1827
1356
1373
860
942
1678
1860
862
2820
-89
2734
799
1261
2134
268
2598
520
1548
1893
1325
1360
2324
441
1927
937
2582
299
1682
1808
1030
1472
486
2209
601
1896
1123
2255
287
1426
2064
1028
1943
1958
867
2043
2310
521
3104
411
1438
1528
604
1776
903
1547
826
720
1641
714
1462
1864
953
1148
1094
597
1735
1433
-134
958
1017
930
1498
564
1311
22
1209
1688
4
1929
1104
90
2399
308
1371
197
1326
1563
576
1033
-362
533
-115
1139
1578
576
878
102
878
637
2151
-981
525
322
322
-13
792
123
-18
1183
-19
658
391
977
-1062
2018
-981
870
-294
1097
494
-535
1372
-414
94
1051
103
512
-1049
1342
14
607
625
-388
605
-67
228
-673
59
468
-36
296
1706
429
-82
478
-216
-1
440
-82
676
677
-110
-318
-79
1137
-1290
1554
932
-556
1095
439
932
-599
632
-507
643
1609
-1374
1360
-325
-441
606
-548
-699
735
-579
318
1126
-500
252
757
-70
-1673
1057
-728
-873
868
-818
372
752
-497
-102
874
93
-520
774
-34
-491
-1190
697
-304
-571
315
-847
1871
-422
942
-215
1596
-809
-804
-98
61
-386
407
436
-505
-306
-841
-874
597
-636
-5
1779
-394
-354
-194
77
-1158
-290
-895
351
866
-901
-176
-430
-861
620
-143
569
352
-844
241
473
-1180
-626
-724
610
-1857
77
282
-663
364
-1101
-825
-357
-294
-1633
1597
-502
-161
461
-1126
356
-860
-2240
105
-1117
-1543
732
-1461
-26
-68
-1871
591
810
-162
-1374
1276
-466
-1819
414
-335
-1761
-212
-1111
-2312
1261
-1305
-648
1616
-1825
-1694
-99
341
613
1237
613
1554
-328
-49
-115
57
505
-572
3163
-27
798
463
-772
346
861
-377
578
1547
534
1170
-812
600
-131
-110
497
350
1072
539
989
1221
-167
-764
398
425
-626
343
1752
-309
254
349
-979
60
849
825
1050
1593
2332
94
480
80
-180
1287
730
917
1150
1394
381
1350
622
-628
841
350
-395
1353
613
696
167
98
266
654
687
1206
1497
557
702
459
126
-494
38
1109
483
216
116
246
868
-369
234
690
1420
1331
1040
1435
906
891
-166
-349
258
1083
315
815
102
-422
-452
-17
194
-521
589
506
1241
279
563
-356
-952
309
-38
365
-112
-308
234
-164
-252
-611
-536
-308
-567
556
237
307
478
-996
-537
719
-707
207
1310
59
88
522
-938
-396
-97
-1766
-80
246
-176
716
492
-284
-958
-35
-525
-450
862
-292
282
155
-762
-407
-590
-1260
-506
-628
-272
151
272
-380
-236
280
-849
196
-161
417
290
369
219
255
-413
-808
-297
-239
170
809
243
-527
-343
-1441
-968
-673
-386
-625
-454
572
284
-12
-478
-983
-981
-326
438
596
645
106
-257
-597
-244
-684
-747
-590
-489
136
-220
-339
-613
-1564
-1189
-631
-698
-493
-21
-322
-234
-548
-984
-859
-550
-830
-524
366
-42
-301
-276
-259
-342
-190
-169
-316
539
103
339
657
-64
-252
-169
-59
-69
376
219
558
-157
186
-20
11
324
-269
229
-129
143
-35
-395
-36
-67
-232
-71
-222
-689
-812
-549
-400
-532
-689
-693
-879
-880
-1089
-983
-787
-980
-1191
-957
-1086
-1414
-1473
-1999
-1522
-1775
-1822
-1733
-2035
-2092
-2367
-1874
-1784
-1862
-1666
-1742
-1562
-1773
-2311
-2150
-2002
-1857
-1722
-1490
-1778
-2023
-2136
-2223
-2105
-2074
-1935
-1467
-1385
-1568
-1189
-1180
-1097
-1046
-1211
-1084
-226
-348
120
431
-238
60
31
106
243
474
713
1252
1480
1224
959
1120
1006
1233
1845
1738
2252
2250
1878
2013
1807
1589
1981
2090
2115
2645
2567
2456
2358
2080
2274
2645
2792
2937
3516
3870
3985
3670
2223
1421
1162
609
949
1308
1024
405
-312
-1032
-1659
-2650
-3279
-3183
-2891
-2338
-1623
-1678
-2149
-2891
-3013
-2802
-2554
-1704
-882
-311
158
388
169
-19
-523
-1046
-1108
-851
-318
-253
-791
-1502
-2162
-2749
-3255
-3321
-3439
-3345
-3522
-3383
-3366
-3705
-4082
-4067
-4159
-3783
-3295
-2799
-2374
-2364
-2018
-1982
-1588
-1483
-1217
-628
-60
571
870
752
860
653
728
1061
1493
1617
1779
1665
1596
1454
1520
1815
1482
1651
2068
2224
2148
2419
2507
2464
2499
2726
3141
3550
3457
3361
3568
3440
3288
3579
4447
4528
3918
2784
1235
5
-337
-99
-210
-388
-502
-868
-1755
-2503
-3172
-4123
-4754
-4424
-3226
-2056
-1781
-1888
-2241
-2717
-3079
-2416
-1357
-619
224
978
1884
1872
1280
659
165
591
954
1562
2147
1553
661
-415
-1285
-2025
-3072
-3738
-4487
-4698
-4158
-4658
-5570
-6301
-7112
-7436
-7223
-6577
-5925
-5283
-5165
-4470
-4105
-4072
-3808
-3697
-2909
-2294
-1419
-894
-857
-921
-1439
-1606
-1598
-1704
-1569
-1460
-1316
-1127
-1050
-1265
-1431
-1674
-1295
-644
133
731
1132
1764
2249
2521
2684
3148
3620
4266
5124
5548
5696
5698
5831
5801
5655
5623
5768
5926
5868
5620
5089
4513
4293
3535
769
-1562
-2080
-1693
-2046
-2883
-2808
-3075
-4374
-5410
-5103
-5022
-5601
-5809
-4215
-2415
-1617
-1534
-1150
-1054
-1392
-719
572
1914
2564
2824
3392
3539
2736
2033
1498
967
701
569
674
293
-918
-2373
-3681
-4443
-4904
-5569
-5635
-5721
-6237
-6914
-6983
-6877
-7521
-7727
-7037
-6255
-5413
-4804
-4161
-3841
-4059
-3831
-2972
-2279
-2147
-1738
-1634
-1954
-2178
-2905
-3129
-3307
-3713
-3738
-3701
-3524
-4119
-4570
-4198
-4087
-3992
-3521
-2663
-2000
-1462
-849
-1
910
1377
2052
3235
4529
5083
5331
6324
6674
6159
6287
7017
7167
7472
7389
7029
6246
5301
4722
4547
4427
4193
4163
3681
3349
3016
591
-2888
-4553
-3833
-2737
-2864
-2886
-2074
-2840
-4476
-4916
-4184
-4112
-4443
-3046
-17
1765
1739
1518
1086
482
66
1299
3088
4170
4048
4071
3851
2599
928
-143
-668
-975
-818
-356
-465
-1807
-3916
-5184
-6007
-6360
-6379
-5975
-5235
-5417
-5808
-5797
-5514
-5889
-6100
-5297
-3994
-2908
-2014
-1543
-1905
-2473
-2695
-2481
-2367
-2269
-2366
-2206
-2433
-3220
-4060
-4609
-4982
-5468
-5215
-4915
-4401
-4255
-4511
-4356
-3871
-3463
-3034
-2130
-930
57
903
1921
2929
3357
3568
4129
4802
5523
5886
5840
5808
6113
6386
5870
5680
6159
5805
4887
4526
4735
3869
3032
3434
4151
4062
3690
3961
4129
2566
-1362
-3745
-2629
-1376
-1696
-1872
-922
-1248
-3180
-4268
-3559
-3630
-4613
-3589
-526
1513
1195
800
568
-386
-1165
-88
1872
2906
2871
3037
2997
2082
362
-1073
-1758
-2361
-1892
-1540
-1171
-2074
-3804
-5402
-6121
-6502
-6556
-6237
-5567
-5248
-5659
-5458
-5428
-5869
-6207
-5595
-4340
-3174
-2562
-2214
-2262
-2732
-3423
-3403
-3021
-3156
-2965
-2839
-2947
-3319
-4196
-5059
-5621
-5886
-5792
-5218
-4450
-4131
-4452
-4462
-4204
-3749
-3328
-2819
-1308
-55
633
1211
2023
2391
2282
2939
4122
4599
4647
5089
5601
5468
5173
5237
5591
5505
5544
5769
5675
5563
5031
4872
4802
5038
5002
5104
5658
5881
5580
3476
-695
-3533
-2759
-832
-941
-2124
-1987
-2008
-3801
-5430
-4772
-4632
-5198
-4538
-1401
1698
1661
614
284
-58
-365
604
2484
3765
3673
3006
2981
2340
295
-1496
-2488
-2568
-2334
-1884
-2047
-2955
-5018
-6773
-7144
-7061
-7008
-6683
-5804
-5406
-5748
-5548
-5129
-5120
-5498
-4795
-3386
-2155
-1294
-1349
-1530
-2030
-2598
-2989
-3013
-2908
-3156
-3371
-3702
-4379
-5282
-6187
-6665
-6663
-6254
-5851
-5066
-4427
-4573
-4513
-3906
-3102
-2476
-1804
-652
968
1959
2495
2852
3381
3597
3935
4797
5594
5527
5200
5429
6051
5902
5804
5710
5794
6387
6276
6195
6574
6436
5332
5061
5268
5397
5939
6573
6546
6593
5151
839
-3921
-4266
-1163
-454
-2147
-2323
-1381
-2702
-5207
-5300
-4112
-4825
-5011
-1928
2469
3402
1901
1106
958
656
961
2900
4819
5174
4383
4036
3512
1661
-923
-2862
-3248
-2905
-2316
-1995
-2732
-4892
-7055
-7740
-7595
-7208
-6752
-5736
-4717
-4280
-4332
-3903
-4035
-4591
-4240
-2788
-1260
-695
-621
-1107
-1641
-2420
-3158
-3590
-3871
-3894
-4057
-4243
-4765
-5712
-6710
-7113
-6984
-6695
-6104
-5195
-4253
-3699
-3264
-2756
-2274
-1892
-1194
55
1313
2443
3032
3288
3436
3639
3841
4001
4345
4651
4938
5095
5198
5150
5189
5058
5087
5278
5615
6423
6989
6874
6871
7046
7256
6779
6617
7387
7939
7695
5904
1957
-2438
-3946
-2691
-1908
-2811
-3428
-3102
-3676
-5326
-5887
-5293
-5584
-5541
-3010
890
3266
3000
2393
2017
1873
2115
3273
4767
5347
5016
4543
3822
1980
-412
-2841
-4109
-4437
-4209
-3839
-4216
-5757
-7168
-8360
-8515
-8019
-7569
-6565
-5021
-3521
-2659
-2306
-2348
-2567
-2769
-2242
-1120
-207
-292
-574
-1083
-2010
-3186
-4434
-5169
-5544
-5513
-5551
-5838
-6434
-7353
-7636
-7937
-7633
-6818
-5944
-4812
-3648
-2857
-2377
-1717
-1319
-922
42
1544
2588
3015
3246
3591
3566
3454
3118
2995
3398
3694
3962
4098
4116
3988
3661
3615
4385
5395
6069
6423
7175
7727
7687
7715
8071
8429
8585
8640
8415
8988
8889
6205
1738
-2967
-4999
-3944
-3282
-4101
-4865
-5255
-6227
-7515
-7495
-6964
-7094
-6739
-3909
377
3122
3346
3010
2672
2650
3062
4525
6008
6132
5623
4987
4082
2007
-958
-3494
-5196
-6080
-5746
-5268
-5526
-6876
-8395
-9457
-9508
-8896
-8314
-6704
-4716
-2777
-1290
-692
-959
-1742
-1719
-839
-390
258
612
169
-968
-2331
-3588
-4973
-6191
-6908
-6522
-6084
-6434
-7004
-7334
-7695
-7903
-7437
-6268
-5052
-3793
-2776
-1621
-555
-186
-30
475
1334
2333
3023
3209
3520
3333
2606
2339
2358
2448
2394
2601
2906
2829
3097
2747
2783
3485
3914
4932
6104
7294
7882
8068
8577
9010
9241
9658
10319
10940
10751
10004
9884
9545
7310
3669
-1175
-4978
-5542
-4553
-4293
-5118
-5913
-6268
-7050
-7916
-7530
-6133
-4769
-3194
-37
3722
5536
5319
4821
4551
4768
5423
6532
7030
6586
5144
3632
2022
-511
-3442
-5871
-7008
-7466
-7423
-7604
-7896
-8780
-9681
-9880
-8998
-7530
-6218
-4776
-2763
-656
575
1070
1054
742
423
1209
2216
2449
1834
245
-1806
-3831
-5058
-6318
-7802
-8317
-7945
-7611
-7676
-8139
-8554
-8850
-8657
-7286
-5287
-3433
-2192
-1179
-339
461
795
992
1323
2123
3038
3440
3525
3127
2399
1592
816
557
682
998
1554
1902
1903
1547
1581
1946
2617
3663
4745
5937
7362
8499
9342
9975
10758
11030
11355
12231
12813
12182
11109
10701
10174
7087
1057
-3740
-6336
-7340
-7414
-7177
-7321
-8621
-9477
-9537
-9030
-8623
-7725
-6080
-2888
1077
4670
6610
6851
6528
6353
6530
7155
7610
7174
6147
4715
2963
713
-2144
-5291
-7931
-9533
-10078
-9892
-10052
-10432
-10802
-10755
-10013
-8943
-7473
-5635
-3634
-1339
1101
2796
3616
3839
3865
3446
3199
3452
3363
1996
186
-966
-2610
-4493
-6155
-7420
-8718
-9534
-9521
-8895
-8671
-8710
-8299
-7392
-6107
-4803
-3522
-2348
-910
525
1770
2675
2862
2649
2776
3223
3556
3075
2342
1963
1254
101
-405
-786
-1282
-1549
-1066
-320
-51
132
403
1049
2049
3568
4942
6162
7517
8739
9967
10812
11264
11403
11623
11843
11395
10967
10481
9405
7820
7101
5087
-511
-6985
-9998
-9519
-8417
-8468
-8546
-7787
-7702
-8098
-7862
-6482
-5307
-4314
-1503
3497
7792
9030
7755
6606
6003
5539
5402
5538
5088
3384
1778
367
-1587
-4699
-8100
-10704
-11571
-11035
-10128
-9383
-9221
-9419
-9201
-8213
-6612
-4870
-3225
-1185
1305
3881
5293
5572
5174
4773
4747
4390
3361
2144
820
-455
-2092
-3392
-4944
-6849
-8393
-9023
-8882
-8866
-8885
-8282
-7249
-6391
-5459
-4306
-2993
-1689
-471
683
2112
2917
3100
3056
3122
3316
3019
2620
2073
1514
785
66
-686
-1365
-1878
-2147
-1854
-1490
-945
-177
626
1383
1914
2503
3557
4853
5939
7354
8613
9769
10700
11002
11096
11019
10756
10656
10266
9599
9091
8447
7183
6094
5433
3214
-2259
-8345
-10602
-8617
-6482
-6793
-6959
-5704
-5118
-6074
-6274
-4762
-3503
-2874
-169
4943
8616
8294
6048
4764
3763
2574
1924
2528
2544
1117
-497
-1438
-2763
-6070
-9338
-11046
-10750
-9869
-8494
-7035
-6434
-6529
-6482
-5383
-4026
-2853
-1580
648
3215
5139
6096
5835
4791
3401
2516
2152
1506
303
-973
-1928
-3355
-4738
-6255
-7749
-8783
-8836
-8153
-7649
-7310
-6545
-5627
-4944
-4213
-3481
-2344
-1288
-177
1060
1912
2518
2515
1940
1499
1562
1293
692
121
-143
-396
-911
-1583
-2214
-2380
-2634
-2252
-1687
-991
-272
322
1146
2059
3099
3677
4863
6067
7221
8026
8946
9862
9873
9916
9572
9757
9645
9147
8547
7691
6872
6244
5899
5063
3308
-84
-5356
-9880
-10261
-7647
-6342
-7324
-7011
-5242
-4789
-5843
-5639
-4217
-3369
-2294
1335
5891
7525
6098
4739
4363
3471
2335
2263
2532
1775
532
40
-356
-2449
-5689
-8139
-8729
-8365
-7454
-6279
-5115
-5012
-5028
-4459
-3587
-2673
-2146
-840
1274
3329
4444
4821
4226
3075
2240
1644
797
-632
-1872
-2748
-3334
-3833
-4682
-6182
-7343
-7818
-7618
-7271
-6725
-5914
-5338
-4342
-3324
-2945
-2776
-2392
-1660
-545
433
1019
1281
973
475
440
380
-5
-774
-1296
-1020
-872
-1286
-1799
-2385
-2562
-2301
-1631
-784
-190
337
866
1961
2890
3830
4271
5039
6144
7073
7977
8457
8941
9181
9143
8939
8775
8526
8289
7050
6111
6082
5836
5017
3935
2030
-3066
-9105
-10560
-7294
-5467
-7005
-6716
-4041
-3486
-5077
-5041
-3358
-2806
-3261
-242
5214
7661
6669
5459
5349
4637
3121
2031
2185
1947
710
501
730
-480
-3604
-6544
-7760
-7994
-7362
-6160
-5075
-4400
-4435
-3853
-2788
-2141
-1696
-1080
563
2542
4139
4776
4653
4122
3239
1884
129
-802
-1477
-1769
-2201
-2584
-3017
-4469
-5794
-6418
-6354
-6231
-5876
-4876
-3508
-2544
-2205
-2214
-2121
-2234
-1647
-681
89
700
1021
1197
931
603
-123
-604
-855
-741
-422
-105
-183
-437
-768
-1019
-986
-638
-147
653
2001
2929
3540
3939
4057
4225
4678
5882
7177
7701
7968
8688
9402
9074
8628
8376
8170
7743
7050
6766
6572
6260
5256
4335
3021
-1216
-7622
-10094
-6993
-4928
-6259
-6409
-3630
-2655
-4586
-4913
-2942
-2498
-3186
-958
3784
6856
6301
5523
5505
4857
3556
2640
2458
2079
1493
1112
1424
564
-2045
-4916
-6746
-7367
-7014
-6129
-5313
-4953
-4658
-4117
-3359
-2835
-2916
-2443
-1053
860
2472
3417
3617
3114
1953
323
-899
-1371
-1208
-1608
-1960
-1867
-2389
-3628
-5134
-5896
-6270
-6308
-5850
-4819
-3781
-3611
-3663
-3627
-3575
-3528
-3101
-2453
-1676
-519
336
741
626
224
-15
-47
-178
-79
437
1019
1233
1085
584
34
-151
66
386
1365
2212
2560
2871
3283
3792
3800
4007
4661
6050
7288
8138
8750
9045
8852
8264
7892
7706
7314
6786
6498
6569
6740
6129
5323
3741
-1991
-8738
-9564
-5748
-4596
-6276
-5437
-2251
-2123
-4433
-4288
-2848
-3284
-3699
-420
4722
6865
6034
5443
5598
5214
3532
1980
1366
1023
822
1138
1687
600
-2443
-5381
-7079
-7489
-7102
-6528
-5855
-5075
-4288
-3546
-3102
-2978
-2979
-2575
-1333
633
2281
2611
2000
1643
1179
144
-900
-1411
-1675
-2122
-2176
-2121
-2570
-3842
-5515
-6117
-6073
-5931
-5666
-5134
-4400
-3887
-3609
-3535
-3660
-3458
-3084
-2263
-1253
-225
545
645
696
831
984
885
370
568
1063
1387
1488
1378
1015
842
588
618
1435
1966
2340
2566
3238
4072
4781
5152
5399
6139
7029
7651
8161
9028
9406
8882
8683
8596
7955
7619
7605
8019
7497
7156
6082
898
-6392
-8975
-5672
-4572
-6791
-6362
-3108
-2765
-4934
-4744
-3002
-3523
-4642
-2248
2737
5822
5752
5886
6536
6390
4931
3249
2399
1921
1564
1727
2580
2029
-556
-3571
-5215
-6001
-6479
-6434
-6103
-5417
-4298
-3366
-2845
-2683
-2759
-2563
-2038
-754
652
1682
1823
1825
1983
1861
646
-607
-1249
-1472
-1499
-1804
-1811
-2561
-3818
-4595
-4685
-4943
-5667
-5838
-5107
-4198
-3515
-3382
-3461
-3119
-2576
-2216
-1860
-959
-15
471
661
1403
2051
1765
1369
1272
1604
1475
1021
1133
1512
1335
925
1267
1638
1631
1748
2366
2911
3274
3624
4215
4777
5276
5561
5946
6622
6709
6973
7685
8189
7994
7331
7056
6838
6335
5742
5580
5967
6275
3743
-2265
-6736
-5642
-3958
-5320
-6343
-3998
-1808
-3014
-3823
-2637
-2427
-4090
-3890
-787
2531
3695
3867
4521
5213
4939
3268
2075
1504
1044
928
1498
2115
1270
-823
-2840
-3721
-4521
-4902
-5727
-5803
-4889
-4010
-3206
-3078
-2864
-3370
-3522
-2875
-1668
-995
-1204
-1429
-871
44
-92
-1084
-1347
-1456
-1895
-2118
-1981
-2028
-2781
-3248
-2861
-2566
-3139
-3955
-4336
-4044
-3584
-3414
-3516
-3369
-3094
-2810
-2430
-1808
-1241
-1265
-878
-67
912
1266
1283
1342
1691
1934
2163
2207
2190
2427
2696
2852
2874
3074
2995
2816
2804
3087
3265
3428
3613
3959
4297
4806
5509
5925
6164
6182
6429
6392
6325
6623
6723
6794
7138
7848
7760
4677
-1241
-4690
-3390
-2491
-4547
-5697
-3943
-2653
-4099
-4901
-4024
-4635
-6256
-6005
-3012
-22
970
1642
3009
4196
4392
3265
2457
2279
2122
2320
3031
3318
2278
421
-1132
-2320
-3297
-4092
-5291
-5741
-5600
-4837
-4619
-4567
-4352
-4133
-4241
-3955
-3326
-3270
-3148
-2444
-750
710
986
703
570
550
351
-159
-464
-641
-948
-924
-745
-902
-1830
-3242
-4058
-4113
-4289
-4621
-4545
-3847
-2944
-2547
-2778
-2735
-2557
-2204
-1679
-482
914
1600
1876
2553
3183
3107
2675
2628
3006
3103
3478
3667
3844
3725
3097
2694
2726
2815
2494
2446
2936
3638
4009
4170
4756
5322
5630
5814
6297
6684
7066
7510
7987
8560
8925
9169
9071
7937
3845
-1292
-3067
-1854
-2309
-4433
-4318
-2711
-2923
-4657
-4793
-4459
-5604
-6639
-5387
-2569
-305
836
1920
3392
4483
4418
3413
2918
3033
3310
3556
4057
3949
2894
1403
-206
-1435
-2396
-3720
-5142
-5706
-5577
-5214
-5148
-5222
-5372
-5498
-5731
-5589
-4778
-3971
-3202
-2136
-730
332
512
432
555
563
588
469
431
261
-119
-437
-575
-1135
-2340
-3339
-3949
-4369
-4563
-4786
-4779
-4194
-3712
-3590
-3602
-3120
-2609
-2250
-1388
-93
991
1696
2072
2607
2911
2927
2745
2689
2985
3174
3180
3276
3429
3353
2737
2199
2094
1729
1663
1801
1809
2396
2802
3319
3706
4287
4746
5316
5880
6243
6795
7539
8120
8548
8969
9058
8362
4940
447
-1463
-733
-1235
-3445
-3905
-2667
-2787
-4217
-4675
-4443
-5598
-6817
-6239
-4323
-2357
-1045
155
1703
2988
3509
2963
2575
2581
2763
3182
3681
3913
3488
2639
1484
233
-1010
-2118
-3682
-4769
-4819
-4597
-4835
-5035
-5076
-5273
-5767
-5984
-5739
-5517
-4808
-3803
-2589
-1181
-118
22
2
334
595
487
426
560
472
467
456
110
-845
-1699
-2413
-3032
-3423
-3782
-3828
-3774
-3464
-3308
-3440
-3261
-2825
-2662
-2391
-1583
-889
-156
320
892
1464
1472
1657
1616
1651
1684
2045
2512
2713
2619
2655
2551
2207
2064
1989
2120
2141
2336
2657
3077
3551
3953
4351
4653
4718
5145
5744
6139
6703
6837
7216
7798
8168
7701
5238
1462
-880
-575
-778
-2373
-3348
-2689
-2216
-3276
-3816
-3506
-4276
-5958
-5954
-4768
-3294
-2410
-1614
-34
1109
2133
2134
1727
1599
1841
2042
2153
2447
2604
2414
1947
1353
760
-120
-1732
-2963
-3479
-3774
-3896
-4052
-4068
-4101
-4830
-5378
-5477
-5004
-4888
-4388
-3459
-2325
-1224
-823
-355
-175
233
333
424
701
940
1072
1008
838
407
-129
-1039
-1597
-1837
-2109
-2345
-2555
-2660
-2720
-2806
-2821
-2493
-2152
-1971
-1433
-1111
-670
-149
189
435
776
1282
1705
2086
2643
2836
2921
3141
3398
3648
3608
3609
3599
3759
3741
3616
3695
3689
3546
3560
3863
4183
4430
4649
5145
5043
5036
5528
5836
6071
6403
7120
7455
7167
5473
2209
-49
225
682
-874
-2277
-1640
-1025
-1993
-2772
-2882
-3532
-4917
-5479
-5060
-4182
-3460
-2645
-1637
-465
551
685
271
316
863
873
932
1322
1839
2105
1851
1580
1562
1178
-158
-1444
-2024
-2372
-2915
-3230
-3337
-3602
-3988
-4361
-4639
-4735
-4727
-4526
-4044
-3347
-2557
-1790
-1363
-852
-366
-290
31
227
202
201
288
398
103
-379
-624
-1027
-1540
-1811
-2109
-2437
-2633
-2483
-2564
-2606
-2209
-2331
-2237
-1798
-1365
-950
-572
-189
275
717
1201
1418
1671
2016
2411
2762
3038
3171
3156
3430
3691
3644
3481
3688
3451
3445
3462
3398
3501
3548
3721
4031
4265
4448
4623
4816
4971
5270
6099
6928
7317
7366
6858
4932
1951
403
896
502
-1300
-2218
-1260
-1037
-2095
-2750
-3033
-4010
-5328
-5803
-5456
-4627
-3817
-2848
-1784
-604
692
781
384
356
743
891
1150
1565
1971
2382
2355
2041
1716
1354
170
-1400
-2395
-2562
-3061
-3826
-3695
-3747
-4242
-4401
-4585
-4839
-4667
-4421
-4173
-3602
-2558
-1733
-1498
-987
-237
142
-37
-46
272
62
-30
-120
-488
-559
-881
-1043
-1159
-1552
-1931
-2296
-2613
-2621
-2449
-2474
-2268
-1978
-1609
-1448
-1276
-926
-674
-315
-58
293
715
1000
1327
1725
2194
2310
2230
2440
2412
2457
2276
2531
2721
2711
2501
2476
2745
2746
2967
2860
2966
3279
3711
4184
4331
4583
5025
5378
5717
6194
6948
7223
7193
7034
5751
2835
741
691
687
-697
-1983
-1545
-1164
-2054
-3014
-3399
-4114
-5292
-6105
-5953
-5019
-4075
-3028
-2083
-1005
50
284
153
147
626
1062
1525
1833
2249
2517
2494
2382
2161
1614
770
-457
-1343
-1850
-2288
-2985
-3477
-3510
-3573
-3697
-3870
-3920
-3759
-3825
-3505
-2867
-2127
-1444
-990
-541
-56
596
887
883
582
464
428
394
260
66
117
-223
-501
-940
-1258
-1713
-1918
-1993
-2157
-1940
-1840
-1545
-1402
-1171
-753
-580
-372
-172
105
367
880
1444
1883
2202
2380
2675
2795
2779
2650
2699
2861
2861
2798
2930
2997
2905
2904
2734
2698
2729
2894
3060
3282
3479
3697
4150
4316
4399
4845
5490
5935
6001
6055
6079
4834
1958
74
455
493
-969
-2111
-1594
-1342
-2298
-3242
-3560
-4048
-5154
-5754
-5527
-4762
-3785
-2954
-2166
-1145
-205
54
-43
12
409
788
1155
1501
1948
2230
2053
1812
1727
1448
437
-745
-1567
-2057
-2704
-3362
-3659
-3720
-3677
-3883
-4261
-4146
-3942
-4001
-3884
-3440
-2679
-2226
-1581
-925
-241
36
253
361
94
175
78
78
-149
112
199
-243
-638
-980
-1529
-2006
-2199
-2340
-2351
-2318
-2061
-1738
-1544
-1388
-1093
-988
-824
-411
-125
461
984
1443
1808
1992
2480
2590
2726
2792
2581
2684
2758
2720
2820
2952
2826
2685
2698
2673
2670
2653
2657
2572
2811
3161
3390
3579
3843
4019
4583
5446
5724
5731
5596
5839
4635
2276
713
472
382
-771
-1684
-1480
-1605
-2542
-3418
-3704
-4267
-5052
-5811
-5744
-4828
-3929
-3205
-2516
-1635
-789
-233
-307
-310
20
459
764
979
1394
1531
1474
1424
1127
774
-12
-1092
-1779
-2235
-2783
-3319
-3862
-3763
-3824
-4098
-4283
-4202
-3894
-3931
-3807
-3323
-2617
-1889
-1435
-818
-110
130
307
257
228
129
-26
1
12
-77
-197
-526
-844
-1104
-1539
-2068
-2223
-2273
-2366
-2399
-2221
-1749
-1386
-1262
-1043
-795
-489
-68
443
885
1453
1915
2265
2347
2573
2972
2897
2790
3027
3063
2822
2840
2724
2789
2786
2989
3039
3005
2938
3054
3174
3282
3602
3950
4283
4656
5326
6318
6880
7049
6965
5736
3163
614
153
780
154
-1474
-1586
-981
-1522
-2713
-3388
-3929
-5164
-6026
-6074
-4889
-3772
-2831
-2002
-1091
-115
308
473
203
492
1081
1794
2352
2786
3095
3155
2626
2049
1602
971
-101
-1298
-1679
-2213
-2785
-3215
-3402
-3677
-4082
-4380
-4467
-4397
-4195
-3738
-3393
-2424
-1685
-1327
-856
-472
36
56
16
243
417
483
403
397
253
-255
-598
-935
-1516
-2076
-2369
-2536
-2638
-2503
-2455
-2436
-2289
-2027
-1634
-1210
-815
-299
201
601
940
1267
1687
2036
2209
2370
2633
2527
2633
2724
2798
2972
2932
2802
2737
2725
2753
2869
2833
2640
2699
3184
3599
3748
4016
4376
4572
4827
5468
6013
6524
6828
6291
3954
711
-496
224
-74
-1731
-2442
-1510
-1577
-3077
-3673
-3561
-4573
-6187
-6195
-5197
-3736
-2766
-2092
-1017
35
507
585
417
518
926
1419
1929
2527
2957
3008
2426
1691
1330
552
-593
-1681
-1991
-2333
-2892
-3486
-3886
-4241
-4901
-5315
-5184
-4950
-4715
-4361
-3692
-2886
-2097
-1538
-1483
-1067
-427
-208
-44
235
438
571
599
420
-24
-490
-800
-1230
-1593
-2076
-2434
-2772
-2617
-2537
-2697
-2851
-2656
-2277
-2039
-1620
-1058
-491
-265
215
641
1086
1442
1886
1987
2089
2489
2534
2672
2868
2818
2824
2742
2735
2740
2922
3043
3250
3498
3514
3342
3399
3728
3830
3968
4102
4545
5093
5603
5986
6328
5623
3199
-353
-2066
-1206
-942
-2488
-3388
-2308
-1998
-3299
-4032
-3885
-4469
-5936
-6354
-5018
-3209
-2005
-1326
-591
439
1199
884
553
924
1085
1438
1976
2642
3095
2552
1907
1034
316
-465
-1653
-2765
-3254
-2911
-3246
-4037
-4576
-4818
-5220
-5853
-5835
-5293
-4871
-4270
-3391
-2189
-1251
-962
-770
-522
26
99
296
532
832
896
843
574
67
-645
-1451
-1870
-2193
-2261
-2659
-2818
-2809
-2910
-2875
-2991
-2841
-2350
-2062
-1567
-778
110
682
1085
1734
2343
2407
2787
3078
3476
3679
3809
3975
4060
4177
4235
4128
4043
3971
3548
3619
3846
4163
4128
4174
4582
4848
4812
4550
4924
5663
6326
6852
7004
6638
4212
38
-2196
-1000
-262
-2015
-3484
-2384
-1700
-3096
-3997
-3640
-4014
-5647
-5987
-4359
-2180
-758
-150
617
1646
2290
1938
1340
1512
2074
2667
3378
3799
3761
3272
2089
725
-355
-1145
-2351
-3692
-3995
-3719
-3653
-4285
-4994
-5504
-6249
-6921
-7092
-6359
-5270
-4330
-3414
-2211
-998
-695
-674
-450
-130
227
476
984
1028
1000
751
300
-418
-1338
-2335
-3052
-3305
-3499
-3673
-3881
-3663
-3700
-3939
-4027
-3925
-3150
-2717
-2263
-1065
133
970
1436
1969
2376
3020
3115
3274
3606
3911
4218
4412
4550
4312
4133
3866
3650
3471
3585
3460
3397
3564
3918
4071
3996
4157
4146
4612
5472
5907
6580
7324
7107
4793
571
-2273
-1791
-635
-1779
-3453
-2882
-1949
-3105
-4500
-4516
-4431
-5786
-6676
-4883
-2274
-684
-6
855
2024
2672
2538
1951
2020
2485
3008
3619
4288
4355
3646
2324
715
-620
-1552
-2502
-3904
-4704
-4639
-4467
-4953
-5897
-6501
-6889
-7256
-7275
-6515
-5279
-4357
-3314
-2057
-741
-397
-199
-48
319
727
1223
1637
1737
1797
1250
619
-430
-1436
-2531
-3481
-3792
-4013
-4235
-4440
-4521
-4550
-5081
-5131
-4712
-4093
-3344
-2299
-974
213
1191
1723
2174
2639
3019
3547
4014
4478
4738
4546
4402
4473
4139
3609
3305
3130
2872
2493
2531
2575
2683
2836
3090
3348
3581
3907
4281
4993
5758
6867
7600
7729
5726
1345
-1965
-1955
-329
-952
-2469
-2482
-1729
-2893
-4673
-4938
-5097
-6239
-7118
-5656
-2843
-776
-195
492
1541
2190
2268
1867
2013
2535
3276
4203
5003
4869
3902
2387
721
-468
-1383
-2314
-3583
-4397
-4493
-4490
-4947
-5760
-6732
-7561
-7781
-7295
-6519
-5663
-4130
-3068
-2018
-844
-163
-261
-393
130
691
1182
1785
2134
1740
1284
566
-474
-1810
-2635
-3163
-3606
-3844
-3961
-4249
-4636
-4679
-5172
-5310
-4755
-3831
-3052
-2204
-688
605
1420
2081
2707
3272
3906
4564
5020
5425
6125
6199
5994
5451
5008
4527
3946
3802
3790
3479
3030
2757
3057
3319
3260
3195
3507
4130
4556
5391
6344
7160
7910
8322
6900
2655
-1622
-2363
-509
-391
-2055
-2124
-1055
-2065
-4581
-5360
-5078
-6051
-7354
-6140
-2866
-543
16
337
1359
1884
1565
1303
1711
2576
3541
4612
5462
5449
4271
2354
285
-902
-1590
-2156
-2983
-3644
-3889
-4456
-5254
-6136
-7223
-8068
-8313
-7878
-6821
-5216
-3912
-3197
-2312
-1401
-861
-988
-856
-185
423
1085
1769
1795
1174
366
-410
-1365
-2145
-2999
-3680
-3781
-3913
-4122
-4573
-4882
-5175
-5661
-5587
-4778
-3631
-2846
-1845
-713
438
1305
1649
2114
2759
3618
4020
4676
5528
5936
5632
5041
5069
4771
4291
3993
3759
3692
3512
3173
2962
2857
2954
3236
3181
3496
3934
4716
5523
6615
7815
8782
8877
6993
2323
-2083
-2703
-575
-266
-2154
-2422
-1579
-2641
-5257
-6091
-5713
-6648
-7706
-5944
-2381
-71
370
484
1118
1665
1560
1251
2005
3074
4172
5043
5881
5658
4116
1963
-263
-1443
-1838
-2090
-2777
-3462
-3971
-4462
-5548
-6521
-6945
-7497
-7842
-6991
-5397
-4221
-3615
-2907
-1985
-1551
-1350
-993
-735
-78
495
621
1108
1127
223
-875
-1527
-2279
-3249
-3824
-4032
-4112
-4413
-4785
-5013
-5084
-5270
-5572
-5302
-4497
-3437
-2334
-1645
-706
394
1209
1523
1949
2836
3476
3943
4190
4606
5019
4808
4303
4049
3859
3561
3415
3416
3508
3239
2580
2497
2776
2965
3331
3768
3878
4448
5175
6051
6674
7433
8362
8952
8789
6305
1088
-2945
-2372
-119
-640
-2803
-2565
-1829
-3606
-5989
-5906
-5230
-6076
-6424
-4236
-537
1256
980
743
1582
1708
1347
1496
2106
3083
3563
3898
4073
2941
917
-1218
-2526
-2775
-2521
-2583
-3021
-3406
-3534
-4053
-5089
-5754
-5735
-5217
-4778
-4051
-3022
-2448
-2508
-2363
-2018
-1787
-1725
-1711
-1264
-766
-399
-449
-856
-1432
-1922
-2399
-2556
-2655
-2804
-2972
-3024
-2951
-3193
-3245
-3290
-2971
-2738
-2555
-2204
-1553
-1052
-817
-440
431
994
1051
1390
1664
2370
2601
2581
2425
2440
2795
2500
2291
2503
2945
2959
3482
3863
3980
3941
3627
3610
4209
5290
5961
6339
6520
6717
6570
6804
7493
7923
8549
9014
8740
5721
-153
-4533
-4223
-1644
-1890
-3608
-3115
-1704
-3174
-5561
-5143
-3968
-4646
-4782
-2006
1793
3469
2746
2283
2667
2355
1337
494
721
1467
1666
1908
1779
563
-1851
-4158
-5243
-4842
-3880
-3408
-3445
-3477
-3294
-3302
-3775
-4200
-4017
-3623
-2788
-1778
-1222
-1454
-2206
-2728
-2954
-2846
-2781
-2736
-2556
-2163
-2092
-2345
-2702
-3419
-3811
-3862
-3389
-3025
-3212
-3228
-3172
-2904
-3141
-3545
-3446
-3012
-2325
-1579
-939
-722
-637
-624
-388
-63
654
830
1038
1609
2154
2243
1819
1996
1833
1708
1953
2371
2535
2623
2906
3257
3531
3873
4002
4325
4806
5364
6049
6755
7290
7198
7234
7046
6992
7272
7730
8189
8546
7897
4289
-2438
-6350
-3723
-722
-2105
-3913
-2079
-540
-2913
-4949
-3823
-2639
-3696
-3455
157
3844
4011
1959
1475
2019
1643
111
-576
171
332
265
572
375
-1260
-3722
-5393
-5531
-4339
-3153
-2770
-2802
-2893
-2965
-3246
-3718
-3914
-3554
-3287
-3113
-2653
-2245
-2159
-2960
-3403
-3102
-3067
-3177
-3255
-2804
-2482
-2487
-2585
-2601
-2796
-3486
-3550
-3205
-2854
-2964
-3296
-3225
-2803
-3078
-3575
-3433
-2785
-2347
-2091
-1613
-1099
-609
-1061
-892
99
960
1038
752
1276
1945
1700
1311
1381
1850
2195
2172
2371
2575
2931
3108
3296
3682
4131
4300
3962
4347
5237
5886
6130
6149
6538
7022
6870
6519
6745
7297
7971
8326
8383
7800
4449
-1853
-6048
-4036
-393
-741
-2657
-1796
-183
-1956
-4291
-3840
-2545
-3170
-3308
118
4047
4379
1977
724
1168
863
-597
-953
-280
333
414
581
598
-1240
-3859
-5317
-4932
-3409
-1834
-1294
-1552
-1887
-2075
-2362
-2926
-2976
-2368
-1724
-1179
-722
-981
-1916
-3397
-4827
-4941
-3595
-2839
-2787
-2638
-1858
-1895
-2638
-3115
-3349
-3369
-2838
-1418
-956
-1315
-2228
-2760
-3105
-3352
-3670
-3450
-2555
-1747
-1362
-1329
-1269
-1739
-2028
-1705
-353
931
1658
1696
1697
1956
1723
1241
1009
1573
2537
2919
3285
3704
3705
3189
2949
3327
3921
4488
4661
5229
6197
6665
6280
6619
7077
6706
6311
6561
7414
7951
8618
8881
8450
4998
-1811
-6672
-4946
-115
133
-2135
-1252
819
-1406
-4603
-4432
-2469
-2717
-3026
325
4216
4748
1908
189
532
606
-813
-1392
-497
523
738
918
798
-1060
-3636
-5330
-4895
-2983
-1360
-911
-1298
-1752
-2303
-3073
-3800
-3967
-3625
-3033
-2233
-1533
-1697
-2615
-3802
-3926
-3141
-2636
-1982
-1915
-1447
-1147
-1308
-1822
-2037
-2272
-2454
-1881
-1214
-933
-1628
-2475
-2937
-2887
-2952
-3364
-3186
-2472
-1769
-1484
-1681
-1753
-2002
-2008
-1450
-285
989
1578
1239
976
1118
968
385
343
1302
2277
2886
3296
3461
3180
2972
2693
3039
3876
4611
4918
5256
5837
5788
5550
5521
5680
5649
6177
6873
7367
7321
7187
7260
7529
7961
6791
2674
-3194
-5719
-2797
655
-63
-1932
-1322
-716
-3275
-5116
-3654
-2158
-2834
-2449
1382
4318
3227
181
-776
-96
-386
-1288
-1044
147
329
-85
-4
-429
-2362
-4553
-5090
-3876
-1858
-560
-570
-1146
-1760
-2540
-3040
-3232
-2929
-2414
-1888
-1498
-1886
-3179
-4842
-5753
-5056
-3740
-2741
-2410
-2289
-1809
-1851
-2399
-2863
-2598
-2201
-1407
-327
226
-215
-1529
-2446
-2656
-2506
-2614
-2697
-1850
-1164
-829
-1290
-1931
-2062
-2143
-1906
-903
697
1554
1052
831
545
301
97
306
1170
2286
3047
3262
3293
3054
2711
2495
3406
4402
4812
5220
6019
6422
6279
6103
5891
5840
6288
7189
7435
6919
6704
6571
6399
7096
8025
7985
4481
-2064
-6005
-3480
841
461
-1684
-986
727
-1243
-4119
-3561
-1830
-2123
-2269
1062
4652
4300
937
-648
46
394
-558
-858
264
1085
1141
1044
704
-1217
-3586
-4717
-3378
-1007
440
472
-189
-818
-1629
-2647
-3082
-2815
-2332
-1368
-789
-578
-1279
-2906
-4799
-5334
-4565
-3926
-3124
-2043
-1241
-1237
-1620
-2178
-2838
-3136
-2793
-1499
12
193
-617
-1744
-2199
-2574
-3186
-3313
-2653
-1708
-1292
-1563
-1879
-2124
-2562
-2766
-2269
-802
392
495
349
357
261
-231
-297
440
1508
2277
2923
3367
3425
3144
2732
2976
3661
4658
5315
5933
6457
6706
6316
6007
5929
6134
6410
6345
6643
6961
7190
6964
6939
7123
7060
4042
-2312
-6369
-3978
651
665
-1647
-1489
159
-2083
-4977
-3892
-1455
-1441
-2097
1066
4447
4057
411
-1088
122
511
-460
-280
1102
1875
1292
775
745
-1191
-3445
-4086
-2538
-399
709
492
-541
-1691
-2500
-3027
-3352
-3073
-2408
-1550
-1007
-1113
-2175
-3599
-4247
-3728
-2802
-2578
-2841
-3000
-2380
-1734
-1730
-2065
-2114
-2083
-1860
-1025
-296
-611
-1693
-2124
-1785
-1534
-1962
-2534
-2447
-1658
-1341
-1880
-2292
-2392
-2297
-2226
-1659
-779
-606
-841
-776
-264
-6
-150
-218
131
1102
1835
1974
2240
2350
2508
2623
3013
3605
3944
4127
4494
5194
5563
5377
5081
5045
5164
5689
6457
6119
5554
5314
5785
5923
6207
7093
7367
5458
-479
-6280
-5793
-821
530
-1669
-1559
616
-983
-4792
-4968
-2542
-2008
-3024
-519
3756
4622
1158
-1142
-290
340
-709
-1213
658
1972
1650
1350
1331
-240
-2861
-4365
-2991
-524
965
772
-435
-1336
-2473
-3279
-3847
-3446
-2598
-1831
-1371
-1207
-1285
-2587
-3619
-3724
-2545
-1403
-1338
-1766
-2175
-2525
-2331
-1605
-1759
-1525
-1241
-958
-210
-306
-1270
-2657
-2665
-1951
-1564
-1718
-2024
-1976
-2045
-2577
-3089
-2950
-2783
-2389
-1807
-734
-114
-498
-1211
-1233
-428
132
525
1006
1661
2093
2295
2069
1813
1956
2642
3017
3626
4422
4349
4142
4283
4505
4742
5074
5380
5752
6347
6737
6425
5825
5953
6545
6579
6624
7528
8423
6686
903
-5381
-5745
-1208
890
-1150
-1462
553
-578
-4540
-5266
-2904
-2062
-3011
-745
3800
5240
2149
-623
-104
702
29
-287
1931
3580
3073
2071
1773
425
-2399
-3819
-2619
-28
1322
889
-400
-1831
-3202
-4309
-4572
-3906
-3040
-2422
-1719
-1345
-1696
-2757
-3550
-3432
-2277
-996
-298
-82
73
3
-679
-1951
-3202
-3474
-2540
-1244
-356
-163
-1394
-3136
-4050
-3636
-3313
-3245
-2691
-1827
-1374
-1925
-2987
-3659
-3670
-3155
-2236
-1102
-317
-185
-919
-1232
-1146
-1171
-1046
-418
962
1877
1994
1667
1353
1235
1253
1872
2754
3409
3364
3268
3708
3799
3539
3828
4300
5048
5714
6388
6652
6183
5571
5125
5479
6281
6960
7634
8268
7021
2392
-4659
-7388
-3825
211
-375
-1320
153
-144
-4375
-6789
-4486
-2352
-2367
-899
3783
5956
3276
-320
-925
243
256
90
2100
3929
3654
2411
1361
-30
-2707
-4385
-3431
-583
1292
1264
-201
-2218
-3827
-4857
-4827
-3925
-2536
-1302
-618
-497
-1007
-2390
-3679
-3615
-2177
-388
669
995
884
-2
-1363
-2773
-3652
-3197
-2198
-838
7
-325
-1859
-3761
-4490
-4375
-3551
-2801
-2236
-1492
-1486
-2314
-3571
-4080
-3800
-2898
-1882
-906
-424
-921
-1725
-2276
-2456
-2414
-2132
-1185
26
739
1011
492
-566
-505
312
1052
1764
2588
3331
3355
2897
2589
2709
2886
3487
4409
5191
5459
5275
5306
5076
4354
3913
4464
5445
6210
6770
7123
6481
3503
-2053
-6646
-5398
180
2447
216
-476
553
-1499
-5150
-4905
-1212
223
-47
2423
5536
4562
205
-2125
-801
487
569
1066
2867
3600
2137
210
-633
-1854
-3650
-3471
-1068
1287
1714
527
-1517
-3321
-4452
-3845
-2800
-1507
-414
320
232
-863
-1968
-3277
-3423
-2488
-827
511
791
347
-297
-1008
-1538
-1830
-1505
-849
-309
-380
-1130
-2115
-2935
-3350
-3224
-2613
-1968
-1883
-2180
-2255
-2320
-2758
-2959
-2525
-1829
-1655
-1614
-1467
-1641
-2171
-2550
-2448
-1778
-1096
-751
-342
-41
50
-179
-348
257
1165
1679
2381
2909
3156
2508
1893
2118
2856
3368
3661
4162
4351
4279
4056
3991
3795
3893
4165
4703
5438
5468
5694
6137
6444
5796
3617
-302
-3764
-3432
665
3050
1494
-254
-38
-716
-3646
-4219
-1622
15
-789
362
2883
2730
-614
-2730
-1682
-414
-282
138
1417
1828
874
-107
-545
-1075
-2196
-2293
-565
1242
1755
896
-501
-1812
-2832
-3077
-2527
-1518
-467
-228
-463
-1318
-2396
-3416
-3681
-2899
-1411
-48
274
50
-456
-1064
-1365
-1437
-976
-311
342
530
-157
-1517
-2808
-3379
-3168
-2465
-2074
-2142
-2338
-2558
-2936
-3610
-4321
-3994
-3117
-2278
-1989
-1961
-2102
-2811
-3120
-2947
-2119
-1311
-1215
-926
-447
-370
-356
-444
-130
494
988
1369
1823
1998
1521
1181
1358
2006
2325
2361
2510
2828
3056
3125
3146
3237
3724
4135
4483
4812
5519
5874
5416
5146
5817
6679
6171
3781
565
-1488
-230
2611
2938
1026
255
388
-1329
-3650
-3088
-1091
-1152
-1928
-406
1831
557
-2037
-2388
-953
-697
-1124
130
1443
1147
159
22
0
-846
-1770
-1400
17
1058
1054
457
-514
-1337
-2043
-2544
-2326
-1746
-970
-533
-721
-1279
-1902
-2649
-2941
-2643
-1348
-361
-386
-514
-435
-299
-909
-1160
-867
-480
-365
-77
48
-755
-2115
-3097
-3146
-2907
-2845
-2754
-2538
-2502
-2684
-3421
-3725
-3637
-3359
-2767
-2219
-1599
-1711
-2022
-2149
-2070
-1803
-1500
-1071
-536
-183
-380
-249
-131
44
134
426
975
1329
1362
974
945
1075
1462
1585
1813
2322
2727
2610
2952
3222
3406
3554
3749
4494
4687
4660
4689
4897
4951
5181
5734
6207
6304
5811
4622
1700
-550
-101
2098
2957
1525
886
1158
-240
-2801
-2938
-1111
-759
-1886
-1025
1199
707
-1871
-2509
-1147
-940
-1663
-705
1026
1287
322
426
1038
283
-967
-824
237
1021
1419
2099
2033
600
-680
-1040
-844
-716
-178
586
843
-5
-698
-1166
-1677
-2040
-1440
-351
-215
-318
-365
-540
-1055
-1666
-1595
-1262
-1290
-1002
-467
-485
-1416
-2475
-2775
-2685
-2826
-2470
-1751
-1379
-1672
-2223
-2673
-2746
-2800
-2629
-1876
-1299
-917
-927
-1409
-1980
-2146
-1830
-1352
-770
-251
-5
-211
-618
-798
-577
-507
-102
481
1122
1436
1070
940
937
558
423
1104
1767
2069
2425
2489
2438
2218
1854
1883
2305
2710
3006
3580
3659
3291
3058
2912
2859
3016
3555
4365
4073
2886
1084
-37
399
932
901
845
1130
1071
-153
-1434
-1021
-662
-1318
-1609
-287
917
359
-711
-701
-45
-838
-1628
-610
819
761
305
770
1347
466
-528
-379
61
285
386
1015
1324
837
-73
-345
-364
-680
-624
-224
54
-85
-358
-362
-668
-1277
-1287
-877
-682
-645
-370
-58
-415
-1340
-1731
-1654
-1540
-1487
-1113
-758
-1141
-1533
-1627
-1681
-1988
-1877
-1356
-812
-659
-1007
-997
-1080
-1471
-1837
-1653
-1414
-1180
-1098
-1106
-935
-1309
-1463
-1554
-1150
-934
-433
-91
-158
-298
-479
-252
105
334
559
869
692
779
584
547
613
544
637
1008
1122
1238
1239
1093
836
433
438
726
1002
1045
1028
878
775
750
709
972
1327
1537
1912
2392
2344
2376
2175
1339
774
1423
2254
2339
1855
1899
1910
957
150
605
1444
1163
475
788
1799
1275
175
118
546
83
-325
366
1154
468
-108
331
802
226
-245
218
536
313
49
483
671
370
-324
-173
-34
-40
-154
27
228
-211
-565
-290
-178
-260
-361
-687
-641
-256
-306
-482
-418
-580
-771
-837
-698
-663
-587
-945
-1095
-916
-827
-1142
-1196
-1135
-1073
-1048
-1141
-1076
-1063
-1218
-1220
-1111
-960
-765
-679
-528
-422
-373
-397
-541
-583
-343
-198
-61
-23
257
363
174
68
161
23
-141
-262
-98
219
104
-90
-49
177
13
126
86
338
617
669
907
1153
1172
1179
1323
1450
1584
1551
1893
2070
2108
2109
2157
2267
2216
2299
2602
2688
2380
1998
2014
2355
2481
2166
2036
2297
2085
1476
1305
1832
1714
768
461
995
1129
452
293
934
779
-23
-267
490
597
105
147
681
753
119
-231
55
18
-438
-312
142
159
-348
-528
-599
-727
-921
-625
-433
-441
-455
-502
-522
-714
-894
-1090
-1054
-921
-808
-620
-523
-715
-774
-1078
-1016
-813
-778
-673
-430
-132
-476
-607
-669
-783
-766
-870
-864
-593
-824
-1044
-1161
-1163
-1389
-1634
-1336
-1238
-1292
-1418
-1339
-1488
-1569
-1655
-1395
-1163
-1289
-951
-899
-1037
-1006
-808
-926
-715
-632
-384
-38
-79
-51
-4
221
256
201
400
516
598
730
801
978
920
917
866
1009
1051
1155
1454
1556
1579
1590
1688
1761
1754
1701
1917
2117
2171
2237
2297
2412
2294
1942
1825
2060
2283
2147
2171
2465
2458
1675
1423
1638
1726
1319
1204
1602
1427
939
412
691
578
69
-191
227
303
-264
-309
-77
-367
-940
-782
-486
-567
-844
-670
-409
-642
-867
-853
-654
-756
-917
-732
-712
-821
-952
-944
-708
-644
-669
-491
-363
-348
-509
-729
-654
-570
-733
-642
-485
-498
-660
-916
-920
-1034
-1152
-1263
-1215
-1165
-1265
-1483
-1469
-1287
-1676
-1667
-1461
-1340
-1343
-1509
-1344
-1345
-1567
-1407
-1402
-1369
-1374
-1111
-829
-739
-855
-838
-717
-879
-852
-674
-542
-281
-155
-100
108
61
-27
28
190
146
293
454
730
676
426
818
901
917
929
1104
1389
1464
1287
1260
1418
1393
1416
1489
1953
1981
2059
2101
2284
2471
2264
2429
2425
2498
2614
2529
2339
2021
1926
1882
1625
1669
1722
1502
873
556
967
943
612
559
847
860
537
453
741
751
219
120
663
785
293
263
489
492
169
200
459
299
140
293
550
423
72
150
107
-98
-210
-87
3
-265
-424
-503
-250
-424
-672
-700
-721
-548
-296
-185
-336
-421
-630
-451
-308
-159
-48
-207
-132
-220
-382
-445
-433
-437
-584
-699
-588
-507
-652
-909
-1053
-1146
-1194
-1332
-1312
-1132
-1270
-1301
-1262
-1265
-1450
-1460
-1311
-1395
-1276
-1126
-961
-929
-1072
-1143
-920
-665
-675
-520
-403
-261
-275
-195
6
68
166
250
429
465
509
542
499
601
618
599
694
763
830
851
713
710
615
546
812
749
685
791
734
709
566
876
1039
1012
1111
1082
1396
1450
1231
1193
1201
1341
1365
1420
1655
1743
1419
992
900
1089
904
417
522
766
712
266
99
168
12
-530
-335
19
26
-265
-198
117
52
-418
-415
-113
-259
-347
-177
264
270
-80
-314
-217
-431
-410
-107
159
164
-78
-118
-77
-136
-349
-290
-155
-17
249
184
116
-119
-241
-347
-358
-177
-276
-127
-202
-279
-379
-548
-690
-799
-744
-809
-696
-635
-595
-774
-941
-897
-1077
-1155
-978
-831
-908
-808
-940
-1033
-973
-1253
-1154
-918
-887
-926
-817
-858
-1072
-1219
-1378
-1178
-1131
-1346
-1114
-879
-899
-967
-1055
-829
-675
-583
-434
-356
-318
-369
-443
-455
-312
-333
-382
-206
-186
-254
-210
-291
-116
-279
-254
-151
-49
49
-92
51
31
-124
40
275
178
376
714
849
971
1063
984
855
807
884
1039
1286
1238
1218
1317
943
598
614
1014
961
522
753
942
725
323
207
555
386
203
535
872
811
63
-8
384
149
-168
164
542
229
-50
-58
15
-95
-307
-293
-222
-188
-237
-169
-187
-375
-566
-625
-547
-412
-289
-144
-65
-38
-138
-45
6
-96
-60
12
227
78
-145
-227
-269
-447
-505
-621
-440
-442
-754
-1025
-1076
-955
-1043
-902
-1044
-878
-1020
-961
-1115
-1041
-836
-611
-386
-529
-505
-708
-669
-715
-879
-867
-645
-666
-826
-740
-701
-752
-855
-859
-853
-867
-883
-934
-879
-922
-1035
-1114
-1211
-1142
-1210
-1187
-1165
-1149
-1155
-1219
-1186
-1150
-1130
-1039
-987
-887
-882
-549
-534
-565
-342
-292
-14
22
317
513
628
606
705
948
1064
1057
1290
1576
1750
1752
1755
1700
1573
1408
1459
1803
1619
1374
1318
1255
973
579
625
847
697
412
454
735
504
17
-93
121
-60
-484
-272
215
245
-167
-12
222
29
-240
-80
163
-66
-106
154
272
-114
-339
-180
-227
-276
-446
-211
-266
-451
-535
-598
-523
-655
-741
-543
-395
-533
-624
-487
-378
-539
-615
-563
-428
-360
-490
-586
-534
-641
-595
-549
-505
-485
-597
-718
-687
-862
-1027
-1049
-1114
-1198
-1313
-1155
-1171
-1280
-1491
-1555
-1553
-1606
-1436
-1377
-1388
-1613
-1607
-1435
-1473
-1497
-1622
-1563
-1442
-1367
-1396
-1229
-1251
-1172
-1057
-945
-841
-939
-602
-646
-630
-591
-634
-436
-422
-420
-250
-319
-255
-357
-214
-182
-277
-220
-92
171
55
196
181
291
205
183
139
290
273
328
515
496
593
622
679
814
807
1035
1371
1375
1363
1322
1369
1279
1222
1269
1320
1406
1330
1020
858
970
917
667
401
570
612
363
203
475
488
-12
-260
230
550
201
116
379
442
183
235
361
540
364
433
633
625
392
144
208
141
93
278
382
164
-168
-298
-405
-362
-285
-507
-550
-647
-761
-583
-791
-686
-965
-985
-830
-863
-776
-916
-764
-816
-808
-869
-704
-631
-645
-550
-301
-319
-465
-456
-530
-520
-561
-375
-347
-390
-416
-511
-561
-650
-723
-730
-846
-857
-823
-946
-865
-874
-972
-952
-890
-633
-636
-699
-734
-678
-553
-369
-509
-621
-334
-327
-289
-255
-101
-61
88
324
322
442
518
585
664
653
585
575
703
757
753
770
820
807
867
753
779
806
769
781
837
1003
1010
1027
929
960
1075
1076
1117
1353
1477
1386
1338
1367
1407
1464
1498
1621
1721
1711
1575
1393
1477
1423
1182
1027
1030
1033
741
510
532
598
118
-106
76
168
45
-91
-176
-106
-172
-348
-426
-466
-527
-670
-461
-347
-478
-785
-801
-752
-728
-833
-574
-607
-611
-566
-460
-396
-420
-382
-387
-179
-250
-293
-213
-220
-311
-250
-382
-176
-267
-264
-96
-271
-453
-622
-577
-605
-679
-854
-807
-658
-778
-895
-1102
-1097
-1148
-1166
-1348
-1276
-1370
-1351
-1058
-1212
-1230
-1074
-976
-969
-897
-811
-668
-527
-501
-513
-431
-172
-173
-151
-41
-2
30
6
16
-91
-116
-46
57
17
-29
-52
75
64
127
255
367
307
341
519
502
472
245
405
663
682
586
691
786
749
602
627
632
505
467
523
603
628
679
711
910
805
940
986
1119
1258
1303
1243
1151
1236
1374
1346
1413
1517
1354
1140
915
948
1143
939
644
551
320
272
122
58
-53
-175
-392
-371
146
45
-358
-617
-354
-178
-322
-24
-34
-77
-345
-336
-266
-490
-458
-609
-465
-695
-791
-726
-826
-977
-1076
-1086
-988
-831
-902
-831
-724
-737
-671
-475
-324
-467
-453
-350
-272
-137
-386
-239
-136
-90
-70
-106
-170
-464
-435
-664
-537
-556
-778
-696
-707
-818
-936
-890
-916
-946
-896
-958
-772
-680
-721
-487
-540
-409
-575
-165
-270
-209
-84
52
80
-198
-90
-84
-135
-143
-58
57
-20
-209
-196
-185
-71
-22
123
136
338
294
319
410
365
510
491
576
681
769
851
797
755
859
910
821
1041
887
779
923
984
960
888
863
860
1024
1057
1255
1242
1346
1456
1550
1585
1651
1700
1673
1561
1633
1753
1639
1633
1465
1543
1243
786
870
868
648
496
422
466
416
93
81
-71
-333
-462
-468
-161
-178
-298
-287
-338
-464
-557
-387
-320
-349
-403
-214
-180
-263
-433
-363
-254
-356
-304
-246
-154
-311
-442
-454
-430
-561
-525
-515
-276
-144
-148
-95
-70
-113
-200
-99
-122
122
-25
-151
33
-252
-448
-491
-423
-629
-594
-623
-552
-740
-882
-885
-1006
-1040
-1058
-942
-973
-1026
-1037
-977
-928
-781
-890
-646
-549
-555
-507
-538
-308
-306
-468
-457
-341
-326
-364
-301
-292
-405
-478
-342
-354
-166
-400
-350
-286
-330
-194
-311
-313
-353
-173
-122
103
109
25
58
-46
-14
80
166
279
278
339
433
440
395
372
596
484
398
575
695
655
593
485
600
621
569
580
648
682
675
764
875
857
760
692
911
999
851
913
937
820
511
464
576
624
338
302
630
476
138
140
196
-11
-138
29
239
112
-100
-84
-53
-405
-416
-324
-377
-264
-485
-420
-371
-469
-542
-594
-456
-418
-402
-425
-420
-393
-484
-542
-593
-585
-590
-587
-426
-584
-610
-344
-227
-427
-464
-309
-147
-256
-392
-302
-306
-419
-375
-386
-405
-530
-545
-482
-549
-790
-949
-990
-732
-862
-893
-620
-931
-820
-1118
-997
-994
-1108
-894
-798
-557
-574
-532
-385
-419
-460
-524
-410
-156
-92
-25
-261
-108
-55
-150
-36
-185
-110
-137
115
-33
59
73
-26
50
-51
198
130
252
322
211
350
122
46
286
418
478
548
659
668
780
768
803
883
1023
954
840
1023
1056
929
962
1070
974
1032
934
1017
1140
1038
1047
984
899
999
981
1179
1211
1226
1191
1264
1076
870
1012
1215
1156
910
886
764
688
515
525
616
336
235
430
509
340
193
265
174
-11
-89
46
102
16
29
84
-49
-191
-230
-141
-221
-263
-164
-169
-243
-287
-347
-302
-236
-455
-556
-287
-359
-484
-597
-578
-546
-733
-693
-693
-757
-712
-752
-705
-739
-791
-822
-784
-640
-700
-774
-711
-687
-910
-983
-916
-907
-909
-1060
-943
-865
-903
-831
-820
-855
-829
-685
-722
-714
-676
-664
-454
-497
-474
-274
-95
-25
-205
29
256
97
135
254
250
190
216
358
413
406
452
520
507
476
438
335
405
386
372
465
488
331
267
522
524
415
336
383
561
650
759
747
684
701
805
887
856
926
1052
1015
1071
1074
1109
1080
1025
1028
1019
1088
1023
919
1029
1007
955
988
1036
1059
723
616
709
696
592
538
510
463
362
261
202
52
-98
-31
-69
-156
-221
-54
-20
-85
-242
-148
-40
-156
-220
-407
-228
-267
-422
-368
-348
-308
-341
-288
-231
-220
-186
-187
-302
-329
-350
-461
-348
-316
-283
-245
-388
-628
-615
-537
-622
-560
-472
-522
-640
-483
-344
-528
-574
-692
-810
-680
-625
-568
-717
-674
-709
-699
-773
-643
-586
-806
-651
-407
-303
-492
-372
-336
-171
-201
-288
-258
-134
-31
-74
-45
-3
-167
-211
-215
75
54
-85
286
295
320
67
167
233
66
275
269
396
483
226
249
192
285
395
457
444
456
511
420
485
345
345
582
633
521
713
802
858
545
673
733
619
800
619
747
703
792
836
741
630
575
624
558
756
676
800
938
569
605
579
643
732
604
582
561
475
369
447
360
279
280
151
106
55
194
137
100
63
61
95
103
221
176
235
311
265
244
361
336
192
147
275
413
390
199
215
236
117
217
89
90
146
-52
-34
73
-4
123
148
114
65
63
-16
-98
-184
-120
-101
-206
-209
-155
-74
-22
-15
-249
-236
-224
-196
-219
-282
-225
-64
-24
-84
-157
-343
-321
-311
-320
-338
-280
-313
-423
-458
-516
-374
-409
-462
-277
-391
-251
-50
-44
-95
-140
-148
-142
72
-112
-13
9
49
76
12
98
108
277
318
324
283
281
310
344
497
452
394
521
398
385
491
436
282
349
435
395
399
208
278
230
291
317
342
524
307
338
372
393
400
254
302
320
134
246
394
246
347
243
160
92
225
511
367
351
294
194
197
208
239
276
85
230
214
186
148
137
127
64
7
33
63
40
-24
15
142
154
49
231
166
244
226
65
181
166
92
131
161
126
209
232
197
191
29
-51
52
175
264
136
-7
-109
-33
78
33
-196
-60
-83
-196
-159
-133
-167
-117
-174
-177
-87
-240
-124
-71
-30
-67
-59
-55
-213
-220
-102
-309
-385
-185
-275
-369
-313
-176
-241
-292
-206
-186
-86
-147
-228
-383
-313
-233
-240
-176
-258
-211
-307
-103
-127
-153
-154
-164
8
114
180
287
423
276
129
109
125
292
252
