417
371
412
383
387
396
338
448
492
519
367
531
667
797
895
964
1041
996
988
964
912
864
1070
1237
1076
1197
1242
1068
869
794
743
738
581
546
824
706
470
445
484
256
-32
-21
327
241
85
7
79
227
-32
-72
20
-119
-305
-257
88
-88
-289
-163
-116
-106
-306
-215
69
-375
-320
-282
-157
-193
-283
-104
-227
-173
-199
-352
-373
-339
-401
-174
-161
-343
-359
-425
-244
-316
-299
-302
-355
-280
-427
-396
-369
-457
-562
-594
-542
-495
-760
-790
-630
-703
-644
-684
-634
-590
-558
-567
-339
-404
-421
-359
-253
-185
-265
-230
-6
119
-13
-27
-24
93
92
114
266
514
440
529
472
461
437
539
638
564
631
554
705
619
510
606
662
632
687
818
755
771
807
745
868
891
856
909
943
1122
1070
1105
1197
1214
1051
751
805
987
1031
935
1062
957
730
564
675
899
534
218
354
515
430
166
349
269
-38
-180
-47
62
-153
-164
-167
-52
-271
-355
-365
-440
-535
-608
-284
-277
-417
-407
-424
-485
-608
-534
-276
-262
-346
-349
-251
-353
-431
-492
-278
-201
-200
-100
-98
-170
-419
-336
-166
-355
-378
-459
-437
-458
-445
-506
-649
-696
-914
-736
-682
-818
-988
-903
-829
-843
-902
-1042
-1069
-1195
-1077
-994
-1177
-1152
-1139
-1002
-963
-791
-829
-775
-607
-495
-537
-536
-408
-300
-270
-283
-166
-55
-73
-3
73
188
46
-24
174
158
73
46
125
233
151
36
190
174
170
172
310
548
526
518
392
509
677
587
568
549
741
701
727
764
774
870
945
931
846
855
837
771
710
705
699
762
672
700
645
392
82
-2
254
-9
-233
-180
32
25
-239
-13
5
-620
-754
-481
-372
-570
-740
-585
-565
-652
-746
-652
-735
-902
-850
-733
-616
-529
-509
-533
-297
-360
-353
-365
-566
-577
-468
-233
-309
-464
-658
-641
-647
-748
-721
-846
-971
-892
-785
-769
-665
-657
-787
-815
-653
-775
-859
-778
-678
-716
-886
-805
-698
-862
-948
-871
-873
-957
-1161
-1031
-842
-957
-914
-841
-972
-933
-984
-790
-634
-699
-680
-669
-785
-574
-543
-556
-351
-439
-412
-283
-233
-385
-234
-140
-127
-1
-7
-94
98
45
-29
119
65
133
-48
38
100
-13
161
76
67
149
206
212
292
232
256
397
334
372
357
540
537
601
526
582
892
905
726
747
999
1153
1052
682
651
669
778
615
745
855
686
407
408
659
488
449
308
482
486
212
329
343
123
-113
-73
169
36
-214
-58
144
-75
-132
-27
42
-96
-146
-29
76
14
-51
-4
42
-88
-240
-204
-319
-476
-465
-243
-240
-370
-480
-510
-508
-587
-543
-596
-556
-677
-583
-483
-516
-514
-578
-691
-735
-735
-729
-756
-638
-655
-754
-796
-714
-662
-833
-888
-765
-787
-884
-836
-962
-988
-1002
-880
-892
-926
-823
-789
-772
-815
-888
-897
-690
-762
-854
-817
-778
-615
-751
-728
-622
-548
-689
-526
-598
-524
-379
-569
-505
-460
-533
-396
-268
-514
-283
-326
-387
-178
-272
-251
-126
-11
56
50
40
118
138
358
216
339
469
417
692
657
628
593
675
734
809
763
827
966
925
948
998
911
700
767
879
887
846
951
932
575
469
640
541
312
69
306
479
359
303
173
276
31
75
160
106
-172
-113
219
36
-582
270
178
343
720
530
80
327
103
-842
447
202
179
681
87
-210
117
-44
-308
267
-149
152
1085
242
-57
351
14
130
48
134
436
314
563
204
492
15
-232
26
-102
713
480
639
1259
107
114
92
-61
331
246
885
672
497
669
590
46
338
608
205
964
778
-182
587
424
-239
-54
170
-364
72
703
204
351
372
-254
338
619
49
212
632
443
190
400
591
321
6
-82
262
8
-386
-10
138
108
90
-36
-209
-184
-280
-85
-135
166
345
29
361
145
16
444
97
401
479
568
554
309
65
-271
396
-120
-329
429
374
-285
-11
-107
-313
-146
-390
-438
262
595
302
716
185
-86
5
-104
208
603
311
386
474
366
7
85
302
-291
-148
-66
439
335
289
258
231
-11
-152
65
200
979
698
966
1285
645
409
880
634
685
746
995
808
526
500
488
372
-255
198
199
168
602
619
135
307
297
133
410
535
379
567
841
750
577
591
334
250
727
599
687
754
547
235
422
286
94
186
492
342
233
868
424
224
167
151
341
510
593
888
954
847
853
851
557
455
553
640
686
928
1014
682
652
335
263
264
288
213
264
210
263
298
4
58
64
208
339
501
592
638
703
782
376
419
558
181
344
470
715
557
520
537
-78
-285
-168
-293
-50
172
113
334
3
-60
-91
-199
-38
189
138
342
461
308
409
374
388
150
253
321
224
494
651
665
532
260
-224
-163
-81
-397
-88
327
249
81
127
-51
-103
83
147
268
698
795
500
389
373
329
609
658
686
778
1031
967
641
560
451
336
498
625
619
912
835
695
473
536
444
342
398
664
857
895
938
769
592
587
578
551
487
504
706
585
411
141
60
11
-251
-317
-227
-272
-262
-278
-321
-413
-622
-945
-634
-502
-482
-611
-483
-568
-781
-541
-774
-784
-715
-650
-547
-603
-671
-588
-523
-765
-859
-759
-576
-615
-657
-549
-744
-708
-909
-954
-928
-608
-359
-553
-372
-531
-689
-673
-372
-461
-527
-180
-125
-244
-59
70
-466
-449
-405
-200
231
284
414
488
502
267
246
409
755
889
1266
1322
1042
874
722
584
449
665
931
1085
1254
1232
1071
1031
968
1150
1632
1838
2293
2373
2349
2576
2448
2371
2595
2465
1849
1671
1651
1227
1021
723
160
-173
-594
-421
-688
-1168
-1421
-1652
-1816
-2246
-2307
-2075
-1994
-2052
-2044
-1773
-1638
-1570
-1525
-1293
-982
-763
-303
217
439
304
196
256
320
243
338
304
432
246
-195
-543
-853
-1192
-1433
-1379
-1616
-1885
-2165
-2171
-2260
-2654
-2622
-2561
-2495
-2424
-2199
-2063
-1804
-1658
-1640
-1349
-1241
-989
-655
-367
-203
-149
-111
-16
25
149
304
76
237
270
298
419
278
185
196
553
615
795
1094
1112
1200
1235
1299
1356
1461
1661
1687
1709
1602
1716
1987
2039
1931
2115
2503
2613
2568
2821
3249
3407
3667
3996
4416
4011
2490
964
1101
1331
844
469
672
397
-670
-1257
-1261
-1957
-3439
-3571
-2695
-2245
-2272
-2032
-1751
-2210
-2952
-2584
-1894
-1687
-1659
-683
497
793
701
579
407
5
-30
811
1547
1551
1278
1103
682
-230
-884
-1128
-1253
-1435
-1456
-1315
-1571
-2156
-2977
-3331
-3613
-3652
-3555
-2952
-2472
-2515
-2691
-2687
-2848
-3323
-3134
-2742
-2415
-2109
-1719
-1366
-1719
-2169
-2203
-2224
-2085
-2035
-1688
-1310
-1401
-1619
-1712
-1775
-1930
-1784
-1591
-1373
-909
-607
-564
-658
-563
-528
-401
-176
291
835
1214
1404
1638
1762
1811
1958
2191
2419
2495
2720
2950
3050
2597
2557
2545
2462
2597
2792
2978
2880
2785
2938
3325
3362
3566
3919
4348
4384
2891
935
117
428
64
-425
-23
111
-794
-1894
-1868
-2143
-3626
-4552
-3627
-2349
-2081
-1842
-1206
-1379
-2370
-2330
-1337
-926
-919
66
1404
2039
1886
1423
1152
601
28
412
1419
1723
1218
734
276
-632
-1572
-2266
-2441
-2631
-2693
-2594
-2344
-2267
-3094
-3836
-3980
-4064
-3910
-3325
-2519
-2153
-2207
-2048
-1849
-2155
-2909
-2644
-2138
-1919
-1807
-1611
-1631
-2273
-2701
-2946
-3016
-3240
-3262
-2927
-2737
-2586
-2603
-2653
-2784
-2922
-2752
-1982
-1432
-1250
-1044
-618
-379
-461
-198
135
475
641
1206
1715
2079
1899
1850
2281
2280
2308
2347
2579
2725
2619
2658
2682
2616
2280
2389
2842
2711
2697
3138
3182
2986
3021
3602
3916
3844
4419
5243
3951
850
-546
188
145
-961
-624
333
-571
-1975
-2170
-2177
-3629
-5256
-4301
-2326
-1795
-1702
-853
-575
-1868
-2301
-1411
-484
-265
267
1780
2825
2603
2142
1657
908
52
189
977
1472
1372
662
-90
-939
-1896
-2768
-3250
-3060
-2865
-2482
-1963
-1924
-2354
-3139
-3097
-2987
-2636
-1877
-1262
-477
-362
-473
-532
-792
-1040
-1413
-1237
-1008
-1009
-1025
-1418
-1849
-2565
-2911
-3255
-3472
-3348
-2979
-2621
-2513
-2540
-2777
-2740
-2819
-2566
-1960
-1318
-710
-250
-63
285
358
363
496
1084
1754
1905
2135
2445
2358
2027
1911
1915
2208
2386
2390
2306
2337
2306
1992
1900
1916
1845
2121
2342
2646
2895
2969
2961
3082
3287
3458
4025
4646
5128
5515
4097
858
-1055
-538
-241
-1026
-1175
-488
-835
-2579
-3199
-2875
-4130
-5969
-5064
-2464
-1224
-1223
-437
-186
-1073
-1599
-895
376
573
957
2398
3516
3276
2226
1474
509
-539
-366
471
983
490
-343
-1347
-2267
-3128
-3946
-4198
-3892
-3119
-2694
-2147
-1837
-2072
-2667
-3030
-2350
-1614
-1063
-360
531
767
430
240
-255
-526
-939
-880
-801
-1131
-1418
-1788
-2569
-3297
-3697
-3999
-4130
-3904
-3634
-3310
-3238
-3058
-2891
-2736
-2445
-1908
-1086
-521
199
655
771
743
903
1197
1328
1478
1957
2131
2024
1997
1977
1580
1503
1619
1807
1809
1826
2178
2214
2288
2170
2183
2426
2686
2995
3409
3775
3844
4081
4106
4492
4718
5084
5593
5928
6677
6521
3622
-431
-1308
-291
-821
-1963
-1512
-904
-2189
-3966
-3840
-3790
-5531
-6709
-4542
-1612
-732
-642
49
194
-840
-1094
246
1510
1409
2040
3507
3986
3247
2127
927
-212
-818
-371
257
416
-252
-1382
-2408
-3291
-3808
-4316
-4135
-3544
-2836
-2076
-1587
-1498
-1844
-2050
-1745
-941
-64
487
998
1368
1537
1160
719
-41
-611
-727
-809
-780
-1377
-2225
-2943
-3610
-4295
-4595
-4581
-4502
-4223
-3657
-3208
-3102
-2859
-2804
-2385
-1561
-1037
-114
603
1017
1345
1399
1413
1162
1205
1338
1495
1953
1990
1551
1243
1231
1009
721
712
1242
1367
1398
1981
2432
2438
2186
2297
2577
3052
3497
4134
4743
4780
4754
4886
4953
4684
4865
5443
6107
6308
6839
5897
1957
-1840
-1910
-628
-1262
-1856
-1075
-521
-2190
-3711
-3419
-3428
-5298
-5539
-2637
311
1099
1274
2011
1750
483
600
2080
2918
2904
3405
4700
4845
3445
1839
358
-838
-1418
-907
-145
24
-855
-2051
-2898
-3656
-4145
-4520
-3862
-2747
-1707
-726
-100
-74
-639
-937
-693
53
677
1201
1923
2044
1463
748
36
-990
-2006
-2145
-2136
-2330
-2636
-3090
-3517
-4209
-4763
-4952
-4862
-4483
-3832
-2938
-2400
-2113
-1840
-1804
-1714
-1225
-446
345
943
1518
1754
1622
1365
951
790
851
987
1240
1283
1326
1097
855
653
308
258
613
1233
1773
2020
2210
2177
2094
2370
2525
3036
3483
3846
4289
4674
4543
4241
4028
4195
4936
5114
5417
5892
6603
4900
396
-2415
-1775
-733
-1887
-2189
-772
-459
-2321
-3375
-2568
-3054
-5092
-4636
-1176
1343
1555
1647
2443
2127
824
797
2206
2753
2552
3073
4177
4001
2460
836
-558
-1408
-1902
-1379
-651
-608
-1447
-2372
-2942
-3402
-3786
-3866
-3237
-2273
-1193
-290
389
245
-445
-581
-108
284
600
1012
1609
1578
934
375
-558
-1662
-2425
-2695
-2949
-2977
-3048
-3131
-3547
-4355
-4578
-4533
-4328
-3965
-3088
-2369
-1845
-1440
-1274
-1117
-1149
-844
-142
392
949
1377
1283
1075
667
617
469
366
509
683
789
661
488
311
105
68
268
729
1332
1569
2055
2180
2332
2579
2881
3235
3856
4270
4688
5019
4793
4694
4530
4369
4529
5142
5422
5506
6022
5169
1515
-2301
-3113
-1883
-1960
-2856
-2290
-1045
-2176
-3639
-3341
-3042
-4499
-5015
-2398
970
2235
2229
2812
2781
1689
1182
2073
2808
2653
2751
3679
3890
2987
1364
-493
-1845
-2423
-2185
-1530
-1086
-1485
-2176
-3077
-3529
-3633
-3690
-3605
-2653
-1694
-563
345
612
442
-213
-205
123
606
667
976
1350
981
465
-282
-1167
-1951
-2707
-2850
-3000
-2914
-2951
-3252
-3559
-4069
-4162
-4049
-3797
-3025
-2452
-1811
-1163
-664
-528
-458
-435
159
788
1100
1464
1486
1398
1069
1157
942
504
217
566
838
869
957
825
1013
608
720
1174
1770
2165
2470
3001
3567
3796
3531
3807
4062
4384
4511
4707
5099
4865
4318
4027
4142
4376
4376
4663
5190
5869
5652
2660
-1888
-3657
-2027
-1420
-2474
-2354
-846
-1075
-2867
-3070
-2235
-3292
-5174
-3712
253
2421
2053
1941
2464
1852
659
881
2157
2274
1840
2551
3450
2967
1047
-800
-1959
-2704
-2697
-1972
-1301
-1441
-2448
-3260
-3291
-3224
-3642
-3727
-3089
-1964
-921
-113
412
204
-423
-825
-382
198
506
454
428
31
-516
-1162
-2321
-3232
-3712
-3666
-3564
-3630
-3653
-3886
-4453
-4618
-4401
-3890
-3658
-3191
-2287
-1707
-1158
-871
-716
-840
-826
-261
432
1021
1330
1094
861
626
460
300
68
182
689
890
857
768
659
444
270
607
1397
1719
1921
2380
2804
2889
2998
3033
3333
3560
3740
4198
4595
4471
4073
3924
4044
4373
4421
4641
4984
5819
5501
1705
-2991
-3584
-1591
-1863
-3372
-2534
-880
-1634
-3533
-3127
-2091
-3780
-5346
-2915
957
2127
1829
2289
2842
1955
630
1231
2186
1833
1494
2324
2961
2387
663
-1177
-2469
-3282
-3178
-2655
-2080
-2249
-3048
-3585
-3772
-3719
-3949
-4128
-3407
-2056
-946
-183
90
21
-630
-1341
-866
-440
-283
-367
-374
-587
-1294
-1966
-2666
-3425
-3834
-4132
-3967
-3680
-3561
-3813
-4321
-4281
-4054
-4015
-3492
-2967
-2313
-1723
-1032
-514
-503
-742
-639
-100
472
818
923
1127
1010
756
330
398
470
218
85
415
723
909
909
817
801
960
1124
1395
2036
2396
2628
2858
3204
3219
3388
3542
3662
4127
4075
4148
4192
4323
4326
4511
4744
4838
5228
6174
5477
819
-3443
-2779
-776
-1889
-3209
-1752
-254
-1886
-3406
-2093
-1544
-4191
-5342
-1931
1656
2335
2044
2777
3093
1974
1103
1814
2393
1758
1648
2661
3455
2755
1007
-839
-2052
-2536
-2610
-2239
-1871
-1907
-2796
-3213
-2927
-2597
-3266
-3791
-3013
-1499
-504
-35
583
428
-130
-699
-200
-15
-255
-628
-657
-403
-773
-1410
-2352
-3000
-3446
-3785
-3810
-3470
-3236
-3688
-3966
-3321
-2974
-3024
-2989
-2526
-1933
-1643
-1097
-366
-152
-150
-142
550
918
730
836
970
1219
925
738
657
703
495
416
705
866
658
658
892
1193
1418
1455
1708
2035
2276
2306
2585
2733
2931
3095
3441
3684
3871
4074
4110
4037
4153
4418
4409
4389
4839
5860
5214
1237
-2913
-2940
-1200
-2170
-3559
-2524
-1219
-2192
-3607
-2641
-1996
-4065
-5443
-2990
457
1570
1525
2201
2864
2112
1581
1750
2128
1781
1415
2208
3127
3075
1480
-48
-1450
-2331
-2601
-2823
-2777
-2730
-3017
-3270
-3032
-2838
-3212
-3803
-3722
-2636
-1478
-939
-561
-119
-134
-460
-473
-372
-665
-1320
-1326
-1047
-940
-1435
-2302
-2618
-2826
-3385
-3810
-3720
-3648
-3915
-3853
-3264
-2868
-2841
-3042
-2560
-2060
-1610
-1220
-817
-343
-22
328
810
1073
967
809
1025
1411
1284
1194
940
1028
1167
1174
927
795
983
972
1035
1158
1501
1722
1705
2171
2625
3063
3001
2994
3109
3215
3373
3746
4093
4139
4304
4620
5108
4890
4781
4920
5659
5666
3157
-977
-2854
-1780
-1581
-3226
-3608
-2239
-2010
-3502
-3774
-2444
-3297
-5442
-4652
-1372
795
1066
1521
2493
2658
2013
1975
2333
2124
1621
1606
2540
2897
2129
686
-830
-1667
-2071
-2832
-3212
-3381
-3491
-3677
-3688
-3080
-3030
-3476
-3778
-3346
-2180
-1483
-1001
-567
-367
-275
-64
197
62
-259
-639
-965
-1038
-1302
-1756
-2188
-2608
-2840
-3212
-3594
-3883
-3912
-4069
-4056
-3503
-3088
-2915
-2536
-2132
-1793
-1299
-813
-549
-139
272
728
1294
1574
1678
1691
1747
1724
1727
1663
1602
1424
1456
1460
1472
1443
1286
1569
1764
1712
1656
1988
2252
2484
2956
3453
3766
3956
4028
4047
4261
4444
4475
4923
5515
5692
5645
5412
5722
6295
6418
4073
-349
-2680
-1570
-722
-2248
-2953
-1791
-1279
-2814
-2994
-1717
-2309
-4458
-4419
-1336
953
1476
1772
2711
3157
2760
2579
2829
2720
1984
1740
2603
3393
2930
1525
278
-713
-1422
-1952
-2516
-2976
-3456
-3685
-3282
-2813
-2806
-3192
-3499
-3142
-2546
-1739
-1296
-905
-519
-321
129
401
313
-170
-636
-1129
-1050
-937
-1261
-1835
-2260
-2351
-2906
-3503
-3642
-3741
-4046
-3978
-3523
-2885
-2766
-2889
-2523
-2012
-1740
-1358
-827
-549
-47
376
1014
1519
1670
1598
1550
1722
1787
1922
1716
1437
1465
1627
1639
1254
1208
1258
1449
1399
1525
1981
1764
2041
2121
2686
3105
3061
3219
3469
3889
3915
4029
4551
4910
5104
5364
5133
5585
6118
6203
4528
847
-2023
-1845
-863
-2044
-3083
-2382
-1578
-2509
-3186
-2414
-2454
-4319
-4905
-2740
-125
721
844
1555
2385
2606
2398
2602
2418
1957
1785
2182
2888
3052
2105
660
-264
-752
-1329
-2241
-3079
-3327
-3482
-3564
-3090
-2467
-2715
-3057
-3088
-2523
-1965
-1720
-1165
-642
-160
-209
-156
190
154
-248
-966
-1416
-1248
-1356
-1873
-2171
-2139
-2551
-3252
-3476
-3492
-3659
-4371
-4373
-3730
-3237
-2826
-2637
-2397
-1946
-1528
-1366
-1049
-680
-147
132
625
1049
1319
1385
1081
1401
1412
1363
1115
921
1191
1191
1074
1119
1407
1536
1569
1701
1855
1890
1841
2076
2474
2931
3201
3337
3729
3914
3979
3791
4048
4410
4551
4913
5012
5423
6057
5982
3776
243
-1944
-1430
-1153
-2585
-3041
-1994
-1505
-2463
-2780
-2062
-2707
-4655
-4802
-2779
-594
284
730
1690
2360
2411
2349
2302
2315
1952
1867
2445
3271
3322
2452
1380
342
-60
-796
-1868
-2588
-2968
-3037
-2900
-2507
-2274
-2293
-2602
-2811
-2540
-1937
-1568
-1321
-780
-212
503
767
734
449
-28
-202
-312
-771
-1179
-1619
-1698
-1761
-2098
-2438
-2884
-3332
-3704
-3641
-3443
-3242
-2879
-2471
-2018
-1483
-1218
-1047
-870
-456
-101
165
669
1078
1405
1460
1545
1991
1948
1722
1681
1760
1870
1878
1784
1728
1559
1531
1787
1796
1767
1757
1874
2164
2384
2518
2657
2813
3102
3393
3579
3766
4145
4298
4253
4616
4899
4773
4969
5470
6038
4907
1641
-973
-991
-560
-1827
-3099
-2645
-1811
-2427
-2928
-2336
-2133
-3725
-4819
-3606
-1808
-685
-351
422
1418
2001
2215
1988
1913
1571
1217
1442
1835
2567
2616
1602
944
386
219
-560
-1866
-2575
-2881
-2984
-2920
-2586
-2239
-2219
-2715
-2630
-2040
-1640
-1729
-1779
-1354
-890
-483
-146
104
63
-157
-597
-857
-994
-1193
-1712
-2139
-2188
-2121
-2436
-2937
-3286
-3588
-3797
-3621
-3258
-2902
-2669
-2506
-2093
-1639
-1130
-1036
-936
-647
-123
333
639
992
976
1236
1418
1520
1573
1506
1543
1289
1186
1184
1200
1246
1361
1570
1608
1722
1768
1862
2055
2041
2089
2250
2589
2873
2985
3323
3599
3901
4011
4145
4185
4336
4436
4685
5097
5633
4938
2464
-120
-795
-98
-1108
-2619
-2792
-1894
-1894
-2550
-2227
-1918
-2869
-4220
-3824
-2517
-1529
-1055
-614
497
1438
2118
2182
1846
1698
1446
930
1365
1993
2162
1754
1109
969
780
183
-881
-1835
-2471
-2630
-2898
-2846
-2662
-2542
-2746
-2954
-2579
-2271
-2294
-2525
-2431
-1938
-1313
-912
-435
-218
-202
-392
-679
-1192
-1603
-1937
-2273
-2471
-2492
-2323
-2424
-2749
-3118
-3479
-3451
-3289
-3299
-3193
-2911
-2516
-2094
-1642
-1100
-890
-909
-584
-196
239
348
426
809
1081
1232
1262
1396
1384
1118
1146
1097
1226
1118
1106
1348
1541
1749
1669
1512
1642
1876
1819
1998
2222
2254
2560
2989
3166
3307
3300
3517
3586
3800
3958
4178
4496
4775
5284
4327
1943
-89
-173
216
-811
-2272
-2154
-1273
-1578
-2124
-1705
-1601
-2682
-3766
-3414
-2326
-1587
-1262
-997
-35
1117
1910
1913
1641
1581
1403
1380
1490
2095
2307
1892
1331
1143
1388
890
-26
-1094
-1778
-1997
-2180
-2197
-2020
-2078
-2099
-2109
-1988
-1919
-2182
-2382
-2519
-2350
-1835
-1479
-1149
-991
-859
-924
-1163
-1114
-1341
-1479
-1902
-1960
-1754
-1608
-1683
-2067
-2281
-2244
-2276
-2571
-2636
-2433
-2398
-2336
-2003
-1708
-1558
-1377
-1202
-893
-647
-534
-415
-105
277
531
552
654
729
831
797
681
969
972
1079
1168
1264
1529
1555
1489
1603
1770
1813
1804
1972
2056
2250
2422
2415
2688
2812
2933
3039
3140
3297
3468
3796
4248
4683
4764
3749
1506
105
288
390
-759
-1915
-1586
-1247
-1394
-1673
-1344
-1640
-2826
-3314
-2951
-2214
-1695
-1540
-1442
-597
362
1161
1399
1061
1035
853
847
991
1382
1629
1367
1067
1160
1309
874
43
-891
-1607
-1924
-1853
-1896
-2021
-1870
-1743
-1622
-1501
-1480
-1698
-2221
-2725
-2478
-1847
-1422
-1371
-1182
-956
-1028
-1017
-1246
-1443
-1609
-1793
-1952
-1815
-1588
-1652
-1774
-1827
-1745
-1912
-2173
-2194
-2061
-1991
-1997
-1835
-1589
-1227
-1034
-892
-642
-565
-385
-52
99
93
340
608
712
857
924
1022
1071
1243
1485
1537
1609
1504
1844
1864
1785
1687
1536
1690
1653
1736
1693
1888
2052
2172
1941
2109
2280
2311
2662
2605
2745
2834
3220
3726
4037
3474
1618
290
-51
-37
-956
-1935
-1765
-1248
-1388
-1538
-1360
-1360
-2181
-3130
-2972
-2700
-2360
-2028
-1691
-1110
-264
463
618
507
308
127
10
115
314
590
830
697
710
1020
863
151
-531
-1113
-1470
-1626
-1761
-1846
-1789
-1587
-1542
-1548
-1659
-1908
-2157
-2621
-2583
-2350
-2083
-1740
-1657
-1636
-1471
-1344
-1278
-1326
-1379
-1486
-1709
-1516
-1293
-1226
-1429
-1629
-1654
-1494
-1530
-1794
-1811
-1711
-1835
-1560
-1192
-758
-738
-728
-314
-170
117
91
190
281
431
541
803
904
849
1123
1243
1351
1378
1243
1370
1525
1589
1722
1903
2023
2121
2091
2238
2225
2355
2162
2249
2483
2659
2867
2749
2828
3084
3311
3542
3822
4091
4502
4603
4222
2596
1050
641
917
343
-976
-1090
-688
-941
-1270
-1211
-1187
-1949
-2780
-2867
-2632
-2112
-1758
-1623
-1198
-383
516
679
559
480
462
327
265
498
885
956
790
735
757
755
246
-519
-1142
-1576
-1692
-1781
-1838
-1827
-1743
-1735
-1857
-1789
-1897
-2397
-2945
-3040
-2686
-2271
-2277
-2106
-1914
-1785
-1615
-1508
-1633
-1623
-1614
-1671
-1624
-1299
-1016
-1393
-1754
-1671
-1459
-1581
-1807
-1852
-1773
-1738
-1732
-1520
-1355
-1288
-1092
-739
-556
-397
-333
-482
-387
-89
240
275
545
611
627
739
944
1112
1120
990
1142
1334
1406
1404
1427
1522
1614
1608
1642
1806
1947
1970
1838
1943
2187
2185
2319
2589
2756
3049
3192
3678
3983
4369
4082
2614
1016
471
670
167
-785
-1065
-800
-719
-993
-1102
-1172
-1950
-2685
-2964
-2594
-2209
-1869
-1716
-1317
-472
245
625
519
215
201
400
341
510
612
943
790
674
821
819
369
-414
-1033
-1460
-1512
-1472
-1468
-1616
-1755
-1878
-2066
-1944
-2069
-2339
-2732
-2841
-2445
-2155
-1989
-2062
-2130
-1995
-1632
-1608
-1740
-1602
-1421
-1458
-1430
-1331
-1388
-1483
-1676
-1609
-1537
-1694
-1716
-1851
-1933
-2029
-1862
-1863
-1823
-1411
-1340
-1104
-764
-560
-379
-261
-163
-37
153
301
391
452
564
822
1008
895
1123
996
1095
1096
1212
1534
1228
1514
1399
1538
1524
1703
1740
1707
1943
1909
2272
2251
2607
2868
3207
3482
3713
3986
4305
4653
4113
2717
1187
882
1025
363
-580
-661
-369
-650
-1120
-1047
-859
-1773
-2625
-2548
-2343
-1989
-1722
-1471
-1189
-227
488
713
567
498
409
364
544
733
1188
1163
892
1109
1372
1274
674
-135
-688
-947
-1168
-1391
-1384
-1342
-1397
-1581
-1619
-1592
-1768
-2088
-2547
-2671
-2261
-2101
-1845
-1651
-1660
-1424
-1312
-1335
-1161
-1226
-1269
-1278
-1073
-718
-765
-1099
-1310
-1229
-1150
-1188
-1294
-1136
-1265
-1329
-1270
-996
-722
-650
-452
-290
98
164
268
234
264
595
621
796
855
1042
1163
1103
1223
1269
1354
1389
1485
1585
1786
1786
1741
1732
1661
1772
1818
1866
1986
2189
2222
2334
2351
2376
2501
2799
3148
3342
3612
3868
4098
4395
3870
2185
591
472
563
-158
-944
-890
-620
-881
-1141
-1141
-1134
-2065
-2763
-2727
-2200
-1847
-1579
-1161
-703
151
776
944
801
649
620
548
708
1030
1150
1358
1047
927
1012
794
196
-621
-1319
-1543
-1651
-1796
-1819
-1794
-1864
-1920
-1969
-2046
-2244
-2843
-2945
-2888
-2501
-1992
-1828
-1705
-1654
-1580
-1596
-1597
-1504
-1530
-1513
-1356
-1053
-898
-948
-1232
-1325
-1372
-1370
-1398
-1458
-1405
-1289
-1235
-1066
-791
-716
-724
-610
-270
-131
-38
80
88
298
533
644
761
880
1051
947
1043
1185
1225
1413
1528
1742
1869
1879
1793
1925
2115
2101
2108
2275
2414
2591
2569
2709
2761
2918
3313
3498
3765
3861
4133
4398
4729
4846
4197
2328
810
686
814
111
-1054
-1074
-669
-867
-1215
-1266
-1488
-2299
-3040
-2972
-2263
-1763
-1496
-1193
-507
334
1025
1159
881
678
745
655
659
1010
1132
1019
735
759
860
481
-330
-1040
-1564
-1886
-1902
-1922
-1831
-1728
-1786
-1746
-1757
-1934
-2014
-2309
-2747
-2540
-2166
-1703
-1356
-1337
-1137
-1333
-1581
-1576
-1844
-2210
-2279
-2112
-1799
-1489
-1352
-1462
-1597
-1628
-1671
-1818
-1849
-1670
-1541
-1372
-1132
-829
-626
-616
-538
-432
-309
-151
38
203
338
765
1021
979
1004
1058
1103
1150
1402
1333
1487
1789
1799
2021
2104
2067
2112
2070
2383
2486
2393
2642
2802
3040
3076
3178
3441
3802
3709
3743
4070
4397
4835
5115
5390
4622
2738
651
352
783
-60
-1284
-1409
-735
-801
-1153
-1146
-1182
-1874
-2739
-2506
-1695
-1125
-921
-504
355
1246
1844
1782
1512
1262
1075
1045
1239
1659
1875
1858
1322
1172
1202
780
-3
-1157
-1700
-2025
-2028
-1896
-1856
-1787
-1908
-1914
-1943
-1811
-2019
-2376
-2600
-2473
-2063
-1943
-1882
-1867
-1554
-1404
-1547
-1636
-1677
-1749
-1965
-1929
-1892
-1565
-1400
-1738
-1965
-1869
-1803
-1898
-2066
-2061
-1874
-1614
-1332
-1127
-887
-626
-472
-293
-157
-35
221
367
638
862
967
1165
1295
1083
1031
1127
1280
1428
1571
1733
1982
1891
1881
2140
2320
2307
2330
2477
2484
2600
2862
3165
3222
3369
3528
3851
3939
4051
4386
4776
5145
5259
4704
2865
675
-234
374
14
-1345
-1712
-1113
-912
-1460
-1661
-1476
-2344
-3362
-3038
-2096
-1174
-639
-444
242
942
1838
1953
1635
1356
1123
1289
1515
1896
2031
1575
1041
643
339
-71
-861
-1795
-2494
-2598
-2350
-2268
-2209
-2184
-2310
-2369
-2390
-2202
-2221
-2446
-2366
-1881
-1239
-910
-698
-602
-760
-941
-1482
-2153
-2406
-2279
-2323
-2542
-2340
-2073
-1888
-2091
-2491
-2708
-2753
-2753
-2508
-2165
-1869
-1446
-1234
-955
-798
-862
-680
-656
-353
-129
185
610
993
1065
1012
922
688
727
780
696
796
1147
1354
1480
1837
1947
2034
2111
2177
2423
2693
2884
3061
3134
3176
3655
3740
3756
4038
4535
4478
4377
4971
5527
5856
5167
2648
-227
-1233
-604
-808
-2225
-2588
-1636
-1430
-2054
-2068
-2093
-2950
-4043
-3526
-2166
-676
210
428
1090
1953
2771
2595
2050
1699
1259
1161
1648
2334
2640
2028
1012
373
104
-437
-1690
-2795
-3101
-2905
-2708
-2191
-1960
-1997
-2219
-2457
-2337
-2084
-1765
-1759
-1789
-1443
-926
-770
-839
-1176
-1565
-1991
-1977
-2029
-2156
-2238
-2087
-2151
-2159
-2272
-2448
-2809
-3216
-2908
-2757
-2357
-2171
-1923
-1561
-1381
-1193
-928
-658
-561
-252
247
654
715
1125
1401
1404
1310
1378
1540
1453
1323
1243
1574
1712
1547
1517
1677
1904
2123
2222
2392
2716
2835
2985
3232
3345
3307
3636
3911
4407
4713
4802
4922
5113
5449
5749
6046
6137
5306
2535
-487
-1145
-275
-576
-2165
-2395
-1324
-1148
-1843
-1902
-1905
-2908
-3735
-3000
-973
469
897
1087
1766
2558
2845
2449
1779
1440
1227
1429
1926
2388
2332
1384
128
-435
-691
-1565
-2693
-3255
-3216
-2827
-2325
-2046
-2006
-2166
-2463
-2621
-2352
-1957
-1702
-1747
-1445
-587
53
91
-393
-631
-896
-1520
-2023
-2408
-2926
-3134
-3283
-3183
-3089
-3122
-3505
-3950
-4015
-3789
-3602
-3330
-3080
-2449
-1674
-1270
-941
-751
-582
-769
-462
64
415
629
651
962
1268
1398
1168
1069
954
774
685
921
1015
980
1209
1344
1797
1958
1933
2010
2466
2899
3200
3497
3514
3815
4036
4088
4125
4649
5095
5109
5206
5588
6094
6414
6066
4037
431
-2037
-1661
-778
-1679
-2745
-1945
-1133
-1786
-2303
-1947
-2483
-3812
-3969
-2239
152
1079
1326
1691
2367
2743
2576
2039
1537
884
627
1020
1768
2133
1284
-102
-1151
-1400
-1745
-2626
-3547
-3467
-3016
-2450
-1838
-1529
-1610
-2061
-2220
-1992
-1508
-1265
-1176
-1229
-971
-506
-616
-1409
-1857
-2134
-2503
-2746
-2666
-2577
-2770
-2949
-2786
-2860
-3112
-3284
-3723
-3714
-3614
-3108
-2928
-2924
-2659
-2584
-2302
-1944
-1672
-1593
-1449
-1061
-336
302
352
177
241
450
636
665
603
813
873
888
933
1129
933
896
1106
1339
1488
1916
2184
2352
2371
2467
2963
3057
3322
3261
3477
3948
4371
4541
4442
4729
4933
4980
5319
5794
5581
3846
203
-2011
-1264
-459
-1355
-2461
-1571
-674
-1283
-1808
-1518
-1603
-3019
-3499
-1653
668
1521
1326
1446
2028
2352
2077
1451
1055
812
652
1053
1789
2007
923
-320
-1332
-1428
-1314
-2117
-2785
-2646
-1976
-1475
-1197
-1201
-1461
-1920
-2024
-1788
-1169
-997
-978
-959
-747
-480
-541
-1045
-1715
-1972
-2226
-2451
-2519
-2298
-2390
-2524
-2393
-2236
-2433
-2675
-3093
-3179
-2881
-2589
-2479
-2363
-2128
-1876
-1829
-2053
-1592
-1272
-1191
-896
-251
159
331
383
355
541
535
618
681
898
1085
1143
1419
1497
1286
1197
1175
1358
1676
1783
1929
2314
2646
2647
2809
2968
2886
2845
2948
3451
3883
4372
4650
4717
4699
4832
5155
5319
4504
1786
-1328
-2141
-754
-405
-1623
-2088
-1078
-943
-2118
-2131
-1848
-2542
-3287
-2435
-212
1345
1359
768
914
1349
1452
1021
668
522
329
626
1246
1553
1084
-30
-1150
-1665
-1411
-1493
-1929
-2095
-1637
-1243
-1210
-1315
-1637
-2090
-2364
-2085
-1596
-1205
-1169
-1256
-1348
-1267
-1464
-1971
-2634
-3032
-2647
-2283
-2066
-1953
-1797
-1943
-2076
-2271
-2507
-2614
-2621
-2680
-2519
-2325
-2210
-2460
-2778
-2824
-2740
-2651
-2482
-2008
-1673
-1359
-944
-609
-448
-574
-586
-321
148
692
715
985
1263
1312
1363
1417
1237
1199
1499
1712
2099
2126
2224
2263
2303
2438
2543
2679
2852
3083
3296
3315
3628
3908
3894
3891
4021
4304
4566
5071
5552
5375
3040
-446
-2115
-924
-193
-1193
-1640
-448
259
-909
-1586
-1372
-1935
-3349
-3091
-913
894
953
162
137
609
496
-49
-360
-317
-268
54
742
1393
1072
-349
-1628
-1889
-1730
-1641
-1995
-2113
-1667
-1230
-1222
-1574
-1842
-2235
-2673
-2572
-1887
-1320
-1408
-1737
-1746
-1611
-1480
-1964
-2212
-2166
-1995
-1751
-1673
-1723
-2172
-2515
-2411
-2114
-2444
-2799
-2972
-2963
-2829
-2816
-3059
-3341
-3537
-3271
-2774
-2633
-2474
-2372
-2044
-1921
-1535
-1312
-1303
-1073
-588
-85
131
184
170
341
419
855
1196
1058
1202
1497
1695
1979
1999
2034
2065
2067
2284
2640
2709
2708
3053
3215
3136
3284
3227
3231
3359
3850
4136
4216
4361
4717
5236
5792
6031
4620
1155
-1979
-1347
272
50
-1084
-586
426
-220
-1257
-1582
-1771
-2987
-3436
-1382
1346
1935
993
410
778
977
414
-162
-165
292
618
1177
1811
1773
797
-674
-1471
-1247
-774
-770
-946
-643
-343
-223
-663
-1123
-1553
-2197
-2140
-1670
-822
-714
-1147
-1359
-1482
-1402
-1775
-2330
-2585
-2474
-2137
-1811
-1513
-1608
-1822
-1873
-1889
-2011
-2237
-2454
-2376
-2287
-2371
-2165
-2406
-2712
-2966
-2967
-2661
-2575
-2562
-2389
-2292
-2219
-1822
-1487
-1259
-927
-578
-243
-194
-281
-211
-40
259
364
661
959
1107
1379
1436
1590
1621
1498
1746
1879
2308
2541
2510
2604
2594
2723
2737
2741
2618
2745
3100
3410
3853
4045
3938
4063
4538
5123
5113
3242
-164
-2242
-846
573
-50
-873
-236
421
-771
-1670
-1622
-1997
-3271
-3170
-740
1396
1199
-180
-508
-147
-219
-365
-300
19
-56
194
859
1482
1108
-405
-1422
-1592
-951
-649
-704
-732
-555
-424
-730
-1163
-1628
-2162
-2390
-2129
-1476
-899
-1104
-1500
-1799
-1873
-1912
-1886
-1923
-1717
-1341
-1104
-1206
-1668
-2052
-2259
-1894
-1934
-2333
-2331
-2211
-2127
-2400
-2666
-2810
-2986
-2955
-2768
-2324
-2138
-2181
-2316
-2229
-2130
-2128
-1850
-1647
-1180
-595
-234
-12
-211
-352
-475
-108
305
747
1192
1158
1048
1187
1612
1325
1112
1388
1835
2361
2588
2788
2824
2629
2657
2589
2636
2679
2456
2727
2985
3497
3655
3615
3723
3960
4369
4628
4927
3376
-58
-2038
-416
1056
-9
-907
-96
710
-525
-1656
-1432
-1713
-3045
-2947
-593
1430
1309
-419
-705
-110
-173
-485
-464
-49
209
529
1227
1708
1112
-259
-1244
-1086
-440
-88
-323
-404
-184
-208
-667
-990
-1388
-1833
-2070
-1685
-716
-359
-797
-1422
-1772
-1673
-1729
-1599
-1659
-1819
-1543
-1366
-1270
-1760
-2507
-2581
-1978
-1591
-1889
-2142
-2176
-2026
-2155
-2459
-2440
-2502
-2606
-2212
-1760
-1643
-1969
-2325
-2243
-2063
-1970
-1691
-1342
-1087
-762
-305
-146
-281
-499
-439
81
578
1027
1227
1468
1450
1599
1863
1963
1815
2024
2559
2894
3128
3378
3348
2957
2949
3073
3195
3081
3286
3215
3502
3896
4177
4054
3710
4097
4557
5088
5270
4834
2265
-539
-963
776
1280
10
8
1012
654
-1062
-1557
-1385
-2280
-3143
-1556
921
1479
385
-350
-326
-326
-655
-460
-51
184
488
929
1451
1175
146
-966
-1191
-604
-33
-165
-324
-96
-55
-401
-899
-1231
-1788
-1974
-1671
-1036
-549
-948
-1455
-1777
-1936
-1891
-1920
-1841
-1428
-1292
-1160
-1359
-1716
-2028
-2178
-1961
-1802
-1619
-1802
-2009
-2095
-2249
-2578
-2638
-2465
-2461
-2367
-2072
-1722
-2004
-2353
-2411
-2303
-2257
-2123
-1767
-1485
-1225
-968
-596
-412
-770
-746
-424
-136
180
563
1003
1156
1216
1432
1489
1571
1698
1926
2291
2688
2949
2666
2802
2597
2587
2521
2606
2927
3015
3134
3147
3100
3051
3270
3380
3552
3972
4489
5040
5246
3950
943
-1189
-221
1425
1023
132
780
1461
141
-1468
-1621
-1633
-2747
-2483
119
2000
1142
-577
-825
-411
-931
-1137
-408
422
845
968
1335
1331
472
-947
-1271
-713
67
514
377
385
124
-401
-892
-1193
-1419
-1628
-1490
-826
-385
-711
-1500
-2137
-2585
-2537
-2460
-2540
-2347
-2106
-1901
-1958
-2368
-2790
-2867
-2769
-2375
-1790
-1829
-2039
-2054
-2119
-2276
-2737
-2649
-2554
-2369
-2227
-2028
-2044
-2468
-2637
-2496
-2100
-2097
-1727
-1619
-1224
-756
-414
-209
-397
-538
-438
14
294
847
1093
1177
1122
1264
1398
1513
1409
1569
2091
2336
2591
2650
2640
2474
2458
2620
2745
2772
2870
3031
3189
3114
3080
3211
3454
3490
3713
4229
4679
5235
5384
4163
1467
-187
655
1794
1335
592
1334
1821
471
-1099
-1250
-1357
-2423
-2262
41
1675
733
-664
-682
-499
-1196
-1424
-230
627
581
877
1430
1433
305
-619
-656
-118
580
921
964
842
440
-92
-377
-734
-1062
-1101
-889
-402
-308
-720
-1275
-1597
-1969
-2149
-2047
-1727
-1645
-1572
-1269
-1088
-1262
-2035
-2308
-2235
-1928
-1342
-1443
-1461
-1550
-1621
-1941
-2329
-2183
-2122
-1960
-1667
-1318
-1517
-1958
-2125
-1964
-1944
-1986
-1615
-960
-706
-586
-399
-363
-479
-792
-364
65
341
574
1002
1272
1327
1377
1365
1309
1141
1336
1783
2165
2149
2087
1942
1962
1780
1733
1915
2136
2455
2566
2709
2611
2330
2233
2279
2715
3094
3370
3807
4163
4451
4404
4148
2593
698
183
1148
1890
1419
1101
1947
1807
66
-1336
-1182
-1059
-1964
-1255
951
1715
243
-877
-617
-616
-1646
-1378
70
606
240
593
1265
706
-561
-760
-100
301
548
1062
1054
640
50
-91
-160
-587
-876
-837
-515
-523
-600
-878
-1223
-1801
-1986
-1702
-1670
-1694
-1701
-1685
-1663
-1765
-1916
-2093
-2171
-1866
-1391
-1237
-1596
-1569
-1554
-1684
-1969
-2061
-1815
-1629
-1387
-1292
-1129
-1176
-1485
-1392
-1015
-754
-682
-355
-226
-159
-184
-171
-91
-246
-54
334
596
637
743
920
716
516
530
877
1016
1151
1280
1343
1367
1064
984
1052
1166
1141
1266
1588
1596
1488
1362
1589
1503
1420
1679
1615
1926
1740
1809
1932
1833
1854
2028
2509
2600
2711
2826
2471
1429
749
790
1253
1023
933
1444
1514
801
-145
-357
-425
-794
-931
-207
569
291
-347
-254
31
-503
-1061
-555
17
-121
-206
191
377
-148
-468
-245
-155
-577
-696
-338
-185
-325
-716
-576
-783
-1210
-1310
-1247
-1035
-1065
-1087
-1027
-909
-1217
-1290
-1121
-1362
-1593
-1371
-1185
-1298
-1452
-1557
-1643
-1727
-1757
-1591
-1426
-1604
-1349
-955
-825
-775
-885
-642
-698
-653
-586
-436
-174
-93
-145
-283
46
-110
-207
0
150
300
259
354
146
195
261
403
495
451
662
654
607
584
625
445
441
696
811
1103
999
1167
1286
1237
1278
1294
1473
1473
1397
1432
1692
1764
1666
1687
1655
1644
1636
1663
1651
1879
2126
1851
1950
2049
2319
2415
2464
2377
2175
1977
1852
1730
1641
1701
1899
2103
1721
1296
1084
924
691
413
600
711
570
372
411
572
186
-206
-317
-141
-302
-503
-522
-468
-569
-758
-629
-587
-768
-1082
-1059
-803
-703
-879
-860
-713
-991
-1032
-839
-817
-1022
-1117
-893
-885
-1023
-1037
-1083
-1178
-1214
-1151
-1048
-1097
-1183
-1204
-1043
-906
-884
-841
-853
-662
-587
-698
-765
-997
-954
-944
-1106
-1092
-966
-909
-879
-847
-677
-759
-984
-965
-932
-786
-695
-679
-501
-395
-497
-530
-455
-384
-305
-192
-11
29
40
110
169
184
296
222
278
399
455
519
585
562
672
471
640
849
768
841
846
861
820
963
853
805
853
1023
1181
1146
1327
1245
1219
1285
1518
1549
1511
1663
1744
1749
1558
1589
1529
1386
1387
1457
1682
1562
1247
966
858
790
631
403
316
244
133
57
-61
-138
-277
-401
-496
-452
-497
-371
-543
-566
-672
-674
-691
-687
-865
-896
-838
-863
-791
-965
-970
-1086
-969
-801
-751
-782
-935
-884
-878
-871
-711
-790
-946
-835
-684
-654
-649
-724
-845
-885
-971
-922
-982
-1017
-1018
-1051
-1163
-1238
-1271
-1493
-1464
-1488
-1594
-1422
-1258
-1458
-1480
-1462
-1289
-1058
-1088
-1027
-963
-766
-875
-752
-674
-663
-460
-505
-439
-442
-377
-309
-330
70
13
17
57
215
325
203
277
336
335
426
436
535
536
632
806
744
919
984
1065
969
985
1014
1085
1110
1037
1069
1056
1220
1239
1334
1359
1393
1473
1638
1613
1551
1311
1200
1417
1285
1147
976
965
944
1028
1068
1169
872
682
485
484
490
286
437
191
337
255
187
220
-134
-307
-412
-231
-98
-305
-389
-376
-349
-287
-461
-491
-408
-510
-383
-258
-94
3
43
6
21
-7
54
-43
-138
-73
-149
114
-82
-306
-308
-369
-500
-476
-571
-500
-588
-774
-816
-850
-778
-790
-867
-776
-727
-825
-696
-845
-838
-917
-937
-800
-775
-831
-868
-761
-893
-994
-915
-818
-790
-791
-694
-647
-649
-680
-670
-506
-520
-517
-459
-246
-224
-287
-191
-202
-91
-76
145
239
175
160
332
491
529
608
540
537
565
547
466
487
585
586
644
674
637
453
369
351
414
459
396
450
533
637
359
303
298
136
248
338
384
514
572
586
387
256
159
344
496
357
359
443
385
286
335
211
183
-69
-74
258
193
27
118
105
43
-152
-131
-284
-331
-216
-329
-167
-5
-1
-77
-146
-210
-190
-369
-316
-201
-270
-383
-306
-127
-283
-389
-503
-707
-768
-681
-568
-431
-441
-532
-642
-592
-734
-763
-739
-797
-711
-742
-646
-655
-777
-935
-970
-961
-774
-784
-898
-883
-1062
-1056
-1018
-1193
-1127
-1127
-991
-820
-880
-841
-891
-709
-787
-683
-667
-447
-337
-326
-75
-190
-213
-225
-220
-96
-77
-23
77
47
-69
34
13
-160
-228
-100
-115
5
178
38
-42
-92
-98
-193
-248
-48
-40
-358
-300
-303
-356
-282
-441
-470
-478
-546
-518
-658
-515
-351
-255
-86
-37
-22
73
110
256
366
614
622
682
855
815
871
997
979
1024
1014
531
494
736
854
696
454
597
573
302
104
175
99
-81
-75
45
137
192
106
110
106
-97
18
-50
49
19
-108
238
117
50
-121
-262
-307
-279
-12
-57
-71
-145
-197
-324
-271
-379
-562
-612
-475
-565
-486
-513
-568
-561
-571
-469
-619
-539
-528
-332
-392
-479
-430
-446
-506
-620
-715
-612
-683
-652
-611
-702
-821
-933
-882
-970
-880
-886
-652
-656
-711
-716
-656
-459
-381
-334
-267
-189
-308
-195
-93
35
-77
-195
-147
20
-35
-237
-240
-121
-167
-231
-210
-232
-162
-205
-79
-129
-103
-28
-98
-43
-61
7
-88
31
116
132
232
236
383
418
529
387
408
573
709
909
950
937
900
1011
984
1027
1060
977
902
960
1101
1049
1075
1152
946
674
669
802
942
749
763
866
693
714
620
517
293
6
89
221
163
35
-41
25
-65
-57
-81
-207
-401
-364
-333
-239
-368
-577
-467
-269
-241
-253
-193
-99
-220
-205
-109
-45
-75
-227
-200
-283
-340
-440
-383
-490
-558
-710
-692
-656
-647
-719
-850
-1063
-1069
-949
-1009
-1061
-1061
-1147
-1008
-1056
-1088
-897
-1033
-963
-817
-915
-963
-936
-963
-888
-935
-885
-689
-790
-768
-661
-783
-941
-919
-769
-707
-586
-541
-505
-360
-320
-270
-164
-141
-153
-169
-26
-133
-97
-99
-70
56
-53
150
129
166
89
9
95
102
225
215
221
373
443
466
629
659
573
776
792
852
879
1004
1031
1048
1138
1137
1249
1401
1355
1552
1542
1416
1336
1227
1259
1354
1379
1158
995
737
634
767
678
454
433
474
426
266
241
122
-291
-444
-524
-307
-362
-392
-327
-341
-462
-517
-185
-470
-487
-478
-80
26
-47
-30
-203
-438
-454
-458
-319
-401
-568
-573
-482
-625
-787
-737
-664
-851
-1103
-898
-876
-905
-1022
-1021
-909
-807
-1166
-1267
-1166
-1095
-1090
-1167
-1167
-1169
-1307
-1232
-1258
-1143
-1219
-1268
-1188
-1323
-1293
-1086
-952
-900
-923
-940
-802
-676
-552
-481
-514
-349
-386
-231
-78
-91
91
-104
112
36
28
-7
69
-5
-91
11
-200
-89
139
278
348
431
520
603
663
662
664
708
761
878
918
943
989
1084
995
1125
1132
1087
1147
1238
1359
1348
1409
1406
1429
1459
1576
1623
1545
1512
1589
1809
1839
1628
1540
1428
1491
1360
1347
1454
1511
1457
1320
1175
860
964
885
793
761
688
691
557
518
408
205
-52
-111
98
-2
-39
23
-12
-91
-113
-73
-111
-195
-268
-149
-165
-118
-87
-149
-422
-519
-457
-515
-569
-740
-834
-739
-688
-883
-843
-921
-1078
-1178
-1038
-1052
-1186
-1116
-1130
-1105
-1113
-1093
-1296
-1213
-1093
-1205
-974
-939
-945
-943
-869
-821
-818
-748
-775
-744
-787
-827
-797
-721
-697
-539
-450
-517
-525
-439
-382
-402
-387
-224
-109
-40
-125
-57
-6
-96
102
75
110
69
164
332
233
282
333
277
269
559
655
708
615
505
504
647
728
672
917
809
812
1015
1011
977
944
853
766
853
954
955
1040
1153
1133
1127
1063
996
978
1015
1063
1032
968
1178
1233
1150
1222
1105
864
781
1005
984
955
945
963
803
600
662
772
806
697
628
799
660
620
528
466
319
237
162
11
83
-7
30
-111
-184
-219
-297
-240
-402
-368
-453
-481
-524
-558
-609
-540
-550
-751
-623
-674
-1071
-1041
-894
-938
-900
-1104
-1059
-965
-910
-796
-800
-874
-1049
-1115
-910
-853
-1016
-1030
-1066
-974
-951
-1061
-1128
-1079
-998
-1146
-1009
-807
-908
-784
-765
-774
-669
-840
-738
-737
-713
-739
-723
-581
-604
-680
-642
-603
-548
-556
-763
-485
-617
-450
-246
-207
-199
-70
153
121
183
184
403
368
478
472
545
769
611
698
716
757
855
755
814
828
770
942
813
812
600
722
762
584
593
494
553
568
471
586
597
686
799
529
682
833
837
693
759
937
1160
1049
1071
1144
996
1041
944
1121
964
1080
1079
1092
949
759
743
839
659
601
711
523
434
377
449
274
165
163
327
419
292
385
431
308
31
130
232
226
-138
-287
-96
18
-111
-240
-232
-226
-172
-218
-201
-265
-286
-273
-72
-211
-215
-108
-229
-211
-296
-268
-26
-187
-338
-223
-161
-75
-132
-10
-106
-225
-187
-169
-160
-373
-436
-402
-293
-316
-544
-505
-586
-592
-598
-595
-585
-519
-606
-574
-486
-467
-512
-457
-442
-381
-253
-449
-271
-307
-350
-281
-139
-78
-77
-139
-187
-50
-91
-128
24
21
71
201
208
249
217
202
316
256
233
294
318
399
308
296
278
317
278
243
192
125
108
116
216
269
177
197
294
231
167
146
192
318
509
418
483
550
625
806
841
833
852
751
783
993
989
1010
1035
1095
854
699
850
996
665
533
520
723
580
353
450
433
152
15
238
164
75
-143
-29
-68
-271
-256
-237
-192
-309
-405
-257
-172
-204
-280
-251
-303
-323
-271
-221
-150
-335
-375
-93
96
108
93
-150
-104
66
-84
0
-15
-125
-106
-58
59
-54
-76
-169
-191
-293
-402
-307
-423
-472
-609
-632
-660
-720
-728
-781
-765
-932
-1134
-962
-1014
-978
-1041
-930
-856
-937
-1004
-974
-1050
-858
-810
-977
-715
-824
-720
-674
-627
-648
-686
-564
-481
-518
-434
-204
-33
-57
26
9
-39
-7
-171
-71
-64
-16
41
53
-15
-145
-178
-216
-158
-99
-29
-179
120
156
-19
-3
-99
135
116
179
213
419
412
357
520
431
605
720
947
928
973
984
959
1089
1040
1156
1178
1012
1070
1263
1163
1203
1214
1082
800
904
1093
1031
852
720
687
680
498
463
523
238
55
288
330
142
109
23
49
11
153
139
166
161
-29
-13
-9
-125
-146
49
69
-189
-126
58
-97
-163
-267
-319
-71
-128
-213
-156
-95
-55
-44
-4
38
61
-116
-233
-306
-190
-204
-535
-720
-704
-612
-790
-837
-809
-862
-868
-893
-779
-912
-870
-904
-834
-905
-837
-722
-932
-801
-873
-763
-772
-784
-637
-681
-698
-572
-564
-520
-534
-442
-336
-404
-391
-348
-168
-54
-96
-2
73
-4
-19
-55
-68
-30
108
189
202
241
