-423
-339
-394
-413
-321
-336
-402
-304
-326
-275
-174
-201
-334
-346
-283
-293
-326
-286
-207
-130
11
-1
38
-11
137
92
127
180
79
217
306
393
294
235
199
358
530
470
592
737
889
992
961
931
971
856
824
1017
797
733
743
794
910
768
661
579
454
438
331
240
175
162
57
-47
14
11
-94
-181
-310
-278
-244
-151
-79
-88
-102
13
8
6
176
38
12
113
143
145
119
277
85
158
-24
-184
-142
-99
-12
-105
-42
-186
-205
-326
-292
-447
-467
-388
-545
-589
-599
-622
-542
-654
-676
-643
-771
-691
-725
-697
-605
-652
-686
-622
-495
-673
-781
-789
-867
-811
-790
-1003
-920
-900
-932
-917
-938
-940
-712
-632
-516
-345
-301
-191
1
-2
-177
-125
100
311
261
-19
4
227
104
71
35
196
202
152
268
280
301
401
459
383
470
404
435
501
427
481
617
547
474
541
552
540
592
627
673
808
754
748
782
823
872
905
1013
1082
891
836
878
893
815
789
967
882
792
696
497
501
386
337
305
339
383
411
397
304
293
111
-55
-55
-107
-20
-19
8
-47
-66
-56
-218
-134
-162
-331
-289
-183
-166
-198
-393
-325
-390
-427
-371
-436
-499
-554
-345
-445
-513
-408
-448
-598
-695
-586
-529
-593
-547
-608
-746
-707
-604
-775
-800
-706
-663
-797
-878
-740
-810
-767
-868
-815
-843
-1004
-959
-1029
-1024
-958
-920
-936
-762
-999
-932
-853
-802
-748
-771
-771
-826
-747
-657
-620
-673
-564
-577
-517
-556
-379
-411
-322
-282
-342
-308
-411
-284
-381
-263
-234
-169
-200
-121
-102
-106
-38
-29
100
-61
122
189
289
231
148
197
338
416
397
353
425
615
537
478
534
597
572
734
713
767
897
848
919
918
878
810
710
692
723
811
616
381
424
480
459
261
199
221
62
124
75
-34
-96
-162
-121
-288
-292
-406
-386
-507
-511
-473
-535
-431
-524
-518
-501
-350
-336
-245
-192
-214
-179
-425
-333
-302
-379
-597
-635
-427
-543
-601
-801
-816
-885
-934
-1030
-705
-677
-867
-928
-1024
-739
-729
-698
-827
-800
-602
-565
-637
-626
-612
-539
-602
-589
-630
-701
-519
-743
-683
-713
-819
-668
-658
-613
-666
-697
-608
-511
-488
-421
-552
-525
-435
-508
-626
-565
-543
-530
-518
-526
-445
-490
-427
-366
-176
-304
-253
-91
-66
104
96
151
175
57
129
273
327
386
472
493
483
603
680
622
753
759
788
782
754
837
940
992
1034
1123
1165
1253
1181
1068
1155
1145
1425
1249
1096
1030
954
935
925
1024
1103
1088
1024
950
765
673
758
631
480
637
508
485
351
272
247
85
91
129
173
128
161
185
117
-44
-13
-57
-259
-282
-334
-155
-145
-192
-272
-393
-396
-435
-585
-695
-676
-748
-738
-716
-749
-773
-742
-805
-919
-846
-722
-636
-649
-731
-756
-635
-713
-771
-769
-907
-804
-700
-682
-674
-601
-645
-661
-606
-638
-657
-670
-710
-732
-743
-802
-881
-826
-775
-726
-781
-757
-742
-726
-641
-699
-674
-738
-717
-678
-675
-608
-566
-540
-416
-494
-430
-498
-408
-257
-295
-286
-337
-242
-163
-181
-49
243
29
-247
194
609
-23
-236
167
484
-253
5
498
-20
39
-118
136
-118
25
335
-350
-467
191
168
-52
167
247
-144
-220
48
66
-92
-111
144
-116
-132
-182
-330
-531
-392
113
-220
-40
260
127
184
274
69
296
75
-168
203
504
229
-203
335
388
-552
-141
400
-265
-241
-123
54
160
-273
-36
310
16
439
338
-83
364
325
12
132
550
447
-52
398
706
219
357
449
617
340
25
884
455
179
607
323
348
608
493
299
588
399
487
745
450
410
496
330
334
423
297
492
422
378
579
599
339
568
893
600
602
753
632
434
772
702
394
481
586
441
498
631
534
705
384
555
445
260
464
512
519
668
741
932
744
779
763
196
217
724
1014
457
642
672
427
288
344
183
240
475
234
385
610
709
691
590
756
463
449
398
261
716
394
640
613
245
417
380
344
362
564
559
662
460
480
322
86
108
90
381
401
401
449
183
115
222
157
153
125
430
346
369
299
318
256
215
451
386
492
477
477
535
631
494
420
389
373
246
425
465
297
262
300
231
225
364
363
591
511
438
324
339
322
240
412
412
405
413
338
470
481
314
267
240
278
399
505
426
313
495
259
266
261
329
164
188
402
373
353
125
251
214
261
381
248
270
432
199
142
312
510
407
320
576
539
496
481
470
380
490
508
374
332
317
441
317
214
163
152
228
287
352
281
372
389
297
214
247
237
259
333
387
443
453
495
390
307
317
508
430
587
796
732
551
557
568
511
499
348
550
598
659
662
572
737
762
782
767
914
883
800
866
726
836
677
712
743
733
801
653
746
663
762
751
760
840
746
742
791
870
773
723
680
546
643
417
248
251
-79
-200
-169
-194
-340
-434
-719
-627
-475
-414
-646
-583
-495
-584
-670
-552
-552
-705
-614
-544
-676
-711
-730
-812
-646
-619
-662
-972
-886
-741
-778
-987
-875
-791
-898
-797
-964
-890
-884
-773
-736
-670
-586
-543
-358
-259
-132
-19
117
128
373
564
622
778
746
920
757
834
1142
1006
1248
1242
1365
1533
1467
1585
1718
1579
1648
1527
1427
1643
1669
1554
1742
1848
1976
2140
2261
2490
2550
2692
2794
2955
3049
2840
2136
1925
1887
1665
1305
1190
1136
730
303
101
-29
-523
-883
-786
-722
-736
-708
-428
-210
-348
-477
-279
-135
-148
-73
426
886
841
930
866
979
812
619
597
749
824
738
776
573
432
66
-88
-356
-563
-645
-856
-748
-808
-1040
-1205
-1326
-1463
-1459
-1444
-1313
-1138
-1193
-1087
-1062
-959
-892
-1118
-997
-1023
-1033
-942
-892
-950
-1088
-1061
-1192
-1291
-1567
-1671
-1646
-1636
-1640
-1617
-1612
-1609
-1480
-1395
-1162
-1122
-880
-794
-633
-383
-150
17
132
494
665
869
1029
1071
1142
1370
1470
1658
1817
1954
2067
2156
2263
2231
2292
2164
2269
2509
2583
2614
2799
3003
3070
3333
3509
3174
2366
2050
2085
1653
707
717
864
228
-324
-291
-161
-1076
-1859
-1651
-1304
-1714
-1865
-1020
-837
-1055
-993
-461
-21
-477
-366
234
549
732
1050
1381
1167
1015
1012
980
905
735
694
394
336
162
-50
-354
-786
-977
-1182
-1217
-1201
-1198
-1313
-1238
-1300
-1347
-1321
-1255
-1175
-978
-818
-678
-533
-399
-458
-551
-522
-680
-567
-826
-847
-870
-784
-1073
-1277
-1417
-1702
-1896
-2101
-2014
-2304
-2380
-2401
-2257
-2287
-2238
-1850
-1726
-1643
-1417
-1146
-889
-619
-409
-152
165
324
362
569
582
559
623
702
831
939
1246
1343
1524
1790
1886
1819
1800
1805
1781
1895
2000
2090
2270
2524
2636
2620
2569
2829
3063
3255
3759
3844
3328
2552
2166
2152
1138
6
-128
-14
-272
-872
-628
-585
-1455
-2275
-2369
-2229
-2387
-2399
-1430
-952
-826
-356
-51
-220
-434
-38
232
834
1055
1455
1634
1441
1234
863
584
359
138
44
-114
-233
-230
-501
-1101
-1261
-1458
-1688
-1625
-1463
-1236
-1300
-1174
-863
-931
-776
-804
-669
-550
-488
-15
78
234
18
-256
-403
-465
-656
-956
-927
-1092
-1161
-1435
-1649
-1610
-1719
-1892
-1935
-1982
-2114
-2275
-2271
-1932
-1922
-1892
-1727
-1483
-1414
-1164
-912
-820
-686
-424
-123
300
494
633
879
937
1115
1248
1227
1115
1308
1259
1510
1783
1833
1762
1767
2135
2224
2198
2182
2445
2609
2792
2714
2852
2995
2907
3205
3352
3711
3704
3887
4191
4581
4387
3266
2429
1928
883
-242
-343
-167
-475
-1121
-1197
-924
-1630
-2573
-2828
-2582
-2479
-2303
-1549
-843
-459
-331
-22
187
166
299
533
815
1170
1475
1589
1427
898
473
-36
-248
-311
-530
-738
-882
-946
-1217
-1484
-1586
-1852
-2041
-2001
-1848
-1709
-1386
-1210
-910
-802
-645
-618
-572
-316
-297
-181
3
-2
58
-9
-422
-597
-795
-1052
-1269
-1402
-1631
-1846
-2043
-2084
-2181
-2403
-2360
-2115
-2252
-2399
-2237
-2222
-2083
-1922
-1596
-1310
-1286
-1219
-1028
-1013
-839
-564
-248
76
-99
238
344
227
356
373
426
377
482
520
611
879
915
982
1063
1333
1550
1753
1907
2039
2240
2310
2452
2633
2643
2674
2771
3096
3266
3319
3433
3602
3863
4125
4666
4801
4007
2609
1207
49
-639
-821
-811
-915
-1318
-1484
-1350
-1689
-2258
-3118
-3371
-3072
-2353
-1389
-565
106
213
313
468
699
571
559
872
1309
1862
2125
1926
1587
651
31
-331
-557
-532
-641
-821
-1137
-1322
-1590
-1842
-2127
-2458
-2372
-1991
-1613
-1262
-1054
-853
-809
-608
-562
-446
-431
-431
-99
-61
-161
-351
-668
-845
-1172
-1402
-1498
-1621
-1828
-1998
-2286
-2425
-2595
-2774
-2800
-2754
-2632
-2415
-2205
-2036
-1904
-1688
-1436
-1122
-887
-975
-801
-783
-945
-1009
-1041
-1024
-1020
-889
-749
-814
-738
-600
-619
-660
-425
-263
8
152
191
362
768
950
861
1139
1346
1571
1825
2144
2219
2365
2381
2260
2485
2553
2432
2524
2496
2318
2635
2695
2682
3110
3682
4541
4669
5046
5548
4550
1857
-372
-516
-122
-514
-989
-528
-409
-1283
-2047
-1920
-2317
-3514
-4227
-3147
-1481
-613
-212
137
566
517
471
676
737
670
932
1543
2444
2750
2078
1274
348
-152
-447
-496
-393
-537
-926
-1313
-1298
-1348
-1874
-2389
-2450
-2306
-1791
-1331
-914
-670
-604
-267
-81
254
140
35
184
240
129
-202
-417
-741
-1114
-1482
-1985
-2295
-2520
-3271
-3634
-3577
-3598
-3759
-3552
-3319
-3126
-3133
-2933
-2601
-2375
-2112
-1859
-1335
-1114
-834
-608
-513
-470
-585
-570
-401
-387
-414
-254
-174
-127
-137
-416
-690
-600
-421
-374
72
547
908
1268
1398
1707
1863
2107
2444
2645
2915
3215
3348
3351
3435
3535
3242
3111
3119
3271
3775
4119
4235
4474
3600
1181
-1281
-1587
-1179
-1701
-1997
-1583
-1239
-1852
-2131
-1795
-1892
-3053
-3425
-2656
-1040
-229
391
905
920
919
880
1188
1076
742
525
811
1147
1336
903
96
-716
-1256
-1583
-1790
-1759
-1974
-2172
-2213
-1799
-1546
-1717
-1937
-1924
-1690
-1565
-1148
-681
-541
-518
-377
-103
136
-99
-453
-685
-789
-878
-1170
-1570
-1769
-1902
-2264
-2664
-2941
-3244
-3548
-3738
-3714
-3603
-3480
-3295
-2893
-2635
-2586
-2693
-2245
-1941
-1846
-1545
-1087
-749
-658
-542
-667
-541
-712
-865
-841
-711
-501
-537
-294
-345
-488
-314
-446
-373
-284
-116
73
237
654
989
1270
1508
1684
2115
2397
2574
2797
2621
2612
2724
3090
3153
3176
2958
2647
2752
3279
3850
3895
3956
3537
1737
-1146
-2292
-1326
-1220
-2216
-2140
-1285
-1467
-2327
-2149
-1787
-2570
-3591
-3230
-1611
-623
-297
197
778
848
631
678
476
41
-144
31
619
780
677
-21
-995
-1531
-1726
-1799
-2153
-2305
-2373
-2245
-2093
-1630
-1488
-1720
-1742
-1697
-1252
-953
-861
-525
-443
-234
211
207
141
35
-575
-800
-1090
-1227
-1395
-1847
-1871
-2026
-2319
-2839
-3167
-3672
-4031
-3973
-3640
-3457
-3304
-2912
-2579
-2460
-2272
-1889
-1733
-1698
-1269
-728
-408
-173
-284
-188
-165
-225
-375
-629
-643
-467
-234
-382
-257
-257
-330
-244
-154
115
344
579
790
1239
1498
1681
2106
2843
3111
3078
3148
3396
3534
3376
3277
3263
3497
3420
3448
3559
3597
3747
4096
4459
4678
4886
3434
240
-2076
-1783
-1011
-1604
-2447
-1828
-1247
-2004
-2258
-1742
-1928
-3359
-3739
-2364
-786
-17
379
703
935
1066
946
1013
786
127
-80
167
696
918
440
-545
-1331
-1780
-1967
-2145
-2384
-2549
-2561
-2380
-1980
-1483
-1721
-2038
-2053
-1828
-1435
-1044
-781
-720
-614
-377
-49
61
65
-166
-538
-852
-1035
-1300
-1647
-1813
-2092
-2458
-2558
-2680
-3098
-3688
-3947
-3688
-3489
-3258
-2956
-2617
-2355
-2297
-2100
-1819
-1743
-1765
-1462
-816
-509
-382
-352
-533
-577
-541
-709
-956
-952
-655
-426
-432
-443
-316
-447
-479
-288
-54
108
301
679
950
1236
1709
1928
2113
2355
2617
2919
3117
3033
3044
3114
3002
2947
2982
2911
2941
3149
3549
3878
3905
4334
4297
2804
229
-1510
-1395
-1133
-1666
-1931
-1579
-1390
-1907
-2152
-1723
-1839
-2991
-3345
-2202
-890
-253
92
667
904
942
803
565
383
-25
-228
103
394
623
319
-401
-1080
-1447
-1542
-1835
-1935
-2073
-2205
-1917
-1607
-1311
-1272
-1521
-1563
-1687
-1351
-1004
-803
-564
-496
-213
-3
12
-187
-390
-724
-1019
-1255
-1303
-1459
-1696
-2180
-2670
-2891
-3046
-3422
-3882
-3943
-3798
-3798
-3460
-3026
-2707
-2638
-2543
-2251
-1961
-1989
-1728
-1379
-986
-606
-653
-577
-650
-864
-893
-704
-870
-972
-738
-452
-599
-584
-382
-634
-563
-512
-217
-158
133
415
765
922
1283
1775
2270
2571
2533
2769
2987
2842
2806
2993
3063
3260
3183
3196
3202
3303
3477
3965
4301
4298
4439
3611
970
-1379
-1576
-832
-1473
-2416
-1887
-1254
-1719
-2219
-1594
-1591
-2681
-3396
-2526
-1347
-611
85
445
977
1026
976
883
504
289
172
96
395
757
690
112
-697
-986
-981
-1394
-1781
-1873
-1911
-1789
-1380
-966
-771
-775
-907
-893
-870
-531
-200
-20
-97
112
469
603
615
255
-22
-474
-661
-1007
-1249
-1270
-1538
-1736
-2128
-2111
-2457
-3001
-3415
-3248
-3055
-3211
-2829
-2506
-2365
-2314
-2080
-1698
-1674
-1604
-1336
-1012
-754
-383
-360
-422
-625
-537
-336
-467
-654
-571
-241
-392
-370
-318
-403
-358
-363
-235
13
203
266
493
937
1299
1562
1764
2014
2252
2620
2642
2789
2883
2918
2921
2804
2725
2817
2842
2996
3356
3619
3833
4074
4496
4627
3014
-25
-1634
-1300
-823
-1437
-1906
-1343
-1183
-1737
-1749
-1131
-1736
-2974
-3404
-2439
-1148
-444
67
249
629
992
1059
993
654
198
-38
47
663
1010
685
18
-569
-701
-723
-1207
-1444
-1814
-1792
-1722
-1467
-769
-1053
-911
-1019
-1053
-977
-545
-380
-571
-80
301
419
612
643
372
89
-209
-401
-480
-888
-1306
-1618
-1728
-2079
-2299
-2766
-3202
-3247
-3290
-3145
-2949
-2831
-2884
-2779
-2586
-2040
-1742
-1665
-1592
-1208
-746
-536
-440
-424
-455
-512
-290
-225
-133
-267
-114
96
55
117
64
113
-74
21
183
243
372
481
858
1295
1597
1742
1957
2309
2353
2502
2608
2563
2555
2537
2367
2662
2884
2887
2623
2677
3204
3431
3502
3641
4084
4259
2849
175
-1582
-1280
-813
-1854
-2542
-1853
-1277
-2030
-2264
-1561
-1751
-2930
-3396
-2638
-1588
-1015
-689
-378
143
577
741
553
463
188
-19
-147
152
616
327
77
-412
-606
-620
-838
-1232
-1809
-2008
-2008
-1869
-1801
-1416
-1198
-1238
-1172
-887
-535
-533
-812
-664
-308
204
268
403
513
401
127
-293
-537
-891
-1162
-1554
-1676
-1541
-1721
-2135
-2366
-2382
-2443
-2641
-2762
-2600
-2583
-2322
-2096
-1767
-1413
-1364
-1005
-645
-402
-217
-109
-63
54
155
253
396
395
429
640
779
594
632
636
598
398
488
646
682
771
850
1109
1371
1711
1841
2082
2310
2506
2777
2813
2881
2906
3033
3032
2882
2702
2750
2794
2853
2927
3330
3755
3746
3992
4210
4068
2176
-104
-410
175
-224
-1214
-1184
-710
-833
-1465
-1195
-970
-1867
-2798
-2810
-2055
-1428
-1039
-913
-565
-68
508
766
501
349
238
23
41
506
774
479
14
-219
-37
-34
-502
-1058
-1657
-1858
-1917
-2079
-1859
-1555
-1603
-1593
-1433
-1075
-988
-1177
-1413
-1233
-901
-602
-348
30
185
2
-153
-437
-624
-1046
-1339
-1562
-1633
-1732
-1837
-2173
-2322
-2224
-2564
-2682
-2743
-2693
-2710
-2728
-2289
-1900
-1610
-1420
-1171
-868
-673
-669
-664
-527
-359
-224
-62
43
452
528
416
596
545
373
195
215
200
267
329
366
403
602
765
1076
1175
1559
1762
1873
1994
2211
2394
2356
2487
2489
2550
2703
2772
2690
2787
2957
3235
3412
3508
3754
4303
4173
2433
338
-580
-82
-321
-1359
-1622
-1261
-1235
-1672
-1512
-1018
-1724
-2892
-3170
-2658
-2104
-1657
-1430
-1196
-511
210
619
552
309
366
249
-53
144
614
669
129
-22
191
507
199
-454
-1059
-1531
-1575
-1756
-1678
-1597
-1368
-1313
-1273
-1019
-767
-921
-1400
-1487
-1152
-864
-706
-438
-303
-244
-557
-675
-775
-922
-1148
-1634
-1688
-1628
-1716
-1825
-2221
-2460
-2523
-2785
-2700
-2826
-2849
-2872
-2838
-2251
-1707
-1467
-1270
-936
-905
-846
-683
-498
-414
-230
-40
-35
109
170
217
-72
193
128
-76
45
133
302
87
272
434
497
670
814
1059
1277
1421
1660
1831
1903
1989
2131
2168
2200
2190
2355
2568
2470
2500
2658
2717
2818
2832
3282
3706
3739
3130
1677
185
122
357
-433
-1292
-1412
-1143
-1479
-1544
-1370
-1094
-2015
-2948
-2804
-2332
-1936
-1744
-1492
-1108
-556
307
614
429
293
355
293
237
639
1091
915
482
534
769
715
273
-307
-745
-1087
-1179
-1373
-1478
-1244
-1228
-1264
-1205
-769
-580
-869
-1267
-1000
-570
-430
-439
-540
-311
-281
-324
-612
-488
-395
-674
-964
-1134
-928
-1126
-1281
-1526
-1524
-1669
-2040
-2039
-2098
-2066
-2102
-1954
-1714
-1391
-1113
-926
-774
-657
-403
-386
-406
-209
24
252
243
211
366
371
313
213
186
130
-25
-125
-177
-80
62
90
230
509
753
915
1002
1166
1350
1615
1697
1763
1753
1899
1872
1909
2000
2073
2231
2140
2389
2488
2658
2942
3068
3376
3705
3563
2503
852
300
436
-33
-1009
-1403
-1237
-1168
-1516
-1598
-1354
-1782
-2696
-3036
-2681
-2539
-2265
-1968
-1856
-1407
-650
-29
107
-37
153
315
297
460
696
907
453
186
544
749
708
242
-301
-626
-892
-978
-1250
-1390
-1245
-1418
-1449
-1239
-996
-847
-1266
-1108
-1022
-1052
-951
-876
-667
-668
-705
-606
-545
-295
-349
-645
-976
-1048
-822
-1030
-1346
-1529
-1529
-1691
-1914
-1862
-1714
-1906
-1899
-1662
-1515
-1256
-953
-718
-706
-529
-279
-8
126
261
250
244
438
439
642
488
440
405
599
534
332
508
371
455
465
652
759
811
1156
1096
1289
1418
1403
1666
1606
1709
1718
1846
1921
1945
1942
2056
2241
2499
2608
2728
2880
3011
3229
3595
3109
1876
597
120
552
-92
-1185
-1487
-1435
-1570
-1810
-1617
-1434
-1996
-2650
-2799
-2679
-2314
-2021
-1958
-1891
-1346
-566
-44
8
131
184
20
-73
88
578
410
126
471
727
786
480
107
-79
-477
-574
-902
-989
-836
-879
-881
-850
-550
-220
-275
-433
-346
-450
-308
-227
-170
-210
-383
-336
-231
-148
-259
-405
-565
-719
-568
-677
-1009
-1296
-1332
-1284
-1418
-1382
-1419
-1504
-1544
-1546
-1353
-1082
-1083
-905
-706
-437
-223
120
258
321
541
694
780
667
817
773
746
827
699
545
678
565
540
632
651
894
900
938
1036
1283
1433
1587
1910
2047
2236
2219
2076
1994
2176
2402
2451
2187
2078
2256
2345
2305
2435
2757
2938
3194
3419
3795
3402
2131
1167
1020
1248
468
-173
-368
-377
-595
-886
-737
-784
-1344
-1908
-2105
-2118
-1930
-1773
-1610
-1459
-844
-199
34
33
115
313
196
-28
121
514
591
266
367
583
871
830
443
162
-99
-321
-497
-621
-503
-452
-539
-476
-394
-359
-450
-565
-631
-489
-515
-474
-587
-591
-498
-498
-444
-458
-391
-492
-704
-893
-934
-993
-1165
-1424
-1431
-1391
-1420
-1478
-1463
-1432
-1502
-1396
-1351
-1284
-967
-936
-917
-677
-407
-181
-192
-72
172
393
342
152
368
550
612
645
549
557
664
538
307
213
135
519
489
488
762
983
1195
1288
1310
1582
1592
1477
1604
1727
1661
1635
1734
1637
1790
1831
1900
2179
2333
2532
2629
2865
3275
3512
3110
2143
1094
1061
1214
623
-189
-407
-363
-673
-886
-791
-771
-1364
-1887
-2107
-2068
-1874
-1506
-1381
-1312
-1052
-336
96
206
290
363
434
300
574
798
742
653
562
737
1077
1077
874
509
361
202
210
2
-138
-90
-259
-270
-216
-130
-263
-231
-285
-324
-360
-534
-505
-560
-539
-576
-609
-597
-489
-530
-781
-937
-944
-872
-922
-1317
-1557
-1447
-1533
-1529
-1419
-1463
-1335
-1233
-1132
-925
-823
-645
-637
-684
-432
-61
90
70
202
280
328
272
203
573
322
296
402
549
598
387
493
586
566
689
727
734
1028
1218
1343
1508
1577
1658
1805
1862
1860
1702
1736
1797
1935
1952
1973
2295
2285
2386
2397
2545
2849
3078
3271
3429
3453
3088
2102
1226
1331
1253
556
-83
-231
-164
-470
-583
-579
-578
-832
-1213
-1424
-1365
-1012
-957
-810
-641
-221
427
682
719
883
1051
916
769
879
1118
1006
721
695
865
1103
884
782
562
431
310
235
167
55
306
65
-17
281
632
659
339
64
125
48
90
-86
-199
-75
-27
-25
-117
134
2
-183
-378
-396
-312
-574
-648
-692
-786
-910
-1018
-932
-798
-811
-732
-606
-608
-515
-458
-342
-334
-66
24
-122
104
270
382
323
107
222
429
443
386
455
552
619
616
602
696
648
672
772
776
1251
1485
1438
1509
1459
1438
1431
1431
1357
1484
1477
1488
1715
1900
1900
1981
1909
2148
2306
2303
2446
2556
2718
2974
3189
3073
2332
1197
943
1039
699
-108
-490
-428
-547
-776
-531
-452
-644
-1030
-1258
-1329
-1217
-969
-715
-639
-421
155
411
603
461
429
417
342
382
529
455
315
347
465
614
760
910
300
157
122
-12
-25
-181
74
36
-20
179
203
223
19
-402
-389
-307
-358
-588
-603
-495
-404
-516
-455
-407
-514
-602
-792
-825
-745
-712
-831
-954
-820
-750
-732
-693
-521
-513
-577
-541
-425
-307
-243
-227
-94
49
212
312
336
269
120
218
290
439
320
360
611
560
436
397
598
722
540
789
971
1045
1291
1282
1362
1290
1166
1288
1372
1307
1486
1570
1485
1483
1436
1626
1568
1774
1862
1852
2068
1888
2035
2201
2336
2473
2695
2679
2122
986
453
561
208
-225
-786
-583
-525
-788
-805
-706
-762
-1246
-1520
-1525
-1400
-1180
-945
-1009
-671
-68
422
258
135
515
390
167
209
465
441
436
361
342
655
876
737
560
316
31
43
-25
40
59
183
-11
-80
199
105
16
-255
-281
-270
-310
-436
-575
-463
-478
-465
-635
-450
-332
-461
-614
-558
-506
-608
-780
-844
-797
-713
-538
-383
-387
-496
-530
-542
-489
-314
-102
-59
-45
92
174
344
153
147
377
256
291
367
469
507
631
806
840
774
746
825
1074
1043
1129
1267
1431
1520
1265
1275
1440
1660
1729
1543
1535
1603
1494
1633
1699
2034
2130
2113
2371
2280
2498
2549
2575
2668
2729
2834
2928
3098
2416
1345
725
784
736
-81
-634
-588
-580
-935
-929
-690
-928
-1318
-1620
-1646
-1512
-1022
-871
-957
-895
-377
114
94
219
242
285
42
99
260
344
203
-13
107
144
349
397
185
-194
-352
-356
-484
-674
-614
-605
-790
-785
-540
-502
-587
-733
-970
-807
-865
-902
-934
-1007
-853
-801
-762
-791
-681
-849
-1002
-953
-860
-841
-917
-916
-941
-970
-909
-901
-969
-906
-905
-860
-781
-754
-660
-525
-489
-495
-367
-213
0
-254
-439
-87
-94
49
91
91
157
220
453
640
551
610
645
624
610
888
840
962
1186
1231
1417
1396
1470
1384
1311
1234
1332
1509
1758
1790
1763
2122
2279
2323
2444
2463
2610
2697
2900
3104
3134
2485
1319
633
749
635
-47
-498
-635
-641
-1018
-1110
-816
-818
-1342
-1725
-1855
-1682
-1242
-1112
-1004
-948
-493
115
178
172
263
390
358
195
374
478
549
304
329
403
402
450
6
-269
-395
-553
-774
-746
-746
-844
-887
-841
-694
-703
-680
-951
-1207
-1256
-1047
-1000
-1172
-1316
-1176
-1124
-1060
-1135
-1195
-1130
-1321
-1419
-1457
-1424
-1221
-1182
-1244
-1097
-1159
-1120
-1321
-1290
-1089
-1194
-1020
-822
-650
-587
-468
-444
-692
-351
-31
-277
-157
-63
-170
-162
-15
147
247
77
185
416
439
271
295
447
589
740
840
1090
1021
978
1128
1237
1430
1541
1546
1591
1619
1943
2015
1938
2148
2357
2498
2696
2736
2914
3222
3252
3440
3489
2947
1555
538
662
608
-54
-686
-696
-561
-901
-1299
-1091
-1033
-1542
-1885
-1885
-1739
-1556
-1207
-853
-726
-335
299
294
292
503
624
453
321
677
893
843
671
630
699
807
699
341
42
-137
-213
-426
-530
-319
-230
-414
-756
-723
-710
-780
-914
-1093
-1035
-1186
-1134
-1067
-878
-817
-941
-838
-1011
-920
-998
-1180
-1369
-1457
-1291
-1192
-1158
-1311
-1445
-1451
-1396
-1410
-1385
-1504
-1468
-1367
-1187
-959
-717
-626
-688
-582
-401
-265
-311
-292
-249
-122
-63
92
108
140
201
122
301
280
368
360
420
478
422
480
697
919
870
985
1024
1259
1419
1456
1491
1584
1564
1583
2001
2251
2438
2638
2775
3049
3218
3470
3517
3454
2958
1677
500
235
495
4
-902
-1057
-891
-1101
-1473
-1495
-1446
-2145
-2757
-2951
-2689
-2242
-1785
-1423
-1353
-836
-250
328
28
-24
109
83
135
327
752
735
654
696
725
659
629
164
-545
-675
-788
-781
-855
-885
-756
-965
-1230
-1135
-1077
-1116
-1330
-1447
-1381
-1253
-975
-901
-1043
-978
-912
-939
-1199
-1356
-1325
-1425
-1684
-1778
-1477
-1688
-1839
-1810
-1799
-1789
-1756
-1717
-1769
-1707
-1576
-1422
-1262
-1047
-933
-995
-773
-592
-307
-247
-226
-109
-17
84
30
99
47
276
433
433
402
393
482
363
243
271
455
525
612
782
999
934
904
1091
1262
1264
1360
1354
1435
1587
1678
1950
2028
2248
2487
2672
2847
3061
3300
3495
3293
2331
712
-162
-62
76
-722
-1446
-1172
-854
-1273
-1608
-1259
-1739
-2573
-2963
-2903
-2596
-1820
-1461
-1300
-1156
-706
173
236
259
156
106
263
328
625
893
1063
854
569
736
734
278
-137
-752
-945
-702
-760
-768
-762
-803
-997
-1265
-1205
-1104
-991
-1136
-1142
-917
-613
-212
-125
-220
-161
-425
-551
-824
-860
-1022
-1578
-1527
-1532
-1514
-1562
-1758
-1981
-2099
-2199
-1904
-1840
-1885
-1670
-1691
-1383
-1236
-887
-495
-509
-391
-216
-56
142
301
459
691
715
862
821
786
911
1012
990
847
955
1045
1009
1001
1156
1329
1322
1394
1480
1618
1635
1737
1809
1943
2126
2250
2261
2196
2253
2499
2650
2689
3121
3137
3528
3954
4172
4437
4242
3410
1381
27
156
399
-210
-1096
-956
-738
-1101
-1402
-1334
-1666
-2520
-3050
-2919
-2416
-1697
-1077
-866
-789
-209
449
666
356
131
281
196
409
825
1092
1142
743
496
423
310
38
-703
-1300
-1402
-1163
-1032
-920
-1084
-1088
-1203
-1487
-1543
-1530
-1429
-1406
-1456
-1047
-534
-224
-129
-319
-271
-485
-1033
-1188
-1114
-1205
-1303
-1602
-1699
-1622
-1915
-2106
-2268
-2475
-2516
-2398
-2303
-2275
-2041
-1785
-1651
-1564
-1367
-1042
-872
-888
-660
-459
-100
-52
54
337
451
695
688
803
642
697
672
681
561
665
569
514
674
810
1003
1107
1338
1417
1476
1716
1780
1800
1971
1966
2203
2188
2375
2528
2577
2719
2894
3337
3397
3723
4039
4317
4214
3310
1429
-210
-218
269
-106
-956
-952
-818
-1113
-1626
-1642
-1726
-2532
-3130
-2951
-2178
-1413
-659
-402
-411
-157
464
591
314
231
291
452
381
922
1311
1148
695
349
211
-30
-285
-904
-1452
-1476
-1209
-958
-915
-1075
-1223
-1524
-1670
-1602
-1626
-1477
-1327
-1196
-809
-420
-84
-121
-301
-632
-940
-976
-1148
-1256
-1415
-1593
-1808
-1960
-2020
-2201
-2676
-2900
-2876
-2917
-2925
-2942
-2681
-2469
-2196
-1888
-1636
-1520
-1351
-1200
-1092
-797
-463
-190
-16
-14
71
190
214
169
414
445
496
713
747
658
683
779
662
673
657
728
951
1267
1562
1769
1991
2029
2179
2220
2313
2511
2502
2426
2719
3037
3137
3381
3609
3900
4047
4364
4518
4194
2744
440
-771
-357
308
-81
-826
-757
-478
-1141
-1758
-1620
-1821
-2787
-2982
-2158
-1128
-362
74
1
120
631
1150
1056
451
390
585
847
1094
1616
1723
1228
459
-110
-168
-184
-454
-988
-1502
-1231
-805
-678
-802
-1046
-1271
-1466
-1422
-1140
-810
-742
-720
-430
123
660
326
-183
-320
-556
-822
-1044
-967
-814
-1038
-1475
-1772
-1616
-1655
-1967
-2204
-2232
-2182
-2040
-1921
-1987
-1887
-1932
-1849
-1769
-1710
-1319
-1252
-1050
-815
-447
-211
-152
-108
-61
193
148
215
308
373
607
603
622
804
809
739
605
605
827
1002
1140
1341
1531
1666
1891
2166
2254
2406
2429
2279
2542
2677
2809
2926
3141
3360
3466
3562
3791
4444
4784
4572
2809
244
-1178
-613
229
-308
-1102
-707
-391
-1094
-1577
-1424
-1813
-2798
-2921
-1963
-676
54
208
64
-43
412
974
766
231
52
468
600
681
1215
1349
704
-397
-603
-646
-568
-798
-1264
-1261
-997
-770
-716
-750
-1119
-1384
-1576
-1543
-942
-708
-794
-695
-586
-303
-141
-90
-475
-730
-639
-809
-784
-690
-670
-1158
-1794
-2046
-1895
-1995
-2340
-2457
-2326
-2177
-2119
-2024
-2028
-2111
-2161
-2028
-1789
-1492
-1351
-1224
-1209
-908
-626
-477
-600
-712
-401
-32
164
123
220
281
551
660
844
708
777
838
906
1022
1072
1354
1359
1708
1940
2171
2364
2395
2530
2493
2647
2615
2552
2755
2779
2958
3043
3276
3402
3515
3899
4214
4915
4984
3321
440
-1587
-1003
256
53
-1171
-1036
-433
-1038
-2163
-2132
-1993
-3116
-3404
-2122
-499
33
-65
-276
-536
-441
398
566
-41
-249
229
465
466
669
812
81
-1102
-1433
-957
-599
-887
-1039
-1273
-1038
-667
-821
-1263
-1596
-1559
-1612
-1511
-1052
-639
-786
-1035
-886
-506
-315
-567
-732
-873
-719
-621
-565
-656
-652
-955
-1398
-1626
-1630
-1317
-1645
-1932
-2028
-1535
-1651
-1963
-1964
-1944
-1866
-1841
-1729
-1524
-1431
-1362
-1165
-1167
-963
-786
-714
-663
-658
-384
-141
150
371
359
443
619
888
1134
987
1056
1440
1593
1567
1539
1582
1637
2101
2397
2505
2600
2621
2772
2694
2638
2810
3033
3230
3330
3594
3877
3948
3987
4309
4730
5308
5707
5295
2771
-352
-1158
254
1168
278
-225
476
532
-818
-1567
-1374
-1803
-2498
-2147
-197
851
747
90
-632
-684
-353
420
322
-257
-152
557
625
460
461
317
-623
-1432
-1093
-394
-214
-659
-722
-795
-822
-885
-1177
-1533
-1635
-1606
-1293
-1070
-826
-884
-1375
-1470
-1203
-718
-556
-842
-920
-690
-492
-599
-632
-657
-925
-1294
-1498
-1452
-1329
-1469
-1602
-1641
-1467
-1726
-1960
-2130
-2353
-2249
-2203
-2122
-1934
-1978
-1934
-1501
-1399
-1256
-1169
-1127
-852
-836
-643
-462
-384
-165
-41
257
345
555
740
697
851
1000
1125
1132
1233
1288
1506
1515
1747
1793
2170
2496
2436
2469
2475
2850
2693
2725
2762
2886
3238
3218
3521
3653
4061
4446
4701
5150
4909
3000
-183
-1342
134
1513
856
35
793
928
-598
-2079
-1777
-1660
-2462
-2075
-178
1287
744
-136
-590
-838
-717
-41
260
6
6
702
922
506
169
87
-286
-1078
-692
161
560
274
-44
35
-176
-395
-856
-1087
-1214
-1113
-651
-475
-533
-840
-1145
-1375
-1186
-715
-651
-754
-860
-587
-305
-530
-662
-679
-587
-854
-991
-1126
-1149
-1341
-1713
-1775
-1705
-1743
-2086
-2239
-2280
-2323
-2337
-2343
-2204
-2249
-2286
-1911
-1683
-1626
-1370
-1347
-1405
-1210
-1009
-768
-548
-360
-132
120
192
372
464
571
795
963
1109
1045
1060
1021
1129
1321
1290
1598
1945
2034
2028
2138
2294
2416
2543
2681
2689
2866
3101
3197
3563
3713
3984
4200
4714
5290
5522
4726
2163
-336
-690
1016
1561
566
610
1419
995
-815
-1835
-1355
-1716
-2199
-1094
1000
1642
634
-238
-578
-867
-503
187
430
223
611
1201
1169
700
319
85
-523
-646
71
1020
1037
497
257
273
-100
-531
-859
-768
-606
-496
-100
-144
-464
-931
-1371
-1204
-853
-455
-252
-368
-331
-280
-144
-232
-293
-265
-182
-201
-237
-165
-438
-847
-996
-910
-1044
-1259
-1527
-1429
-1430
-1637
-1703
-1498
-1503
-1623
-1414
-1048
-844
-871
-780
-732
-745
-879
-644
-367
-397
-161
196
325
323
342
517
640
708
849
1001
1120
1141
1156
1309
1465
1494
1801
1984
2051
2052
2035
2144
2020
2245
2386
2449
2488
2360
2859
3118
3272
3470
3937
4247
4330
4713
4787
3075
177
-1097
137
1332
840
313
799
912
-594
-2086
-1951
-1712
-2093
-1740
97
1390
686
-832
-1372
-1272
-1201
-666
156
470
272
632
781
360
-136
-340
-577
-778
-339
695
1170
467
-234
-407
-479
-1018
-1135
-864
-624
-459
-478
-493
-778
-1433
-1779
-1492
-1003
-531
-484
-584
-549
-379
-395
-592
-618
-502
-303
-282
-419
-553
-639
-1003
-1350
-1248
-1309
-1586
-1756
-1672
-1579
-1700
-1859
-1835
-1802
-1881
-1756
-1349
-1036
-981
-1076
-1027
-1112
-1063
-968
-785
-588
-297
-58
219
185
23
140
400
707
717
904
1038
1109
1152
1255
1223
1271
1424
1535
2031
2144
2120
2021
1920
1946
2082
2168
2336
2551
2441
2689
2993
3204
3377
3360
3656
4047
4330
4488
3274
830
-620
-27
1170
1073
360
493
1012
-237
-2018
-2312
-1744
-1987
-2274
-767
863
371
-1303
-1990
-1719
-1623
-1379
-615
104
347
296
448
423
-151
-686
-696
-565
2
732
1191
763
-129
-467
-584
-852
-1173
-854
-565
-503
-422
-362
-799
-1453
-1709
-1745
-1156
-725
-656
-464
-420
-508
-654
-775
-789
-668
-489
-261
-474
-572
-597
-906
-1080
-1354
-1224
-1335
-1410
-1347
-1378
-1362
-1568
-1588
-1669
-1438
-1395
-1095
-766
-746
-1035
-1027
-1016
-1152
-1082
-886
-453
-315
-65
194
329
65
78
303
752
955
879
1002
1099
1064
1150
1354
1459
1421
1650
2036
2118
2053
1972
1912
2096
2120
2060
2139
2377
2525
2645
2863
3128
3212
3237
3527
3745
4145
4579
4703
3650
1432
69
639
1648
1299
625
1062
1545
403
-1162
-1462
-1117
-1224
-1506
-249
890
406
-971
-1598
-1184
-1290
-1234
-650
198
233
-35
231
413
3
-686
-571
-262
-2
367
802
738
279
-211
-418
-609
-896
-811
-324
-160
-349
-562
-753
-1075
-1533
-1425
-935
-597
-539
-647
-489
-425
-678
-792
-801
-841
-770
-587
-447
-611
-730
-899
-1398
-1612
-1728
-1674
-1620
-1611
-1385
-1417
-1543
-1691
-1812
-1660
-1487
-1389
-1020
-752
-890
-1017
-1102
-1070
-1139
-923
-518
-411
-113
-37
-57
114
-27
4
462
623
819
940
1079
1103
1229
1142
1140
1177
1138
1347
1773
2002
1611
1545
1609
1678
1741
1811
1844
1996
2132
2059
2172
2209
2357
2384
2662
2941
3412
3766
3570
2926
1416
71
117
903
1306
692
679
1343
971
-537
-1609
-1264
-1175
-1540
-1072
355
732
-405
-1519
-1356
-894
-1230
-1201
-276
360
203
167
380
418
-312
-798
-709
1
388
626
1010
909
322
-227
-306
-497
-471
-376
257
585
190
-41
-404
-795
-1140
-1109
-584
-355
-577
-490
-513
-695
-1143
-1706
-1546
-1168
-1075
-1108
-1032
-1159
-1421
-1619
-1803
-1966
-1946
-1774
-1508
-1187
-1177
-1438
-1418
-1626
-1794
-1616
-1425
-853
-858
-787
-911
-828
-623
-841
-545
-448
-269
-70
11
24
12
-181
-143
-6
237
242
298
468
647
636
429
604
525
547
723
1158
1102
1188
1092
891
942
834
813
881
1224
1200
1345
1381
1483
1599
1475
1712
1906
2110
2431
2580
2693
2869
2404
1543
690
453
1135
1392
786
837
1500
1305
-99
-928
-608
-523
-996
-911
2
719
-268
-793
-630
-426
-912
-1125
-284
252
229
137
387
327
-168
-551
-311
219
296
461
778
775
565
221
143
165
-90
12
300
310
166
-151
-184
-302
-481
-504
-355
-222
-341
-457
-349
-112
-441
-986
-1042
-866
-894
-971
-1138
-860
-883
-1071
-1269
-1301
-1085
-1065
-819
-674
-519
-538
-740
-873
-1183
-1189
-1113
-926
-637
-699
-583
-499
-463
-639
-746
-550
-454
-151
-26
134
150
-33
13
8
95
3
81
266
310
477
388
247
249
188
303
548
554
457
488
476
492
398
331
482
555
658
590
655
823
826
926
1046
1204
1417
1459
1585
1699
1661
1886
1763
1332
858
607
839
972
669
675
1070
968
96
-493
-78
68
-434
-615
79
405
-127
-412
-224
-97
-593
-760
-231
233
84
-120
27
352
-137
-574
-404
-58
-1
-79
141
263
253
-68
-309
-61
-189
-387
-105
32
83
-149
-264
-283
-572
-734
-723
-626
-624
-631
-554
-553
-619
-831
-999
-995
-1032
-1034
-915
-899
-806
-931
-1076
-872
-897
-1080
-1108
-982
-871
-880
-914
-841
-880
-1058
-1034
-784
-642
-709
-620
-452
-403
-493
-536
-514
-337
-319
-511
-293
-120
-114
-135
-145
-71
-30
23
-63
26
95
67
190
78
-47
-19
22
204
165
257
155
191
112
121
417
343
349
231
439
572
553
533
578
715
649
601
721
833
942
836
757
809
734
493
277
259
496
642
634
905
1071
856
360
245
403
336
60
204
669
543
72
-59
70
-222
-370
-260
2
6
-211
-160
-57
-117
-236
-296
-148
-114
-331
-289
-80
195
-67
-153
32
-30
-124
-197
-233
-161
-363
-259
-10
-158
-267
-315
-393
-486
-714
-747
-516
-536
-526
-691
-549
-521
-581
-694
-941
-889
-1027
-964
-1000
-943
-905
-964
-1129
-1098
-969
-1147
-1021
-828
-675
-696
-672
-534
-655
-701
-705
-592
-383
-316
-374
-392
-204
-375
-357
-313
-254
-166
-254
-185
-116
-31
-40
-54
25
-15
250
330
202
346
517
590
430
262
317
435
398
366
443
492
541
504
444
487
388
553
555
625
842
700
819
791
801
847
977
1107
1145
1177
1156
1096
1084
1172
1216
1237
1444
1392
1008
895
940
1036
692
296
617
540
339
206
127
217
-128
-292
-168
12
73
-60
-172
-168
-278
-180
-1
71
-170
-271
-155
-180
-382
-482
-509
-433
-443
-628
-548
-504
-361
-483
-609
-628
-715
-740
-726
-719
-646
-771
-653
-679
-558
-520
-786
-673
-580
-633
-680
-498
-593
-744
-911
-913
-979
-1029
-962
-903
-962
-909
-900
-980
-956
-1136
-829
-790
-833
-727
-694
-715
-667
-545
-730
-700
-764
-509
-383
-359
-293
-336
-251
-214
-186
-219
-255
-85
-178
-76
103
-50
-97
51
94
-22
39
24
24
-126
-157
-84
30
104
33
266
309
244
250
340
408
539
600
702
794
866
936
924
1086
958
1043
1287
1469
1292
1097
1105
1401
1382
1139
1090
1219
1173
829
786
909
873
641
363
543
400
373
322
355
217
-130
-210
-188
-66
-283
-299
-309
-368
-477
-411
-618
-716
-615
-758
-667
-633
-617
-666
-754
-689
-730
-763
-630
-722
-852
-886
-648
-574
-514
-653
-723
-709
-745
-384
-397
-411
-512
-507
-635
-840
-846
-889
-903
-873
-841
-1019
-1024
-1144
-1215
-1301
-1162
-1151
-1200
-1044
-1025
-1061
-1108
-1163
-1058
-1025
-1142
-1049
-1003
-851
-695
-643
-531
-457
-408
-353
-334
-211
-40
-42
-204
-186
-69
76
-59
-98
115
24
39
26
173
42
0
66
-17
181
286
56
248
447
401
319
507
557
536
561
602
497
750
880
816
1010
1116
1226
1326
1427
1458
1336
1457
1702
1714
1907
1603
1416
1551
1492
1546
1331
1405
1614
1471
1060
938
1139
926
687
776
992
876
596
479
357
301
215
27
-87
-29
-129
-118
-171
-244
-280
-263
-206
-157
-135
-3
161
199
121
60
8
11
-5
-1
101
-47
85
-64
-116
-105
-246
-279
-374
-287
-333
-388
-323
-239
-403
-509
-520
-515
-572
-704
-613
-610
-625
-800
-914
-899
-1025
-1151
-1105
-1163
-1095
-1118
-1181
-1011
-1223
-1196
-1173
-1179
-1038
-1021
-1016
-988
-977
-898
-963
-815
-767
-707
-571
-513
-492
-499
-517
-397
-388
-313
-218
-319
-205
-269
-125
-151
-224
-163
-121
-92
-93
-38
-26
71
15
107
213
219
253
290
415
479
514
427
608
734
1025
1078
1142
1117
1014
1186
1177
1174
1354
1219
1306
1514
1471
1444
1124
1234
1151
1101
1040
1019
1123
861
627
668
791
524
251
283
338
94
-32
-8
30
-290
-339
-98
0
-23
-183
30
-3
-153
-90
55
107
8
-23
15
156
226
107
19
59
-55
-151
-96
83
71
-70
-80
-23
87
7
-165
-225
-307
-352
-395
-460
-478
-494
-535
-670
-610
-793
-979
-839
-831
-677
-738
-782
-846
-946
-1011
-1049
-1294
-1262
-1207
-1198
-1142
-1133
-1235
-1112
-972
-1098
-917
-796
-772
-833
-786
-717
-650
-522
-545
-571
-543
-497
-497
-528
-528
-440
-431
-289
-201
-316
-61
-38
-38
-211
0
82
235
154
156
233
364
340
189
309
573
372
310
635
537
650
574
716
808
828
885
818
896
935
1012
1267
1470
1482
1440
1516
1520
1538
1417
1220
1492
1452
1343
1380
1462
1361
933
581
679
877
662
425
538
773
444
356
470
404
166
18
131
354
370
151
307
429
281
354
330
450
373
233
420
585
571
515
482
290
209
206
365
377
246
16
168
85
-24
-325
-387
-439
-542
-490
-560
-365
-442
-574
-590
-433
-430
-509
-784
-770
-530
-534
-698
-833
-609
-634
-766
-887
-731
-757
-804
-659
-719
-574
-553
-504
-401
-423
-507
-423
-214
-267
-146
-153
-135
-104
-65
-141
-220
-149
-143
-47
-76
52
92
80
126
88
135
207
192
229
284
212
231
236
265
196
132
190
212
220
333
354
354
354
283
511
564
517
624
669
762
724
736
775
807
880
860
967
1105
1039
971
975
987
916
928
984
1058
1001
936
952
612
435
573
674
447
211
362
421
323
166
371
292
82
66
252
298
86
172
110
344
313
170
193
27
40
-32
53
215
112
-43
-118
-68
-338
-188
-222
-314
-310
-287
-390
-397
-444
-647
-770
-700
-803
-650
-602
-614
-783
-906
-858
-944
-964
-974
-916
-1005
-934
-799
-827
-823
-709
-877
-823
-649
-653
-647
-576
-633
-761
-721
-798
-663
-582
-600
-634
-556
-540
-508
-427
-407
-302
-376
-335
-403
-238
-237
-339
-298
-204
-142
-207
-260
-268
-175
-209
-129
-15
-18
123
35
159
234
256
182
72
310
195
289
233
260
365
404
418
368
379
565
544
462
722
632
677
652
682
663
751
851
687
822
758
807
989
799
493
517
794
779
817
963
1014
768
611
689
689
580
482
515
559
368
145
371
362
-54
18
-19
20
88
92
89
19
-86
-75
109
-13
-120
-119
42
128
126
-99
-36
-39
-67
-2
-55
-25
-138
-87
-190
-271
-200
-321
-432
-294
-346
-277
-192
-424
-339
-374
-301
-460
-414
-173
-184
-217
-204
-223
-521
-374
-468
-425
-458
-444
-379
-448
-278
-368
-422
-423
-275
-323
-206
-297
-301
-395
-349
-202
-290
-221
-263
-125
-201
-188
-237
-119
-173
-85
-88
-77
-18
-40
83
189
141
171
239
92
237
445
662
237
240
400
593
504
390
549
692
762
496
757
652
689
750
603
731
740
879
893
999
946
952
1032
963
1028
1135
1055
1109
1215
1231
1343
1174
1141
1076
1083
1205
1190
1233
1289
934
675
642
775
644
319
398
424
359
140
171
56
-54
-231
-197
78
-58
53
55
-66
-156
-237
-156
-177
-388
-476
-294
-190
-274
-376
-443
-226
-505
-562
-500
-510
-433
-629
-601
-517
-654
-745
-669
-727
-601
-523
-542
-503
-451
-503
-516
-482
-469
-439
-664
-644
-544
-592
-527
-423
-458
-649
-707
-702
-683
-764
-720
-818
-823
-787
-659
-763
-746
-1002
-926
-908
-997
-793
-736
-738
-748
-628
-663
-612
-719
-684
-600
-597
-509
-403
-419
-508
-529
-361
-371
-390
-376
-383
-314
-118
35
69
62
64
124
135
247
213
271
409
447
347
458
506
498
515
414
515
428
529
755
709
627
559
600
881
914
831
775
935
1003
965
1112
1087
1034
911
857
900
908
949
853
934
893
697
663
642
563
430
436
236
207
169
208
290
168
-119
-14
87
26
-68
-85
-248
-244
-378
-478
-390
-566
-505
-429
-430
-442
-384
-560
-542
-619
-635
-298
-300
-446
-389
-337
-392
-283
-449
-493
-335
-474
-467
-410
-392
-560
-652
-649
-442
-597
-485
-513
-542
-378
-527
-416
-430
-445
-498
-520
-682
-490
-502
-594
-588
-572
-428
-516
-592
-607
-595
-545
-553
-541
-557
-611
-553
-589
-468
-518
-280
-287
-363
-305
-286
-133
-63
-18
-79
-3
-52
56
3
-114
199
319
439
399
540
563
302
561
492
707
676
695
774
679
625
678
758
852
829
890
787
845
827
774
855
786
809
735
921
796
953
1054
1045
1166
1234
1421
1374
1369
1179
1157
1443
1502
1289
1160
1381
1373
1198
849
1039
994
979
794
716
853
810
787
740
623
330
283
173
151
117
33
192
74
-200
-186
-80
-72
-264
-319
-238
-350
-314
-362
-402
-378
-473
-507
-487
-483
-615
-583
-533
-546
-557
-507
-592
-621
-638
-542
-398
-469
-435
-473
-295
-183
-378
-351
-346
-384
-368
-437
-504
-613
-662
-709
-722
-775
-730
-759
-857
-832
-896
-865
-938
-936
-951
-870
-939
-923
-947
-899
-789
-839
-753
-680
-617
-507
-449
-310
-429
-483
-285
-350
-339
-113
38
63
149
113
116
126
176
278
185
216
179
121
63
245
210
213
177
260
329
133
287
236
413
438
360
158
193
297
356
286
391
414
497
524
488
501
520
720
753
824
872
1039
1123
993
958
915
988
971
899
990
1026
942
726
622
695
677
509
633
595
440
278
215
344
154
65
-68
-59
-28
-50
-135
-118
-169
-393
-285
-279
-230
-333
-395
-278
-289
-329
-472
-356
-401
-305
-331
-341
-286
-430
-398
-273
-363
-596
-539
-627
-648
-621
-549
-607
-626
-580
-530
-506
-297
-467
-502
-478
-592
-548
-745
-621
-646
-666
-786
-959
-825
-858
-964
-795
-456
-720
-739
-581
-590
-687
-795
-744
-605
-547
-660
-656
-578
-637
-651
-717
-730
-525
-768
-604
-438
-460
-371
-472
-399
-408
-298
-229
-236
-207
-261
-225
-79
123
19
52
27
167
358
227
112
158
191
280
190
137
176
65
112
108
189
179
220
313
346
523
456
475
515
475
659
523
633
828
899
1068
998
1186
1245
1210
953
1084
1090
1043
1146
1066
1027
927
766
753
764
666
527
578
539
454
410
415
356
287
202
149
105
114
189
262
271
260
250
328
190
-115
-17
115
219
-8
-205
-149
-54
-165
-229
-76
-88
-67
-117
-143
-62
-65
-12
16
45
-131
21
-88
-31
-41
-189
-116
-215
21
-98
-13
-248
-156
-115
-297
-350
-520
-463
-488
-467
-544
-534
-593
-636
-782
-751
-720
-786
-714
-857
-849
-768
-797
-833
-677
-689
-781
-669
-524
-568
-414
-417
-557
-404
-543
-471
-480
-488
-483
-565
-391
-378
-399
-469
-367
-263
-365
-322
-214
-159
-143
-160
-226
-209
-127
-52
-128
-74
-51
-4
30
16
-52
74
122
119
331
62
153
304
292
204
231
260
263
253
305
337
599
566
468
548
453
719
722
771
962
761
764
831
915
931
573
524
517
436
446
379
248
302
158
195
149
-74
-40
-100
-97
-74
-170
-237
-219
-307
-313
-155
-31
-185
-281
-276
-138
-97
-212
-229
-133
-140
-208
-121
-143
-226
-142
-165
-235
-98
-83
62
-35
-114
-23
63
83
37
27
-119
-104
-104
-46
-42
-118
-87
-197
-153
-170
-129
-183
-295
-232
-329
-387
-378
-466
-505
-481
-637
-786
-795
-711
-760
-824
-698
-665
-639
-726
-730
-717
-714
-799
-837
-675
-892
-860
-672
-779
-812
-719
-827
-687
-574
-590
-593
-525
-403
-305
-257
-238
-158
-318
-251
-230
-48
-47
-171
-126
-71
-15
-68
-186
-168
55
-248
8
102
61
157
-91
178
116
395
416
448
574
565
697
686
700
662
789
948
932
990
1009
884
836
866
865
865
827
787
973
740
757
613
536
511
515
474
435
536
364
220
114
52
-31
219
112
-47
106
-94
20
60
-59
48
16
63
22
73
135
114
-99
-28
159
24
146
4
75
165
96
142
169
23
66
93
141
95
45
150
130
216
97
112
176
70
48
34
126
-19
-242
-191
-283
-318
-500
-407
-253
-274
-370
-375
-400
-361
-346
-283
-288
-294
-379
-498
-486
-538
-398
-601
-491
-574
-615
-449
-549
-562
-498
-558
-437
-465
-439
-346
-511
-424
-495
-425
-466
-438
-522
-432
-429
-528
-476
-384
-456
-468
-329
-284
-257
-299
-227
-176
-45
-49
300
-365
92
-697
-473
-86
-392
-444
-494
257
-160
-447
0
-208
-227
-300
-186
-202
-44
-319
-229
-484
-801
-282
-711
-255
-249
52
-296
-274
122
-543
-480
492
-305
-403
322
-110
36
-118
-297
-223
-235
-265
-420
-39
-88
-348
-198
-105
-531
-394
245
-208
-639
166
258
-536
-278
175
-252
-5
596
-174
175
400
-138
185
259
182
-245
537
130
-104
344
366
303
98
102
-75
167
63
245
428
163
398
476
-155
188
270
-457
-272
143
-43
-132
80
348
-192
318
876
-509
-316
645
-180
-181
204
31
-27
54
180
-26
733
336
-28
548
24
134
474
189
285
143
166
187
111
221
178
256
259
765
369
44
744
196
78
