-582
-12
214
-646
315
-368
-96
-17
-483
-90
-222
-305
-76
-24
-693
126
-451
-660
170
-497
-759
-191
-258
-391
-4
-58
-237
-196
-409
16
-280
-398
23
-244
-558
57
-708
-400
33
-799
256
-167
-854
3
-562
-429
160
-387
-336
-164
-230
-667
417
-650
-160
255
-755
643
-616
-326
250
-538
139
214
-378
258
371
-689
378
-334
-286
224
140
-467
260
-526
-290
620
-538
-68
29
-131
16
-243
-128
393
-160
552
536
-598
619
-16
145
273
-27
305
195
261
-63
157
121
234
-216
151
304
-197
461
301
25
325
185
266
-197
168
364
-219
343
87
-352
181
200
-307
-7
120
-196
267
-25
242
-16
-190
130
26
-251
407
-16
-242
705
-314
31
148
-135
559
-101
200
537
-208
579
58
396
331
-104
115
145
-9
-223
296
-367
41
-343
-155
-164
-609
372
-496
-449
192
-616
-223
1
-567
-338
-324
-509
-501
-31
-683
-293
-214
-410
-761
153
-570
-401
229
-516
3
48
-124
-10
-20
-294
456
-255
-408
399
-379
-211
-28
-322
-470
-402
-481
-961
119
-235
-785
165
-250
-431
-249
-139
-588
115
13
-438
550
-176
-410
549
-72
-195
634
49
-400
416
-264
33
522
23
171
3
429
107
361
562
-63
542
-45
190
98
297
-43
-118
594
5
-124
614
84
-550
648
-431
33
147
-213
615
140
-8
633
-264
116
400
-20
473
18
183
7
30
358
12
387
-8
146
369
-145
98
208
174
154
582
-40
366
523
20
456
-1
613
570
77
835
-395
251
286
343
-269
297
173
-180
146
531
-646
767
441
-793
1346
-701
-176
642
-203
-134
819
-443
-472
468
145
-58
-101
630
-450
213
192
-422
553
-159
-75
175
-124
-332
464
-386
-260
104
-640
245
-314
17
37
-547
158
-93
-335
-21
-723
-43
-14
-668
364
-318
-252
-226
-245
429
-546
-143
77
-401
-203
-159
-503
-178
-347
-534
-27
-651
53
-251
-684
340
-936
192
221
-770
374
-532
-179
118
-344
444
146
122
-162
197
-228
-51
-148
219
-647
5
198
-258
-40
-194
-35
-482
15
-409
-356
242
-226
135
-86
-214
251
-353
29
-271
653
-435
25
35
-127
-236
-340
499
-780
98
304
-370
-18
-217
-328
-22
241
-557
-897
631
-631
187
542
-157
-149
506
-720
-411
340
-229
-575
249
251
-777
371
112
-429
179
71
-17
-406
-324
289
-492
-59
10
-400
94
54
-39
-27
-141
-83
139
-75
-469
498
197
-865
1218
-56
-987
502
-301
-456
110
-52
-4
23
63
-688
-499
-29
-1089
261
174
-736
313
-314
-506
51
13
-944
260
-315
-506
-227
-668
-375
-260
-772
-708
-208
-623
-796
-351
-627
-822
140
-443
-275
212
-288
-600
-291
-401
389
-671
-243
413
-1090
-59
-384
-375
313
-376
-813
317
-392
-648
388
-242
-944
300
-731
-568
86
-282
87
-364
-149
-320
682
-237
-362
827
-685
-537
830
-309
-434
445
-256
150
169
-204
107
-744
752
-27
-431
634
-647
506
-163
207
-55
500
-116
-29
536
30
-387
646
706
-1039
810
41
-450
551
-114
172
60
-633
609
-221
142
-7
455
-108
-352
-109
268
115
-184
6
-136
460
-869
559
-83
-448
461
-168
55
238
10
-37
166
336
-520
909
573
-466
180
759
-672
468
652
-872
450
713
73
-391
710
-126
-306
597
-276
-150
577
-357
103
432
155
-156
799
-97
-503
445
-249
206
-727
385
-5
-482
160
50
-693
-617
593
-1040
310
-483
-913
9
-223
-897
705
-847
-466
592
-717
-551
-124
-237
-673
476
-600
-525
284
-881
216
-279
-452
-382
-446
117
-736
-44
-399
-374
306
-775
-258
76
-590
-258
302
-1076
24
353
-984
24
413
-605
-319
235
-620
-221
-338
-352
-149
-516
-363
53
43
-356
345
-260
-606
94
-89
-236
191
-122
179
167
-364
65
-340
-185
-240
187
-128
-216
-467
260
-449
-253
485
-879
-287
184
-480
397
-270
275
-817
-325
587
-971
252
84
-127
-59
309
-544
34
-52
-267
-162
-77
25
-113
124
-73
59
-691
260
-126
-582
24
-313
-779
-368
338
-590
-254
165
-159
-416
137
-240
-430
30
116
-524
-192
-55
-981
95
-90
-660
-224
189
-885
329
-173
29
-243
-387
583
-716
-461
17
-238
-796
-134
229
-687
-675
-45
-939
29
282
-934
746
-649
-698
403
-433
-360
174
-47
-396
-313
87
-953
676
-1249
-484
520
-690
-445
89
-464
-461
565
-25
-744
360
116
-935
493
-720
-9
-7
-593
-135
338
-603
123
261
-548
-298
-15
-485
-370
232
-496
164
-296
267
-133
-122
3
-463
499
-200
171
950
-557
284
993
-362
67
-307
390
658
-5
690
627
-15
342
229
-1
875
-84
294
327
180
450
1065
-277
968
1029
-897
762
221
-274
961
189
650
539
-292
91
94
659
-244
812
893
-302
-138
526
251
-41
406
842
294
489
698
-94
449
40
-349
585
653
-507
1051
523
-100
702
-199
589
809
97
584
518
133
169
486
-79
47
-543
658
347
117
833
-67
618
-213
-280
371
305
162
441
1188
-161
113
533
228
-229
717
586
-8
706
-312
176
605
-648
117
437
461
27
878
-396
548
86
-722
719
257
57
557
472
-336
735
-566
5
726
541
615
273
720
-208
-76
935
-356
464
518
879
108
589
298
-15
181
1077
139
500
1443
-118
420
860
-308
165
-72
806
724
-49
419
128
396
-24
380
169
528
380
-109
605
644
419
485
677
716
-45
757
890
398
418
527
268
669
665
-124
789
437
-53
1114
724
-143
688
12
258
266
-486
855
-95
1071
1015
117
469
427
646
-49
752
-307
764
128
632
700
174
1329
-74
1076
389
1063
-514
824
-40
364
248
687
155
412
380
231
1299
380
1219
409
1394
782
862
554
572
387
648
1056
284
571
105
1110
37
604
383
-480
691
847
285
-147
802
332
878
908
101
874
651
8
1392
320
-82
1485
-176
217
1215
541
945
63
326
589
-472
128
246
279
430
280
412
-132
21
12
64
307
502
429
-8
548
-129
371
205
-369
-220
592
75
119
543
-100
-340
771
555
-243
524
1066
1
549
1075
-346
-253
331
-79
-225
456
412
1099
730
693
-20
-100
152
-39
680
746
299
418
592
272
75
956
1076
-129
1194
986
-322
1134
95
-200
1023
-25
641
693
403
703
560
-377
574
657
581
613
1102
655
615
571
332
679
1075
157
759
1496
-78
772
708
-65
213
950
-63
386
1171
-210
716
1575
715
171
1177
535
74
1904
611
1112
745
-69
827
684
644
1222
1055
1261
1199
252
802
920
121
237
673
380
334
422
999
341
815
1080
1052
987
467
941
838
631
1302
798
725
694
625
-63
666
562
298
1362
1131
-461
1124
127
224
1383
-617
369
717
588
206
821
203
339
377
3
-79
391
-89
974
728
356
754
850
-173
663
951
721
796
29
-266
861
30
60
1095
-116
-168
1102
180
-480
935
-74
342
700
732
-890
814
509
-456
-159
474
530
315
729
887
797
1416
-10
194
1267
-553
418
526
14
523
920
638
-203
330
553
355
1187
873
238
559
1303
47
698
565
849
611
394
33
651
393
519
890
1072
1066
298
849
-150
304
1253
516
419
822
726
79
137
490
-466
489
830
539
779
1425
43
883
1519
243
967
1314
612
1119
18
-130
656
-6
220
693
475
1021
1135
-64
571
255
1015
596
1019
1723
464
56
468
-20
898
1359
1227
1052
165
936
1072
240
325
-46
931
1653
364
915
459
425
1227
545
123
1383
1070
80
1479
627
3
962
328
922
802
912
726
280
1038
74
548
1210
-41
870
1536
197
-8
587
366
562
518
681
133
160
1245
159
-134
678
-283
-116
1915
-134
268
590
883
-132
-31
-567
352
1292
-199
-114
-93
-23
-445
733
-57
153
925
532
720
639
256
247
35
961
-281
323
289
582
763
138
242
-447
502
1020
930
891
725
714
711
61
-98
-228
1300
1311
109
1633
-112
-162
1340
-234
-40
1139
1008
1271
941
1144
230
346
645
301
1135
842
2332
656
370
829
514
38
405
1058
956
751
850
1069
268
683
-646
1151
1356
-625
1475
1049
291
1564
808
-134
633
878
131
982
1457
124
1406
1695
-617
835
691
-25
1941
1905
-55
1604
1277
10
1144
966
-146
855
1286
730
1425
570
150
288
861
214
551
1147
815
759
657
-187
555
607
-222
851
1091
679
1262
1054
339
742
640
-5
827
1600
276
1341
2004
-464
-424
862
-254
47
507
333
731
794
377
-67
8
-12
145
241
657
899
-25
398
849
-692
-73
149
242
266
788
-265
448
-53
-929
158
520
-522
523
975
227
583
-454
-634
29
198
-523
1365
435
-71
814
114
-271
-314
-397
374
836
189
-95
215
232
-823
-162
353
-638
-55
189
226
693
-121
-572
187
-540
-362
478
-158
550
251
-504
278
104
-417
-95
790
651
-134
140
127
-424
-144
-478
100
-251
-406
28
201
-295
-266
100
-320
30
-289
-34
707
245
-185
148
-233
-736
127
-221
220
951
-123
-209
203
-701
-581
-52
1
223
556
133
297
7
-211
-86
-99
176
111
285
697
452
-593
-74
261
18
-158
13
-111
519
607
4
90
-274
-27
223
57
-126
258
163
66
222
-128
-442
-59
394
508
157
404
179
-66
84
-195
-43
291
-285
110
374
-419
-147
-364
-982
-780
-19
-426
-460
127
206
-272
-215
-691
-385
-14
-249
505
574
0
-376
-117
-548
-281
171
-172
68
-138
-363
-127
-164
-256
-233
-181
-411
-290
-224
-390
-43
-490
-481
-142
-655
-865
-160
358
50
-18
-77
-248
78
-9
254
675
511
453
474
249
-45
-29
127
-41
133
-10
-104
-72
-248
197
161
-95
-183
-4
73
232
330
256
-433
-194
-161
-141
348
294
429
336
616
572
586
588
551
182
388
550
520
532
181
101
301
-33
-131
221
-165
97
89
24
236
171
-124
-14
137
-67
252
550
7
-270
51
-90
154
477
55
92
383
160
96
328
29
150
503
310
520
401
70
415
594
312
32
29
107
136
236
193
24
75
-263
-424
36
-46
28
268
289
322
257
113
290
145
46
387
351
294
450
421
204
163
-165
-110
-94
122
97
52
241
-144
-282
-210
-260
-245
-137
-40
175
441
374
-38
-8
121
-172
42
99
47
193
352
503
529
275
84
281
154
193
325
355
452
313
490
279
268
311
210
373
502
460
341
433
266
200
-26
-23
106
21
318
493
356
120
44
-26
-76
-184
-172
110
229
145
81
117
-36
-311
-75
50
149
136
105
34
-34
-71
-356
-378
-405
-358
-182
-315
-488
-577
-797
-585
-675
-810
-489
-486
-642
-577
-849
-935
-927
-1206
-1196
-1065
-1217
-1230
-1238
-1172
-1178
-1223
-1144
-1172
-1109
-1040
-922
-881
-894
-863
-495
-573
-818
-642
-386
-319
-392
-119
198
168
327
436
531
476
437
780
1049
1089
1500
1412
1088
1307
1394
1475
1283
1216
1502
1623
1716
1666
1614
1557
1321
1381
1693
1718
1984
2256
2324
2690
2904
3029
3024
2879
3035
3242
3042
3310
3694
3085
1920
1453
1713
1033
364
334
357
-548
-1135
-1040
-1542
-2601
-3260
-3170
-2973
-2985
-2774
-2554
-2810
-2895
-2792
-2401
-2012
-2010
-1566
-921
-334
172
-17
-196
-265
-293
-337
7
34
-230
-341
-524
-709
-1362
-1982
-2556
-2746
-2835
-2921
-2977
-3327
-3684
-3953
-4042
-3966
-3987
-3840
-3239
-2965
-2698
-2374
-2199
-1945
-1554
-1326
-1003
-541
-469
-209
46
235
442
253
425
786
781
530
839
801
349
238
389
534
461
628
569
1021
879
664
1005
989
1033
1493
1760
2065
2083
2130
2302
2286
2732
2695
2875
3353
3809
3866
4071
4153
4553
4985
5103
4127
2003
920
1568
1551
518
329
463
-435
-1841
-1762
-1837
-3268
-4587
-3901
-2733
-2593
-2832
-2487
-2578
-2955
-2728
-2254
-1826
-1688
-1043
-119
873
1202
1067
586
332
510
684
1238
1741
1581
985
771
386
-424
-1523
-1884
-1992
-2167
-2369
-2544
-2785
-3746
-4476
-4561
-4529
-4739
-4844
-4476
-4204
-4136
-4044
-4166
-4068
-4014
-3779
-2965
-2406
-2290
-2340
-2137
-1928
-2104
-2276
-2142
-1889
-1628
-1746
-1767
-1777
-1967
-2174
-1999
-1566
-1557
-1501
-1332
-938
-822
-708
-300
-151
96
451
1007
1591
1866
2093
2361
2546
2677
2880
3093
3298
3163
3350
3512
3463
3226
3197
3206
3177
3140
3163
3205
3168
3510
3992
4208
4413
4836
3221
-221
-1422
151
-101
-1579
-1406
-338
-1495
-3382
-3051
-2607
-4714
-6358
-4722
-2646
-2240
-2474
-1751
-1805
-2521
-2715
-1956
-1042
-903
-423
870
2014
1961
957
141
-186
-155
-360
108
855
705
-463
-1095
-1296
-2275
-3616
-3835
-3302
-3516
-3619
-3592
-3863
-4782
-5522
-5368
-5079
-4852
-4577
-4030
-3821
-3565
-3469
-3671
-3976
-3842
-3413
-2943
-2356
-2178
-2099
-2735
-2809
-2694
-2903
-3283
-3198
-3023
-3163
-3165
-3151
-3274
-3674
-3531
-3044
-2509
-2183
-1896
-1363
-1080
-984
-739
-146
343
697
1266
1890
1968
1949
2376
2539
2566
2778
3036
2988
3098
3075
3163
2970
2820
2577
2740
2903
2810
2784
2362
2689
2550
2514
2856
3576
3757
4273
4082
1707
-1940
-2164
-124
-817
-1994
-1426
-708
-2499
-3868
-3246
-3503
-5987
-6759
-4307
-2318
-2299
-2415
-1920
-2507
-3148
-2703
-1643
-1096
-598
449
1425
2136
1938
720
-476
-754
-371
-26
452
795
183
-1194
-2027
-2331
-3167
-4219
-4508
-4004
-3580
-3483
-3616
-3923
-4668
-5446
-4925
-4153
-3674
-3414
-2740
-2411
-2568
-3007
-3448
-3374
-3377
-3071
-2431
-2093
-2095
-2374
-2733
-3084
-3168
-3976
-3886
-3153
-3058
-3053
-3123
-3069
-3363
-3671
-3437
-2769
-2207
-1900
-1320
-529
-228
-233
-38
835
1015
1258
2039
2666
2793
2693
3048
3344
3455
3264
3255
3518
3609
3274
3126
3229
3301
2934
2711
2785
2886
2813
2677
2840
3104
3332
3655
4601
5040
5615
5044
1586
-2253
-1883
371
-745
-2254
-1586
-742
-2720
-4479
-3891
-4170
-6754
-7415
-4494
-2033
-2016
-2538
-2062
-2180
-2955
-2680
-1464
-731
-320
477
1877
2569
2104
613
-884
-1139
-594
-121
85
56
-802
-2281
-3285
-3670
-4271
-5358
-5406
-4570
-4051
-4130
-4044
-4498
-5691
-6158
-5341
-4442
-4001
-3389
-2602
-2185
-2127
-2308
-2782
-3069
-2992
-1973
-1395
-1213
-1214
-1863
-2622
-3130
-3318
-3628
-4096
-3910
-3351
-3469
-3627
-3617
-3912
-4206
-4112
-3205
-2281
-1874
-1302
-296
18
159
358
886
1237
1476
2512
3049
3200
2851
2919
3184
3194
2890
2668
2714
2542
2467
2636
2503
2232
1947
2055
2197
2191
2499
2365
2515
3028
3286
3657
3852
4517
5362
6108
6431
4045
-417
-2563
-99
1108
-940
-1776
-588
-1318
-3836
-4299
-3550
-5217
-7861
-6592
-2990
-1631
-2547
-2669
-2363
-3012
-2972
-1975
-659
-263
358
1802
3061
3207
1906
233
-778
-349
151
566
546
-32
-1382
-2770
-3375
-3579
-4487
-5315
-4998
-4129
-3562
-3744
-4226
-4914
-5367
-5200
-4440
-3464
-2765
-2496
-2126
-1584
-1532
-1993
-2533
-2363
-1638
-1086
-800
-940
-1297
-1970
-2744
-3347
-3698
-4099
-4002
-3555
-3549
-3602
-3879
-4126
-4440
-4499
-3993
-3006
-1940
-1313
-531
267
478
466
749
1275
1639
2387
3181
3483
3420
3336
3269
3050
2792
2623
2524
2467
2857
2784
2489
2404
2235
1716
1745
2102
2695
3019
3224
3526
3855
4048
4414
5378
6240
6662
4454
232
-1963
-94
794
-944
-2037
-1079
-1321
-3495
-4276
-3619
-4919
-7551
-6576
-3360
-1397
-1928
-2248
-1605
-1805
-1902
-1229
-98
388
864
2008
3580
4097
2973
1138
-210
59
551
650
389
26
-1089
-2408
-3003
-3395
-4102
-4896
-4982
-4409
-3470
-3303
-3525
-4237
-4523
-4470
-3943
-2773
-2059
-1402
-1124
-684
-328
-402
-916
-1411
-1067
-490
-359
-394
-398
-1019
-2108
-2939
-3103
-3323
-3675
-3612
-3247
-3123
-3001
-3055
-3342
-3506
-2752
-1768
-1160
-626
188
974
1307
1650
1921
2289
2553
3029
3461
3959
4128
3863
3626
3492
3308
2883
2758
2575
2578
2716
2652
2713
2433
2107
2035
2335
2343
2590
2967
3249
3676
4527
5251
5896
6253
6853
6707
3046
-1752
-2059
1065
642
-1965
-2049
-622
-2209
-5053
-5067
-4259
-6327
-8315
-5881
-2206
-1248
-2144
-2188
-1692
-1636
-1544
-414
958
1585
2255
3332
4473
4477
2858
895
78
657
972
845
592
-203
-1632
-2899
-3475
-3844
-4886
-5481
-4921
-4240
-3620
-3379
-3406
-4074
-4284
-3702
-2865
-2441
-1529
-773
-428
-444
-357
-501
-1434
-1341
-921
-716
-880
-930
-1375
-2080
-2834
-3489
-3922
-4236
-4487
-4048
-3687
-3596
-3322
-3330
-3546
-3249
-2508
-1470
-891
-208
991
1611
1619
2116
2661
2594
2960
3599
4302
4314
4158
4015
3900
3568
3125
2897
2763
2565
2539
2668
2731
2388
2112
2539
2667
2840
3183
3266
3362
3818
4587
5314
5869
6704
7583
8119
5708
466
-2476
-580
1146
-917
-2155
-735
-591
-3507
-4797
-3752
-4762
-7685
-7328
-3441
-790
-950
-1495
-871
-833
-1047
-625
752
1770
2234
2969
4189
4971
4233
1796
-22
-299
-58
280
-160
-706
-1606
-2825
-3521
-4054
-4671
-5202
-5564
-5000
-3897
-3026
-3003
-3518
-3589
-3243
-2568
-1992
-1402
-604
-139
-46
336
340
-516
-1108
-1227
-1087
-1055
-1529
-1968
-2297
-3053
-3916
-4283
-4439
-4999
-4906
-4597
-4062
-3513
-3339
-3229
-3139
-2431
-1615
-708
-220
687
1523
1991
2449
2810
3133
3247
3403
3584
3899
3849
3965
3783
3326
3098
2550
2172
2078
2174
2086
1870
2000
1987
1760
1991
2211
2745
3054
3439
3933
4594
5642
6142
7014
7988
8949
8312
4514
-237
-1490
966
1316
-939
-1515
-328
-1325
-4057
-4568
-4120
-5933
-8082
-6034
-2137
-383
-809
-900
-332
-227
-149
669
1738
2413
3138
4169
5694
5906
4439
2134
741
607
780
733
165
-416
-1468
-2549
-3353
-3887
-4569
-5396
-5385
-4718
-3498
-2706
-2926
-3219
-2969
-2400
-2084
-1936
-1280
-506
-106
185
417
305
-607
-1401
-1210
-1054
-1615
-2105
-1997
-2376
-3088
-3929
-4476
-4722
-4954
-4912
-4694
-4170
-3547
-3328
-3241
-2921
-2117
-1322
-973
-204
1194
2151
2303
2594
3008
3124
2954
3085
3540
3829
3740
3420
3252
2908
2350
1892
1796
1890
2053
1987
2178
2472
2522
2422
2593
3116
3357
3513
4332
5375
6078
6820
7558
8626
8954
6250
937
-2225
-653
837
-875
-2426
-1371
-1055
-3497
-5292
-4875
-5652
-8131
-7790
-4178
-1111
-763
-999
-585
-228
-31
75
1043
2098
2885
3554
4494
5829
5160
3127
1043
294
592
380
-171
-723
-1416
-2451
-3673
-4186
-4696
-5560
-6093
-5920
-4638
-3672
-3403
-3299
-3080
-3036
-2550
-1628
-924
-469
110
903
1296
1471
835
-45
-541
-902
-1051
-1414
-1764
-2311
-2955
-3746
-4177
-4630
-5316
-5576
-5292
-4687
-4073
-3412
-3104
-2944
-2642
-1824
-1152
-565
275
1357
2207
2473
3011
3119
3026
3131
3345
3540
3364
3342
3383
3058
2505
1984
1397
1120
1255
1530
1617
2051
2539
2343
2311
2837
3416
3566
3570
4245
5140
5751
6641
7501
8180
8841
8041
3966
-1393
-2540
168
72
-2344
-2813
-1105
-1966
-4936
-5622
-4947
-6739
-8870
-6902
-3061
-790
-1006
-997
-621
76
434
742
1326
2183
3338
4011
5299
5959
5077
2585
687
356
160
-162
-859
-1661
-2127
-2691
-3566
-4181
-5073
-5840
-6174
-5618
-4005
-3043
-2823
-3006
-2671
-1621
-965
-935
-793
-58
559
1190
1730
1506
642
-271
-531
-645
-1458
-1925
-2305
-2666
-3217
-3763
-4030
-4891
-5264
-5490
-5070
-4433
-3672
-3141
-2909
-2305
-1494
-664
-319
211
1204
2124
2840
3356
3718
3793
3593
3634
3883
3865
3426
3156
3118
2961
2626
2238
1924
1837
1960
2279
2561
2807
2766
2698
2968
3694
4382
4357
4384
5394
6258
6677
7443
8576
9555
9213
5388
-203
-2397
-91
679
-2042
-3300
-1428
-1319
-4146
-5191
-4476
-5872
-8636
-7655
-3900
-1025
-679
-687
83
953
1340
1236
1684
2292
3053
3562
4691
6131
5707
3510
1286
405
102
-445
-1478
-2389
-2919
-3005
-3340
-3934
-4809
-5802
-6321
-6411
-5222
-3507
-2556
-2687
-2310
-1565
-981
-924
-903
-511
-110
327
871
1403
1053
211
-505
-940
-1440
-2221
-2706
-3229
-3477
-3703
-4266
-4556
-4999
-5314
-5493
-5223
-4425
-3440
-3160
-2786
-1930
-1078
-463
-72
620
1549
1979
2300
3003
3430
3624
3363
3581
3741
3527
3176
2787
3072
2660
2198
2109
2027
1955
1889
1750
1986
2387
2142
2342
2994
3745
4206
4729
4979
5669
6750
7518
8261
8971
8616
4692
-836
-2379
324
580
-2413
-3362
-1461
-1565
-4394
-5081
-4381
-5999
-8354
-7211
-3695
-1283
-1074
-1038
-343
634
1261
1437
1587
1891
2706
3300
4578
5638
5432
3837
1817
977
611
132
-979
-2014
-2652
-2781
-3298
-3980
-4458
-4902
-5540
-6207
-5223
-3720
-3045
-3134
-2583
-1441
-894
-765
-485
-119
95
607
1101
1611
1492
938
311
-277
-1025
-2015
-2718
-3282
-3679
-4161
-4622
-5151
-5280
-5357
-5735
-5806
-5336
-4307
-3848
-3545
-2585
-1542
-1038
-605
218
996
1529
1806
2547
3272
3586
3694
3740
3670
3384
3131
2855
2469
2179
1871
1571
1256
1459
1565
1641
1685
1530
1930
2089
2367
2708
3238
3931
4511
5313
6210
6848
7322
7938
8778
8200
4146
-608
-1518
710
190
-2378
-2914
-1395
-1871
-4309
-4738
-4294
-5862
-8070
-7004
-3976
-1686
-1130
-595
277
1036
1750
1788
1944
2168
2906
3545
4646
5734
5826
4496
2608
1428
770
229
-963
-2038
-2343
-2415
-2891
-3508
-3742
-3895
-4895
-5554
-4763
-3525
-3080
-2930
-2148
-1076
-353
-184
167
554
682
795
1064
1491
1495
1272
729
149
-531
-1374
-2198
-2841
-3618
-4038
-4274
-4372
-4407
-4696
-4886
-4853
-4270
-3799
-3417
-3022
-2114
-924
-182
457
1333
2236
2470
2388
2794
3320
3542
3708
3868
4023
3850
3351
2982
2705
2478
1912
1537
1781
2052
2004
1952
2081
2276
2188
2296
2891
3285
3757
4327
5118
5711
6140
6699
7385
8189
8215
5293
501
-1684
-232
470
-1765
-3127
-1875
-1411
-3422
-4354
-3852
-4977
-7225
-7583
-5180
-2651
-1554
-1234
-525
464
1387
1714
1600
1652
2008
2542
3452
4610
5376
4629
3100
1846
1015
610
-383
-1815
-2682
-2549
-2375
-2807
-3388
-3838
-4593
-5157
-5044
-4363
-3446
-3142
-2950
-2087
-999
-231
-372
-447
-201
-54
33
575
962
705
553
130
-485
-1157
-1795
-2809
-3536
-3820
-3982
-4131
-4352
-4531
-4474
-4486
-4211
-3698
-3488
-3151
-2511
-1389
-521
189
745
1394
1897
2025
2301
2673
2994
3223
3727
4072
3981
3607
3205
2806
2432
2044
2001
2179
2144
2117
2272
2529
2490
2393
2228
2433
2772
3313
4100
4809
5291
5700
5932
6304
6995
7739
8026
6211
2315
-780
-354
803
-490
-2568
-2371
-1239
-2329
-3652
-3294
-3467
-5673
-6825
-5541
-3341
-2028
-1467
-736
-2
1120
1849
1979
1593
1535
1901
2582
3535
4444
4654
3742
2415
1572
1240
317
-1132
-2242
-2619
-2685
-2845
-3314
-3681
-4098
-4543
-5172
-4847
-3883
-3607
-3392
-2645
-1651
-975
-840
-720
-165
-33
59
213
374
362
396
-36
-580
-812
-1297
-2139
-2655
-3188
-3540
-3931
-4218
-3779
-3859
-3851
-3639
-3409
-3249
-2983
-2529
-1855
-1121
-495
465
1059
1611
1934
2070
2274
2635
2897
2950
3415
3666
3592
3255
2996
2739
2408
2092
2205
2358
2289
2371
2465
2646
2797
2425
2557
2988
3364
3726
4115
4979
5406
5646
6129
7045
7887
8092
7380
4353
500
-382
1148
581
-1799
-2201
-781
-1111
-2488
-2646
-2547
-4382
-6331
-5829
-4257
-2879
-2076
-1309
-430
778
1990
2274
1859
1563
1920
2312
3130
4249
5164
4965
3726
2805
2409
1984
630
-704
-1330
-1412
-1523
-1732
-1858
-2190
-2900
-3645
-3679
-3109
-2809
-3267
-3353
-2627
-1698
-1271
-1002
-772
-525
-224
43
261
409
576
259
70
-127
-387
-909
-1580
-2201
-2631
-2775
-3114
-3294
-3418
-3495
-3534
-3389
-3274
-3154
-3048
-2750
-1965
-1335
-760
-199
341
798
1381
1870
1992
2094
2437
2872
2965
2920
2787
2885
2746
2414
2514
2731
2677
2326
2125
2220
2302
2229
2093
2240
2503
2758
2974
3080
3420
3575
3701
3905
4307
4756
5390
5981
6403
6039
3567
403
-544
385
-88
-1751
-2149
-1262
-1137
-2241
-2637
-2486
-3694
-5100
-5318
-4313
-3107
-2210
-1439
-819
153
1178
1582
1228
1017
1362
1731
2019
2679
3181
3266
2706
2221
2229
2071
1141
-154
-1157
-1563
-1805
-2433
-2629
-2514
-2482
-2789
-3002
-2645
-2691
-3131
-3184
-3007
-2363
-1662
-1098
-663
-500
-212
-292
-405
-333
-174
-363
-684
-800
-700
-870
-1458
-1886
-2030
-2346
-2496
-2828
-2911
-2935
-3126
-3013
-2938
-2629
-2312
-1949
-1654
-1174
-782
-397
184
559
760
1142
1666
1813
1905
1906
2145
2287
2204
2382
2490
2228
1994
2207
2342
2266
2109
2126
2046
2105
2142
2366
2708
2838
2847
2476
2578
2892
3281
3348
3324
3954
4443
5077
5533
6374
5342
2065
-473
-171
997
-283
-2205
-2177
-1095
-1653
-2318
-1952
-1923
-3554
-4711
-4708
-3804
-2867
-2607
-2269
-1855
-479
1013
1557
1039
1063
1038
1071
1362
1741
2528
2600
2370
2248
2798
2867
1896
194
-829
-962
-1381
-1923
-1871
-1435
-1618
-2005
-1974
-1709
-1754
-2368
-2722
-2749
-2340
-1915
-1776
-1406
-787
-347
-357
-601
-422
-316
-677
-1270
-1384
-953
-731
-851
-983
-1239
-1478
-1821
-2367
-2568
-2591
-2579
-2685
-2261
-1834
-1585
-1269
-1186
-853
-469
-157
248
508
933
1248
1587
1777
2003
2154
2189
2362
2553
2760
2703
2736
2556
2499
2514
2414
2239
2347
2383
2618
2442
2294
2530
2506
2478
2442
2548
2819
3044
3031
3108
3396
3858
4290
4603
5167
6076
6226
4183
1122
345
1589
1112
-997
-1765
-347
129
-859
-1048
-727
-1577
-3429
-4029
-3660
-2970
-2429
-2127
-1922
-904
683
1302
764
333
496
669
723
893
1594
2183
2078
1834
2192
2643
2342
1251
192
-104
-541
-1054
-1300
-1097
-1093
-1463
-1559
-1459
-1376
-1912
-2534
-2919
-3164
-3013
-2519
-2001
-1558
-1128
-954
-806
-884
-709
-673
-990
-1259
-1129
-730
-755
-870
-1207
-1398
-1477
-1510
-1502
-1827
-2193
-2269
-2187
-1976
-1557
-1081
-841
-699
-375
-150
203
308
450
763
851
1090
1481
1798
2022
2103
2169
2083
2120
2129
1950
1760
1713
1915
1721
1753
1900
1670
1645
1801
1763
1757
1727
1691
1806
1970
2204
2566
2639
2794
2990
3453
3779
4183
4606
5114
5771
5944
4759
2305
1332
1972
1839
281
-551
120
290
-435
-619
-488
-1121
-2335
-3067
-3097
-2844
-2521
-2271
-2001
-1322
103
1006
883
503
680
930
771
976
1537
2081
2205
2169
2137
2522
2584
1862
671
-55
-436
-741
-1072
-1259
-1484
-1721
-1652
-1705
-1834
-2306
-2552
-3131
-3306
-3122
-2866
-2525
-2034
-1232
-727
-469
-434
-439
-626
-938
-1429
-1578
-1134
-836
-869
-1179
-1136
-1075
-1239
-1527
-1728
-1793
-1736
-1797
-1610
-1594
-1144
-774
-680
-552
-169
120
71
257
456
953
983
1173
1357
1568
1511
1552
1482
1599
1642
1379
1266
1144
1431
1385
1277
1317
1537
1522
1509
1703
2025
2102
2070
2147
2206
2579
2867
3149
3202
3398
3588
3970
4403
4742
5319
5992
6135
5098
3077
1831
1844
1779
734
-224
182
637
295
-415
-231
-574
-1686
-2496
-2901
-2476
-1998
-1634
-1398
-932
299
1251
1466
1047
839
993
872
906
1153
1633
1887
1668
1656
1860
1916
1190
19
-775
-1055
-1229
-1296
-1324
-1236
-1281
-1437
-1573
-1727
-1791
-1947
-2296
-2245
-1694
-1271
-908
-728
-392
-183
39
14
-147
-334
-341
-330
-460
-306
-337
-341
-720
-834
-706
-800
-1081
-1372
-1480
-1407
-1377
-1335
-1185
-749
-370
-292
-131
193
501
316
294
266
489
785
831
1051
1252
1356
1273
937
985
858
647
677
628
641
706
921
901
1024
1407
1676
1787
1704
1814
1860
1846
2072
2374
2634
2696
2814
3042
3391
3504
3548
3682
3829
4168
4648
4932
4867
3740
2057
1165
1257
1157
298
-396
-179
57
-142
-234
-251
-837
-1737
-2299
-2363
-2427
-1923
-1613
-1565
-921
10
638
415
-39
-45
-169
-359
-388
-254
-49
95
214
170
464
263
-456
-1257
-1511
-1373
-1546
-1671
-1267
-1142
-979
-1010
-1170
-1573
-1973
-1909
-1982
-1880
-1594
-1225
-1055
-804
-468
-264
-350
-590
-721
-568
-428
-429
-535
-410
-255
-185
-431
-715
-786
-836
-1093
-1334
-1223
-931
-1002
-981
-886
-628
-474
-443
-196
-186
-155
233
363
374
578
540
694
823
1162
1175
1154
1165
1135
1190
1147
1158
1209
1284
1399
1496
1493
1696
1901
1764
1852
1955
2006
2021
2046
2034
2140
2434
2335
2617
2882
3105
3273
3602
4130
4668
4908
4669
3992
2499
1098
871
1021
222
-338
-208
56
-29
-371
-449
-800
-1690
-2554
-2761
-2732
-2394
-2180
-1986
-1546
-883
-267
-290
-749
-1085
-977
-691
-636
-624
-205
152
155
124
413
484
133
-651
-1252
-1267
-1193
-1396
-1454
-1191
-869
-1033
-1225
-1263
-1493
-1717
-1863
-1893
-1672
-1124
-860
-595
-465
119
88
-42
-48
-200
-92
-127
-203
-307
-271
-193
-251
-446
-687
-837
-1204
-1437
-1430
-1326
-1141
-1282
-1313
-914
-626
-673
-328
-55
159
272
370
475
650
948
950
981
1237
1536
1637
1510
1513
1581
1566
1434
1311
1262
1398
1518
1488
1560
1828
2111
2075
2045
2099
2024
2015
2049
2140
2398
2344
2536
3007
3309
3576
3701
4182
4738
5056
5079
4743
3489
2048
1415
1472
1223
262
-198
-23
70
-430
-881
-1192
-1908
-2948
-3469
-3483
-3232
-2789
-2479
-2077
-1529
-826
-523
-637
-1038
-1084
-959
-667
-356
53
398
461
462
393
364
108
-585
-1224
-1536
-1458
-1455
-1555
-1545
-1195
-1000
-1351
-1437
-1718
-2021
-2262
-2338
-2024
-1583
-1139
-811
-467
-305
-107
-84
-222
-401
-469
-560
-731
-676
-740
-657
-705
-874
-1112
-1266
-1417
-1837
-2000
-2029
-1887
-1765
-1591
-1353
-939
-781
-700
-439
-252
75
241
250
494
633
803
938
1130
1607
1636
1636
1366
1152
1265
1050
976
697
808
1164
1101
1217
1436
1764
1448
1583
1563
1527
1874
1912
2137
2275
2588
2840
3248
3442
3837
4052
4331
4786
4965
5144
4539
2834
1333
818
917
453
-736
-1130
-807
-973
-1693
-1843
-1999
-2748
-3637
-4027
-3870
-3356
-2891
-2726
-2296
-1447
-520
-250
-631
-731
-719
-564
-367
-29
342
573
468
498
795
905
361
-598
-1323
-1630
-1648
-1729
-1604
-1411
-1364
-1332
-1297
-1323
-1445
-1984
-2313
-2490
-2320
-1978
-1587
-1222
-788
-313
-324
-498
-558
-765
-1008
-1053
-1175
-954
-927
-981
-1266
-1418
-1363
-1767
-1977
-2355
-2446
-2476
-2382
-2087
-1700
-1464
-1222
-912
-663
-481
-342
-209
-66
205
342
642
778
902
832
859
943
962
856
643
751
781
871
934
966
1132
1259
1291
1376
1963
2158
2261
2416
2509
2789
2868
3161
3368
3372
3547
3925
4052
4299
4658
4944
5360
5383
4356
2288
540
441
833
-233
-1296
-1241
-684
-975
-1450
-1676
-1854
-3031
-4184
-4074
-3760
-3177
-2790
-2260
-1557
-593
47
75
-317
-506
-378
-364
67
428
996
1267
1249
1151
1309
1329
605
-339
-966
-1254
-1310
-1250
-1139
-901
-933
-1141
-1340
-1332
-1373
-1661
-1890
-1980
-1564
-1136
-1118
-971
-724
-375
-504
-751
-788
-667
-877
-973
-972
-549
-197
-592
-686
-1063
-863
-962
-1244
-1507
-1699
-1604
-1536
-1558
-1418
-1155
-1026
-1026
-894
-518
-239
-51
8
83
465
637
665
822
938
1140
1273
1392
1379
1486
1531
1427
1458
1661
1901
1764
1857
1981
1997
2234
2375
2515
2521
2517
2541
2625
2898
2953
2839
2871
3121
3664
3879
4054
4627
5338
5442
4141
1470
-393
108
390
-1005
-2064
-1314
-571
-1210
-1912
-1805
-2293
-3679
-4715
-4708
-4049
-3402
-2831
-2431
-1650
-376
221
16
-487
-742
-598
-541
-142
573
1279
1567
1466
1446
1842
1794
753
-328
-843
-1412
-1656
-1800
-1323
-1163
-1659
-1832
-2180
-2328
-2588
-2860
-2977
-2782
-2398
-1869
-1416
-1222
-820
-651
-851
-1070
-845
-710
-820
-737
-449
-15
-5
-237
-670
-1005
-1021
-1414
-1660
-1815
-1873
-1811
-1923
-1752
-1713
-1585
-1713
-1641
-1470
-1148
-733
-561
-339
163
591
606
781
978
1394
1633
1793
1890
2152
2345
2337
2288
2173
2159
2075
2111
2210
2209
2154
2171
2181
2347
2497
2428
2190
2255
2453
2549
2764
3014
3371
3746
4143
4375
5182
5828
4244
890
-1267
-409
459
-1181
-2551
-1750
-748
-1878
-2809
-2493
-2809
-4477
-5787
-5491
-4428
-3500
-3228
-2689
-1758
-377
373
245
-260
-152
293
593
1003
1740
2522
2429
1983
1763
2224
2010
704
-934
-1542
-1426
-1755
-1944
-2241
-2261
-2675
-3141
-3440
-3336
-3378
-3608
-3711
-3042
-2015
-1287
-1026
-1002
-480
-271
-574
-824
-499
-293
-303
-197
58
231
134
-406
-1123
-1364
-1624
-1905
-2349
-2454
-2145
-2045
-2103
-2092
-2155
-2204
-2072
-2075
-1798
-1304
-724
-291
35
727
1321
1565
1540
1985
2313
2648
2938
2881
3113
3152
3149
3232
3184
2984
2813
2673
2553
2468
2466
2345
2418
2635
2574
2486
2369
2489
2763
3011
3389
3778
4215
4704
5230
5835
6614
6779
4568
658
-976
546
1003
-1196
-2472
-1091
-611
-2114
-3055
-2641
-3157
-4877
-5729
-4831
-3326
-2552
-1979
-1515
-373
849
1260
824
449
709
1163
1868
2395
3208
3675
3015
1983
1680
1869
1126
-618
-1871
-2017
-2082
-2354
-2475
-2382
-2694
-3531
-4159
-4084
-3822
-3772
-3782
-3383
-2183
-1201
-593
-255
-10
147
21
-278
-141
381
485
176
-188
-141
-237
-1102
-2160
-2797
-2949
-3014
-3385
-3476
-3314
-3279
-3442
-3586
-3252
-3030
-2872
-2628
-2254
-1624
-913
-369
32
660
1282
1642
1678
1945
2370
2609
2583
2629
2866
2826
2525
2367
2338
2412
2052
1744
1744
1750
1813
1618
1705
1774
2298
2375
2467
2680
3183
3435
3972
4582
5054
5568
5940
6792
7405
7244
3882
-709
-1836
254
183
-2427
-3120
-1435
-1822
-3890
-4313
-4051
-5061
-6889
-6826
-5031
-3056
-1929
-1439
-666
622
1721
1717
1167
978
1606
2272
3135
4105
4603
4345
3055
1662
1190
1253
126
-1899
-2933
-2630
-2528
-2913
-3310
-3330
-3857
-4833
-5289
-4833
-3909
-3558
-3215
-2361
-806
269
395
436
835
1094
970
689
714
1254
1344
751
60
-84
-603
-1703
-2891
-3413
-3529
-3881
-3921
-3821
-3492
-3789
-3981
-3899
-3508
-3293
-3041
-2309
-1715
-747
-28
273
801
1171
1297
1403
1611
1964
2200
2399
2502
2319
2232
2116
1754
1302
1093
1151
913
696
779
1083
1274
1274
1385
1605
1944
2228
2527
2834
3245
3753
4145
4854
5397
5595
6002
6621
7110
7394
7203
4914
570
-2268
-1032
81
-1987
-3850
-2836
-1855
-3492
-4998
-4585
-4747
-6360
-6974
-5082
-2675
-1290
-691
-192
1260
2325
2656
2369
1928
2413
3101
3992
4646
4959
4504
3132
1543
703
847
-134
-1839
-3127
-3157
-2779
-3156
-3679
-3943
-4236
-4749
-4883
-4352
-3371
-2611
-2006
-1192
200
1294
1565
1569
1703
1924
1870
2061
2086
1914
1538
932
213
-523
-1039
-1884
-2992
-3546
-3332
-3242
-3305
-3452
-3559
-3753
-3688
-3043
-2482
-2310
-1787
-833
-9
846
1348
1768
1923
2379
2674
2827
2971
3124
3483
3363
3305
2995
2750
2242
1627
1227
1051
899
747
740
756
859
1023
1289
1621
1988
2355
2738
3227
3897
4301
4553
5034
5544
5846
6078
6614
7028
7371
7708
7546
4689
-461
-2914
-1289
-503
-3101
-4481
-2799
-2070
-4214
-5422
-4563
-4905
-6736
-6804
-4310
-1831
-701
-419
476
1861
2870
2830
2264
2133
2584
3150
3894
4549
4972
4184
2202
579
-116
-217
-1388
-3142
-3938
-3497
-3522
-4029
-4395
-4299
-4654
-5340
-5303
-4143
-2740
-2304
-1690
-690
747
1352
1424
1321
1644
2066
1839
1612
1416
1231
623
85
-913
-1647
-2383
-3437
-4240
-4705
-4468
-4389
-4454
-4228
-3950
-3971
-3725
-3184
-2777
-2287
-1503
-437
374
1031
1511
1905
2190
2431
2460
2613
2645
2536
2653
2458
2178
2057
1807
1307
971
794
558
305
231
339
507
830
1005
1226
1620
2242
2625
2974
3609
4084
4548
5011
5509
5711
5993
6410
6979
7237
7537
7967
5974
701
-3577
-2485
-548
-2383
-4748
-3771
-2090
-3769
-5686
-5019
-4504
-6185
-6994
-4886
-1806
158
192
321
1570
2962
3052
2353
2105
2641
3222
3925
4612
4757
3957
1850
-253
-1265
-867
-1635
-3404
-4638
-4421
-4010
-4755
-5295
-5544
-5621
-5798
-5378
-4215
-2706
-1779
-1234
-463
581
1513
1361
1077
1329
1766
1676
1666
1334
872
344
-344
-1378
-2234
-2746
-3722
-4385
-4841
-4475
-4452
-4504
-4513
-4415
-4182
-3874
-3070
-2505
-2012
-1319
-222
772
1155
1513
1593
1943
2526
2656
2701
2696
2640
2540
2375
2012
1409
1244
889
682
655
605
321
187
332
413
582
840
858
1383
2233
2958
3521
3638
4147
4711
4960
5056
5579
6080
6657
7201
7660
8131
8671
6554
726
-4031
-2950
-388
-2079
-4646
-3596
-1466
-3407
-5860
-5424
-4727
-6359
-7184
-4696
-1182
842
919
1242
2325
3754
3742
2976
2590
3266
4151
4763
5197
5090
4205
1796
-553
-1699
-1307
-1740
-3124
-4371
-4128
-3730
-4296
-5128
-5261
-5218
-5515
-5361
-3975
-1835
-1148
-934
-123
1101
1650
1198
934
1273
1953
2059
1850
1628
1122
-38
-1127
-1807
-2608
-3260
-4074
-4500
-4638
-4430
-4559
-4873
-4743
-4682
-4663
-4259
-3298
-2206
-1690
-1125
-112
704
989
1028
1271
1720
2184
2421
2558
2385
2217
1985
1688
1556
1169
773
448
290
375
319
249
46
167
331
554
808
1126
1469
2176
2939
3398
3845
3964
4094
4473
4825
5190
5672
6165
6517
6763
6882
7470
7438
3488
-2827
-5013
-2154
-1086
-3893
-4960
-2611
-2280
-5179
-6169
-4770
-5128
-6825
-5911
-2457
858
1664
1307
1959
3086
3430
2857
2365
2454
3428
3881
4635
5068
4156
2117
-713
-2368
-2405
-1968
-2739
-4125
-4717
-4303
-4367
-5152
-5637
-5404
-5239
-5490
-4441
-2234
-816
-749
-598
456
1450
1221
707
789
1436
1677
1496
1239
718
-35
-1272
-1862
-2360
-2975
-3741
-4267
-4387
-4111
-4183
-4440
-4407
-4108
-3825
-3931
-3102
-2032
-1479
-1154
-499
399
1080
1350
1443
1829
2491
2738
2558
2366
2301
2145
1850
1397
1013
670
529
533
415
466
352
39
-12
321
402
595
1056
1477
2265
2741
3166
3598
3628
3556
3845
4080
4565
5193
5684
6275
6517
6854
7374
7339
3857
-2252
-5334
-2907
-760
-3261
-4616
-2595
-2053
-4925
-6388
-5161
-4996
-6733
-6407
-2438
957
1835
1019
1413
2581
3225
2760
2301
2736
3377
3955
4491
4791
3997
2204
-796
-2617
-2469
-1954
-2492
-3751
-4164
-3999
-4155
-4880
-5421
-5337
-5109
-4784
-3497
-1706
-275
32
-169
745
1684
1758
1258
1280
1744
2047
1832
1514
756
-682
-1373
-1824
-2472
-2952
-3659
-4125
-4338
-4107
-3952
-4512
-4559
-4242
-3789
-3438
-2523
-1503
-1126
-899
-251
641
1124
1286
1346
1694
2344
2915
2882
2509
2140
1966
1732
1337
1278
1048
884
419
401
660
709
335
2
207
781
1337
1533
2125
2737
3181
3478
4015
4266
4106
4334
4514
4839
5397
6230
6515
6378
6563
7342
7032
2540
-3649
-5432
-2426
-1319
-3744
-4240
-2095
-2436
-5457
-6298
-4892
-5138
-6566
-5307
-1528
1546
1822
998
1476
2518
2714
2468
2280
2914
3534
3680
4139
4274
3174
598
-2074
-3244
-2694
-2174
-2865
-4126
-4485
-4574
-5234
-5890
-5984
-5718
-5500
-4763
-3309
-1472
-349
-477
-530
124
1106
1201
941
1479
1659
1453
1203
863
-59
-1288
-2264
-2791
-3101
-3356
-3860
-4521
-4915
-4796
-4779
-5008
-4823
-4362
-4003
-3345
-2434
-1532
-1041
-994
-580
152
944
1323
1319
1718
2258
2479
2539
2179
1624
1078
769
904
800
399
318
275
118
-13
132
42
-4
250
785
1249
1612
2226
2713
3156
3565
4010
4489
4645
4692
4712
4926
5805
6574
6568
6515
6676
7375
6571
1677
-4371
-5288
-2030
-1582
-4194
-4207
-1977
-2944
-6086
-6455
-4893
-5439
-6412
-4481
-371
2173
1965
1211
1921
2962
3121
2695
2900
3750
4052
4312
4706
4369
2914
265
-2211
-3162
-2379
-1962
-2742
-3852
-4426
-4638
-5519
-5993
-5934
-5630
-5232
-4344
-2644
-1098
-511
-738
-756
59
875
705
634
1279
1881
1811
1136
285
-708
-2009
-2809
-3187
-3420
-3655
-4193
-4720
-5124
-5044
-5187
-5445
-5220
-4363
-3590
-3008
-2158
-1497
-1137
-837
-300
223
745
942
1276
1782
2250
2321
1842
1489
1062
725
370
467
347
191
359
252
22
-62
-168
-394
-155
459
1054
1598
1914
2380
2972
3544
3989
4385
4671
4986
5549
5699
5811
6077
6422
6826
7171
7853
8454
5926
-827
-5607
-3684
-640
-2419
-4787
-3228
-1724
-4273
-6693
-5702
-4665
-6091
-6353
-2732
1393
2655
1350
868
2408
3611
3247
2928
3597
4484
4629
5068
5416
4618
2318
-950
-2800
-2469
-1475
-1646
-2820
-3857
-4279
-4974
-5996
-6102
-5556
-5137
-4617
-3097
-1181
-223
-493
-541
262
1228
1590
1710
2224
2775
2792
2121
1746
732
-721
-1997
-2440
-2501
-2808
-3322
-4009
-4513
-4871
-5264
-5488
-5255
-4779
-4130
-3401
-2399
-1494
-1225
-1117
-732
87
793
1170
1478
2099
2384
2495
2503
2377
1940
1325
1109
1067
949
544
245
201
-88
-366
-447
-387
-141
170
559
955
1273
1681
2140
2677
3388
3971
4511
4593
4921
5273
5449
5554
6040
6531
6705
6957
7593
7394
2885
-3747
-5703
-2323
-1161
-3829
-4734
-2324
-2534
-6067
-7120
-5401
-5441
-6937
-5253
-735
2376
1912
616
1017
2550
2846
2344
2942
3941
4628
4713
5076
4921
3193
392
-2062
-2699
-1831
-1393
-2191
-3310
-4066
-4632
-5604
-6204
-6171
-5854
-5039
-3941
-2353
-751
-429
-838
-746
174
1034
1067
1376
2087
2516
2104
1819
984
-125
-1392
-2366
-2595
-2859
-3377
-3876
-4396
-4970
-5310
-5718
-5697
-5324
-4737
-4182
-3337
-2151
-1397
-1246
-1212
-519
292
802
1114
1628
2150
2300
2163
2532
2516
2045
1459
1263
1350
1025
555
207
350
161
26
-4
247
464
584
861
1351
1860
2106
2563
3037
4026
4600
4761
4974
5041
5208
5615
5963
6293
6519
6650
7160
7777
5964
31
-5255
-4356
-960
-1687
-4158
-3381
-1756
-3998
-7151
-6404
-5095
-6354
-6804
-3448
790
2183
1144
593
1517
2452
2399
2766
4065
4736
4717
4517
4701
3712
1184
-1734
-3355
-3149
-2250
-1996
-2781
-3684
-4676
-5440
-6057
-5825
-5039
-4218
-3137
-1765
-134
746
102
-647
-296
687
1192
1314
1615
1816
1537
830
-20
-1341
-2564
-3211
-2937
-2616
-2647
-2959
-3593
-3927
-4167
-4685
-4750
-3962
-3402
-2504
-1870
-1444
-985
-1158
-1397
-1244
-473
327
471
650
892
1055
882
681
550
718
539
475
1065
1199
1047
524
337
625
787
956
1274
1611
1968
2321
2762
2781
2748
2679
3095
3796
4244
4611
4638
4549
4547
4543
4825
5382
5772
6003
6282
7531
6774
1341
-4723
-4396
-347
-315
-2470
-1662
669
-1058
-4304
-3891
-1908
-2952
-4108
-1304
3197
4793
2622
1241
1599
2027
1212
1253
2182
2409
2202
2179
2901
2329
-31
-2892
-4102
-3184
-1641
-937
-1020
-1166
-1687
-2727
-3352
-3250
-2830
-2439
-1940
-452
833
754
-223
-1107
-1264
-962
-817
-787
-511
-157
-417
-1014
-1407
-2055
-2987
-3546
-3133
-2434
-2470
-2758
-2899
-2922
-3164
-3547
-3396
-2932
-2353
-2051
-1774
-1529
-1199
-1298
-1862
-1606
-1122
-554
-464
-510
-259
-127
-383
-478
-95
206
307
505
1017
1402
1201
746
652
858
1261
1439
1710
2264
2359
2333
2576
2789
2523
2461
2808
3193
3315
3676
4048
3824
3693
3720
4025
4437
4939
5483
5899
6828
6332
1800
-4145
-4669
-610
541
-2064
-1969
888
-209
-3905
-4227
-2207
-3025
-4647
-2101
2622
3980
1749
-21
390
1049
239
149
1356
2166
1843
1697
2561
2447
193
-2456
-3358
-2462
-978
-332
-415
-732
-1291
-2254
-3250
-3552
-3290
-2815
-2069
-876
215
309
-913
-2274
-2372
-1783
-1486
-1344
-797
-176
-265
-639
-1103
-1770
-2714
-2932
-2252
-1540
-1487
-1836
-2003
-2185
-2800
-3270
-3500
-3445
-2893
-2462
-2104
-2060
-2159
-2324
-2766
-2538
-1705
-1010
-693
-484
-177
-141
-259
-568
-686
-117
462
829
1117
1244
1344
1085
830
956
1006
893
1339
2198
2687
2720
2498
2400
2195
2067
2445
2742
2998
3358
3643
3364
3141
3035
3156
3691
4367
4993
5667
6556
6750
3762
-2306
-4815
-1221
1240
-609
-1753
717
1273
-2494
-4160
-2212
-2173
-4575
-3501
1425
4340
2402
-129
113
1144
442
62
1017
2037
2021
1671
2402
2760
1464
-1329
-2911
-2294
-938
29
-203
-257
-854
-1912
-2972
-3267
-3140
-3124
-2465
-1319
-79
-117
-995
-2144
-2445
-1871
-1291
-904
-470
-90
48
-253
-534
-799
-1594
-2203
-1961
-1336
-1299
-1790
-2391
-2646
-2859
-3121
-3314
-3116
-2680
-2236
-1957
-2021
-2204
-2302
-2328
-2026
-1529
-876
-343
-476
-405
-121
-258
-561
-501
-74
656
1033
1251
1593
1484
1107
1003
1094
1227
1268
1559
1968
2428
2476
2402
2041
1839
2129
2439
2693
2946
3447
3680
3583
3374
3211
3260
3705
4373
4984
5639
6401
7056
6596
2140
-3677
-4359
-36
1454
-1285
-1436
1445
778
-3570
-4640
-2387
-3043
-5082
-2469
2821
4213
962
-997
-363
236
-504
-379
1244
2056
1849
1843
2645
2512
307
-2275
-2745
-1405
44
498
402
108
-774
-1841
-2759
-3110
-3381
-3182
-2209
-887
-130
-807
-2181
-3044
-3084
-2541
-1861
-1307
-818
-457
-363
-437
-992
-1837
-2585
-2546
-1438
-420
-521
-1016
-1410
-1781
-2346
-3302
-3378
-3122
-2486
-1840
-1594
-1696
-2230
-2668
-2855
-2539
-1607
-789
-356
-220
5
222
-184
-625
-496
117
791
1333
1755
1921
1557
1029
1011
1185
1023
1141
1656
2169
2528
2516
2148
1914
1927
2102
2471
2858
3214
3362
3347
3378
3251
3017
3034
3575
4385
5262
5899
6159
6647
6968
4814
-648
-4143
-1309
2313
940
-1358
618
2593
-951
-4732
-3442
-1978
-3887
-4137
695
4428
2369
-956
-1100
173
-720
-1186
478
1968
2137
1821
2160
2326
943
-1428
-2393
-1585
-224
620
463
-33
-857
-1876
-2892
-3331
-3561
-3517
-2749
-1783
-1023
-1013
-2112
-3275
-3641
-2904
-1886
-1299
-1024
-529
-414
-944
-1407
-1548
-2003
-2468
-1719
-578
-538
-1377
-1785
-2366
-2857
-3225
-3261
-2926
-2481
-2061
-1809
-1940
-2245
-2648
-2986
-2783
-1699
-482
-182
-415
-226
-238
-602
-903
-724
178
611
912
1349
1536
1359
743
547
1097
1271
1278
1714
2156
2556
2356
1858
1798
1787
1878
2142
2758
3516
3718
3529
3162
3166
3279
3202
3520
4033
4922
5324
5639
6109
6585
6007
2657
-1878
-2649
857
2264
-79
-937
1655
1606
-2349
-4309
-2388
-2058
-3981
-2296
2626
3934
327
-1595
-344
204
-899
-289
1847
2317
1823
2052
2509
1734
-49
-1342
-1313
-463
892
1195
673
145
-593
-1484
-2546
-2872
-2893
-2141
-1332
-642
-482
-1171
-2154
-3307
-3300
-2273
-1476
-1313
-1261
-736
-728
-1457
-1962
-2108
-2242
-2082
-1176
-613
-1005
-1703
-2043
-2100
-2429
-2674
-2668
-2466
-2207
-1792
-1509
-1908
-2320
-2458
-2369
-1980
-1124
-500
-549
-636
-457
-393
-533
-625
-190
330
700
888
1046
1093
403
305
715
1088
1167
1371
1692
1968
2031
1859
1768
1735
1857
1947
2530
3139
3357
3231
3123
3313
3215
3218
3497
4425
5176
5365
5649
6044
6388
5177
1197
-2366
-1246
1997
2014
-324
406
2633
565
-3510
-3719
-1508
-2440
-3730
-633
3529
2753
-986
-1834
-312
-460
-1501
-86
2014
1833
1175
1932
2006
559
-988
-1525
-906
-72
844
1125
560
-181
-1158
-1913
-2554
-2926
-2841
-2480
-1439
-594
-871
-2131
-3076
-3410
-3239
-2669
-1901
-1362
-1083
-795
-818
-1392
-2102
-2472
-2414
-1885
-1194
-1000
-1352
-1645
-1875
-2259
-2612
-2878
-2674
-2370
-1971
-1376
-1273
-1542
-1922
-2031
-2024
-1779
-1079
-399
-145
-274
-280
-239
-433
-624
-332
165
420
758
806
691
442
219
444
580
681
794
1229
1441
1451
1520
1424
1428
1473
1717
2270
2422
2483
2450
2469
2346
2142
2117
2406
2843
3572
3913
3754
3983
4433
4730
3919
1647
-719
-750
846
1244
-14
-15
1480
832
-1728
-2778
-1804
-1944
-3027
-1475
1620
1989
-549
-1633
-539
-483
-1645
-910
1197
1531
546
680
1462
606
-1085
-1507
-934
-247
69
424
347
-451
-817
-1305
-1750
-2319
-2169
-1511
-1215
-1049
-1028
-867
-1616
-2211
-2231
-1767
-1553
-1653
-1209
-921
-1080
-1551
-1916
-2208
-2406
-2388
-1711
-1033
-1129
-1550
-1816
-1704
-1979
-2091
-1752
-1423
-981
-514
-358
-495
-700
-844
-777
-500
-294
195
277
124
180
224
240
45
-60
106
327
480
744
672
490
621
874
1082
969
831
1172
1714
1749
1594
1492
1681
1688
1662
1898
2292
2385
2299
2289
2423
2310
2171
2722
3060
3091
3155
3407
3489
3572
3617
3595
2871
1240
194
643
1317
793
289
1136
1804
823
-548
-1169
-1026
-1237
-1354
-91
1222
902
-298
-637
-462
-986
-1474
-778
97
-67
-192
46
-22
-909
-1686
-1617
-1136
-918
-924
-698
-786
-1084
-1263
-1413
-1568
-1945
-1872
-1582
-1217
-974
-1049
-1101
-1642
-2077
-2172
-2223
-2272
-2114
-1842
-1711
-1855
-2153
-2284
-2510
-2678
-2301
-1886
-1805
-1781
-1674
-1541
-1627
-1845
-1736
-1475
-1132
-726
-478
-467
-566
-888
-832
-705
-857
-658
-468
-233
-112
-157
-71
-333
-518
-389
-196
-182
-85
310
312
240
347
297
215
181
154
419
683
977
980
876
992
952
948
1194
1082
1295
1582
1640
1621
1356
1529
1826
1808
1862
1992
2263
2508
2479
2796
3031
3007
2349
1386
660
677
1077
1335
1295
1747
1844
1214
294
-239
-249
-495
-664
146
1075
920
1
-592
-441
-830
-1340
-1339
-706
-379
-684
-497
-335
-675
-1397
-1683
-1447
-1420
-1214
-1090
-624
-586
-817
-882
-1215
-1418
-1541
-1105
-874
-878
-874
-894
-1015
-1445
-1645
-1874
-1917
-2285
-2191
-1900
-1961
-2002
-2287
-2212
-2273
-2259
-2160
-1801
-1565
-1569
-1383
-1025
-890
-1075
-924
-875
-743
-647
-522
-589
-731
-843
-787
-746
-654
-425
-509
-384
-346
-563
-719
-767
-916
-720
-320
-242
47
15
84
17
-40
116
365
596
733
697
976
1039
837
987
1053
1187
1211
1295
1265
1258
1301
1308
1306
1197
1415
1485
1584
1656
1750
1975
1853
2048
2310
2388
2402
1963
1694
1500
1385
1648
1732
1845
1835
1967
1550
1095
678
639
605
452
686
913
876
343
-110
-357
-599
-1033
-908
-738
-539
-547
-754
-573
-668
-1092
-1299
-1055
-774
-794
-544
-158
28
-15
-121
-286
-472
-534
-347
-160
-275
-488
-413
-552
-847
-1130
-1208
-1381
-1396
-1312
-1125
-900
-1168
-1144
-1247
-1265
-1164
-1213
-983
-739
-663
-535
-435
-442
-605
-648
-575
-696
-770
-558
-449
-526
-481
-540
-719
-938
-988
-848
-780
-739
-652
-592
-632
-541
-570
-520
-606
-441
-195
14
228
265
314
240
278
361
487
447
614
741
835
850
724
794
707
655
718
832
860
669
703
785
796
804
624
782
1085
1239
1425
1616
1880
2025
1892
1765
1629
1457
1409
1457
1533
1779
1817
1686
1665
1246
804
628
540
368
111
220
325
95
-182
-350
-451
-871
-1058
-889
-780
-589
-669
-918
-623
-780
-872
-699
-466
-308
-320
-338
-132
-299
-425
-262
-362
-392
-577
-446
-499
-727
-951
-1022
-1050
-1148
-1371
-1397
-1477
-1444
-1293
-1255
-1083
-1131
-1179
-991
-806
-725
-605
-601
-521
-602
-632
-662
-698
-602
-717
-702
-762
-845
-874
-762
-711
-855
-836
-858
-833
-862
-937
-888
-747
-712
-607
-370
-203
-9
-12
135
160
288
302
420
492
570
825
689
737
631
594
373
253
414
469
550
452
404
471
430
157
105
209
486
692
569
659
824
975
882
851
1120
1372
1526
1614
1910
1972
1806
1646
1536
1406
1440
1490
1376
1160
1123
844
776
389
238
2
-139
-354
-262
-237
-368
-466
-847
-570
-506
-700
-590
-357
-149
-148
-87
26
-58
-291
-326
-102
-151
-233
-320
-227
-478
-829
-917
-951
-1186
-1292
-1087
-1188
-1231
-1162
-1243
-1140
-1140
-1131
-912
-849
-584
-568
-550
-548
-432
-401
-662
-672
-736
-602
-609
-669
-555
-672
-817
-902
-983
-1074
-934
-970
-925
-678
-706
-702
-764
-908
-699
-531
-342
-231
-111
130
11
44
95
175
358
289
464
682
684
616
564
440
429
356
586
708
476
441
626
716
519
247
144
428
552
780
860
1109
1060
950
934
1145
1247
1243
1485
1517
1639
1619
1664
1550
1637
1528
1438
1484
1238
1084
964
885
973
778
529
586
485
414
188
160
261
54
-4
188
233
231
81
145
245
103
-139
-282
-121
-183
-501
-447
-312
-546
-748
-840
-917
-924
-1153
-1092
-1024
-1125
-1032
-919
-1072
-1210
-1242
-1261
-941
-887
-724
-593
-547
-681
-718
-831
-873
-837
-925
-773
-746
-674
-869
-887
-955
-1195
-1320
-1299
-1273
-1238
-1174
-1221
-1298
-1229
-1249
-1318
-1014
-954
-773
-592
-600
-547
-477
-425
-282
-285
-310
-190
-137
-75
-13
-34
-73
-268
-356
-238
-251
-278
-200
-201
-265
-510
-561
-379
-465
-362
-190
-27
260
268
371
234
74
161
281
620
674
746
1002
985
838
705
786
871
775
811
778
960
958
721
657
536
607
451
503
411
312
303
337
460
379
546
506
486
505
528
534
428
229
190
271
74
-84
-75
-227
-371
-483
-547
-695
-824
-912
-891
-957
-1106
-910
-962
-961
-984
-1141
-1140
-1127
-1002
-763
-746
-651
-686
-680
-593
-565
-536
-786
-781
-838
-1014
-1027
-1111
-1132
-1404
-1420
-1316
-1465
-1418
-1476
-1555
-1417
-1256
-1088
-1085
-1088
-878
-862
-767
-760
-766
-604
-481
-473
-565
-564
-515
-517
-570
-501
-471
-558
-554
-510
-647
-804
-688
-550
-461
-556
-618
-436
-346
-335
-283
-137
19
160
347
393
454
435
512
525
671
891
869
915
756
818
818
879
872
899
844
864
840
931
839
833
757
648
596
504
686
726
878
855
1008
1244
1139
1015
1175
1322
1149
1262
1268
1360
1311
1148
994
722
831
584
394
274
277
31
-204
-167
-222
-279
-520
-659
-514
-395
-449
-452
-210
-74
-142
-97
-43
13
-88
40
278
166
-10
-21
56
-171
-413
-506
-406
-527
-816
-773
-610
-472
-640
-789
-787
-872
-1048
-1033
-832
-828
-801
-796
-819
-673
-639
-874
-820
-760
-725
-788
-801
-812
-899
-840
-935
-857
-1043
-1030
-1021
-1007
-1078
-1120
-1131
-1245
-1284
-1233
-1176
-1214
-1170
-1011
-838
-876
-790
-602
-472
-544
-216
-162
-232
-190
-324
-149
-68
-48
-45
-52
6
-65
-33
-34
-112
-130
-121
-59
-31
-128
-112
48
-125
-81
101
220
238
189
446
653
629
622
754
943
1046
1142
1137
1039
902
772
673
631
658
565
554
500
447
149
-54
-137
-180
-250
-165
-82
-110
-361
-417
-109
-363
-479
-376
-126
51
-201
-232
-187
-242
-268
-230
-50
-325
-544
-580
-514
-556
-610
-587
-605
-655
-692
-722
-771
-747
-755
-767
-665
-634
-732
-750
-688
-782
-890
-913
-954
-1017
-1012
-992
-936
-905
-1153
-1218
-1145
-968
-1054
-1184
-1220
-1221
-1218
-1242
-1280
-1380
-1426
-1406
-1363
-1257
-1213
-1126
-950
-1055
-972
-954
-821
-704
-666
-427
-374
-329
-410
-332
-282
-402
-650
-512
-421
-514
-532
-359
-346
-483
-543
-471
-574
-455
-361
-414
-294
-328
-169
-74
-54
-212
-161
-133
89
292
145
315
478
598
626
636
797
604
593
668
751
751
681
808
674
549
328
309
415
557
465
399
555
366
130
134
224
211
281
336
290
327
324
234
243
172
-43
127
247
134
44
77
64
64
86
78
103
-50
31
7
-41
-81
-201
-72
150
126
68
-41
-49
-20
-310
-242
-329
-421
-396
-629
-566
-760
-738
-714
-693
-834
-696
-726
-857
-798
-844
-899
-991
-997
-1094
-983
-801
-836
-819
-740
-764
-658
-688
-629
-567
-412
-366
-369
-295
-336
-311
-309
-281
-250
-167
-128
-121
-101
-229
-225
-145
-93
-257
-424
-246
-204
-209
-205
3
1
-101
-29
22
74
106
189
221
377
339
356
387
375
371
347
400
385
371
338
405
423
401
404
344
262
319
380
490
532
542
640
585
624
466
312
437
494
654
508
567
554
333
352
367
264
121
89
245
214
90
-3
-69
-231
-339
-297
-230
-131
-220
-109
-103
-301
-174
-83
-112
-187
-144
-189
-128
-46
-184
-145
-424
-654
-678
-610
-560
-661
-817
-819
-886
-950
-933
-968
-1154
-1117
-1238
-1314
-1112
-1316
-1345
-1182
-1230
-1219
-1168
-1386
-1225
-1166
-1083
-1088
-1071
-1093
-997
-734
-813
-914
-814
-906
-692
-709
-799
-769
-676
-490
-592
-546
-531
-633
-744
-629
-448
-455
-275
-299
-211
-209
-214
-154
-115
-59
-133
-84
51
87
274
452
417
279
211
171
177
281
340
338
345
486
398
208
189
342
386
375
398
567
594
539
664
650
872
765
768
715
993
1083
1047
883
900
1066
920
977
944
984
862
879
598
492
717
502
429
409
525
383
151
182
284
137
-185
-206
63
161
-45
-18
-28
-41
-241
-298
-186
-480
-481
-516
-557
-673
-876
-886
-871
-918
-948
-1023
-946
-876
-982
-830
-862
-879
-963
-1135
-1206
-1313
-1208
-1206
-1187
-1261
-1398
-1325
-1276
-1277
-1145
-1336
-1357
-1192
-1102
-1125
-1234
-1038
-1074
-1067
-1052
-1312
-1209
-1070
-920
-907
-843
-772
-903
-774
-802
-721
-665
-561
-501
-399
-373
-499
-302
-346
-232
-184
-179
91
-106
-71
-40
-180
-135
-168
-165
-114
88
59
17
-212
-23
44
-132
282
429
615
480
626
748
711
908
840
868
913
939
922
821
1079
1133
1139
1045
1114
1239
1246
1236
1274
1304
1298
1154
1077
1202
1200
1308
1404
1535
1364
1220
986
923
1082
1093
920
759
720
650
625
554
410
288
198
289
263
217
216
155
91
64
85
-51
-223
-300
-343
-305
-291
-391
-475
-623
-698
-690
-689
-736
-683
-767
-833
-694
-780
-906
-932
-983
-1095
-999
-978
-912
-959
-1076
-909
-919
-1014
-1170
-1246
-1104
-1026
-1165
-1225
-1091
-1115
-1049
-1028
-1015
-1122
-1102
-916
-912
-963
-1012
-792
-765
-722
-662
-685
-574
-601
-672
-650
-595
-665
-624
-590
-663
-673
-470
-491
-544
-264
-213
-182
-77
-50
-59
87
264
288
145
251
290
371
276
318
445
511
546
493
487
486
540
691
803
513
498
633
662
607
533
629
904
894
1149
1251
1069
1077
1214
1323
1054
946
931
1006
1037
1073
1268
1210
859
707
772
732
649
544
590
650
426
348
348
253
116
7
82
39
16
41
54
-33
-221
-266
-276
-354
-382
-367
-346
-336
-361
-503
-344
-352
-493
-561
-499
-357
-476
-450
-530
-577
-801
-760
-850
-1006
-954
-1012
-882
-895
-824
-827
-851
-768
-787
-862
-866
-892
-838
-705
-637
-837
-947
-933
-989
-1062
-1167
-1083
-996
-1102
-1153
-1062
-1147
-1214
-1255
-1280
-1068
-1036
-1120
-918
-812
-723
-762
-781
-489
-614
-587
-176
54
74
-16
115
261
238
113
166
176
395
411
478
426
355
270
231
313
399
271
254
422
415
422
357
541
536
485
551
619
577
695
887
894
934
988
1090
1058
1173
1322
1426
1382
1298
1318
1118
1199
1164
1302
1448
1188
1155
980
831
1085
865
545
521
730
721
481
499
518
367
-38
173
69
10
79
-148
46
-110
-101
-109
-76
-80
-264
-68
29
-106
-222
-245
-210
-261
-367
-161
-66
-196
-218
-219
-231
-228
-361
-243
-282
-320
-174
-122
-1
38
-144
-190
-213
-347
-448
-380
-222
-426
-647
-650
-699
-644
-812
-716
-715
-844
-708
-799
-656
-534
-515
-472
-459
-479
-379
-246
-274
-363
-280
-227
-57
-147
-189
-32
-50
-10
-30
50
182
87
90
168
343
307
188
338
364
468
235
394
334
285
308
339
350
236
398
292
322
282
317
265
408
488
486
437
413
394
344
432
404
447
567
622
737
809
848
890
958
1084
953
1013
878
900
943
1004
1037
969
919
729
709
685
571
543
429
512
415
259
143
243
159
-155
-187
-65
7
-81
-5
-115
-128
-260
-182
-164
-248
-245
-415
-178
-108
-52
-129
-175
-221
-293
-246
-209
-192
-184
-268
-5
-156
-339
-337
-408
-537
-575
-342
-314
-457
-643
-624
-508
-509
-663
-699
-591
-583
-666
-702
-657
-580
-688
-886
-903
-907
-905
-1007
-1066
-1129
-1066
-956
-930
-891
-934
-815
-795
-718
-589
-378
-340
-293
-347
-142
-52
4
-45
-4
141
90
130
105
222
53
165
170
241
176
56
204
177
256
139
145
200
182
129
120
4
53
132
156
163
124
158
250
332
327
360
323
487
430
404
530
541
489
458
669
905
743
768
813
647
561
603
967
1069
1098
1409
1252
980
645
649
940
676
537
535
599
341
201
249
110
-4
-96
-222
14
140
-4
34
-66
-285
-302
-225
-317
-239
-199
28
-2
-227
-241
-184
-352
-327
-327
-123
-95
-445
-387
-456
-287
-352
-450
-448
-453
-488
-428
-233
-273
-398
-541
-562
-485
-511
-738
-633
-621
-633
-759
-809
-816
-931
-861
-860
-703
-624
-941
-760
-777
-827
-718
-760
-658
-621
-578
-375
-480
-522
-452
-434
-514
-397
-386
-408
-312
-301
-234
-145
-135
-217
-122
-61
95
43
104
284
262
42
98
280
376
236
196
275
430
372
320
488
494
598
546
712
630
710
696
735
751
692
886
769
795
773
905
889
813
875
761
904
984
1006
1007
1034
1014
959
834
819
902
936
1061
1166
1051
657
394
572
506
433
255
165
337
237
236
100
-80
-323
-393
-87
55
-7
-34
2
-3
-101
-168
-132
-313
-364
-175
-62
15
-181
-123
-229
-343
-436
-317
-258
-470
-553
-512
-411
-545
-749
-737
-714
-747
-705
-661
-656
-749
-852
-808
-719
-844
-855
-895
-911
-946
-979
-966
-820
-800
-1055
-1039
-866
-978
-943
-834
-981
-990
-989
-798
-951
-926
-894
-1001
-685
-783
-748
-672
-857
-718
-609
-570
-558
-527
-658
-593
-387
-301
-421
-388
-348
-409
-257
-180
-243
-224
-16
28
39
22
-48
62
266
228
174
233
461
376
354
433
524
555
575
536
553
552
531
612
691
853
792
722
773
819
935
974
841
862
744
908
973
918
882
740
740
712
802
863
910
871
925
577
591
691
620
564
440
594
378
317
291
265
11
-134
572
411
290
252
100
294
11
302
386
-42
824
17
315
271
-176
237
391
-156
360
389
-320
723
335
11
360
257
17
535
-28
581
238
466
336
250
391
33
606
216
768
-28
-153
443
374
227
719
70
-162
654
202
110
87
99
561
134
17
35
116
-303
226
182
-394
636
13
-381
338
-30
-209
34
-371
78
-178
126
248
351
59
264
102
15
206
-18
251
504
-378
294
57
-639
252
392
-340
-161
300
-186
-258
350
-349
-225
479
-312
-368
276
-374
26
-37
-529
276
-145
243
-697
358
-8
-196
454
-165
-8
3
-142
205
-276
-340
-264
323
-415
125
626
-822
388
112
-194
-188
72
-356
-97
352
-200
-231
449
73
58
405
-453
450
263
72
355
-20
105
126
134
170
76
202
209
-203
323
-41
-220
671
481
-623
196
464
382
354
275
406
-175
272
-393
90
536
-195
648
313
-85
-37
-186
51
34
634
145
52
421
140
100
442
-50
610
373
393
560
188
898
-43
448
38
236
705
565
488
300
600
380
121
12
751
280
725
386
572
149
-269
617
125
332
824
355
-492
1375
305
642
294
63
595
303
-87
284
951
197
-304
930
610
-265
1263
523
242
819
248
491
248
-375
557
403
410
-402
122
489
-347
-165
460
-32
-134
273
50
147
221
694
-326
-37
252
-97
-113
86
368
-542
-178
48
-368
-494
-104
529
-435
78
697
-421
-235
376
-291
331
23
163
